
Integration time [ms]: 120,000
Averaging Nr. [scans]: 13
Smoothing Nr. [pixels]: 0
Data measured with spectrometer [name]: 2009305U1
Wave   ;Sample   ;Dark     ;Reference;Reflectance
[nm]   ;[counts] ;[counts] ;[counts] ;[%]

 175,72;  196,782;  175,948;  194,700;111,10273
 176,32;  221,652;  215,186;  201,671; 0,00000
 176,92;  247,149;  223,258;  222,829; 0,00000
 177,52;  261,288;  249,180;  250,319;1063,56939
 178,12;  227,075;  225,109;  202,264; 0,00000
 178,72;  255,779;  245,650;  242,863; 0,00000
 179,32;  250,410;  244,110;  229,855; 0,00000
 179,92;  252,198;  235,645;  229,912; 0,00000
 180,52;  242,993;  227,944;  238,096;148,22805
 181,12;  249,256;  237,798;  238,543; 0,00000
 181,73;  274,828;  257,490;  252,255; 0,00000
 182,33;  336,473;  294,717;  297,754;1374,87711
 182,93;  255,708;  246,488;  246,131; 0,00000
 183,53;  231,017;  226,266;  213,999; 0,00000
 184,13;  235,748;  228,188;  213,107; 0,00000
 184,73;  264,406;  249,036;  243,693; 0,00000
 185,33;  257,251;  225,850;  332,731;29,37911
 185,93;  259,536;  229,548;  360,675;22,86929
 186,53;  273,467;  238,083;  376,224;25,61433
 187,13;  294,197;  269,770;  403,415;18,27783
 187,73;  260,765;  225,624;  359,191;26,30990
 188,33;  261,715;  231,935;  363,762;22,59014
 188,93;  274,903;  226,406;  368,024;34,24523
 189,53;  277,165;  237,952;  378,294;27,94139
 190,13;  309,645;  266,271;  407,455;30,72107
 190,73;  255,853;  212,109;  348,748;32,01454
 191,34;  291,476;  254,947;  369,125;31,99280
 191,94;  264,569;  223,092;  349,834;32,72567
 192,54;  282,622;  240,535;  384,422;29,25040
 193,14;  273,129;  246,924;  374,429;20,55216
 193,74;  283,563;  239,771;  371,906;33,14190
 194,34;  261,811;  224,384;  360,007;27,59632
 194,94;  236,241;  192,386;  348,549;28,08276
 195,54;  229,895;  195,619;  327,431;26,00352
 196,14;  254,088;  222,152;  354,568;24,11743
 196,74;  238,059;  202,851;  343,161;25,09288
 197,34;  226,140;  189,841;  345,876;23,26330
 197,94;  250,338;  220,462;  366,774;20,41916
 198,54;  264,154;  216,998;  381,983;28,58179
 199,14;  245,471;  199,531;  388,474;24,31397
 199,74;  229,590;  190,454;  376,739;21,00856
 200,34;  229,501;  179,684;  386,668;24,06795
 200,94;  254,396;  216,611;  425,357;18,10094
 201,54;  244,234;  201,302;  438,583;18,09334
 202,14;  267,509;  207,914;  464,284;23,24585
 202,74;  268,397;  202,685;  496,684;22,35095
 203,34;  234,646;  180,680;  517,266;16,03314
 203,94;  218,182;  166,375;  501,762;15,44704
 204,54;  287,517;  240,154;  592,572;13,43955
 205,14;  252,691;  188,608;  595,196;15,76109
 205,74;  304,253;  217,142;  687,582;18,51696
 206,34;  271,072;  184,991;  710,896;16,36817
 206,94;  298,041;  205,222;  780,163;16,14412
 207,54;  258,956;  174,376;  823,533;13,02918
 208,14;  285,010;  194,759;  887,032;13,03686
 208,74;  295,575;  201,455;  994,757;11,86434
 209,34;  311,311;  191,069; 1074,747;13,60696
 209,94;  332,293;  198,531; 1172,632;13,73181
 210,54;  334,051;  202,451; 1284,658;12,16034
 211,14;  351,901;  201,147; 1380,410;12,78373
 211,73;  356,362;  195,302; 1490,093;12,43906
 212,33;  373,969;  213,150; 1607,246;11,53575
 212,93;  370,490;  182,686; 1701,689;12,36367
 213,53;  359,771;  167,532; 1784,483;11,88900
 214,13;  378,494;  176,525; 1824,770;12,25359
 214,73;  374,509;  182,606; 1884,438;11,27627
 215,33;  360,524;  151,993; 1879,632;12,07028
 215,93;  386,994;  187,835; 2051,190;10,68820
 216,53;  351,318;  148,840; 2145,651;10,14009
 217,13;  417,006;  201,143; 2386,799; 9,87633
 217,73;  419,386;  183,527; 2580,104; 9,84151
 218,33;  402,845;  147,985; 2763,990; 9,74233
 218,93;  448,820;  158,057; 3101,823; 9,87725
 219,53;  484,118;  179,678; 3386,947; 9,49221
 220,13;  491,528;  158,830; 3692,414; 9,41529
 220,73;  536,224;  173,454; 4096,315; 9,24757
 221,32;  545,036;  179,686; 4525,834; 8,40631
 221,92;  618,236;  174,292; 4897,266; 9,39967
 222,52;  622,195;  168,911; 5357,620; 8,73596
 223,12;  673,014;  166,603; 5809,030; 8,97505
 223,72;  731,825;  192,295; 6214,833; 8,95851
 224,32;  776,435;  184,295; 6639,875; 9,17253
 224,92;  794,490;  172,372; 6909,704; 9,23390
 225,52;  837,776;  193,838; 7300,735; 9,06075
 226,12;  867,261;  186,836; 7636,718; 9,13337
 226,72;  880,487;  153,067; 7980,937; 9,29269
 227,31;  925,081;  146,682; 8367,381; 9,46877
 227,91;  999,708;  171,069; 8761,057; 9,64657
 228,51; 1048,300;  181,918; 9171,526; 9,63759
 229,11; 1126,909;  177,375; 9560,574;10,11952
 229,71; 1145,196;  172,917; 9916,484; 9,97868
 230,31; 1219,053;  160,909;10325,017;10,41060
 230,91; 1269,613;  156,843;10670,783;10,58376
 231,51; 1316,057;  152,142;10953,702;10,77543
 232,10; 1426,867;  152,524;11342,776;11,38797
 232,70; 1472,042;  169,769;11508,084;11,48560
 233,30; 1602,252;  186,297;11829,396;12,16133
 233,90; 1652,769;  161,758;11945,917;12,65267
 234,50; 1715,124;  161,604;12077,348;13,03754
 235,10; 1793,875;  166,757;12092,473;13,64378
 235,70; 1875,732;  173,223;12166,976;14,19497
 236,29; 1949,403;  181,763;12149,103;14,77053
 236,89; 1974,156;  157,150;12035,179;15,29720
 237,49; 2050,712;  170,066;11942,055;15,97559
 238,09; 2124,995;  170,914;11672,204;16,99010
 238,69; 2192,361;  192,383;11440,372;17,78076
 239,29; 2155,630;  158,145;11081,111;18,28702
 239,89; 2180,023;  176,150;10697,658;19,04549
 240,48; 2180,666;  164,760;10326,879;19,83746
 241,08; 2220,174;  163,222;10007,992;20,89385
 241,68; 2203,782;  187,990; 9730,549;21,12423
 242,28; 2176,212;  159,989; 9372,879;21,88481
 242,88; 2190,613;  190,832; 9037,650;22,60452
 243,48; 2172,592;  193,528; 8754,329;23,11775
 244,07; 2171,994;  183,223; 8487,117;23,94987
 244,67; 2199,325;  193,452; 8373,176;24,52251
 245,27; 2185,593;  185,071; 8231,785;24,86135
 245,87; 2195,940;  188,987; 8180,711;25,11290
 246,47; 2196,768;  177,610; 8102,648;25,47821
 247,06; 2239,081;  174,991; 8165,602;25,83143
 247,66; 2265,604;  167,144; 8288,630;25,83838
 248,26; 2299,122;  192,378; 8428,694;25,57872
 248,86; 2341,160;  192,609; 8666,101;25,35614
 249,46; 2389,784;  145,758; 8870,130;25,72135
 250,05; 2470,658;  184,914; 9309,196;25,05123
 250,65; 2472,997;  159,687; 9623,154;24,44463
 251,25; 2616,177;  161,684;10209,356;24,42848
 251,85; 2729,607;  172,381;10752,363;24,17042
 252,44; 2805,015;  139,993;11404,355;23,65888
 253,04; 2962,608;  187,300;12217,084;23,07031
 253,64; 3012,236;  135,534;12966,937;22,41923
 254,24; 3232,847;  177,299;13887,008;22,28748
 254,84; 3350,477;  174,681;14821,361;21,68270
 255,43; 3477,649;  172,070;15869,855;21,05761
 256,03; 3571,517;  166,918;16801,270;20,46728
 256,63; 3743,289;  172,689;17846,470;20,20281
 257,23; 3779,692;  164,535;18708,277;19,49529
 257,82; 3862,974;  171,768;19758,570;18,84538
 258,42; 3912,436;  141,000;20487,252;18,53627
 259,02; 3977,401;  181,531;21385,465;17,90173
 259,62; 3966,811;  162,078;22078,459;17,36022
 260,21; 3941,949;  176,455;22521,864;16,85131
 260,81; 3885,561;  171,143;23054,034;16,23229
 261,41; 3867,707;  162,999;23460,724;15,90159
 262,01; 3812,455;  210,310;23901,227;15,20475
 262,60; 3710,999;  150,381;24176,969;14,81949
 263,20; 3628,540;  154,918;24492,089;14,27291
 263,80; 3532,094;  184,079;24648,761;13,68509
 264,40; 3439,743;  155,079;24807,704;13,32379
 264,99; 3341,198;  173,387;24955,967;12,78241
 265,59; 3246,971;  164,391;25087,335;12,36844
 266,19; 3151,367;  157,079;25242,488;11,93637
 266,78; 3095,477;  186,312;25344,719;11,56339
 267,38; 2968,057;  170,313;25415,435;11,08231
 267,98; 2885,177;  158,389;25330,864;10,83242
 268,58; 2825,267;  170,775;25290,034;10,56756
 269,17; 2748,444;  165,085;25358,626;10,25405
 269,77; 2661,006;  177,151;25164,258; 9,94055
 270,37; 2560,530;  153,926;25020,502; 9,67807
 270,96; 2546,887;  200,307;24847,599; 9,52064
 271,56; 2437,268;  168,843;24644,838; 9,26796
 272,16; 2384,745;  169,384;24479,516; 9,11291
 272,75; 2321,917;  171,153;24389,631; 8,88067
 273,35; 2295,178;  169,537;24420,748; 8,76509
 273,95; 2277,575;  169,538;24385,818; 8,70504
 274,54; 2231,913;  153,145;24458,576; 8,55269
 275,14; 2281,714;  181,306;24709,769; 8,56314
 275,74; 2261,007;  147,000;24954,657; 8,52159
 276,33; 2323,590;  184,613;25383,502; 8,48838
 276,93; 2364,923;  167,836;25720,138; 8,59839
 277,53; 2382,676;  164,916;26218,291; 8,51237
 278,12; 2434,717;  156,073;26833,844; 8,54136
 278,72; 2560,769;  189,763;27430,758; 8,70382
 279,32; 2576,016;  166,840;28005,378; 8,65410
 279,91; 2677,853;  152,533;28760,431; 8,82735
 280,51; 2741,596;  170,147;29296,158; 8,82870
 281,11; 2861,294;  171,687;30006,799; 9,01490
 281,70; 2914,740;  146,995;30443,125; 9,13564
 282,30; 3057,114;  148,381;31103,991; 9,39646
 282,90; 3139,390;  169,458;31462,466; 9,49072
 283,49; 3288,220;  181,383;31954,551; 9,77818
 284,09; 3436,404;  195,457;32524,117;10,02500
 284,69; 3554,173;  180,225;32873,280;10,32008
 285,28; 3676,361;  195,380;33142,622;10,56532
 285,88; 3850,482;  200,615;33452,452;10,97644
 286,47; 3920,809;  167,689;33469,509;11,27001
 287,07; 4069,590;  198,533;33433,421;11,64757
 287,67; 4254,746;  185,451;33638,021;12,16437
 288,26; 4386,988;  168,610;33610,601;12,61402
 288,86; 4565,897;  168,919;33690,489;13,11686
 289,46; 4800,399;  187,072;33843,961;13,70693
 290,05; 5009,750;  162,761;33963,168;14,34003
 290,65; 5307,717;  176,767;34074,912;15,13638
 291,24; 5611,814;  183,532;34265,463;15,92716
 291,84; 5889,904;  189,227;34436,701;16,64554
 292,44; 6178,069;  174,758;34487,773;17,49573
 293,03; 6507,419;  224,225;34635,416;18,25916
 293,63; 6750,907;  160,304;34758,987;19,04871
 294,22; 7069,920;  201,841;34898,615;19,79457
 294,82; 7319,817;  171,463;34846,571;20,61523
 295,41; 7432,894;  160,611;34560,202;21,14061
 296,01; 7723,929;  218,308;34510,085;21,88752
 296,61; 7891,300;  182,917;34242,228;22,63223
 297,20; 7966,682;  178,231;33815,849;23,15399
 297,80; 8105,133;  175,145;33699,683;23,65428
 298,39; 8210,299;  166,997;33321,286;24,26022
 298,99; 8359,370;  184,460;33230,155;24,73820
 299,58; 8476,052;  182,298;32926,450;25,32896
 300,18; 8608,538;  198,299;32762,667;25,82651
 300,78; 8649,670;  167,378;32433,564;26,28849
 301,37; 8747,801;  186,696;32424,272;26,55629
 301,97; 8905,840;  186,764;32479,482;27,00013
 302,56; 9000,924;  171,074;32433,223;27,36907
 303,16; 9040,981;  160,844;32354,153;27,58380
 303,75; 9109,969;  170,992;32395,319;27,73984
 304,35; 9367,730;  165,449;32603,872;28,36846
 304,94; 9435,606;  176,994;32606,273;28,55016
 305,54; 9531,113;  183,147;32538,911;28,89119
 306,13; 9577,287;  155,834;32479,371;29,14734
 306,73; 9586,422;  162,066;32188,709;29,42661
 307,33; 9645,718;  187,144;32191,475;29,55404
 307,92; 9760,825;  180,532;32233,818;29,88865
 308,52; 9939,578;  161,306;32863,807;29,90069
 309,11;10209,550;  174,231;33294,659;30,29948
 309,71;10388,311;  147,387;33462,351;30,73971
 310,30;10446,576;  153,379;33750,395;30,63724
 310,90;10736,961;  167,840;34099,626;31,14814
 311,49;10798,460;  181,071;34241,648;31,17208
 312,09;10868,405;  147,068;34399,915;31,30057
 312,68;11130,463;  186,762;34859,868;31,56251
 313,28;11176,210;  144,609;34960,125;31,68587
 313,87;11302,338;  138,379;35059,866;31,96874
 314,47;11398,692;  170,615;35353,358;31,91359
 315,06;11445,801;  152,071;35430,668;32,01298
 315,66;11599,020;  159,453;35616,069;32,26356
 316,25;11544,251;  134,998;35568,746;32,19883
 316,85;11553,381;  142,607;35647,227;32,13884
 317,44;11684,579;  159,539;35751,436;32,38108
 318,04;11646,949;  138,997;35751,406;32,31445
 318,63;11663,586;  144,835;35841,140;32,26875
 319,22;11736,895;  176,459;36033,754;32,24012
 319,82;11715,221;  166,996;36051,724;32,18145
 320,41;11695,836;  174,536;35931,869;32,22080
 321,01;11743,016;  177,069;36015,826;32,27218
 321,60;11725,526;  165,457;36175,438;32,10240
 322,20;11648,207;  161,301;36147,916;31,91994
 322,79;11715,196;  203,532;36228,946;31,95429
 323,39;11664,253;  167,219;36219,582;31,88982
 323,98;11606,652;  162,762;36180,449;31,77297
 324,58;11537,973;  152,229;36016,008;31,74720
 325,17;11474,258;  168,074;35786,352;31,74265
 325,76;11410,120;  196,533;35594,815;31,67834
 326,36;11254,522;  149,300;35306,762;31,58710
 326,95;11142,313;  182,611;34925,399;31,54526
 327,55;11009,850;  154,688;34496,212;31,60944
 328,14;10830,425;  153,837;34160,293;31,39577
 328,74;10708,651;  189,920;33729,651;31,36200
 329,33;10529,305;  188,146;33329,096;31,20357
 329,92;10346,163;  159,077;32710,603;31,29526
 330,52;10082,684;  169,990;32008,994;31,13381
 331,11; 9918,613;  175,149;31665,715;30,94090
 331,71; 9727,007;  175,687;30920,431;31,06651
 332,30; 9495,606;  187,610;30525,503;30,68109
 332,89; 9345,343;  191,300;29995,195;30,71425
 333,49; 9085,093;  166,534;29498,215;30,40589
 334,08; 8925,916;  173,458;29041,934;30,31840
 334,68; 8736,563;  180,996;28615,614;30,08856
 335,27; 8559,553;  184,374;28317,505;29,76981
 335,86; 8513,459;  207,611;28006,562;29,87828
 336,46; 8369,704;  191,220;27800,295;29,62245
 337,05; 8249,669;  172,150;27616,468;29,43239
 337,65; 8137,266;  155,842;27495,045;29,19406
 338,24; 8181,697;  216,455;27441,154;29,25741
 338,83; 8069,530;  191,224;27338,821;29,02027
 339,43; 7985,171;  166,690;27233,382;28,88599
 340,02; 7932,925;  174,767;27226,554;28,67891
 340,61; 7886,406;  156,686;27235,082;28,54571
 341,21; 7839,651;  204,766;27253,266;28,22665
 341,80; 7838,741;  163,381;27238,302;28,34860
 342,40; 7820,671;  177,067;27266,198;28,21650
 342,99; 7790,112;  171,916;27495,349;27,88155
 343,58; 7782,690;  166,300;27556,019;27,80748
 344,18; 7775,596;  176,146;27724,783;27,58558
 344,77; 7806,586;  155,460;28067,567;27,41149
 345,36; 7847,698;  149,072;28351,783;27,29747
 345,96; 7929,326;  188,069;28696,575;27,15420
 346,55; 7919,635;  159,527;28997,450;26,90939
 347,14; 7970,164;  154,375;29309,108;26,80796
 347,74; 8016,998;  136,215;29678,275;26,67648
 348,33; 8175,315;  166,524;30399,750;26,49003
 348,92; 8294,056;  177,906;30992,146;26,33896
 349,52; 8397,151;  152,292;31434,636;26,35627
 350,11; 8398,756;  160,921;31556,726;26,23865
 350,70; 8372,682;  165,532;31703,788;26,02284
 351,29; 8206,763;  149,004;31380,163;25,80038
 351,89; 8167,463;  170,078;31407,612;25,60184
 352,48; 8061,727;  147,994;31514,570;25,22983
 353,07; 8024,540;  165,759;31339,479;25,20963
 353,67; 7991,588;  184,906;31288,496;25,09898
 354,26; 7825,482;  170,452;31061,925;24,78040
 354,85; 7767,105;  162,376;30890,137;24,74872
 355,45; 7647,814;  154,920;30641,367;24,57779
 356,04; 7589,062;  159,835;30651,243;24,36498
 356,63; 7496,080;  189,764;30444,112;24,14964
 357,22; 7368,037;  177,464;30229,284;23,92724
 357,82; 7269,984;  174,694;30082,982;23,72349
 358,41; 7187,651;  174,995;29903,593;23,58892
 359,00; 7065,412;  160,305;29771,968;23,31888
 359,60; 7012,148;  170,147;29702,800;23,16758
 360,19; 6910,626;  159,220;29506,580;23,00516
 360,78; 6839,322;  184,073;29341,413;22,82530
 361,37; 6691,826;  164,919;28971,139;22,65798
 361,97; 6646,448;  177,456;28992,876;22,44976
 362,56; 6515,472;  160,922;28626,568;22,32358
 363,15; 6490,304;  183,535;28383,606;22,36437
 363,74; 6326,745;  178,307;27985,362;22,11107
 364,34; 6127,744;  189,690;27631,194;21,63895
 364,93; 6017,545;  158,614;27252,249;21,62475
 365,52; 5881,229;  149,457;26807,869;21,50080
 366,11; 5796,730;  168,074;26440,245;21,42440
 366,71; 5654,126;  159,844;26086,908;21,19130
 367,30; 5549,292;  162,226;25785,382;21,02421
 367,89; 5507,360;  204,991;25530,748;20,93666
 368,48; 5365,214;  180,384;25248,045;20,68334
 369,07; 5228,759;  184,378;24828,249;20,46911
 369,67; 5136,712;  183,307;24509,659;20,36230
 370,26; 4982,382;  172,301;24183,471;20,03268
 370,85; 4945,372;  169,996;24030,976;20,01333
 371,44; 4887,077;  169,149;23768,441;19,99182
 372,03; 4773,524;  144,459;23443,703;19,86788
 372,63; 4647,135;  140,457;23192,172;19,55030
 373,22; 4599,796;  155,071;22826,348;19,60509
 373,81; 4469,592;  138,919;22583,929;19,29459
 374,40; 4447,128;  174,529;22292,110;19,31766
 374,99; 4349,020;  163,381;22075,909;19,10158
 375,59; 4276,529;  162,453;21768,269;19,04152
 376,18; 4267,500;  199,765;21638,563;18,97371
 376,77; 4187,203;  179,841;21430,388;18,85769
 377,36; 4171,879;  177,150;21421,374;18,80384
 377,95; 4087,364;  172,382;21181,360;18,63481
 378,55; 4014,631;  162,915;20955,519;18,52445
 379,14; 3986,714;  169,380;20851,019;18,45760
 379,73; 3974,833;  167,766;20851,505;18,40609
 380,32; 3942,150;  182,687;20829,385;18,20855
 380,91; 3914,638;  151,153;20768,408;18,25405
 381,50; 3922,668;  180,768;20746,448;18,19488
 382,10; 3867,843;  153,610;20553,000;18,20757
 382,69; 3819,067;  150,688;20520,186;18,00918
 383,28; 3840,935;  180,613;20423,217;18,08227
 383,87; 3788,607;  159,229;20319,123;18,00296
 384,46; 3773,233;  163,924;20253,635;17,96596
 385,05; 3797,504;  188,998;20200,248;18,03239
 385,64; 3766,577;  159,767;20230,092;17,97086
 386,24; 3729,764;  141,386;20167,490;17,91850
 386,83; 3802,563;  187,771;20293,521;17,97890
 387,42; 3846,430;  187,690;20414,929;18,08819
 388,01; 3813,436;  169,928;20649,323;17,79109
 388,60; 3858,203;  166,385;20852,758;17,84662
 389,19; 3917,763;  156,855;21114,927;17,94492
 389,78; 3969,605;  167,008;21388,156;17,91891
 390,37; 4067,560;  200,003;21824,687;17,88492
 390,96; 4063,536;  167,309;21934,623;17,89944
 391,56; 4099,455;  166,395;22049,071;17,97340
 392,15; 4171,055;  162,315;22382,932;18,04063
 392,74; 4172,706;  134,554;22460,896;18,08694
 393,33; 4251,926;  166,472;22763,316;18,07975
 393,92; 4334,925;  174,788;23234,599;18,04064
 394,51; 4433,390;  154,934;23498,218;18,32842
 395,10; 4470,787;  187,488;23741,041;18,18536
 395,69; 4511,273;  168,871;23731,508;18,42919
 396,28; 4558,758;  178,721;23857,937;18,49739
 396,87; 4591,356;  183,882;23987,368;18,51609
 397,46; 4616,773;  169,964;24080,042;18,59805
 398,06; 4735,703;  183,739;24311,479;18,86610
 398,65; 4740,880;  175,753;24422,358;18,82790
 399,24; 4802,988;  174,832;24605,403;18,94412
 399,83; 4838,872;  169,392;24526,701;19,17076
 400,42; 4900,225;  201,641;24690,668;19,18649
 401,01; 4953,271;  163,970;24785,749;19,45148
 401,60; 4957,010;  171,922;24785,805;19,44061
 402,19; 5029,654;  190,329;24701,223;19,74357
 402,78; 5074,608;  195,211;24744,974;19,87554
 403,37; 5034,368;  193,167;24583,657;19,84872
 403,96; 5046,384;  179,899;24416,507;20,07907
 404,55; 5041,013;  182,866;24362,758;20,09168
 405,14; 5034,388;  167,213;24149,656;20,29474
 405,73; 5070,544;  180,798;24051,686;20,48414
 406,32; 5118,939;  179,522;23988,988;20,74560
 406,91; 5073,083;  177,943;23723,421;20,79015
 407,50; 5105,107;  177,115;23499,679;21,12972
 408,09; 5032,604;  149,590;23236,714;21,15038
 408,68; 5101,633;  168,214;23065,326;21,54603
 409,27; 5057,307;  151,587;22877,703;21,58627
 409,86; 5092,909;  158,790;22766,119;21,82531
 410,45; 5160,219;  189,150;22665,126;22,11725
 411,04; 5162,608;  195,665;22587,628;22,18181
 411,63; 5137,800;  188,171;22333,890;22,35028
 412,22; 5132,261;  176,835;22155,770;22,54625
 412,81; 5099,055;  176,671;21822,964;22,74008
 413,40; 5051,121;  189,350;21422,924;22,89662
 413,99; 5073,053;  218,585;21128,942;23,21562
 414,58; 4965,330;  161,198;20756,359;23,32651
 415,17; 4950,559;  166,594;20555,382;23,46371
 415,76; 4975,454;  167,913;20438,661;23,71664
 416,35; 4942,120;  153,446;20263,109;23,81280
 416,94; 5030,139;  190,218;20321,766;24,04147
 417,53; 5124,600;  168,747;20521,854;24,34937
 418,12; 5167,262;  160,821;20636,733;24,45039
 418,71; 5343,038;  180,273;21052,581;24,73500
 419,30; 5395,212;  171,436;21111,948;24,94579
 419,89; 5436,747;  163,203;21324,956;24,92017
 420,48; 5643,552;  196,350;21603,739;25,44543
 421,07; 5660,209;  177,809;21691,606;25,48318
 421,66; 5666,244;  152,803;21615,587;25,68838
 422,25; 5707,063;  165,638;21507,709;25,96479
 422,84; 5768,322;  194,097;21548,627;26,10324
 423,43; 5729,038;  171,102;21190,771;26,44160
 424,02; 5718,772;  183,023;21019,330;26,56780
 424,60; 5644,860;  168,163;20554,032;26,86516
 425,19; 5627,193;  174,940;20285,960;27,11078
 425,78; 5602,566;  189,323;20280,428;26,94348
 426,37; 5651,695;  199,472;20130,284;27,35575
 426,96; 5637,122;  174,626;19990,394;27,56641
 427,55; 5651,746;  174,772;19842,179;27,84797
 428,14; 5581,032;  172,230;19613,312;27,82150
 428,73; 5628,772;  181,698;19424,597;28,30693
 429,32; 5604,620;  194,319;19460,691;28,08157
 429,91; 5667,997;  204,467;19407,946;28,45073
 430,50; 5637,746;  202,925;19276,958;28,49330
 431,08; 5649,782;  213,152;19054,030;28,85550
 431,67; 5713,800;  255,071;19007,679;29,10917
 432,26; 5668,722;  264,760;18843,214;29,08725
 432,85; 5655,586;  280,300;18395,473;29,67284
 433,44; 5572,304;  287,679;17986,200;29,85913
 434,03; 5485,377;  299,980;17691,136;29,81629
 434,62; 5366,309;  258,294;17222,288;30,11092
 435,21; 5363,993;  284,914;17152,753;30,11102
 435,79; 5400,013;  256,059;16950,441;30,81248
 436,38; 5348,165;  261,591;16859,664;30,64557
 436,97; 5372,018;  250,205;16773,940;30,99670
 437,56; 5307,873;  267,656;16496,898;31,05639
 438,15; 5308,026;  243,890;16535,955;31,08345
 438,74; 5354,679;  253,427;16482,679;31,43245
 439,33; 5398,042;  215,044;16558,114;31,71374
 439,91; 5411,374;  191,424;16589,270;31,83315
 440,50; 5519,257;  217,346;16679,346;32,20696
 441,09; 5585,141;  224,187;16732,844;32,47359
 441,68; 5606,197;  215,258;16812,304;32,48131
 442,27; 5615,402;  204,799;16711,212;32,77880
 442,86; 5614,468;  175,632;16722,788;32,86871
 443,44; 5718,642;  191,557;16787,170;33,30449
 444,03; 5798,497;  219,939;16738,719;33,77100
 444,62; 5714,948;  200,170;16649,056;33,52675
 445,21; 5700,621;  206,787;16460,317;33,80087
 445,80; 5742,485;  222,703;16308,270;34,31512
 446,39; 5658,526;  227,089;16053,448;34,31893
 446,97; 5568,298;  170,004;15864,121;34,39693
 447,56; 5580,861;  183,998;15689,517;34,80608
 448,15; 5519,168;  184,465;15525,809;34,77337
 448,74; 5458,090;  213,157;15230,555;34,92571
 449,33; 5443,417;  195,153;15111,545;35,18454
 449,91; 5384,776;  186,992;14886,003;35,36146
 450,50; 5353,206;  173,147;14670,544;35,73096
 451,09; 5331,390;  211,992;14546,201;35,71455
 451,68; 5339,773;  228,913;14445,471;35,95005
 452,26; 5326,932;  201,679;14380,887;36,14626
 452,85; 5301,951;  201,835;14299,631;36,17669
 453,44; 5327,153;  200,210;14285,404;36,39952
 454,03; 5348,581;  180,523;14274,378;36,66887
 454,61; 5353,263;  175,978;14283,808;36,69795
 455,20; 5477,366;  207,898;14455,933;36,98382
 455,79; 5510,665;  210,827;14477,442;37,14853
 456,38; 5521,559;  202,739;14500,455;37,20049
 456,97; 5585,397;  194,972;14572,916;37,49093
 457,55; 5601,147;  181,891;14564,159;37,68012
 458,14; 5617,055;  206,127;14582,633;37,63729
 458,73; 5626,641;  198,890;14512,255;37,92086
 459,31; 5645,616;  218,731;14500,626;37,99835
 459,90; 5696,292;  221,195;14667,471;37,89971
 460,49; 5794,584;  238,659;14720,403;38,36503
 461,08; 5773,439;  180,728;14830,726;38,17550
 461,66; 5860,895;  190,500;14849,234;38,68271
 462,25; 5901,848;  188,648;14938,742;38,73331
 462,84; 5961,934;  216,343;14969,439;38,94499
 463,43; 5896,527;  162,565;14928,039;38,83358
 464,01; 5948,934;  199,409;14908,613;39,08794
 464,60; 5933,815;  224,490;14838,574;39,06728
 465,19; 5841,369;  176,330;14620,340;39,22068
 465,77; 5830,682;  189,173;14555,756;39,26827
 466,36; 5830,538;  201,257;14509,932;39,34173
 466,95; 5686,987;  180,180;14093,246;39,58011
 467,53; 5590,307;  190,247;13867,414;39,48230
 468,12; 5527,733;  207,169;13551,425;39,87157
 468,71; 5432,346;  193,175;13319,454;39,91360
 469,29; 5348,357;  174,860;13109,833;39,99619
 469,88; 5292,679;  182,704;12900,417;40,17999
 470,47; 5326,628;  232,699;13007,528;39,87473
 471,06; 5371,206;  190,391;12949,352;40,60530
 471,64; 5391,054;  191,546;13033,168;40,48950
 472,23; 5376,599;  176,920;13115,609;40,18706
 472,81; 5437,745;  175,156;13207,766;40,38016
 473,40; 5519,914;  176,920;13319,215;40,65496
 473,99; 5633,474;  231,151;13573,540;40,48992
 474,57; 5647,182;  175,228;13643,160;40,62951
 475,16; 5756,574;  194,386;13744,199;41,04992
 475,75; 5800,316;  183,993;13930,480;40,85643
 476,33; 5859,238;  207,835;14025,529;40,89975
 476,92; 5861,525;  202,842;14085,828;40,75984
 477,51; 5897,092;  186,375;14108,534;41,01890
 478,09; 5919,827;  199,375;14151,722;40,99992
 478,68; 5902,646;  204,451;14050,295;41,15456
 479,27; 5972,807;  222,378;14176,411;41,20980
 479,85; 5945,156;  195,297;14167,133;41,15321
 480,44; 5978,211;  194,064;14369,333;40,80449
 481,02; 6563,746;  192,138;16344,350;39,44728
 481,61; 7376,101;  227,216;18092,102;40,01641
 482,20; 7859,029;  219,753;19174,816;40,30204
 482,78; 8261,586;  244,065;19966,771;40,65122
 483,37; 8512,049;  234,363;20301,430;41,25010
 483,95; 8589,031;  262,823;20557,864;41,02583
 484,54; 8681,299;  260,601;20719,928;41,15823
 485,13; 8653,968;  230,434;20573,203;41,40800
 485,71; 8529,379;  218,974;20356,476;41,26830
 486,30; 8446,421;  255,589;20083,972;41,30862
 486,88; 8368,995;  274,742;19609,717;41,86327
 487,47; 8021,107;  263,510;18850,000;41,73783
 488,05; 7640,172;  250,431;17871,401;41,93720
 488,64; 7138,653;  253,657;16492,237;42,39900
 489,23; 6392,165;  276,199;14244,266;43,78534
 489,81; 5550,529;  258,967;12505,258;43,20950
 490,40; 5261,657;  212,735;12046,470;42,66550
 490,98; 5167,089;  203,887;11857,371;42,58985
 491,57; 5119,243;  234,583;11837,068;42,10012
 492,15; 5056,923;  218,656;11701,147;42,13604
 492,74; 5074,023;  220,277;11610,567;42,61302
 493,32; 5028,941;  226,580;11500,253;42,59802
 493,91; 4978,625;  216,423;11448,258;42,39915
 494,50; 4973,416;  217,031;11400,838;42,52922
 495,08; 4897,268;  204,493;11328,489;42,18606
 495,67; 4937,207;  217,808;11328,084;42,47779
 496,25; 4832,776;  171,650;11176,890;42,35369
 496,84; 4850,608;  182,655;11221,166;42,28789
 497,42; 4824,301;  173,033;11114,335;42,51110
 498,01; 4858,538;  199,038;11025,980;43,03616
 498,59; 4793,950;  160,802;10996,586;42,75785
 499,18; 4742,739;  173,345;10971,949;42,31467
 499,76; 4736,367;  195,265;10817,048;42,75273
 500,35; 4631,726;  179,798;10708,265;42,28467
 500,93; 4612,492;  168,572;10617,665;42,52925
 501,52; 4598,743;  169,725;10614,966;42,40226
 502,10; 4613,413;  182,410;10557,942;42,70627
 502,69; 4522,854;  177,023;10352,251;42,70991
 503,27; 4424,994;  157,415;10165,739;42,64030
 503,86; 4417,246;  173,870;10120,464;42,66160
 504,44; 4371,337;  170,714;10028,278;42,61320
 505,03; 4240,579;  145,791; 9741,325;42,67389
 505,61; 4216,145;  156,715; 9601,016;42,98286
 506,19; 4165,176;  180,176; 9467,441;42,90822
 506,78; 4058,745;  144,555; 9249,103;42,99159
 507,36; 3995,640;  167,714; 9125,266;42,73407
 507,95; 3923,968;  158,552; 9017,285;42,50514
 508,53; 3900,220;  161,863; 8886,821;42,84670
 509,12; 3827,312;  178,322; 8701,505;42,81253
 509,70; 3762,302;  174,629; 8543,621;42,86864
 510,29; 3711,862;  180,318; 8415,042;42,88600
 510,87; 3599,199;  160,170; 8254,727;42,48569
 511,46; 3557,059;  156,477; 8075,917;42,93968
 512,04; 3467,462;  169,243; 7945,435;42,41432
 512,62; 3423,870;  166,246; 7743,566;42,99177
 513,21; 3324,748;  144,856; 7608,020;42,60782
 513,79; 3284,797;  157,848; 7473,585;42,74277
 514,38; 3192,921;  136,466; 7344,327;42,40447
 514,96; 3188,941;  182,313; 7254,004;42,51639
 515,54; 3085,152;  150,926; 7136,414;42,00460
 516,13; 3084,088;  173,080; 6992,186;42,68900
 516,71; 3020,591;  160,076; 6881,908;42,55558
 517,30; 2960,684;  155,073; 6808,371;42,16872
 517,88; 2946,435;  173,304; 6738,871;42,23749
 518,46; 2871,607;  154,379; 6568,534;42,36299
 519,05; 2883,754;  160,992; 6533,178;42,72886
 519,63; 2854,237;  176,763; 6483,185;42,45630
 520,22; 2812,196;  185,911; 6450,728;41,92117
 520,80; 2768,243;  153,142; 6321,466;42,39565
 521,38; 2778,021;  185,299; 6330,638;42,19006
 521,97; 2760,390;  161,985; 6267,033;42,56157
 522,55; 2707,666;  168,062; 6254,969;41,72240
 523,13; 2736,371;  149,060; 6270,597;42,26570
 523,72; 2721,358;  164,918; 6270,958;41,86740
 524,30; 2787,521;  174,443; 6384,143;42,08058
 524,89; 2739,898;  163,216; 6427,694;41,13164
 525,47; 2805,646;  171,595; 6548,529;41,30591
 526,05; 2819,130;  139,133; 6589,117;41,55045
 526,64; 2862,666;  175,209; 6705,994;41,15060
 527,22; 2941,670;  174,211; 6881,525;41,26032
 527,80; 3008,232;  210,671; 6977,584;41,34176
 528,39; 2994,650;  160,592; 7055,768;41,10205
 528,97; 3054,063;  169,362; 7285,766;40,53594
 529,55; 3149,699;  184,983; 7441,999;40,85311
 530,14; 3206,825;  190,436; 7596,640;40,72787
 530,72; 3268,875;  172,054; 7714,954;41,05610
 531,30; 3264,872;  150,282; 7862,917;40,38296
 531,89; 3302,082;  159,436; 7906,131;40,56757
 532,47; 3398,687;  196,819; 8028,632;40,88285
 533,05; 3365,420;  195,209; 8066,397;40,27615
 533,63; 3418,357;  203,972; 8139,746;40,50500
 534,22; 3376,312;  161,280; 8172,656;40,13083
 534,80; 3397,714;  193,122; 8278,536;39,63423
 535,38; 3490,489;  246,589; 8338,488;40,08824
 535,97; 3438,751;  199,434; 8274,298;40,11605
 536,55; 3481,464;  227,507; 8300,859;40,30491
 537,13; 3423,976;  247,898; 8310,815;39,39118
 537,71; 3487,083;  295,206; 8386,923;39,44623
 538,30; 3499,928;  305,586; 8455,127;39,19658
 538,88; 3528,045;  336,658; 8603,374;38,60526
 539,46; 3636,836;  404,738; 8766,472;38,65345
 540,05; 3680,077;  417,659; 8944,736;38,25951
 540,63; 3749,612;  476,428; 9124,449;37,84894
 541,21; 3825,367;  496,118; 9242,025;38,06637
 541,79; 3886,653;  528,349; 9381,316;37,93423
 542,38; 3939,030;  568,121; 9568,382;37,45345
 542,96; 3990,561;  580,115; 9704,176;37,37859
 543,54; 4074,177;  576,503; 9950,334;37,31317
 544,12; 4144,774;  569,887;10081,921;37,58279
 544,70; 4133,534;  546,192;10159,047;37,31817
 545,29; 4196,467;  547,967;10315,156;37,35466
 545,87; 4212,500;  515,810;10324,854;37,68654
 546,45; 4170,396;  464,967;10303,575;37,66213
 547,03; 4163,167;  455,042;10432,233;37,16602
 547,62; 4243,823;  409,579;10564,375;37,75796
 548,20; 4292,371;  399,500;10742,485;37,63779
 548,78; 4284,151;  370,877;10836,018;37,39342
 549,36; 4378,547;  327,570;11075,934;37,68924
 549,94; 4364,147;  303,886;11217,620;37,20323
 550,53; 4471,282;  302,187;11404,343;37,55212
 551,11; 4521,809;  276,030;11612,600;37,45206
 551,69; 4609,386;  278,570;11905,405;37,24845
 552,27; 4699,770;  232,727;12205,078;37,31133
 552,85; 4837,459;  245,568;12608,028;37,14383
 553,44; 4924,872;  230,186;12900,478;37,05270
 554,02; 5058,984;  247,954;13293,684;36,87819
 554,60; 5112,153;  195,260;13575,291;36,74799
 555,18; 5254,065;  232,878;14011,764;36,44117
 555,76; 5383,994;  200,108;14325,039;36,70026
 556,34; 5484,284;  205,796;14719,161;36,36984
 556,93; 5623,401;  197,416;15103,618;36,40086
 557,51; 5736,885;  183,718;15449,058;36,37762
 558,09; 5882,139;  205,416;15797,631;36,40742
 558,67; 5979,892;  206,178;16164,574;36,17979
 559,25; 6117,573;  208,102;16473,440;36,33168
 559,83; 6155,181;  196,099;16853,907;35,77351
 560,41; 6268,749;  186,950;17182,471;35,78472
 561,00; 6390,221;  199,716;17463,591;35,85814
 561,58; 6446,413;  192,104;17726,309;35,66919
 562,16; 6544,148;  185,491;18203,510;35,29055
 562,74; 6664,708;  168,031;18397,748;35,63784
 563,32; 6803,908;  167,407;18890,488;35,44556
 563,90; 6915,518;  191,024;19317,851;35,15739
 564,48; 6981,369;  191,874;19764,396;34,68891
 565,06; 7183,020;  177,101;20369,006;34,69667
 565,65; 7391,761;  191,941;21040,783;34,53343
 566,23; 7638,406;  240,947;21813,039;34,29180
 566,81; 7823,300;  191,948;22589,329;34,07252
 567,39; 8098,991;  194,252;23527,841;33,87708
 567,97; 8309,257;  201,871;24158,041;33,84258
 568,55; 8564,438;  207,022;24925,574;33,81030
 569,13; 8780,854;  196,947;25689,475;33,67225
 569,71; 9079,722;  190,953;26576,399;33,68815
 570,29; 9442,195;  211,416;27561,229;33,75079
 570,87; 9596,052;  215,415;28317,747;33,38028
 571,45; 9799,808;  209,178;29020,275;33,28797
 572,03; 9954,692;  176,943;29430,172;33,42451
 572,61;10149,924;  180,945;30090,262;33,33068
 573,20;10307,585;  207,180;30817,587;32,99664
 573,78;10519,918;  195,868;31426,304;33,05766
 574,36;10678,297;  206,100;31794,644;33,15188
 574,94;10816,240;  239,866;32236,580;33,05456
 575,52;10749,922;  210,246;32477,462;32,66373
 576,10;11035,161;  256,324;33116,774;32,80185
 576,68;11137,584;  243,174;33714,108;32,54887
 577,26;11316,879;  259,474;34367,876;32,41842
 577,84;11505,895;  270,100;34957,255;32,39181
 578,42;11563,296;  291,326;35068,188;32,41227
 579,00;11586,313;  268,714;35292,890;32,31368
 579,58;11607,601;  274,635;35469,892;32,20026
 580,16;11607,966;  276,094;35395,994;32,26624
 580,74;11666,114;  275,633;35726,575;32,13026
 581,32;11593,833;  275,942;35656,079;31,98939
 581,90;11621,375;  295,710;35722,529;31,96918
 582,48;11678,131;  292,864;35860,503;32,01018
 583,06;11683,905;  300,173;35950,528;31,93161
 583,64;11661,527;  285,943;36072,410;31,78739
 584,22;11543,599;  302,783;35904,797;31,57354
 584,80;11453,514;  297,787;35597,470;31,60291
 585,38;11303,342;  312,873;35232,277;31,47382
 585,96;11303,752;  293,021;35380,080;31,38117
 586,54;11275,800;  301,476;35318,295;31,34015
 587,12;11246,113;  276,324;35483,782;31,15757
 587,70;11319,593;  306,021;35624,199;31,18386
 588,28;11259,609;  285,247;35669,364;31,01494
 588,86;11285,077;  279,554;35837,562;30,95090
 589,44;11240,151;  265,857;35866,127;30,82643
 590,02;11292,094;  272,550;36128,365;30,73293
 590,59;11271,285;  245,399;36314,214;30,56903
 591,17;11314,840;  248,698;36514,769;30,51376
 591,75;11266,537;  248,855;36578,477;30,32699
 592,33;11307,362;  255,395;36834,451;30,21392
 592,91;11341,420;  209,161;37027,024;30,23603
 593,49;11365,063;  222,543;37482,480;29,90483
 594,07;11421,011;  221,235;37571,015;29,98619
 594,65;11415,979;  239,860;37642,939;29,88021
 595,23;11465,559;  234,089;38024,191;29,72067
 595,81;11437,353;  221,703;38159,427;29,56332
 596,39;11414,633;  218,780;38232,452;29,45218
 596,97;11453,937;  221,238;38316,315;29,48596
 597,55;11391,850;  223,090;38339,714;29,30155
 598,12;11348,011;  204,388;38367,640;29,19988
 598,70;11340,692;  196,621;38591,881;29,02460
 599,28;11399,570;  225,929;38636,484;29,09003
 599,86;11372,432;  210,775;38632,489;29,05039
 600,44;11312,115;  184,928;38872,144;28,76192
 601,02;11360,373;  241,538;38853,365;28,79645
 601,60;11246,975;  216,393;38730,174;28,64061
 602,18;11249,038;  185,004;38846,307;28,61785
 602,75;11189,282;  194,319;38820,462;28,46508
 603,33;11096,283;  210,698;38898,270;28,13716
 603,91;11020,737;  195,694;38907,284;27,96331
 604,49;11046,686;  220,544;39094,615;27,84926
 605,07;10974,264;  219,316;39013,982;27,72275
 605,65;10924,798;  241,158;39077,360;27,50949
 606,23;10950,437;  308,246;39305,874;27,28933
 606,80;10915,799;  361,473;39396,676;27,03797
 607,38;10823,431;  387,079;39300,385;26,81949
 607,96;10863,977;  442,396;39519,595;26,66921
 608,54;10848,546;  509,774;39514,343;26,50657
 609,12;10795,061;  505,934;39522,971;26,37086
 609,70;10780,425;  564,314;39512,728;26,22985
 610,27;10720,402;  560,396;39608,981;26,01888
 610,85;10660,473;  568,468;39650,644;25,82253
 611,43;10638,220;  578,852;39628,527;25,76044
 612,01;10495,361;  547,855;39468,428;25,55848
 612,59;10484,491;  533,391;39386,374;25,61219
 613,16;10439,236;  498,091;39303,353;25,61803
 613,74;10361,392;  464,467;39210,411;25,54312
 614,32;10263,861;  420,004;39155,565;25,41297
 614,90;10201,767;  376,931;39015,762;25,42736
 615,48;10049,707;  317,936;38721,992;25,34048
 616,05; 9989,311;  300,245;38776,012;25,18226
 616,63; 9996,377;  302,170;38475,725;25,39509
 617,21; 9842,930;  300,012;38307,626;25,10791
 617,79; 9776,445;  292,395;38329,947;24,93339
 618,36; 9742,782;  288,163;38205,503;24,93482
 618,94; 9610,732;  226,089;37925,175;24,89356
 619,52; 9500,522;  259,323;37727,326;24,66424
 620,10; 9463,653;  257,088;37712,128;24,58031
 620,67; 9379,255;  273,939;37549,712;24,42690
 621,25; 9290,195;  276,085;37376,434;24,29656
 621,83; 9267,127;  253,397;37267,837;24,35193
 622,41; 9254,791;  288,167;37322,752;24,21149
 622,98; 9101,940;  263,170;36997,798;24,06114
 623,56; 9083,543;  256,478;37035,718;24,00013
 624,14; 8986,657;  242,007;36887,598;23,86276
 624,72; 8886,470;  254,013;36761,880;23,64547
 625,29; 8868,959;  219,016;36915,936;23,57130
 625,87; 8900,081;  269,318;36811,734;23,61848
 626,45; 8752,533;  231,786;36665,387;23,38706
 627,02; 8713,449;  245,933;36551,344;23,32301
 627,60; 8628,831;  225,082;36551,217;23,13417
 628,18; 8596,831;  219,242;36680,663;22,97658
 628,76; 8579,087;  218,016;36647,301;22,95151
 629,33; 8565,883;  252,244;36636,186;22,84975
 629,91; 8509,653;  233,549;36617,513;22,74657
 630,49; 8533,643;  250,553;36743,008;22,69809
 631,06; 8473,938;  246,861;36911,852;22,43851
 631,64; 8450,758;  237,248;36861,890;22,42619
 632,22; 8388,228;  196,403;36745,356;22,41330
 632,79; 8464,952;  223,634;37141,728;22,32325
 633,37; 8449,270;  207,778;37220,171;22,26684
 633,95; 8410,383;  214,094;37227,212;22,14428
 634,52; 8419,340;  198,244;37287,953;22,16544
 635,10; 8382,155;  203,858;37264,514;22,06733
 635,68; 8438,316;  210,250;37547,480;22,03716
 636,25; 8367,262;  205,637;37417,842;21,93266
 636,83; 8388,241;  187,477;37673,686;21,87675
 637,41; 8378,537;  173,866;37664,533;21,88457
 637,98; 8393,641;  212,174;37833,124;21,74711
 638,56; 8423,113;  208,484;37896,382;21,79646
 639,13; 8365,229;  195,708;38081,991;21,56327
 639,71; 8387,222;  221,169;38258,240;21,46867
 640,29; 8205,768;  165,553;37965,042;21,27070
 640,86; 8265,521;  173,861;38171,546;21,29514
 641,44; 8216,044;  191,399;38216,743;21,10341
 642,02; 8191,260;  217,245;38196,477;20,99572
 642,59; 8141,860;  190,091;38343,981;20,84130
 643,17; 8105,613;  187,091;38314,639;20,76851
 643,74; 8052,444;  190,091;38300,681;20,63036
 644,32; 7980,890;  213,168;38243,185;20,42524
 644,89; 7998,259;  197,321;38296,920;20,47512
 645,47; 8016,167;  225,014;38289,501;20,46830
 646,05; 7950,998;  206,321;38165,389;20,40270
 646,62; 7914,367;  207,321;38169,970;20,30165
 647,20; 7911,890;  205,936;38339,166;20,20798
 647,77; 7849,182;  180,321;38248,901;20,14486
 648,35; 7788,936;  171,628;38139,789;20,06236
 648,92; 7773,997;  214,243;38175,678;19,91430
 649,50; 7681,367;  169,089;38059,259;19,82645
 650,08; 7618,428;  170,628;38015,224;19,67996
 650,65; 7690,874;  181,551;38234,805;19,73372
 651,23; 7727,089;  180,627;39249,924;19,31558
 651,80; 7898,920;  174,858;40024,274;19,38312
 652,38; 7957,135;  192,473;40393,471;19,31460
 652,95; 7999,812;  166,089;40829,744;19,26468
 653,53; 7996,951;  199,781;40969,786;19,12477
 654,10; 7943,628;  208,165;41087,213;18,92280
 654,68; 7874,151;  175,165;40969,871;18,87251
 655,25; 7871,981;  172,165;41158,683;18,78622
 655,83; 7842,350;  171,780;41198,263;18,69663
 656,40; 7824,335;  203,088;41139,921;18,61709
 656,98; 7753,012;  181,011;41052,579;18,52633
 657,55; 7689,150;  186,318;40884,698;18,43521
 658,13; 7544,135;  170,856;40434,741;18,31239
 658,70; 7490,581;  198,625;40116,706;18,26730
 659,28; 7325,104;  178,702;39126,902;18,34848
 659,85; 7144,473;  169,933;38573,022;18,16140
 660,43; 7087,611;  201,471;38690,372;17,89124
 661,00; 7058,365;  189,009;38892,029;17,74889
 661,58; 7084,119;  171,163;39152,687;17,73393
 662,15; 7088,565;  163,163;39357,883;17,66922
 662,73; 7170,550;  217,855;39621,541;17,64478
 663,30; 7135,073;  186,624;39821,814;17,53101
 663,88; 7168,596;  181,470;40013,472;17,54149
 664,45; 7163,273;  158,470;40250,745;17,47170
 665,03; 7185,257;  178,239;40566,941;17,34896
 665,60; 7321,626;  223,701;41105,907;17,36190
 666,17; 7191,303;  187,623;41101,718;17,11801
 666,75; 7223,672;  188,546;41581,453;16,99597
 667,32; 7259,426;  196,239;41821,034;16,96870
 667,90; 7257,411;  179,392;42048,230;16,90522
 668,47; 7307,011;  192,623;42317,119;16,88896
 669,05; 7298,687;  178,930;42621,469;16,77505
 669,62; 7255,595;  160,469;42784,973;16,64565
 670,19; 7258,349;  166,469;42856,400;16,61254
 670,77; 7299,718;  188,007;42982,596;16,61825
 671,34; 7195,856;  166,468;42953,561;16,42876
 671,92; 7237,379;  168,007;43343,450;16,37360
 672,49; 7204,133;  185,929;43265,800;16,29114
 673,06; 7162,733;  144,314;43306,073;16,26073
 673,64; 7139,487;  157,314;43238,731;16,20693
 674,21; 7081,318;  158,698;43300,465;16,04621
 674,79; 7127,918;  173,160;43551,354;16,03284
 675,36; 7130,902;  180,313;43633,012;15,99576
 675,93; 7031,117;  159,082;43475,823;15,86462
 676,51; 7093,487;  186,851;43632,404;15,89722
 677,08; 7053,779;  179,313;43719,677;15,78872
 677,65; 7065,302;  179,543;43982,027;15,72002
 678,23; 7085,594;  189,389;44120,070;15,69792
 678,80; 7038,348;  175,082;44150,728;15,60697
 679,38; 7018,640;  159,466;44323,001;15,53131
 679,95; 7075,317;  175,543;44617,428;15,52539
 680,52; 7076,301;  162,927;44931,085;15,44261
 681,10; 7106,517;  175,235;45269,435;15,37067
 681,67; 7065,424;  175,081;45587,555;15,17280
 682,24; 7079,024;  157,773;45664,597;15,20926
 682,82; 7162,086;  165,465;46276,947;15,17327
 683,39; 7170,301;  197,465;46587,836;15,03078
 683,96; 7248,209;  179,311;46784,801;15,16752
 684,54; 7242,116;  157,465;47161,382;15,07247
 685,11; 7274,639;  179,234;47443,501;15,01220
 685,68; 7279,162;  184,387;47882,005;14,87448
 686,25; 7315,224;  169,541;47971,509;14,94851
 686,83; 7301,439;  169,156;48222,090;14,84255
 687,40; 7295,039;  156,925;48472,209;14,77403
 687,97; 7439,331;  196,464;48796,252;14,90308
 688,55; 7358,085;  163,387;48847,602;14,77830
 689,12; 7359,762;  147,925;49169,106;14,71168
 689,69; 7378,054;  171,233;49225,148;14,69163
 690,26; 7343,885;  182,079;49272,652;14,58896
 690,84; 7382,023;  166,617;49472,387;14,63400
 691,41; 7353,469;  179,232;49512,352;14,54244
 691,98; 7358,146;  174,924;49873,471;14,45359
 692,56; 7359,208;  160,386;49957,514;14,45630
 693,13; 7398,577;  223,155;49921,095;14,43807
 693,70; 7357,792;  192,001;50181,445;14,33461
 694,27; 7365,008;  160,693;50251,410;14,38253
 694,84; 7323,838;  156,308;50515,222;14,23289
 695,42; 7392,131;  198,616;50498,879;14,30115
 695,99; 7292,884;  170,616;50787,614;14,07090
 696,56; 7275,100;  159,769;50609,656;14,10376
 697,13; 7274,469;  179,923;50957,699;13,97175
 697,71; 7312,376;  142,461;51021,357;14,09212
 698,28; 7315,053;  168,384;51299,014;13,97728
 698,85; 7249,269;  136,769;51403,287;13,87358
 699,42; 7289,022;  141,384;51576,638;13,89638
 699,99; 7270,622;  170,307;51629,603;13,79793
 700,57; 7270,145;  174,691;51672,722;13,77811
 701,14; 7248,591;  157,845;51833,919;13,72153
 701,71; 7230,422;  181,845;52094,499;13,57776
 702,28; 7229,714;  168,383;52010,773;13,62077
 702,85; 7221,468;  174,768;52063,661;13,58036
 703,43; 7218,607;  181,075;52253,857;13,51480
 704,00; 7240,745;  200,536;52568,669;13,44369
 704,57; 7173,806;  181,690;52553,327;13,35096
 705,14; 7172,176;  211,228;52762,831;13,24593
 705,71; 7167,237;  211,844;52906,719;13,19937
 706,28; 7130,914;  180,536;52738,069;13,22432
 706,86; 7160,206;  217,305;52986,573;13,15709
 707,43; 7139,421;  211,997;52895,692;13,14909
 708,00; 7109,791;  195,458;52995,119;13,09541
 708,57; 7050,160;  177,843;52875,392;13,04106
 709,14; 7054,067;  207,535;52972,050;12,97564
 709,71; 7073,206;  183,381;53019,016;13,04011
 710,28; 7057,498;  177,458;53262,827;12,96033
 710,86; 7050,175;  192,996;53446,100;12,87658
 711,43; 7027,083;  204,150;53485,527;12,80547
 712,00; 7029,298;  185,457;53478,724;12,84185
 712,57; 7062,436;  197,842;53610,920;12,85190
 713,14; 7032,421;  179,996;53795,731;12,78062
 713,71; 7032,867;  189,765;53669,235;12,79576
 714,28; 7027,621;  181,457;53797,585;12,76885
 714,85; 6994,067;  165,764;53405,935;12,82547
 715,42; 6997,128;  189,149;53692,055;12,72450
 716,00; 7055,882;  220,995;53821,789;12,75147
 716,57; 6991,713;  171,302;53967,678;12,67820
 717,14; 6920,313;  170,379;53832,643;12,57855
 717,71; 6949,759;  162,071;53832,070;12,64708
 718,28; 6986,897;  189,840;53890,497;12,65731
 718,85; 6950,959;  172,302;53929,155;12,60985
 719,42; 6963,943;  180,302;54057,505;12,59093
 719,99; 6887,851;  172,686;53919,009;12,49418
 720,56; 6942,758;  176,532;54142,282;12,53800
 721,13; 6908,666;  180,147;54400,632;12,40955
 721,70; 6862,497;  167,455;54218,752;12,38646
 722,27; 6886,404;  195,378;54264,102;12,37504
 722,84; 6928,235;  211,378;54352,067;12,40630
 723,41; 6883,681;  165,377;54422,033;12,38245
 723,98; 6908,589;  181,916;54691,998;12,34024
 724,55; 6940,573;  204,839;54722,887;12,35505
 725,12; 6831,404;  138,454;54590,083;12,29155
 725,69; 6859,004;  172,223;54761,894;12,24917
 726,27; 6871,296;  186,530;54853,091;12,22825
 726,84; 6860,204;  183,223;55134,133;12,15081
 727,41; 6883,804;  176,761;55078,252;12,21650
 727,98; 6928,942;  194,992;55588,833;12,15650
 728,55; 6922,696;  201,453;55302,491;12,19803
 729,12; 6861,988;  150,376;55453,533;12,13604
 729,69; 6917,588;  194,068;55616,037;12,13151
 730,26; 6907,419;  204,376;55739,387;12,06994
 730,82; 6864,634;  170,914;55624,968;12,07075
 731,39; 6864,465;  172,606;55826,164;12,02413
 731,96; 6925,603;  160,144;55997,514;12,11636
 732,53; 6997,665;  184,144;56238,557;12,15519
 733,10; 6989,342;  184,298;56414,984;12,10201
 733,67; 6977,403;  183,452;56589,411;12,04474
 734,24; 6913,080;  176,836;56175,530;12,02929
 734,81; 6922,141;  194,451;56326,188;11,98554
 735,38; 6905,664;  178,836;56014,999;12,04744
 735,95; 6935,803;  175,836;55988,196;12,11195
 736,52; 6917,480;  184,605;56217,392;12,01596
 737,09; 6906,464;  181,528;55795,665;12,09214
 737,66; 6953,603;  221,297;56065,630;12,05549
 738,23; 6965,587;  172,220;56123,442;12,14159
 738,80; 6999,956;  217,296;56349,100;12,08345
 739,37; 7010,249;  210,527;56451,834;12,09026
 739,94; 7011,079;  176,296;56606,877;12,11184
 740,51; 7087,833;  246,834;56633,304;12,13234
 741,07; 6977,510;  169,680;56539,269;12,07713
 741,64; 7018,033;  207,065;56785,235;12,03816
 742,21; 7018,402;  183,911;56766,662;12,07875
 742,78; 6949,771;  164,988;56602,935;12,02167
 743,35; 6982,525;  175,064;56839,131;12,01372
 743,92; 7041,125;  210,756;57002,558;12,02703
 744,49; 7029,879;  179,679;56847,139;12,08842
 745,06; 7002,940;  174,679;56848,258;12,04840
 745,63; 6985,617;  161,294;56794,070;12,05013
 746,19; 7042,755;  169,217;56826,035;12,13188
 746,76; 7012,278;  187,525;56835,385;12,04768
 747,33; 6996,186;  184,217;56805,274;12,03081
 747,90; 7113,555;  194,371;57119,932;12,15479
 748,47; 7077,155;  197,678;56998,359;12,11161
 749,04; 7039,217;  182,063;56908,555;12,08810
 749,61; 7146,893;  194,601;56802,751;12,28143
 750,17; 7111,955;  192,909;56896,870;12,20205
 750,74; 7140,016;  193,216;56879,605;12,25479
 751,31; 7103,155;  180,447;56729,724;12,24190
 751,88; 7112,216;  157,601;56617,536;12,31779
 752,45; 7138,970;  180,139;56752,424;12,30078
 753,02; 7148,801;  186,985;56653,774;12,32905
 753,58; 7129,785;  178,292;56543,894;12,33286
 754,15; 7159,078;  170,677;56758,475;12,34966
 754,72; 7109,062;  176,061;56483,286;12,31281
 755,29; 7112,970;  153,677;56286,175;12,39798
 755,86; 7121,108;  206,061;56552,986;12,27227
 756,42; 7170,785;  198,599;56214,029;12,44690
 756,99; 7136,846;  168,753;56250,763;12,42483
 757,56; 7146,446;  171,830;56185,806;12,45157
 758,13; 7107,200;  158,599;56090,002;12,42343
 758,70; 7176,569;  172,060;56039,352;12,53776
 759,26; 7149,092;  179,214;56274,779;12,42501
 759,83; 7193,462;  184,368;56357,591;12,47764
 760,40; 7123,446;  175,829;56225,787;12,39540
 760,97; 7196,969;  168,060;56304,060;12,52122
 761,53; 7169,184;  164,983;55730,949;12,60520
 762,10; 7145,554;  168,136;55795,683;12,54310
 762,67; 7184,923;  192,059;55714,110;12,59475
 763,24; 7110,984;  147,521;55360,153;12,61208
 763,80; 7186,353;  173,290;55532,195;12,66836
 764,37; 7161,492;  176,751;55427,237;12,64195
 764,94; 7085,784;  151,135;54966,895;12,65083
 765,50; 7110,076;  153,828;54892,091;12,70820
 766,07; 7161,753;  196,597;54942,518;12,72269
 766,64; 7133,738;  160,443;54593,714;12,81072
 767,21; 7124,722;  162,366;54453,295;12,82416
 767,77; 7163,245;  183,289;54402,953;12,87348
 768,34; 7170,614;  186,519;54374,380;12,88867
 768,91; 7170,214;  172,596;54240,576;12,94226
 769,47; 7200,737;  170,673;54201,465;13,01122
 770,04; 7154,876;  177,211;54155,815;12,92672
 770,61; 7167,091;  162,826;53814,934;13,05497
 771,18; 7149,845;  165,057;53722,746;13,04162
 771,74; 7204,368;  174,518;53867,865;13,09259
 772,31; 7232,660;  173,364;53652,138;13,20018
 772,88; 7175,645;  144,133;53323,565;13,22224
 773,44; 7201,629;  159,672;53174,531;13,28299
 774,01; 7247,383;  176,979;53242,265;13,32397
 774,58; 7221,829;  158,210;52910,615;13,39014
 775,14; 7232,044;  159,748;53052,581;13,37099
 775,71; 7245,337;  153,825;52932,469;13,43633
 776,27; 7303,013;  197,979;52922,204;13,47584
 776,84; 7354,383;  201,363;52914,631;13,56968
 777,41; 7320,983;  187,055;52757,904;13,57012
 777,97; 7269,967;  168,901;52423,639;13,58932
 778,54; 7321,182;  181,132;52448,681;13,66058
 779,11; 7365,859;  187,362;52493,108;13,72411
 779,67; 7346,767;  163,670;52476,381;13,73107
 780,24; 7309,367;  182,593;52166,501;13,70958
 780,80; 7374,044;  188,900;52116,697;13,83680
 781,37; 7357,490;  183,977;52144,355;13,80574
 781,94; 7344,320;  173,900;51933,397;13,85334
 782,50; 7418,536;  188,438;51803,978;14,00760
 783,07; 7430,751;  209,823;51943,636;13,95785
 783,63; 7435,966;  172,284;51643,755;14,11205
 784,20; 7449,951;  199,053;51543,874;14,12197
 784,77; 7425,936;  198,899;51373,455;14,12232
 785,33; 7368,382;  165,130;51241,805;14,10282
 785,90; 7448,520;  193,668;51172,694;14,23105
 786,46; 7507,581;  205,360;51054,736;14,36049
 787,03; 7456,335;  171,053;50953,471;14,34607
 787,59; 7459,551;  177,822;50772,282;14,39234
 788,16; 7483,304;  199,821;50809,940;14,39136
 788,73; 7481,981;  197,360;50578,675;14,45897
 789,29; 7420,581;  180,744;50296,486;14,44623
 789,86; 7486,720;  197,898;50104,452;14,60494
 790,42; 7496,858;  200,052;49894,263;14,68341
 790,99; 7460,150;  206,744;49631,921;14,67553
 791,55; 7469,212;  189,897;49637,502;14,72127
 792,12; 7516,427;  196,359;49590,083;14,81983
 792,68; 7493,565;  188,282;49240,971;14,89273
 793,25; 7496,242;  200,051;48931,168;14,97235
 793,81; 7537,304;  218,512;48683,671;15,10114
 794,38; 7457,288;  168,743;48425,329;15,10373
 794,94; 7486,427;  184,666;48283,372;15,18078
 795,51; 7471,565;  199,281;48011,183;15,21020
 796,07; 7489,088;  185,050;47781,149;15,34588
 796,64; 7540,765;  212,204;47913,729;15,36337
 797,20; 7445,980;  190,973;47461,003;15,34801
 797,77; 7375,272;  174,127;47192,430;15,31562
 798,33; 7418,411;  177,280;46973,472;15,47376
 798,90; 7458,472;  220,511;46945,591;15,49053
 799,46; 7405,918;  195,818;46516,864;15,56549
 800,03; 7397,672;  202,818;46332,445;15,59703
 800,59; 7411,349;  210,972;46151,718;15,67318
 801,15; 7359,487;  202,356;45941,992;15,64755
 801,72; 7365,087;  205,279;45653,572;15,75374
 802,28; 7343,841;  230,895;45274,153;15,79137
 802,85; 7370,287;  192,279;45105,349;15,98200
 803,41; 7321,503;  193,587;44924,699;15,93503
 803,98; 7344,949;  199,586;44489,973;16,13299
 804,54; 7323,779;  195,586;44269,169;16,17339
 805,11; 7278,610;  202,817;43945,288;16,17603
 805,67; 7310,287;  216,663;44024,177;16,19271
 806,23; 7236,195;  199,740;43484,988;16,25601
 806,80; 7327,102;  212,970;43370,338;16,48417
 807,36; 7320,394;  227,278;43374,611;16,43929
 807,93; 7340,225;  221,432;43010,500;16,63694
 808,49; 7295,517;  184,816;42626,619;16,75400
 809,05; 7253,810;  182,662;42510,816;16,70554
 809,62; 7328,410;  214,354;42304,550;16,90193
 810,18; 7295,009;  220,816;42322,131;16,80279
 810,74; 7272,379;  180,815;42031,327;16,94499
 811,31; 7287,440;  186,354;41982,293;16,98990
 811,87; 7320,117;  188,354;41671,335;17,19202
 812,44; 7390,486;  236,969;41695,531;17,25462
 813,00; 7316,009;  171,430;41358,189;17,34679
 813,56; 7386,301;  211,507;41314,231;17,45576
 814,13; 7406,978;  205,122;41295,735;17,52677
 814,69; 7408,424;  208,276;41170,393;17,57758
 815,25; 7374,486;  175,814;40790,974;17,72410
 815,82; 7437,547;  225,122;40694,093;17,82211
 816,38; 7406,301;  232,583;40501,674;17,81445
 816,94; 7298,286;  199,198;40093,178;17,79488
 817,51; 7364,424;  189,737;39981,143;18,03075
 818,07; 7349,332;  199,583;39686,724;18,10652
 818,63; 7373,701;  214,813;39477,536;18,23329
 819,20; 7394,762;  213,121;39415,809;18,31926
 819,76; 7332,131;  185,582;38993,774;18,41505
 820,32; 7337,962;  238,351;38952,817;18,33839
 820,89; 7354,408;  227,890;38740,321;18,50446
 821,45; 7314,393;  200,043;38327,748;18,65927
 822,01; 7316,454;  218,197;38243,098;18,66739
 822,57; 7342,746;  218,966;37996,217;18,85733
 823,14; 7321,731;  197,581;37884,259;18,90363
 823,70; 7301,485;  190,043;37584,840;19,01720
 824,26; 7333,931;  195,889;37399,652;19,18634
 824,82; 7352,531;  217,273;37201,694;19,29260
 825,39; 7293,823;  193,888;36949,814;19,31644
 825,95; 7356,423;  226,888;36987,394;19,39455
 826,51; 7309,561;  217,119;36611,437;19,48777
 827,08; 7338,315;  239,811;36602,018;19,52165
 827,64; 7307,684;  235,426;36482,829;19,51108
 828,20; 7286,284;  194,964;36201,487;19,69454
 828,76; 7348,423;  213,734;36212,068;19,81950
 829,32; 7366,561;  217,118;35999,110;19,98056
 829,89; 7286,623;  191,733;35895,768;19,87139
 830,45; 7342,992;  205,964;35770,503;20,06782
 831,01; 7322,053;  195,656;35569,468;20,14597
 831,57; 7295,499;  207,887;35529,895;20,06571
 832,14; 7311,253;  201,579;35546,399;20,11518
 832,70; 7311,084;  195,886;35254,903;20,29491
 833,26; 7332,991;  175,425;35130,561;20,47644
 833,82; 7404,745;  199,424;35147,988;20,61693
 834,38; 7414,884;  193,578;35137,184;20,66560
 834,95; 7442,176;  202,963;34947,688;20,83543
 835,51; 7381,699;  163,424;34818,576;20,82886
 836,07; 7469,145;  208,808;34905,772;20,92499
 836,63; 7524,437;  228,654;34884,815;21,05191
 837,19; 7540,729;  206,654;34675,396;21,27747
 837,75; 7506,637;  166,962;34447,515;21,41061
 838,32; 7601,468;  224,731;34506,711;21,51783
 838,88; 7610,991;  213,115;34511,600;21,56910
 839,44; 7613,744;  200,115;34405,411;21,67392
 840,00; 7649,960;  198,269;34234,915;21,89314
 840,56; 7607,483;  185,730;33986,265;21,95750
 841,12; 7612,621;  176,576;33992,538;21,98975
 841,68; 7574,375;  180,653;33769,042;22,01273
 842,25; 7670,360;  183,576;33731,008;22,31701
 842,81; 7607,267;  179,653;33568,512;22,24579
 843,37; 7664,713;  180,730;33597,477;22,39591
 843,93; 7690,467;  200,652;33477,212;22,50778
 844,49; 7781,605;  200,729;33436,023;22,80972
 845,05; 7711,052;  166,421;33295,681;22,77331
 845,61; 7779,728;  205,729;33366,570;22,84019
 846,17; 7767,482;  178,498;33231,304;22,96018
 846,73; 7745,851;  201,729;33100,270;22,93148
 847,29; 7693,297;  180,805;32935,235;22,93580
 847,86; 7768,513;  178,805;32901,124;23,19428
 848,42; 7735,728;  188,036;32701,397;23,21412
 848,98; 7810,251;  188,651;32597,747;23,51685
 849,54; 7804,005;  190,497;32707,559;23,41389
 850,10; 7850,682;  184,651;32513,832;23,71242
 850,66; 7824,589;  173,189;32358,874;23,77268
 851,22; 7795,420;  178,651;32321,147;23,69688
 851,78; 7908,789;  223,343;32368,497;23,90857
 852,34; 7879,158;  194,343;32116,309;24,07375
 852,90; 7849,681;  189,727;32063,659;24,03203
 853,46; 7889,051;  182,188;31865,317;24,32481
 854,02; 7881,266;  193,957;31767,667;24,34718
 854,58; 7861,020;  188,188;31502,555;24,50259
 855,14; 7893,004;  176,342;31524,982;24,61562
 855,70; 7844,450;  159,495;31365,102;24,62684
 856,26; 7939,666;  206,341;31281,606;24,88579
 856,82; 7954,112;  174,187;31139,956;25,12427
 857,38; 7949,096;  200,957;31031,383;25,13147
 857,94; 7969,927;  189,572;30966,502;25,27983
 858,50; 7976,142;  206,418;30785,775;25,40840
 859,06; 7936,050;  198,879;30666,894;25,39440
 859,62; 7954,573;  198,033;30585,552;25,52541
 860,18; 7946,250;  196,187;30462,364;25,60635
 860,74; 7909,157;  165,109;30316,560;25,68383
 861,30; 7897,527;  165,725;30084,064;25,84302
 861,86; 7990,280;  211,263;30075,645;26,04781
 862,42; 7960,111;  202,801;30012,072;26,02315
 862,98; 8044,172;  211,186;29869,960;26,41035
 863,54; 7941,157;  192,955;29722,695;26,23864
 864,10; 7983,295;  194,724;29771,891;26,33305
 864,66; 7892,126;  174,416;29519,241;26,30007
 865,22; 7943,265;  192,647;29287,053;26,63955
 865,78; 7977,480;  203,185;29211,941;26,79982
 866,34; 7982,464;  191,800;29184,291;26,87132
 866,90; 7981,141;  200,646;29020,565;26,99694
 867,45; 7992,587;  206,338;28887,761;27,14736
 868,01; 7958,649;  197,261;28704,419;27,22610
 868,57; 7914,941;  191,415;28514,615;27,26926
 869,13; 7910,849;  187,876;28376,965;27,39703
 869,69; 7956,449;  186,876;28311,776;27,62524
 870,25; 7918,895;  186,491;28113,588;27,68782
 870,81; 7973,495;  190,568;28095,553;27,89081
 871,37; 7945,248;  201,953;28000,750;27,85479
 871,93; 7949,310;  200,029;27820,254;28,05654
 872,49; 7976,679;  196,414;27622,681;28,36793
 873,04; 7900,510;  181,798;27479,415;28,27614
 873,60; 7902,110;  178,183;27350,688;28,42552
 874,16; 7910,325;  206,029;27247,423;28,49075
 874,72; 7929,248;  201,260;27161,962;28,66390
 875,28; 7925,863;  193,644;27137,885;28,69711
 875,84; 7919,325;  194,644;27060,731;28,75253
 876,40; 7955,633;  195,029;27019,192;28,93139
 876,95; 7988,710;  197,567;27001,885;29,06674
 877,51; 7986,094;  215,721;27042,962;28,96449
 878,07; 8063,710;  233,567;26994,654;29,25943
 878,63; 8096,940;  193,260;27018,115;29,46402
 879,19; 8112,171;  212,490;27097,808;29,38288
 879,75; 8159,402;  194,875;27056,731;29,64995
 880,30; 8199,402;  188,413;27069,346;29,80175
 880,86; 8301,479;  234,644;27157,577;29,96269
 881,42; 8250,248;  177,567;27191,192;29,88374
 881,98; 8327,787;  211,183;27189,808;30,08531
 882,54; 8420,710;  183,413;27367,731;30,30165
 883,09; 8461,863;  197,183;27412,423;30,36784
 883,65; 8534,171;  189,106;27534,346;30,51743
 884,21; 8660,094;  224,183;27815,269;30,57477
 884,77; 8681,479;  191,875;27750,346;30,80579
 885,32; 8807,863;  186,183;27922,038;31,08496
 885,88; 8886,787;  224,490;28079,962;31,09729
 886,44; 8940,248;  215,183;28175,038;31,20569
 887,00; 8949,248;  209,798;28123,269;31,30908
 887,56; 9082,017;  198,721;28354,192;31,55087
 888,11; 9126,402;  192,952;28335,192;31,74392
 888,67; 9206,863;  233,029;28496,808;31,75030
 889,23; 9186,863;  209,798;28448,962;31,78942
 889,79; 9176,325;  181,875;28364,731;31,91462
 890,34; 9202,863;  202,567;28315,346;32,01496
 890,90; 9358,248;  246,490;28384,269;32,38265
 891,46; 9275,171;  183,875;28332,731;32,29721
 892,01; 9281,710;  231,337;28224,577;32,33057
 892,57; 9382,171;  230,106;28162,500;32,76506
 893,13; 9298,863;  204,644;28013,654;32,70242
 893,69; 9300,248;  199,337;28000,808;32,73536
 894,24; 9331,787;  212,337;27880,962;32,95953
 894,80; 9289,248;  213,260;27743,885;32,96688
 895,36; 9299,940;  200,413;27559,731;33,25933
 895,91; 9245,017;  210,413;27405,500;33,22146
 896,47; 9263,248;  212,490;27232,346;33,49669
 897,03; 9193,017;  196,567;27186,885;33,33214
 897,58; 9204,633;  210,952;27008,808;33,56120
 898,14; 9175,171;  216,337;26838,115;33,65228
 898,70; 9119,556;  186,721;26678,577;33,71917
 899,25; 9181,248;  211,952;26646,192;33,93060
 899,81; 9167,248;  222,721;26450,731;34,10296
 900,37; 9136,171;  178,413;26251,577;34,35624
 900,92; 9195,479;  202,490;26282,654;34,48210
 901,48; 9039,017;  206,337;26114,192;34,09267
 902,03; 9044,863;  195,875;25965,269;34,33914
 902,59; 9062,479;  211,875;25822,577;34,55822
 903,15; 9096,171;  218,413;25791,500;34,71524
 903,70; 9010,402;  214,029;25506,654;34,77841
 904,26; 8993,479;  192,644;25436,346;34,86349
 904,82; 8976,248;  213,644;25341,192;34,87250
 905,37; 9000,787;  207,875;25251,577;35,11027
 905,93; 8990,710;  190,952;25067,654;35,37349
 906,48; 8986,248;  203,029;24945,423;35,49866
 907,04; 9070,556;  230,644;24892,269;35,84481
 907,60; 8972,787;  191,567;24689,885;35,84417
 908,15; 8943,094;  192,260;24597,346;35,85660
 908,71; 8915,710;  234,644;24646,346;35,56108
 909,26; 8875,863;  192,952;24403,346;35,86440
 909,82; 8896,248;  223,029;24347,962;35,95127
 910,37; 8923,787;  240,798;24214,885;36,21822
 910,93; 8854,094;  193,106;23972,962;36,42153
 911,48; 8839,402;  195,490;23888,808;36,48249
 912,04; 8858,710;  195,952;23781,269;36,72945
 912,60; 8847,402;  220,644;23758,269;36,65093
 913,15; 8783,633;  206,106;23646,962;36,59221
 913,71; 8784,710;  200,413;23382,731;37,02950
 914,26; 8744,863;  184,721;23357,269;36,94088
 914,82; 8726,094;  206,183;23224,577;37,01349
 915,37; 8726,710;  194,413;23119,038;37,21891
 915,93; 8739,710;  238,029;23008,654;37,33618
 916,48; 8643,787;  197,106;22904,423;37,19806
 917,04; 8672,402;  213,260;22777,885;37,48851
 917,59; 8643,325;  229,721;22701,577;37,44063
 918,15; 8568,787;  177,260;22593,038;37,43580
 918,70; 8510,787;  205,106;22446,269;37,34373
 919,26; 8543,479;  209,721;22334,731;37,66669
 919,81; 8479,325;  199,260;22232,115;37,58054
 920,37; 8468,710;  209,721;22072,423;37,77661
 920,92; 8471,787;  212,029;22014,269;37,88490
 921,48; 8374,171;  179,413;21841,346;37,83022
 922,03; 8405,787;  196,183;21806,346;37,98955
 922,59; 8355,325;  192,952;21691,346;37,96736
 923,14; 8345,633;  186,952;21494,885;38,28941
 923,69; 8398,248;  215,106;21440,423;38,55369
 924,25; 8370,633;  203,798;21395,192;38,53845
 924,80; 8281,940;  210,490;21197,500;38,45927
 925,36; 8352,402;  195,106;21108,500;39,00513
 925,91; 8276,633;  191,567;20961,808;38,92620
 926,47; 8305,940;  182,260;20919,654;39,17407
 927,02; 8373,402;  218,260;20741,500;39,73613
 927,57; 8287,863;  204,337;20652,808;39,53120
 928,13; 8298,094;  191,337;20616,346;39,69035
 928,68; 8283,402;  196,490;20580,500;39,67282
 929,24; 8199,863;  177,644;20371,500;39,72604
 929,79; 8220,248;  190,952;20234,038;40,06018
 930,34; 8156,248;  205,567;20115,269;39,93370
 930,90; 8228,863;  193,413;20108,577;40,34840
 931,45; 8199,248;  216,337;19995,962;40,35927
 932,01; 8204,710;  219,875;19922,808;40,52612
 932,56; 8182,556;  222,029;19752,500;40,75952
 933,11; 8206,017;  217,567;19801,269;40,79132
 933,67; 8123,171;  202,029;19554,346;40,93123
 934,22; 8113,863;  208,952;19537,346;40,89792
 934,77; 8117,710;  226,029;19435,269;41,08273
 935,33; 8103,171;  220,798;19248,346;41,42611
 935,88; 8062,787;  212,644;19230,885;41,27691
 936,43; 8074,710;  193,183;19182,654;41,50472
 936,99; 8070,479;  209,721;19055,115;41,71182
 937,54; 7999,248;  184,337;18861,962;41,84103
 938,09; 8000,325;  211,952;18839,577;41,81088
 938,65; 7915,863;  204,413;18723,423;41,64073
 939,20; 7969,479;  190,721;18619,808;42,20913
 939,75; 7880,325;  190,952;18511,038;41,97236
 940,31; 7883,248;  195,721;18345,654;42,35568
 940,86; 7945,094;  205,798;18395,346;42,54804
 941,41; 7949,710;  239,798;18304,577;42,67925
 941,96; 7881,556;  198,260;18158,038;42,78057
 942,52; 7868,710;  207,106;18066,500;42,89957
 943,07; 7815,479;  176,106;17937,731;43,01055
 943,62; 7821,479;  194,644;17900,269;43,07577
 944,18; 7852,633;  189,413;17832,962;43,43355
 944,73; 7852,171;  198,490;17729,038;43,65911
 945,28; 7754,325;  168,337;17511,654;43,74012
 945,83; 7828,940;  209,567;17552,346;43,93398
 946,39; 7836,556;  193,567;17497,808;44,16830
 946,94; 7835,556;  218,183;17432,654;44,24982
 947,49; 7779,863;  203,721;17259,269;44,42040
 948,04; 7806,787;  212,337;17217,269;44,66028
 948,59; 7835,017;  214,875;17204,808;44,85093
 949,15; 7741,325;  189,413;17021,885;44,86514
 949,70; 7742,017;  195,721;17000,346;44,90607
 950,25; 7763,325;  220,490;16840,038;45,38532
 950,80; 7671,248;  168,875;16769,423;45,19353
 951,36; 7679,940;  172,721;16678,962;45,48110
 951,91; 7720,479;  218,106;16667,192;45,60966
 952,46; 7639,402;  174,413;16409,192;45,98146
 953,01; 7688,402;  218,952;16495,885;45,88979
 953,56; 7600,479;  180,413;16404,654;45,73444
 954,11; 7640,787;  204,260;16255,808;46,32903
 954,67; 7618,094;  192,567;16156,885;46,51328
 955,22; 7481,787;  176,798;16058,269;45,99693
 955,77; 7524,556;  212,106;16032,885;46,22054
 956,32; 7483,479;  230,952;15930,038;46,19713
 956,87; 7372,556;  188,106;15838,577;45,90565
 957,42; 7404,094;  198,798;15785,885;46,22606
 957,98; 7402,325;  189,721;15704,346;46,48906
 958,53; 7414,710;  214,798;15633,115;46,69713
 959,08; 7330,017;  188,490;15496,885;46,65105
 959,63; 7295,248;  193,106;15365,885;46,80845
 960,18; 7340,248;  205,106;15320,423;47,20471
 960,73; 7336,094;  191,798;15328,500;47,19850
 961,28; 7285,787;  176,952;15263,731;47,11963
 961,83; 7298,787;  212,952;15218,038;47,22288
 962,39; 7285,863;  187,029;15092,962;47,62422
 962,94; 7242,710;  211,183;15027,269;47,45873
 963,49; 7200,094;  202,413;14841,577;47,80110
 964,04; 7184,863;  212,567;14823,654;47,71922
 964,59; 7168,325;  176,490;14755,038;47,95975
 965,14; 7136,017;  209,798;14680,500;47,86374
 965,69; 7100,017;  197,106;14609,808;47,89464
 966,24; 7096,171;  194,952;14470,654;48,34242
 966,79; 7086,940;  206,567;14349,500;48,64884
 967,34; 7002,248;  179,029;14232,731;48,55105
 967,89; 7062,863;  180,490;14198,038;49,09827
 968,44; 7040,633;  201,183;14043,962;49,40807
 968,99; 6994,479;  206,106;14070,038;48,96427
 969,55; 7010,787;  212,413;13936,577;49,53579
 970,10; 6899,787;  211,721;13872,346;48,95871
 970,65; 6899,556;  211,183;13776,885;49,30355
 971,20; 6929,940;  197,106;13635,346;50,10206
 971,75; 6813,863;  177,260;13480,346;49,88770
 972,30; 6873,094;  201,413;13500,269;50,16733
 972,85; 6767,479;  186,875;13377,192;49,88966
 973,40; 6739,940;  190,337;13265,731;50,09106
 973,95; 6749,171;  196,183;13246,423;50,21355
 974,50; 6709,171;  210,183;13151,115;50,22040
 975,05; 6675,556;  206,413;12978,192;50,65185
 975,60; 6676,094;  215,644;12955,423;50,71085
 976,15; 6628,556;  195,413;12862,577;50,78597
 976,70; 6568,402;  205,490;12778,423;50,60801
 977,25; 6565,940;  208,952;12729,731;50,77151
 977,80; 6499,325;  198,567;12595,577;50,82482
 978,35; 6415,094;  205,567;12465,808;50,64768
 978,89; 6392,633;  185,413;12374,731;50,92344
 979,44; 6377,940;  203,952;12327,269;50,92656
 979,99; 6309,940;  186,490;12143,885;51,21057
 980,54; 6309,710;  232,029;12136,038;51,05574
 981,09; 6285,171;  210,644;11940,115;51,78858
 981,64; 6239,171;  216,106;11862,577;51,71580
 982,19; 6256,402;  242,875;11837,962;51,86272
 982,74; 6165,556;  218,952;11701,500;51,78819
 983,29; 6123,171;  186,260;11519,731;52,38388
 983,84; 6066,863;  208,798;11500,808;51,87797
 984,39; 6099,710;  227,798;11420,192;52,46341
 984,94; 6027,094;  179,952;11255,423;52,79362
 985,49; 6000,094;  236,644;11222,038;52,46466
 986,03; 5959,787;  223,875;11073,577;52,86700
 986,58; 5971,556;  242,260;10985,654;53,32855
 987,13; 5886,402;  203,029;10843,577;53,41241
 987,68; 5875,863;  214,721;10756,577;53,70157
 988,23; 5852,940;  207,260;10732,577;53,63906
 988,78; 5759,633;  204,183;10608,269;53,39681
 989,33; 5744,171;  205,183;10502,808;53,78899
 989,88; 5717,248;  226,106;10443,962;53,74065
 990,42; 5660,402;  206,413;10300,654;54,03070
 990,97; 5653,171;  206,029;10167,808;54,68042
 991,52; 5558,940;  233,106;10091,269;54,02461
 992,07; 5572,248;  241,413; 9986,731;54,70150
 992,62; 5497,248;  217,106; 9894,115;54,56378
 993,17; 5490,325;  227,029; 9761,808;55,20103
 993,71; 5425,710;  221,029; 9742,577;54,66213
 994,26; 5348,556;  198,567; 9581,962;54,88407
 994,81; 5358,710;  228,029; 9602,038;54,73304
 995,36; 5337,094;  195,413; 9453,808;55,53534
 995,91; 5259,402;  218,106; 9399,192;54,90958
 996,45; 5231,556;  216,721; 9266,423;55,41436
 997,00; 5196,248;  183,413; 9138,654;55,97655
 997,55; 5160,633;  214,029; 9090,962;55,72425
 998,10; 5147,325;  229,490; 8987,577;56,15193
 998,65; 5098,633;  209,106; 8887,962;56,33838
 999,19; 5030,017;  227,337; 8789,885;56,08939
 999,74; 4984,402;  242,567; 8665,038;56,29980
1000,29; 4986,787;  226,875; 8596,500;56,87126
1000,84; 4864,171;  211,490; 8439,346;56,54791
1001,38; 4828,479;  209,567; 8388,115;56,47594
1001,93; 4826,017;  223,952; 8299,577;56,98711
1002,48; 4763,863;  196,875; 8166,731;57,30328
1003,03; 4745,017;  219,183; 8138,269;57,15097
1003,57; 4706,325;  226,413; 8022,423;57,46416
1004,12; 4671,248;  243,183; 7928,885;57,61433
1004,67; 4594,094;  205,567; 7884,654;57,14907
1005,22; 4535,556;  206,875; 7689,346;57,85095
1005,76; 4459,940;  196,413; 7614,500;57,47475
1006,31; 4492,094;  224,875; 7528,654;58,42481
1006,86; 4382,248;  208,567; 7446,577;57,66338
1007,40; 4306,633;  203,029; 7309,885;57,74148
1007,95; 4309,633;  212,952; 7216,654;58,49308
1008,50; 4266,094;  214,875; 7126,885;58,61131
1009,04; 4229,171;  218,183; 7018,577;58,98170
1009,59; 4164,787;  223,644; 6871,808;59,28167
1010,14; 4076,402;  197,567; 6825,808;58,51982
1010,68; 4039,479;  212,337; 6703,962;58,95507
1011,23; 3976,940;  200,106; 6545,731;59,51872
1011,78; 3960,787;  214,337; 6537,808;59,24673
1012,32; 3883,094;  202,567; 6396,885;59,41780
1012,87; 3923,710;  236,183; 6381,808;60,00247
1013,42; 3827,479;  197,644; 6265,577;59,81996
1013,96; 3856,479;  237,721; 6279,115;59,89938
1014,51; 3798,633;  175,106; 6210,500;60,03795
1015,06; 3800,402;  190,567; 6207,269;59,99690
1015,60; 3854,325;  248,952; 6232,577;60,25399
1016,15; 3833,094;  213,106; 6230,346;60,16028
1016,69; 3827,710;  212,567; 6243,038;59,94792
1017,24; 3829,556;  194,798; 6243,731;60,08924
1017,79; 3931,017;  230,337; 6276,885;61,20320
1018,33; 3901,710;  190,260; 6264,500;61,10147
1018,88; 3928,248;  221,875; 6333,423;60,64540
1019,42; 3940,556;  208,029; 6351,269;60,75828
1019,97; 3988,787;  205,029; 6329,731;61,77864
1020,51; 3997,556;  217,260; 6363,577;61,50506
1021,06; 3945,171;  192,260; 6339,808;61,04729
1021,61; 3963,633;  179,952; 6301,346;61,81077
1022,15; 3937,863;  170,567; 6253,577;61,93145
1022,70; 3978,325;  207,413; 6256,192;62,34170
1023,24; 3937,248;  200,183; 6197,346;62,31388
1023,79; 3922,402;  208,490; 6118,962;62,83613
1024,33; 3866,402;  208,413; 6063,885;62,47129
1024,88; 3838,479;  205,337; 6011,346;62,57555
1025,42; 3776,863;  199,183; 5897,346;62,78656
1025,97; 3744,017;  208,875; 5877,038;62,36839
1026,51; 3659,863;  172,490; 5704,269;63,04253
1027,06; 3649,402;  200,029; 5687,269;62,86171
1027,60; 3620,787;  208,798; 5550,423;63,87548
1028,15; 3597,094;  208,952; 5483,115;64,24037
1028,69; 3488,556;  165,260; 5364,115;63,92361
1029,24; 3479,710;  202,183; 5317,962;64,06702
1029,78; 3408,094;  192,337; 5225,038;63,89724
1030,33; 3313,402;  173,260; 5119,192;63,48939
1030,87; 3343,940;  194,337; 5069,423;64,60611
1031,42; 3284,017;  184,183; 4966,115;64,82389
1031,96; 3264,479;  206,952; 4919,269;64,88372
1032,51; 3204,710;  195,875; 4776,654;65,68391
1033,05; 3193,556;  197,952; 4778,115;65,40386
1033,60; 3096,710;  169,260; 4633,038;65,58233
1034,14; 3095,248;  197,029; 4603,731;65,76844
1034,69; 3070,248;  201,644; 4543,346;66,07095
1035,23; 3017,940;  198,721; 4492,500;65,65823
1035,77; 2969,787;  191,337; 4422,038;65,67350
1036,32; 2943,325;  181,029; 4334,654;66,50326
1036,86; 2903,094;  191,952; 4306,346;65,89408
1037,41; 2902,017;  199,029; 4239,654;66,89531
1037,95; 2806,863;  183,106; 4126,115;66,54201
1038,50; 2791,248;  187,183; 4127,577;66,08642
1039,04; 2789,479;  199,183; 4050,885;67,25069
1039,58; 2716,325;  194,721; 4003,269;66,20906
1040,13; 2708,325;  200,029; 3941,346;67,04313
1040,67; 2685,633;  228,337; 3938,423;66,23285
1041,21; 2651,094;  219,413; 3874,038;66,53708
1041,76; 2561,633;  176,798; 3753,654;66,67405
1042,30; 2591,171;  195,413; 3729,731;67,78559
1042,85; 2536,863;  187,260; 3651,192;67,83053
1043,39; 2489,479;  190,952; 3591,885;67,58519
1043,93; 2479,402;  210,952; 3558,269;67,76920
1044,48; 2458,171;  196,183; 3510,192;68,25534
1045,02; 2424,940;  192,260; 3438,500;68,77743
1045,56; 2392,556;  206,644; 3406,731;68,30789
1046,11; 2371,940;  215,952; 3366,962;68,42215
1046,65; 2316,402;  203,567; 3303,115;68,16589
1047,19; 2304,171;  194,567; 3222,577;69,66965
1047,74; 2233,017;  186,337; 3214,808;67,58132
1048,28; 2238,940;  204,798; 3157,346;68,89447
1048,82; 2241,633;  215,567; 3130,808;69,49908
1049,37; 2196,556;  204,798; 3070,423;69,50518
1049,91; 2162,171;  200,413; 3009,192;69,84379
1050,45; 2135,556;  216,644; 3028,038;68,25480
1050,99; 2120,710;  197,721; 2974,346;69,25633
1051,54; 2079,787;  198,875; 2927,500;68,93258
1052,08; 2085,094;  208,567; 2900,115;69,71924
1052,62; 2033,710;  218,721; 2840,192;69,23549
1053,16; 1997,248;  187,798; 2774,192;69,96033
1053,71; 1987,479;  199,721; 2741,731;70,32852
1054,25; 1955,248;  209,106; 2711,962;69,76600
1054,79; 1945,940;  211,875; 2690,731;69,95427
1055,33; 1886,325;  187,875; 2591,962;70,64846
1055,88; 1888,248;  218,798; 2620,577;69,50890
1056,42; 1873,017;  224,644; 2582,577;69,90755
1056,96; 1851,633;  218,106; 2529,885;70,66104
1057,50; 1811,479;  208,490; 2493,577;70,15001
1058,05; 1788,248;  208,875; 2459,423;70,17726
1058,59; 1789,171;  220,721; 2416,808;71,42023
1059,13; 1735,633;  191,952; 2348,962;71,56578
1059,67; 1719,556;  217,644; 2350,500;70,41787
1060,21; 1705,171;  205,413; 2322,423;70,84322
1060,76; 1693,787;  222,260; 2292,269;71,08793
1061,30; 1675,556;  226,952; 2267,962;70,97487
1061,84; 1622,017;  211,798; 2207,115;70,67644
1062,38; 1595,479;  200,490; 2148,962;71,59400
1062,92; 1635,248;  238,337; 2178,423;72,00254
1063,46; 1593,325;  223,567; 2134,808;71,66852
1064,01; 1574,787;  202,260; 2085,500;72,88113
1064,55; 1554,556;  214,875; 2055,423;72,78706
1065,09; 1492,556;  194,029; 2005,962;71,66530
1065,63; 1548,094;  239,337; 2017,808;73,58892
1066,17; 1535,863;  233,337; 2012,423;73,21324
1066,71; 1493,940;  225,952; 1989,192;71,91240
1067,25; 1446,863;  202,644; 1939,038;71,65534
1067,80; 1465,633;  232,490; 1934,962;72,43249
1068,34; 1445,402;  241,413; 1920,654;71,69840
1068,88; 1418,710;  216,106; 1876,115;72,44560
1069,42; 1438,171;  243,875; 1887,808;72,64873
1069,96; 1368,940;  204,721; 1828,423;71,70154
1070,50; 1409,556;  243,106; 1840,038;73,04315
1071,04; 1353,094;  208,106; 1775,423;73,05403
1071,58; 1355,940;  212,183; 1765,885;73,61500
1072,12; 1331,863;  223,490; 1741,500;73,01489
1072,66; 1331,094;  211,875; 1729,038;73,77051
1073,21; 1330,171;  223,644; 1741,500;72,90066
1073,75; 1298,248;  221,952; 1699,500;72,84339
1074,29; 1289,710;  225,798; 1667,500;73,79553
1074,83; 1295,248;  242,952; 1657,115;74,41121
1075,37; 1276,556;  228,413; 1634,500;74,54323
1075,91; 1258,402;  229,644; 1609,500;74,55545
1076,45; 1245,171;  220,875; 1589,500;74,84126
1076,99; 1232,633;  218,644; 1577,808;74,60386
1077,53; 1199,479;  201,413; 1529,885;75,12887
1078,07; 1196,556;  223,721; 1533,192;74,29218
1078,61; 1169,863;  220,260; 1500,808;74,15605
1079,15; 1169,402;  206,875; 1488,192;75,12011
1079,69; 1150,402;  218,875; 1488,115;73,39247
1080,23; 1154,710;  227,490; 1497,038;73,03538
1080,77; 1166,479;  233,183; 1468,346;75,56054
1081,31; 1100,710;  210,029; 1410,115;74,21805
1081,85; 1128,017;  219,952; 1418,885;75,73948
1082,39; 1098,556;  218,875; 1401,808;74,36440
1082,93; 1099,556;  224,260; 1385,346;75,38595
1083,47; 1069,479;  205,952; 1343,962;75,88046
1084,01; 1095,248;  239,183; 1359,962;76,38129
1084,55; 1050,017;  211,952; 1312,423;76,15514
1085,09; 1057,325;  224,106; 1326,577;75,57742
1085,63; 1046,863;  221,106; 1301,731;76,41482
1086,17; 1029,556;  206,721; 1289,423;75,99826
1086,71; 1029,248;  224,875; 1276,885;76,46062
1087,24; 1040,633;  242,798; 1273,500;77,40692
1087,78; 1014,556;  228,490; 1246,500;77,21591
1088,32;  980,094;  210,567; 1206,885;77,23713
1088,86;  997,787;  240,875; 1234,423;76,18268
1089,40;  974,479;  222,721; 1199,962;76,92659
1089,94;  932,479;  193,798; 1161,731;76,31530
1090,48;  936,479;  220,567; 1175,808;74,94569
1091,02;  949,940;  233,029; 1156,038;77,67108
1091,56;  926,171;  221,183; 1151,423;75,78562
1092,10;  901,940;  204,798; 1101,500;77,74516
1092,63;  927,248;  232,337; 1140,654;76,50537
1093,17;  922,787;  224,721; 1104,038;79,38720
1093,71;  895,940;  210,952; 1096,808;77,32506
1094,25;  904,863;  240,337; 1099,808;77,31812
1094,79;  866,863;  222,721; 1077,115;75,39170
1095,33;  867,325;  216,644; 1070,500;76,20500
1095,87;  858,863;  218,029; 1037,423;78,20834
1096,40;  832,633;  208,029; 1011,115;77,77541
1096,94;  836,787;  215,567; 1038,808;75,46025
1097,48;  845,940;  218,721; 1029,808;77,33074
1098,02;  820,940;  209,106;  999,038;77,45402
1098,56;  783,787;  187,721;  971,885;76,01290
1099,10;  786,710;  196,798;  942,115;79,14905
1099,63;  774,094;  197,029;  954,808;76,15222
1100,17;  811,940;  229,413;  947,885;81,07868
1100,71;  811,787;  220,567;  959,885;79,96827

