
Integration time [ms]: 120,000
Averaging Nr. [scans]: 13
Smoothing Nr. [pixels]: 0
Data measured with spectrometer [name]: 2009305U1
Wave   ;Sample   ;Dark     ;Reference;Reflectance
[nm]   ;[counts] ;[counts] ;[counts] ;[%]

 175,72;  195,702;  175,948;  194,700;105,34212
 176,32;  216,438;  215,186;  201,671; 0,00000
 176,92;  247,282;  223,258;  222,829; 0,00000
 177,52;  250,670;  249,180;  250,319;130,84754
 178,12;  216,247;  225,109;  202,264; 0,00000
 178,72;  249,389;  245,650;  242,863; 0,00000
 179,32;  248,266;  244,110;  229,855; 0,00000
 179,92;  241,844;  235,645;  229,912; 0,00000
 180,52;  241,141;  227,944;  238,096;129,98906
 181,12;  248,198;  237,798;  238,543; 0,00000
 181,73;  264,563;  257,490;  252,255; 0,00000
 182,33;  326,676;  294,717;  297,754;1052,30267
 182,93;  266,445;  246,488;  246,131; 0,00000
 183,53;  225,629;  226,266;  213,999; 0,00000
 184,13;  228,797;  228,188;  213,107; 0,00000
 184,73;  266,684;  249,036;  243,693; 0,00000
 185,33;  269,019;  225,850;  332,731;40,39006
 185,93;  272,838;  229,548;  360,675;33,01394
 186,53;  290,860;  238,083;  376,224;38,20514
 187,13;  312,324;  269,770;  403,415;31,84126
 187,73;  275,966;  225,624;  359,191;37,69084
 188,33;  282,489;  231,935;  363,762;38,34893
 188,93;  285,059;  226,406;  368,024;41,41609
 189,53;  293,551;  237,952;  378,294;39,61717
 190,13;  318,009;  266,271;  407,455;36,64546
 190,73;  274,662;  212,109;  348,748;45,77971
 191,34;  298,800;  254,947;  369,125;38,40727
 191,94;  269,775;  223,092;  349,834;36,83376
 192,54;  290,839;  240,535;  384,422;34,96126
 193,14;  290,568;  246,924;  374,429;34,22923
 193,74;  286,340;  239,771;  371,906;35,24339
 194,34;  283,222;  224,384;  360,007;43,38290
 194,94;  249,497;  192,386;  348,549;36,57173
 195,54;  244,581;  195,619;  327,431;37,14508
 196,14;  257,993;  222,152;  354,568;27,06699
 196,74;  254,850;  202,851;  343,161;37,06042
 197,34;  226,475;  189,841;  345,876;23,47811
 197,94;  261,199;  220,462;  366,774;27,84297
 198,54;  266,514;  216,998;  381,983;30,01230
 199,14;  257,263;  199,531;  388,474;30,55504
 199,74;  234,487;  190,454;  376,739;23,63757
 200,34;  234,290;  179,684;  386,668;26,38166
 200,94;  278,874;  216,611;  425,357;29,82708
 201,54;  263,070;  201,302;  438,583;26,03176
 202,14;  289,026;  207,914;  464,284;31,63863
 202,74;  274,216;  202,685;  496,684;24,33027
 203,34;  258,055;  180,680;  517,266;22,98808
 203,94;  239,610;  166,375;  501,762;21,83614
 204,54;  314,269;  240,154;  592,572;21,03057
 205,14;  282,245;  188,608;  595,196;23,02991
 205,74;  329,606;  217,142;  687,582;23,90603
 206,34;  305,784;  184,991;  710,896;22,96857
 206,94;  322,910;  205,222;  780,163;20,46955
 207,54;  303,358;  174,376;  823,533;19,86924
 208,14;  327,451;  194,759;  887,032;19,16755
 208,74;  335,974;  201,455;  994,757;16,95684
 209,34;  358,664;  191,069; 1074,747;18,96561
 209,94;  382,736;  198,531; 1172,632;18,91023
 210,54;  393,881;  202,451; 1284,658;17,68884
 211,14;  412,902;  201,147; 1380,410;17,95657
 211,73;  421,539;  195,302; 1490,093;17,47284
 212,33;  456,111;  213,150; 1607,246;17,42786
 212,93;  437,909;  182,686; 1701,689;16,80204
 213,53;  445,660;  167,532; 1784,483;17,20078
 214,13;  477,500;  176,525; 1824,770;18,26033
 214,73;  478,333;  182,606; 1884,438;17,37701
 215,33;  465,044;  151,993; 1879,632;18,12015
 215,93;  501,890;  187,835; 2051,190;16,85431
 216,53;  472,289;  148,840; 2145,651;16,19826
 217,13;  550,857;  201,143; 2386,799;16,00041
 217,73;  573,724;  183,527; 2580,104;16,28145
 218,33;  567,113;  147,985; 2763,990;16,02167
 218,93;  652,317;  158,057; 3101,823;16,79007
 219,53;  694,569;  179,678; 3386,947;16,05387
 220,13;  722,690;  158,830; 3692,414;15,95715
 220,73;  789,800;  173,454; 4096,315;15,71165
 221,32;  874,897;  179,686; 4525,834;15,99603
 221,92;  970,537;  174,292; 4897,266;16,85897
 222,52; 1022,611;  168,911; 5357,620;16,45303
 223,12; 1106,516;  166,603; 5809,030;16,65795
 223,72; 1185,202;  192,295; 6214,833;16,48651
 224,32; 1291,142;  184,295; 6639,875;17,14558
 224,92; 1327,337;  172,372; 6909,704;17,14276
 225,52; 1416,750;  193,838; 7300,735;17,20740
 226,12; 1475,845;  186,836; 7636,718;17,30242
 226,72; 1541,888;  153,067; 7980,937;17,74201
 227,31; 1603,852;  146,682; 8367,381;17,72563
 227,91; 1704,071;  171,069; 8761,057;17,84638
 228,51; 1781,766;  181,918; 9171,526;17,79663
 229,11; 1902,693;  177,375; 9560,574;18,38732
 229,71; 1955,495;  172,917; 9916,484;18,29493
 230,31; 2068,535;  160,909;10325,017;18,76826
 230,91; 2151,309;  156,843;10670,783;18,96973
 231,51; 2235,304;  152,142;10953,702;19,28575
 232,10; 2342,918;  152,524;11342,776;19,57412
 232,70; 2389,375;  169,769;11508,084;19,57616
 233,30; 2504,524;  186,297;11829,396;19,91075
 233,90; 2553,720;  161,758;11945,917;20,29811
 234,50; 2669,748;  161,604;12077,348;21,04899
 235,10; 2699,414;  166,757;12092,473;21,23694
 235,70; 2778,213;  173,223;12166,976;21,71956
 236,29; 2804,507;  181,763;12149,103;21,91585
 236,89; 2818,036;  157,150;12035,179;22,40174
 237,49; 2877,289;  170,066;11942,055;22,99716
 238,09; 2848,399;  170,914;11672,204;23,27987
 238,69; 2886,910;  192,383;11440,372;23,95564
 239,29; 2869,968;  158,145;11081,111;24,82680
 239,89; 2786,302;  176,150;10697,658;24,80777
 240,48; 2733,748;  164,760;10326,879;25,28005
 241,08; 2686,875;  163,222;10007,992;25,63445
 241,68; 2667,404;  187,990; 9730,549;25,98269
 242,28; 2582,330;  159,989; 9372,879;26,29295
 242,88; 2603,340;  190,832; 9037,650;27,26978
 243,48; 2516,911;  193,528; 8754,329;27,13978
 244,07; 2472,036;  183,223; 8487,117;27,56313
 244,67; 2434,746;  193,452; 8373,176;27,40061
 245,27; 2374,539;  185,071; 8231,785;27,20946
 245,87; 2392,063;  188,987; 8180,711;27,56697
 246,47; 2372,343;  177,610; 8102,648;27,69367
 247,06; 2350,797;  174,991; 8165,602;27,22953
 247,66; 2372,108;  167,144; 8288,630;27,14976
 248,26; 2400,218;  192,378; 8428,694;26,80615
 248,86; 2436,946;  192,609; 8666,101;26,48657
 249,46; 2416,387;  145,758; 8870,130;26,02628
 250,05; 2490,068;  184,914; 9309,196;25,26395
 250,65; 2545,570;  159,687; 9623,154;25,21151
 251,25; 2628,828;  161,684;10209,356;24,55438
 251,85; 2720,557;  172,381;10752,363;24,08487
 252,44; 2765,169;  139,993;11404,355;23,30514
 253,04; 2953,339;  187,300;12217,084;22,99325
 253,64; 3035,275;  135,534;12966,937;22,59879
 254,24; 3209,536;  177,299;13887,008;22,11744
 254,84; 3333,541;  174,681;14821,361;21,56707
 255,43; 3486,559;  172,070;15869,855;21,11437
 256,03; 3623,795;  166,918;16801,270;20,78156
 256,63; 3736,770;  172,689;17846,470;20,16592
 257,23; 3848,698;  164,535;18708,277;19,86742
 257,82; 3944,829;  171,768;19758,570;19,26328
 258,42; 4002,542;  141,000;20487,252;18,97913
 259,02; 4137,943;  181,531;21385,465;18,65886
 259,62; 4167,012;  162,078;22078,459;18,27370
 260,21; 4191,033;  176,455;22521,864;17,96601
 260,81; 4176,165;  171,143;23054,034;17,50226
 261,41; 4190,588;  162,999;23460,724;17,28747
 262,01; 4189,133;  210,310;23901,227;16,79472
 262,60; 4140,313;  150,381;24176,969;16,60632
 263,20; 4169,835;  154,918;24492,089;16,49706
 263,80; 4127,968;  184,079;24648,761;16,12074
 264,40; 4080,641;  155,079;24807,704;15,92351
 264,99; 4062,756;  173,387;24955,967;15,69396
 265,59; 4027,162;  164,391;25087,335;15,49885
 266,19; 4031,346;  157,079;25242,488;15,44431
 266,78; 4030,677;  186,312;25344,719;15,28064
 267,38; 3965,692;  170,313;25415,435;15,03411
 267,98; 3946,357;  158,389;25330,864;15,04806
 268,58; 3931,887;  170,775;25290,034;14,97302
 269,17; 3908,688;  165,085;25358,626;14,85937
 269,77; 3923,015;  177,151;25164,258;14,99118
 270,37; 3875,821;  153,926;25020,502;14,96746
 270,96; 3889,580;  200,307;24847,599;14,96827
 271,56; 3802,196;  168,843;24644,838;14,84456
 272,16; 3776,393;  169,384;24479,516;14,83747
 272,75; 3780,168;  171,153;24389,631;14,90190
 273,35; 3799,349;  169,537;24420,748;14,96755
 273,95; 3812,161;  169,538;24385,818;15,04204
 274,54; 3816,211;  153,145;24458,576;15,07098
 275,14; 3883,934;  181,306;24709,769;15,09523
 275,74; 3906,677;  147,000;24954,657;15,15531
 276,33; 4013,885;  184,613;25383,502;15,19619
 276,93; 4093,818;  167,836;25720,138;15,36449
 277,53; 4203,424;  164,916;26218,291;15,50090
 278,12; 4298,691;  156,073;26833,844;15,52835
 278,72; 4492,271;  189,763;27430,758;15,79424
 279,32; 4599,579;  166,840;28005,378;15,92303
 279,91; 4744,357;  152,533;28760,431;16,05089
 280,51; 4904,163;  170,147;29296,158;16,25357
 281,11; 5094,783;  171,687;30006,799;16,50101
 281,70; 5226,808;  146,995;30443,125;16,76720
 282,30; 5391,657;  148,381;31103,991;16,93805
 282,90; 5589,758;  169,458;31462,466;17,32112
 283,49; 5763,573;  181,383;31954,551;17,56888
 284,09; 5961,631;  195,457;32524,117;17,83610
 284,69; 6146,686;  180,225;32873,280;18,24994
 285,28; 6298,868;  195,380;33142,622;18,52503
 285,88; 6504,340;  200,615;33452,452;18,95752
 286,47; 6614,457;  167,689;33469,509;19,35860
 287,07; 6877,509;  198,533;33433,421;20,09628
 287,67; 6998,988;  185,451;33638,021;20,36775
 288,26; 7227,403;  168,610;33610,601;21,10757
 288,86; 7447,299;  168,919;33690,489;21,71253
 289,46; 7705,267;  187,072;33843,961;22,33776
 290,05; 8005,603;  162,761;33963,168;23,20340
 290,65; 8298,558;  176,767;34074,912;23,95940
 291,24; 8665,756;  183,532;34265,463;24,88774
 291,84; 8972,462;  189,227;34436,701;25,64637
 292,44; 9345,809;  174,758;34487,773;26,72762
 293,03; 9715,431;  224,225;34635,416;27,58174
 293,63; 9994,954;  160,304;34758,987;28,42492
 294,22;10261,570;  201,841;34898,615;28,99327
 294,82;10556,149;  171,463;34846,571;29,94853
 295,41;10642,884;  160,611;34560,202;30,47209
 296,01;10911,519;  218,308;34510,085;31,18302
 296,61;11091,822;  182,917;34242,228;32,02914
 297,20;11027,210;  178,231;33815,849;32,25252
 297,80;11195,116;  175,145;33699,683;32,87136
 298,39;11178,018;  166,997;33321,286;33,21145
 298,99;11278,000;  184,460;33230,155;33,57030
 299,58;11350,214;  182,298;32926,450;34,10660
 300,18;11393,147;  198,299;32762,667;34,37760
 300,78;11358,364;  167,378;32433,564;34,68332
 301,37;11441,272;  186,696;32424,272;34,91136
 301,97;11529,847;  186,764;32479,482;35,12582
 302,56;11609,647;  171,074;32433,223;35,45509
 303,16;11617,637;  160,844;32354,153;35,58750
 303,75;11648,658;  170,992;32395,319;35,61802
 304,35;11753,196;  165,449;32603,872;35,72229
 304,94;11852,433;  176,994;32606,273;36,00277
 305,54;11848,666;  183,147;32538,911;36,05391
 306,13;11866,509;  155,834;32479,371;36,22956
 306,73;11866,371;  162,066;32188,709;36,54553
 307,33;11878,811;  187,144;32191,475;36,53152
 307,92;11877,005;  180,532;32233,818;36,49071
 308,52;12121,862;  161,306;32863,807;36,57383
 309,11;12234,886;  174,231;33294,659;36,41455
 309,71;12378,151;  147,387;33462,351;36,71252
 310,30;12490,076;  153,379;33750,395;36,71962
 310,90;12644,153;  167,840;34099,626;36,76881
 311,49;12673,113;  181,071;34241,648;36,67595
 312,09;12758,028;  147,068;34399,915;36,81726
 312,68;12989,891;  186,762;34859,868;36,92524
 313,28;12962,159;  144,609;34960,125;36,81562
 313,87;12976,012;  138,379;35059,866;36,76142
 314,47;13091,228;  170,615;35353,358;36,72429
 315,06;13102,632;  152,071;35430,668;36,70940
 315,66;13124,875;  159,453;35616,069;36,56700
 316,25;13030,755;  134,998;35568,746;36,39400
 316,85;13025,425;  142,607;35647,227;36,28491
 317,44;13060,986;  159,539;35751,436;36,24827
 318,04;13007,640;  138,997;35751,406;36,13528
 318,63;12979,081;  144,835;35841,140;35,95399
 319,22;12944,778;  176,459;36033,754;35,60871
 319,82;12879,069;  166,996;36051,724;35,42474
 320,41;12779,014;  174,536;35931,869;35,25005
 321,01;12736,379;  177,069;36015,826;35,04393
 321,60;12666,808;  165,457;36175,438;34,71635
 322,20;12577,205;  161,301;36147,916;34,50145
 322,79;12573,111;  203,532;36228,946;34,33570
 323,39;12527,452;  167,219;36219,582;34,28411
 323,98;12385,281;  162,762;36180,449;33,93477
 324,58;12258,957;  152,229;36016,008;33,75754
 325,17;12185,281;  168,074;35786,352;33,73888
 325,76;12075,752;  196,533;35594,815;33,55874
 326,36;11779,633;  149,300;35306,762;33,08070
 326,95;11715,045;  182,611;34925,399;33,19375
 327,55;11404,425;  154,688;34496,212;32,75841
 328,14;11217,884;  153,837;34160,293;32,53514
 328,74;11033,268;  189,920;33729,651;32,32986
 329,33;10855,835;  188,146;33329,096;32,18884
 329,92;10601,395;  159,077;32710,603;32,07935
 330,52;10338,446;  169,990;32008,994;31,93710
 331,11;10113,826;  175,149;31665,715;31,56081
 331,71; 9827,357;  175,687;30920,431;31,39291
 332,30; 9690,356;  187,610;30525,503;31,32302
 332,89; 9389,025;  191,300;29995,195;30,86081
 333,49; 9144,139;  166,534;29498,215;30,60720
 334,08; 8930,638;  173,458;29041,934;30,33475
 334,68; 8735,460;  180,996;28615,614;30,08468
 335,27; 8610,947;  184,374;28317,505;29,95249
 335,86; 8490,365;  207,611;28006,562;29,79520
 336,46; 8298,686;  191,220;27800,295;29,36522
 337,05; 8193,252;  172,150;27616,468;29,22682
 337,65; 8048,632;  155,842;27495,045;28,86986
 338,24; 8073,305;  216,455;27441,154;28,85927
 338,83; 7959,873;  191,224;27338,821;28,61634
 339,43; 7881,032;  166,690;27233,382;28,50124
 340,02; 7768,749;  174,767;27226,554;28,07202
 340,61; 7735,614;  156,686;27235,082;27,98884
 341,21; 7697,730;  204,766;27253,266;27,70196
 341,80; 7626,295;  163,381;27238,302;27,56394
 342,40; 7622,936;  177,067;27266,198;27,48656
 342,99; 7552,794;  171,916;27495,349;27,01300
 343,58; 7554,527;  166,300;27556,019;26,97445
 344,18; 7579,834;  176,146;27724,783;26,87497
 344,77; 7584,696;  155,460;28067,567;26,61654
 345,36; 7620,968;  149,072;28351,783;26,49354
 345,96; 7662,870;  188,069;28696,575;26,21955
 346,55; 7650,268;  159,527;28997,450;25,97532
 347,14; 7701,605;  154,375;29309,108;25,88681
 347,74; 7754,780;  136,215;29678,275;25,78887
 348,33; 7887,485;  166,524;30399,750;25,53800
 348,92; 7997,958;  177,906;30992,146;25,37805
 349,52; 8039,216;  152,292;31434,636;25,21206
 350,11; 8069,697;  160,921;31556,726;25,19055
 350,70; 8055,638;  165,532;31703,788;25,01757
 351,29; 7952,719;  149,004;31380,163;24,98695
 351,89; 7917,330;  170,078;31407,612;24,80110
 352,48; 7850,892;  147,994;31514,570;24,55766
 353,07; 7771,207;  165,759;31339,479;24,39699
 353,67; 7738,667;  184,906;31288,496;24,28582
 354,26; 7616,853;  170,452;31061,925;24,10504
 354,85; 7536,631;  162,376;30890,137;23,99868
 355,45; 7445,491;  154,920;30641,367;23,91414
 356,04; 7403,514;  159,835;30651,243;23,75646
 356,63; 7307,784;  189,764;30444,112;23,52726
 357,22; 7225,153;  177,464;30229,284;23,45179
 357,82; 7122,735;  174,694;30082,982;23,23116
 358,41; 7112,610;  174,995;29903,593;23,33650
 359,00; 7022,819;  160,305;29771,968;23,17504
 359,60; 6974,365;  170,147;29702,800;23,03964
 360,19; 6916,353;  159,220;29506,580;23,02467
 360,78; 6869,981;  184,073;29341,413;22,93045
 361,37; 6735,513;  164,919;28971,139;22,80964
 361,97; 6699,629;  177,456;28992,876;22,63431
 362,56; 6619,763;  160,922;28626,568;22,68995
 363,15; 6550,206;  183,535;28383,606;22,57679
 363,74; 6419,855;  178,307;27985,362;22,44591
 364,34; 6358,346;  189,690;27631,194;22,47929
 364,93; 6211,497;  158,614;27252,249;22,34061
 365,52; 6050,288;  149,457;26807,869;22,13497
 366,11; 6005,221;  168,074;26440,245;22,21799
 366,71; 5904,008;  159,844;26086,908;22,15509
 367,30; 5839,855;  162,226;25785,382;22,15820
 367,89; 5760,620;  204,991;25530,748;21,93667
 368,48; 5675,688;  180,384;25248,045;21,92189
 369,07; 5576,330;  184,378;24828,249;21,87948
 369,67; 5498,007;  183,307;24509,659;21,84750
 370,26; 5394,318;  172,301;24183,471;21,74828
 370,85; 5315,501;  169,996;24030,976;21,56452
 371,44; 5304,215;  169,149;23768,441;21,75941
 372,03; 5224,210;  144,459;23443,703;21,80221
 372,63; 5139,594;  140,457;23192,172;21,68662
 373,22; 5065,059;  155,071;22826,348;21,65730
 373,81; 5016,022;  138,919;22583,929;21,72912
 374,40; 4986,364;  174,529;22292,110;21,75570
 374,99; 4904,579;  163,381;22075,909;21,63693
 375,59; 4847,364;  162,453;21768,269;21,68357
 376,18; 4851,892;  199,765;21638,563;21,69957
 376,77; 4775,504;  179,841;21430,388;21,62609
 377,36; 4773,063;  177,150;21421,374;21,63371
 377,95; 4726,534;  172,382;21181,360;21,67717
 378,55; 4677,763;  162,915;20955,519;21,71372
 379,14; 4697,199;  169,380;20851,019;21,89294
 379,73; 4661,907;  167,766;20851,505;21,72789
 380,32; 4717,724;  182,687;20829,385;21,96495
 380,91; 4643,344;  151,153;20768,408;21,78850
 381,50; 4641,910;  180,768;20746,448;21,69217
 382,10; 4624,185;  153,610;20553,000;21,91524
 382,69; 4627,454;  150,688;20520,186;21,97779
 383,28; 4652,229;  180,613;20423,217;22,09012
 383,87; 4644,962;  159,229;20319,123;22,25078
 384,46; 4607,587;  163,924;20253,635;22,11910
 385,05; 4663,431;  188,998;20200,248;22,35959
 385,64; 4655,606;  159,767;20230,092;22,40043
 386,24; 4644,061;  141,386;20167,490;22,48403
 386,83; 4670,725;  187,771;20293,521;22,29687
 387,42; 4748,055;  187,690;20414,929;22,54567
 388,01; 4801,093;  169,928;20649,323;22,61378
 388,60; 4894,307;  166,385;20852,758;22,85525
 389,19; 4933,116;  156,855;21114,927;22,78960
 389,78; 5027,983;  167,008;21388,156;22,90628
 390,37; 5204,408;  200,003;21824,687;23,14210
 390,96; 5239,629;  167,309;21934,623;23,30246
 391,56; 5266,829;  166,395;22049,071;23,30809
 392,15; 5392,324;  162,315;22382,932;23,53674
 392,74; 5429,334;  134,554;22460,896;23,71540
 393,33; 5529,843;  166,472;22763,316;23,73504
 393,92; 5669,359;  174,788;23234,599;23,82748
 394,51; 5731,642;  154,934;23498,218;23,88999
 395,10; 5825,646;  187,488;23741,041;23,93761
 395,69; 5862,152;  168,871;23731,508;24,16232
 396,28; 5937,512;  178,721;23857,937;24,32002
 396,87; 5992,181;  183,882;23987,368;24,40104
 397,46; 6038,170;  169,964;24080,042;24,54281
 398,06; 6120,653;  183,739;24311,479;24,60617
 398,65; 6214,807;  175,753;24422,358;24,90680
 399,24; 6328,595;  174,832;24605,403;25,18878
 399,83; 6298,087;  169,392;24526,701;25,16163
 400,42; 6396,366;  201,641;24690,668;25,29592
 401,01; 6490,949;  163,970;24785,749;25,69668
 401,60; 6503,125;  171,922;24785,805;25,72208
 402,19; 6553,800;  190,329;24701,223;25,96181
 402,78; 6557,496;  195,211;24744,974;25,91587
 403,37; 6557,413;  193,167;24583,657;26,09314
 403,96; 6558,355;  179,899;24416,507;26,31745
 404,55; 6579,050;  182,866;24362,758;26,45249
 405,14; 6555,769;  167,213;24149,656;26,63847
 405,73; 6593,181;  180,798;24051,686;26,86278
 406,32; 6609,624;  179,522;23988,988;27,00650
 406,91; 6575,891;  177,943;23723,421;27,17273
 407,50; 6589,904;  177,115;23499,679;27,49607
 408,09; 6519,311;  149,590;23236,714;27,58993
 408,68; 6537,436;  168,214;23065,326;27,81670
 409,27; 6537,978;  151,587;22877,703;28,10155
 409,86; 6518,496;  158,790;22766,119;28,13117
 410,45; 6602,848;  189,150;22665,126;28,53579
 411,04; 6640,128;  195,665;22587,628;28,78025
 411,63; 6621,512;  188,171;22333,890;29,05004
 412,22; 6529,360;  176,835;22155,770;28,90279
 412,81; 6489,405;  176,671;21822,964;29,16312
 413,40; 6448,371;  189,350;21422,924;29,47700
 413,99; 6460,145;  218,585;21128,942;29,84913
 414,58; 6309,049;  161,198;20756,359;29,85095
 415,17; 6286,245;  166,594;20555,382;30,01478
 415,76; 6266,653;  167,913;20438,661;30,08641
 416,35; 6233,088;  153,446;20263,109;30,23244
 416,94; 6334,469;  190,218;20321,766;30,52051
 417,53; 6400,675;  168,747;20521,854;30,61905
 418,12; 6493,194;  160,821;20636,733;30,92596
 418,71; 6632,234;  180,273;21052,581;30,91158
 419,30; 6694,346;  171,436;21111,948;31,14971
 419,89; 6789,884;  163,203;21324,956;31,31442
 420,48; 6956,245;  196,350;21603,739;31,57739
 421,07; 6976,731;  177,809;21691,606;31,60261
 421,66; 6979,011;  152,803;21615,587;31,80486
 422,25; 7031,023;  165,638;21507,709;32,16831
 422,84; 7041,383;  194,097;21548,627;32,06479
 423,43; 6990,538;  171,102;21190,771;32,44312
 424,02; 6997,101;  183,023;21019,330;32,70290
 424,60; 6842,722;  168,163;20554,032;32,74110
 425,19; 6790,616;  174,940;20285,960;32,89578
 425,78; 6824,111;  189,323;20280,428;33,02351
 426,37; 6810,648;  199,472;20130,284;33,17063
 426,96; 6826,027;  174,626;19990,394;33,56620
 427,55; 6777,652;  174,772;19842,179;33,57270
 428,14; 6737,087;  172,230;19613,312;33,76796
 428,73; 6645,020;  181,698;19424,597;33,58809
 429,32; 6738,136;  194,319;19460,691;33,96496
 429,91; 6757,960;  204,467;19407,946;34,12659
 430,50; 6744,938;  202,925;19276,958;34,29801
 431,08; 6692,496;  213,152;19054,030;34,38982
 431,67; 6731,895;  255,071;19007,679;34,53825
 432,26; 6697,826;  264,760;18843,214;34,62649
 432,85; 6563,853;  280,300;18395,473;34,68669
 433,44; 6477,449;  287,679;17986,200;34,97337
 434,03; 6430,898;  299,980;17691,136;35,25308
 434,62; 6267,714;  258,294;17222,288;35,42456
 435,21; 6243,047;  284,914;17152,753;35,32244
 435,79; 6179,975;  256,059;16950,441;35,48449
 436,38; 6211,762;  261,591;16859,664;35,84857
 436,97; 6206,109;  250,205;16773,940;36,04454
 437,56; 6105,076;  267,656;16496,898;35,96853
 438,15; 6106,657;  243,890;16535,955;35,98541
 438,74; 6133,287;  253,427;16482,679;36,23001
 439,33; 6137,888;  215,044;16558,114;36,24071
 439,91; 6214,172;  191,424;16589,270;36,72890
 440,50; 6281,644;  217,346;16679,346;36,83816
 441,09; 6328,108;  224,187;16732,844;36,97406
 441,68; 6298,654;  215,258;16812,304;36,65349
 442,27; 6358,708;  204,799;16711,212;37,28193
 442,86; 6355,367;  175,632;16722,788;37,34621
 443,44; 6432,906;  191,557;16787,170;37,60843
 444,03; 6477,851;  219,939;16738,719;37,88362
 444,62; 6410,295;  200,170;16649,056;37,75408
 445,21; 6340,080;  206,787;16460,317;37,73515
 445,80; 6371,026;  222,703;16308,270;38,22261
 446,39; 6273,195;  227,089;16053,448;38,20276
 446,97; 6182,452;  170,004;15864,121;38,31020
 447,56; 6156,714;  183,998;15689,517;38,51994
 448,15; 6050,902;  184,465;15525,809;38,23939
 448,74; 6057,723;  213,157;15230,555;38,91863
 449,33; 5945,203;  195,153;15111,545;38,54853
 449,91; 5932,462;  186,992;14886,003;39,08746
 450,50; 5826,815;  173,147;14670,544;38,99781
 451,09; 5825,612;  211,992;14546,201;39,16240
 451,68; 5817,616;  228,913;14445,471;39,31122
 452,26; 5824,762;  201,679;14380,887;39,65724
 452,85; 5754,814;  201,835;14299,631;39,38899
 453,44; 5768,151;  200,210;14285,404;39,53045
 454,03; 5739,952;  180,523;14274,378;39,44576
 454,61; 5751,823;  175,978;14283,808;39,52305
 455,20; 5851,774;  207,898;14455,933;39,61161
 455,79; 5890,333;  210,827;14477,442;39,80976
 456,38; 5925,110;  202,739;14500,455;40,02297
 456,97; 5902,682;  194,972;14572,916;39,69768
 457,55; 5913,736;  181,891;14564,159;39,85356
 458,14; 5968,543;  206,127;14582,633;40,08217
 458,73; 5948,717;  198,890;14512,255;40,17103
 459,31; 5970,613;  218,731;14500,626;40,27394
 459,90; 5985,219;  221,195;14667,471;39,89972
 460,49; 6066,111;  238,659;14720,403;40,23999
 461,08; 6075,659;  180,728;14830,726;40,23844
 461,66; 6115,283;  190,500;14849,234;40,41811
 462,25; 6157,759;  188,648;14938,742;40,46829
 462,84; 6198,409;  216,343;14969,439;40,54787
 463,43; 6144,601;  162,565;14928,039;40,51367
 464,01; 6193,747;  199,409;14908,613;40,75230
 464,60; 6183,227;  224,490;14838,574;40,77394
 465,19; 6098,477;  176,330;14620,340;41,00071
 465,77; 6116,545;  189,173;14555,756;41,25805
 466,36; 6083,772;  201,257;14509,932;41,11153
 466,95; 5916,498;  180,180;14093,246;41,22972
 467,53; 5818,264;  190,247;13867,414;41,14900
 468,12; 5743,771;  207,169;13551,425;41,49053
 468,71; 5634,569;  193,175;13319,454;41,45420
 469,29; 5534,840;  174,860;13109,833;41,43789
 469,88; 5436,691;  182,704;12900,417;41,31236
 470,47; 5539,671;  232,699;13007,528;41,54242
 471,06; 5490,251;  190,391;12949,352;41,53833
 471,64; 5556,840;  191,546;13033,168;41,78050
 472,23; 5501,470;  176,920;13115,609;41,15216
 472,81; 5622,648;  175,156;13207,766;41,79894
 473,40; 5627,996;  176,920;13319,215;41,47735
 473,99; 5831,723;  231,151;13573,540;41,97579
 474,57; 5794,955;  175,228;13643,160;41,72673
 475,16; 5898,083;  194,386;13744,199;42,09429
 475,75; 5945,779;  183,993;13930,480;41,91461
 476,33; 5954,685;  207,835;14025,529;41,59051
 476,92; 6016,940;  202,842;14085,828;41,87930
 477,51; 6020,104;  186,375;14108,534;41,90247
 478,09; 6057,098;  199,375;14151,722;41,98378
 478,68; 6028,904;  204,451;14050,295;42,06644
 479,27; 6070,725;  222,378;14176,411;41,91152
 479,85; 6065,728;  195,297;14167,133;42,01617
 480,44; 6106,491;  194,064;14369,333;41,70945
 481,02; 6761,624;  192,138;16344,350;40,67236
 481,61; 7631,314;  227,216;18092,102;41,44498
 482,20; 8095,251;  219,753;19174,816;41,54826
 482,78; 8476,961;  244,065;19966,771;41,74324
 483,37; 8685,786;  234,363;20301,430;42,11589
 483,95; 8816,606;  262,823;20557,864;42,14716
 484,54; 8914,103;  260,601;20719,928;42,29612
 485,13; 8876,334;  230,434;20573,203;42,50110
 485,71; 8795,220;  218,974;20356,476;42,58843
 486,30; 8668,906;  255,589;20083,972;42,43067
 486,88; 8519,429;  274,742;19609,717;42,64131
 487,47; 8224,875;  263,510;18850,000;42,83415
 488,05; 7869,195;  250,431;17871,401;43,23692
 488,64; 7294,214;  253,657;16492,237;43,35697
 489,23; 6508,417;  276,199;14244,266;44,61762
 489,81; 5610,053;  258,967;12505,258;43,69556
 490,40; 5334,731;  212,735;12046,470;43,28301
 490,98; 5256,507;  203,887;11857,371;43,35716
 491,57; 5193,960;  234,583;11837,068;42,74410
 492,15; 5143,079;  218,656;11701,147;42,88637
 492,74; 5128,768;  220,277;11610,567;43,09365
 493,32; 5106,568;  226,580;11500,253;43,28658
 493,91; 5059,666;  216,423;11448,258;43,12067
 494,50; 5058,415;  217,031;11400,838;43,28923
 495,08; 5015,091;  204,493;11328,489;43,24523
 495,67; 4978,224;  217,808;11328,084;42,84696
 496,25; 4968,029;  171,650;11176,890;43,58268
 496,84; 4935,301;  182,655;11221,166;43,05514
 497,42; 4965,191;  173,033;11114,335;43,79879
 498,01; 4929,648;  199,038;11025,980;43,69294
 498,59; 4857,633;  160,802;10996,586;43,34556
 499,18; 4854,368;  173,345;10971,949;43,34841
 499,76; 4848,810;  195,265;10817,048;43,81133
 500,35; 4772,168;  179,798;10708,265;43,61860
 500,93; 4735,765;  168,572;10617,665;43,70899
 501,52; 4711,698;  169,725;10614,966;43,48366
 502,10; 4711,526;  182,410;10557,942;43,65190
 502,69; 4632,679;  177,023;10352,251;43,78925
 503,27; 4538,302;  157,415;10165,739;43,77243
 503,86; 4508,996;  173,870;10120,464;43,58402
 504,44; 4458,463;  170,714;10028,278;43,49704
 505,03; 4353,788;  145,791; 9741,325;43,85370
 505,61; 4308,832;  156,715; 9601,016;43,96426
 506,19; 4291,706;  180,176; 9467,441;44,27062
 506,78; 4184,105;  144,555; 9249,103;44,36849
 507,36; 4088,351;  167,714; 9125,266;43,76907
 507,95; 4053,998;  158,552; 9017,285;43,97295
 508,53; 4025,845;  161,863; 8886,821;44,28655
 509,12; 3956,415;  178,322; 8701,505;44,32725
 509,70; 3912,453;  174,629; 8543,621;44,66277
 510,29; 3803,676;  180,318; 8415,042;44,00096
 510,87; 3759,348;  160,170; 8254,727;44,46418
 511,46; 3680,913;  156,477; 8075,917;44,50361
 512,04; 3601,415;  169,243; 7945,435;44,13692
 512,62; 3526,753;  166,246; 7743,566;44,34955
 513,21; 3487,025;  144,856; 7608,020;44,78219
 513,79; 3400,233;  157,848; 7473,585;44,32069
 514,38; 3330,329;  136,466; 7344,327;44,31083
 514,96; 3314,130;  182,313; 7254,004;44,28668
 515,54; 3246,847;  150,926; 7136,414;44,31932
 516,13; 3222,869;  173,080; 6992,186;44,72418
 516,71; 3158,564;  160,076; 6881,908;44,60819
 517,30; 3084,573;  155,073; 6808,371;44,03080
 517,88; 3089,183;  173,304; 6738,871;44,41169
 518,46; 3024,860;  154,379; 6568,534;44,75228
 519,05; 3023,060;  160,992; 6533,178;44,91501
 519,63; 2977,655;  176,763; 6483,185;44,41334
 520,22; 2962,807;  185,911; 6450,728;44,32525
 520,80; 2921,682;  153,142; 6321,466;44,88318
 521,38; 2928,917;  185,299; 6330,638;44,64550
 521,97; 2880,190;  161,985; 6267,033;44,52389
 522,55; 2876,137;  168,062; 6254,969;44,49016
 523,13; 2897,368;  149,060; 6270,597;44,89572
 523,72; 2895,547;  164,918; 6270,958;44,72012
 524,30; 2954,599;  174,443; 6384,143;44,77119
 524,89; 2948,987;  163,216; 6427,694;44,46933
 525,47; 2983,324;  171,595; 6548,529;44,09218
 526,05; 3019,825;  139,133; 6589,117;44,66201
 526,64; 3086,390;  175,209; 6705,994;44,57628
 527,22; 3164,774;  174,211; 6881,525;44,58660
 527,80; 3216,639;  210,671; 6977,584;44,42155
 528,39; 3218,752;  160,592; 7055,768;44,35217
 528,97; 3311,565;  169,362; 7285,766;44,15437
 529,55; 3422,635;  184,983; 7441,999;44,61409
 530,14; 3481,612;  190,436; 7596,640;44,43809
 530,72; 3503,021;  172,054; 7714,954;44,16029
 531,30; 3595,179;  150,282; 7862,917;44,66563
 531,89; 3623,913;  159,436; 7906,131;44,72200
 532,47; 3723,028;  196,819; 8028,632;45,02417
 533,05; 3697,722;  195,209; 8066,397;44,49790
 533,63; 3746,505;  203,972; 8139,746;44,64005
 534,22; 3728,251;  161,280; 8172,656;44,52382
 534,80; 3777,726;  193,122; 8278,536;44,33420
 535,38; 3873,414;  246,589; 8338,488;44,82044
 535,97; 3775,365;  199,434; 8274,298;44,28471
 536,55; 3839,618;  227,507; 8300,859;44,74116
 537,13; 3838,813;  247,898; 8310,815;44,53618
 537,71; 3860,169;  295,206; 8386,923;44,05694
 538,30; 3895,152;  305,586; 8455,127;44,04624
 538,88; 3924,031;  336,658; 8603,374;43,39539
 539,46; 4034,135;  404,738; 8766,472;43,40483
 540,05; 4090,182;  417,659; 8944,736;43,06896
 540,63; 4187,691;  476,428; 9124,449;42,91459
 541,21; 4249,827;  496,118; 9242,025;42,91961
 541,79; 4315,868;  528,349; 9381,316;42,78249
 542,38; 4387,923;  568,121; 9568,382;42,44101
 542,96; 4443,286;  580,115; 9704,176;42,34048
 543,54; 4528,432;  576,503; 9950,334;42,15916
 544,12; 4609,636;  569,887;10081,921;42,46988
 544,70; 4599,268;  546,192;10159,047;42,16308
 545,29; 4687,319;  547,967;10315,156;42,38018
 545,87; 4690,714;  515,810;10324,854;42,56178
 546,45; 4678,610;  464,967;10303,575;42,82763
 547,03; 4744,901;  455,042;10432,233;42,99666
 547,62; 4774,613;  409,579;10564,375;42,98495
 548,20; 4893,199;  399,500;10742,485;43,44683
 548,78; 4968,546;  370,877;10836,018;43,93318
 549,36; 5023,743;  327,570;11075,934;43,69198
 549,94; 5082,592;  303,886;11217,620;43,78617
 550,53; 5123,989;  302,187;11404,343;43,43122
 551,11; 5285,442;  276,030;11612,600;44,18807
 551,69; 5425,448;  278,570;11905,405;44,26723
 552,27; 5492,337;  232,727;12205,078;43,93130
 552,85; 5648,602;  245,568;12608,028;43,70517
 553,44; 5795,590;  230,186;12900,478;43,92483
 554,02; 5910,498;  247,954;13293,684;43,40535
 554,60; 6054,683;  195,260;13575,291;43,79230
 555,18; 6270,400;  232,878;14011,764;43,81720
 555,76; 6408,439;  200,108;14325,039;43,95300
 556,34; 6587,652;  205,796;14719,161;43,97227
 556,93; 6769,962;  197,416;15103,618;44,09269
 557,51; 6891,143;  183,718;15449,058;43,93891
 558,09; 6989,678;  205,416;15797,631;43,51057
 558,67; 7240,314;  206,178;16164,574;44,07797
 559,25; 7342,472;  208,102;16473,440;43,86241
 559,83; 7463,031;  196,099;16853,907;43,62478
 560,41; 7610,708;  186,950;17182,471;43,68067
 561,00; 7713,119;  199,716;17463,591;43,52095
 561,58; 7839,300;  192,104;17726,309;43,61302
 562,16; 7989,033;  185,491;18203,510;43,30966
 562,74; 8149,628;  168,031;18397,748;43,78344
 563,32; 8287,499;  167,407;18890,488;43,36942
 563,90; 8454,409;  191,024;19317,851;43,20311
 564,48; 8611,840;  191,874;19764,396;43,01932
 565,06; 8863,937;  177,101;20369,006;43,02138
 565,65; 9184,880;  191,941;21040,783;43,13400
 566,23; 9520,941;  240,947;21813,039;43,01852
 566,81; 9740,939;  191,948;22589,329;42,63441
 567,39;10067,692;  194,252;23527,841;42,31428
 567,97;10338,843;  201,871;24158,041;42,31466
 568,55;10685,127;  207,022;24925,574;42,38964
 569,13;10958,816;  196,947;25689,475;42,21578
 569,71;11350,732;  190,953;26576,399;42,29521
 570,29;11748,104;  211,416;27561,229;42,18196
 570,87;12079,870;  215,415;28317,747;42,21875
 571,45;12284,250;  209,178;29020,275;41,91118
 572,03;12406,914;  176,943;29430,172;41,80725
 572,61;12720,423;  180,945;30090,262;41,92499
 573,20;12941,438;  207,180;30817,587;41,60107
 573,78;13232,286;  195,868;31426,304;41,74267
 574,36;13372,862;  206,100;31794,644;41,68208
 574,94;13531,983;  239,866;32236,580;41,54213
 575,52;13584,876;  210,246;32477,462;41,44960
 576,10;13803,219;  256,324;33116,774;41,22553
 576,68;14014,477;  243,174;33714,108;41,14406
 577,26;14232,066;  259,474;34367,876;40,96525
 577,84;14381,323;  270,100;34957,255;40,68141
 578,42;14515,081;  291,326;35068,188;40,90005
 579,00;14546,227;  268,714;35292,890;40,76474
 579,58;14508,072;  274,635;35469,892;40,44135
 580,16;14533,789;  276,094;35395,994;40,59720
 580,74;14552,421;  275,633;35726,575;40,27196
 581,32;14568,461;  275,942;35656,079;40,39701
 581,90;14519,547;  295,710;35722,529;40,14991
 582,48;14546,268;  292,864;35860,503;40,07408
 583,06;14571,811;  300,173;35950,528;40,03225
 583,64;14591,717;  285,943;36072,410;39,97538
 584,22;14506,957;  302,783;35904,797;39,89711
 584,80;14363,648;  297,787;35597,470;39,84699
 585,38;14185,262;  312,873;35232,277;39,72688
 585,96;14161,550;  293,021;35380,080;39,52605
 586,54;14167,006;  301,476;35318,295;39,59677
 587,12;14163,857;  276,324;35483,782;39,44486
 587,70;14172,798;  306,021;35624,199;39,26244
 588,28;14248,017;  285,247;35669,364;39,46056
 588,86;14271,363;  279,554;35837,562;39,34925
 589,44;14248,013;  265,857;35866,127;39,27542
 590,02;14313,301;  272,550;36128,365;39,15892
 590,59;14347,918;  245,399;36314,214;39,09892
 591,17;14428,817;  248,698;36514,769;39,10023
 591,75;14454,304;  248,855;36578,477;39,10156
 592,33;14469,213;  255,395;36834,451;38,85781
 592,91;14553,986;  209,161;37027,024;38,96159
 593,49;14584,423;  222,543;37482,480;38,54510
 594,07;14725,566;  221,235;37571,015;38,83378
 594,65;14672,153;  239,860;37642,939;38,58584
 595,23;14844,485;  234,089;38024,191;38,66196
 595,81;14804,683;  221,703;38159,427;38,43926
 596,39;14794,895;  218,780;38232,452;38,34440
 596,97;14818,412;  221,238;38316,315;38,31774
 597,55;14748,813;  223,090;38339,714;38,10863
 598,12;14671,160;  204,388;38367,640;37,90760
 598,70;14619,800;  196,621;38591,881;37,56500
 599,28;14664,853;  225,929;38636,484;37,59103
 599,86;14598,085;  210,775;38632,489;37,44578
 600,44;14574,507;  184,928;38872,144;37,19466
 601,02;14551,646;  241,538;38853,365;37,06146
 601,60;14485,085;  216,393;38730,174;37,04828
 602,18;14474,640;  185,004;38846,307;36,96108
 602,75;14454,050;  194,319;38820,462;36,91731
 603,33;14386,965;  210,698;38898,270;36,64295
 603,91;14369,119;  195,694;38907,284;36,61287
 604,49;14360,509;  220,544;39094,615;36,37377
 605,07;14307,772;  219,316;39013,982;36,31544
 605,65;14238,802;  241,158;39077,360;36,04277
 606,23;14237,144;  308,246;39305,874;35,71730
 606,80;14249,630;  361,473;39396,676;35,57855
 607,38;14201,683;  387,079;39300,385;35,50098
 607,96;14177,234;  442,396;39519,595;35,14796
 608,54;14156,689;  509,774;39514,343;34,98799
 609,12;14119,991;  505,934;39522,971;34,89260
 609,70;14106,789;  564,314;39512,728;34,77029
 610,27;14127,993;  560,396;39608,981;34,74542
 610,85;14089,843;  568,468;39650,644;34,59729
 611,43;14002,475;  578,852;39628,527;34,37576
 612,01;13854,572;  547,855;39468,428;34,18942
 612,59;13786,002;  533,391;39386,374;34,10964
 613,16;13654,607;  498,091;39303,353;33,90395
 613,74;13586,557;  464,467;39210,411;33,86700
 614,32;13458,523;  420,004;39155,565;33,66033
 614,90;13421,817;  376,931;39015,762;33,76108
 615,48;13244,446;  317,936;38721,992;33,65923
 616,05;13198,603;  300,245;38776,012;33,52333
 616,63;13074,068;  302,170;38475,725;33,45745
 617,21;12966,129;  300,012;38307,626;33,32521
 617,79;12856,273;  292,395;38329,947;33,03020
 618,36;12841,583;  288,163;38205,503;33,10733
 618,94;12669,746;  226,089;37925,175;33,00785
 619,52;12495,978;  259,323;37727,326;32,65895
 620,10;12504,849;  257,088;37712,128;32,69990
 620,67;12414,275;  273,939;37549,712;32,56897
 621,25;12314,298;  276,085;37376,434;32,44771
 621,83;12172,379;  253,397;37267,837;32,20090
 622,41;12128,587;  288,167;37322,752;31,97125
 622,98;12027,211;  263,170;36997,798;32,02439
 623,56;11968,573;  256,478;37035,718;31,84431
 624,14;11867,815;  242,007;36887,598;31,72498
 624,72;11734,232;  254,013;36761,880;31,44588
 625,29;11720,395;  219,016;36915,936;31,34154
 625,87;11642,462;  269,318;36811,734;31,12313
 626,45;11548,658;  231,786;36665,387;31,06163
 627,02;11381,231;  245,933;36551,344;30,67118
 627,60;11392,188;  225,082;36551,217;30,74125
 628,18;11293,606;  219,242;36680,663;30,37283
 628,76;11280,535;  218,016;36647,301;30,36710
 629,33;11198,199;  252,244;36636,186;30,08458
 629,91;11127,233;  233,549;36617,513;29,94089
 630,49;11209,899;  250,553;36743,008;30,03181
 631,06;11183,031;  246,861;36911,852;29,82728
 631,64;11051,213;  237,248;36861,890;29,52647
 632,22;10972,171;  196,403;36745,356;29,48311
 632,79;11006,070;  223,634;37141,728;29,20637
 633,37;10980,678;  207,778;37220,171;29,10620
 633,95;10959,073;  214,094;37227,212;29,03019
 634,52;10923,066;  198,244;37287,953;28,91590
 635,10;10870,069;  203,858;37264,514;28,78042
 635,68;10876,035;  210,250;37547,480;28,56609
 636,25;10887,143;  205,637;37417,842;28,70431
 636,83;10867,381;  187,477;37673,686;28,49022
 637,41;10811,735;  173,866;37664,533;28,37471
 637,98;10843,830;  212,174;37833,124;28,25994
 638,56;10764,891;  208,484;37896,382;28,01007
 639,13;10689,667;  195,708;38081,991;27,69857
 639,71;10719,427;  221,169;38258,240;27,60007
 640,29;10612,286;  165,553;37965,042;27,63723
 640,86;10552,465;  173,861;38171,546;27,31378
 641,44;10502,876;  191,399;38216,743;27,11738
 642,02;10471,517;  217,245;38196,477;26,99968
 642,59;10449,159;  190,091;38343,981;26,88865
 643,17;10394,877;  187,091;38314,639;26,77273
 643,74;10278,980;  190,091;38300,681;26,47266
 644,32;10225,237;  213,168;38243,185;26,32675
 644,89;10173,493;  197,321;38296,920;26,18445
 645,47;10170,827;  225,014;38289,501;26,12885
 646,05;10018,930;  206,321;38165,389;25,85050
 646,62; 9970,802;  207,321;38169,970;25,71865
 647,20; 9969,905;  205,936;38339,166;25,60488
 647,77; 9863,392;  180,321;38248,901;25,43586
 648,35; 9748,188;  171,628;38139,789;25,22260
 648,92; 9676,752;  214,243;38175,678;24,92664
 649,50; 9597,778;  169,089;38059,259;24,88426
 650,08; 9545,342;  170,628;38015,224;24,77161
 650,65; 9563,214;  181,551;38234,805;24,65404
 651,23; 9669,394;  180,627;39249,924;24,28702
 651,80; 9837,189;  174,858;40024,274;24,24711
 652,38; 9840,600;  192,473;40393,471;23,99972
 652,95; 9924,703;  166,089;40829,744;23,99837
 653,53; 9885,960;  199,781;40969,786;23,75810
 654,10; 9899,062;  208,165;41087,213;23,70627
 654,68; 9803,473;  175,165;40969,871;23,60186
 655,25; 9765,037;  172,165;41158,683;23,40495
 655,83; 9783,679;  171,780;41198,263;23,42852
 656,40; 9722,166;  203,088;41139,921;23,25309
 656,98; 9666,577;  181,011;41052,579;23,20823
 657,55; 9582,911;  186,318;40884,698;23,08837
 658,13; 9434,090;  170,856;40434,741;23,00631
 658,70; 9318,809;  198,625;40116,706;22,84725
 659,28; 9067,142;  178,702;39126,902;22,82118
 659,85; 8866,707;  169,933;38573,022;22,64603
 660,43; 8816,963;  201,471;38690,372;22,38436
 661,00; 8809,528;  189,009;38892,029;22,27350
 661,58; 8824,631;  171,163;39152,687;22,19890
 662,15; 8805,349;  163,163;39357,883;22,04936
 662,73; 8942,683;  217,855;39621,541;22,14216
 663,30; 8876,247;  186,624;39821,814;21,92401
 663,88; 8908,581;  181,470;40013,472;21,90980
 664,45; 8889,991;  158,470;40250,745;21,77856
 665,03; 8928,863;  178,239;40566,941;21,66602
 665,60; 9056,736;  223,701;41105,907;21,60606
 666,17; 8971,992;  187,623;41101,718;21,47028
 666,75; 9013,018;  188,546;41581,453;21,31880
 667,32; 9019,583;  196,239;41821,034;21,19733
 667,90; 9031,070;  179,392;42048,230;21,14145
 668,47; 9075,942;  192,623;42317,119;21,08825
 669,05; 9059,199;  178,930;42621,469;20,92304
 669,62; 9039,994;  160,469;42784,973;20,83197
 670,19; 9039,636;  166,469;42856,400;20,78515
 670,77; 9086,123;  188,007;42982,596;20,79262
 671,34; 8991,303;  166,468;42953,561;20,62499
 671,92; 9042,483;  168,007;43343,450;20,55445
 672,49; 9022,970;  185,929;43265,800;20,51316
 673,06; 8934,150;  144,314;43306,073;20,36487
 673,64; 8975,407;  157,314;43238,731;20,46844
 674,21; 8849,817;  158,698;43300,465;20,14549
 674,79; 8944,535;  173,160;43551,354;20,22070
 675,36; 8940,638;  180,313;43633,012;20,16060
 675,93; 8797,510;  159,082;43475,823;19,94247
 676,51; 8845,075;  186,851;43632,404;19,92891
 677,08; 8788,332;  179,313;43719,677;19,77250
 677,65; 8760,819;  179,543;43982,027;19,59084
 678,23; 8759,230;  189,389;44120,070;19,50764
 678,80; 8803,640;  175,082;44150,728;19,62122
 679,38; 8764,051;  159,466;44323,001;19,48346
 679,95; 8774,384;  175,543;44617,428;19,34851
 680,52; 8789,334;  162,927;44931,085;19,26907
 681,10; 8865,436;  175,235;45269,435;19,27122
 681,67; 8854,693;  175,081;45587,555;19,11284
 682,24; 8845,027;  157,773;45664,597;19,09000
 682,82; 8910,976;  165,465;46276,947;18,96602
 683,39; 8993,233;  197,465;46587,836;18,96033
 683,96; 8979,105;  179,311;46784,801;18,88145
 684,54; 9023,515;  157,465;47161,382;18,86237
 685,11; 9087,157;  179,234;47443,501;18,84706
 685,68; 9098,336;  184,387;47882,005;18,68846
 686,25; 9042,824;  169,541;47971,509;18,56259
 686,83; 9100,542;  169,156;48222,090;18,58656
 687,40; 9102,953;  156,925;48472,209;18,51594
 687,97; 9155,902;  196,464;48796,252;18,43514
 688,55; 9118,466;  163,387;48847,602;18,39422
 689,12; 9129,108;  147,925;49169,106;18,32102
 689,69; 9154,672;  171,233;49225,148;18,31340
 690,26; 9133,929;  182,079;49272,652;18,23537
 690,84; 9131,801;  166,617;49472,387;18,18283
 691,41; 9125,365;  179,232;49512,352;18,13413
 691,98; 9179,391;  174,924;49873,471;18,11817
 692,56; 9124,340;  160,386;49957,514;18,00095
 693,13; 9191,905;  223,155;49921,095;18,04652
 693,70; 9133,392;  192,001;50181,445;17,88656
 694,27; 9143,033;  160,693;50251,410;17,93215
 694,84; 9140,829;  156,308;50515,222;17,84097
 695,42; 9196,162;  198,616;50498,879;17,88767
 695,99; 9193,111;  170,616;50787,614;17,82503
 696,56; 9133,983;  159,769;50609,656;17,78837
 697,13; 9228,548;  179,923;50957,699;17,82005
 697,71; 9146,343;  142,461;51021,357;17,69669
 698,28; 9212,369;  168,384;51299,014;17,68800
 698,85; 9195,472;  136,769;51403,287;17,66982
 699,42; 9191,190;  141,384;51576,638;17,59456
 699,99; 9218,678;  170,307;51629,603;17,58355
 700,57; 9208,934;  174,691;51672,722;17,54289
 701,14; 9209,268;  157,845;51833,919;17,51569
 701,71; 9266,832;  181,845;52094,499;17,50053
 702,28; 9246,012;  168,383;52010,773;17,51005
 702,85; 9203,577;  174,768;52063,661;17,40027
 703,43; 9238,449;  181,075;52253,857;17,39368
 704,00; 9245,013;  200,536;52568,669;17,27096
 704,57; 9254,193;  181,690;52553,327;17,32331
 705,14; 9298,450;  211,228;52762,831;17,29200
 705,71; 9331,783;  211,844;52906,719;17,30707
 706,28; 9255,502;  180,536;52738,069;17,26673
 706,86; 9356,297;  217,305;52986,573;17,31878
 707,43; 9304,477;  211,997;52895,692;17,25862
 708,00; 9299,349;  195,458;52995,119;17,24233
 708,57; 9284,452;  177,843;52875,392;17,28090
 709,14; 9376,247;  207,535;52972,050;17,37666
 709,71; 9324,504;  183,381;53019,016;17,30106
 710,28; 9352,530;  177,458;53262,827;17,28362
 710,86; 9385,786;  192,996;53446,100;17,26245
 711,43; 9443,812;  204,150;53485,527;17,34126
 712,00; 9383,838;  185,457;53478,724;17,25993
 712,57; 9413,556;  197,842;53610,920;17,25367
 713,14; 9447,890;  179,996;53795,731;17,28577
 713,71; 9452,455;  189,765;53669,235;17,32009
 714,28; 9438,327;  181,457;53797,585;17,26508
 714,85; 9449,660;  165,764;53405,935;17,43777
 715,42; 9480,532;  189,149;53692,055;17,36613
 716,00; 9525,789;  220,995;53821,789;17,35943
 716,57; 9523,277;  171,302;53967,678;17,38402
 717,14; 9494,072;  170,379;53832,643;17,37477
 717,71; 9518,790;  162,071;53832,070;17,43380
 718,28; 9612,585;  189,840;53890,497;17,54680
 718,85; 9494,765;  172,302;53929,155;17,34191
 719,42; 9595,406;  180,302;54057,505;17,47512
 719,99; 9547,125;  172,686;53919,009;17,44201
 720,56; 9595,766;  176,532;54142,282;17,45410
 721,13; 9662,792;  180,147;54400,632;17,48904
 721,70; 9665,280;  167,455;54218,752;17,57187
 722,27; 9674,459;  195,378;54264,102;17,53154
 722,84; 9782,255;  211,378;54352,067;17,67779
 723,41; 9752,588;  165,377;54422,033;17,67011
 723,98; 9750,922;  181,916;54691,998;17,55456
 724,55; 9802,409;  204,839;54722,887;17,60439
 725,12; 9822,666;  138,454;54590,083;17,78498
 725,69; 9891,230;  172,223;54761,894;17,80375
 726,27; 9913,718;  186,530;54853,091;17,79367
 726,84; 9985,052;  183,223;55134,133;17,83743
 727,41; 9993,693;  176,761;55078,252;17,88099
 727,98;10012,873;  194,992;55588,833;17,72378
 728,55;10085,283;  201,453;55302,491;17,93765
 729,12;10115,232;  150,376;55453,533;18,01860
 729,69;10137,874;  194,068;55616,037;17,94199
 730,26;10246,207;  204,376;55739,387;18,08198
 730,82;10203,387;  170,914;55624,968;18,09151
 731,39;10219,182;  172,606;55826,164;18,05199
 731,96;10315,208;  160,144;55997,514;18,18686
 732,53;10356,004;  184,144;56238,557;18,14640
 733,10;10410,722;  184,298;56414,984;18,18655
 733,67;10520,748;  183,452;56589,411;18,32660
 734,24;10414,389;  176,836;56175,530;18,28177
 734,81;10497,800;  194,451;56326,188;18,35566
 735,38;10460,364;  178,836;56014,999;18,41374
 735,95;10426,313;  175,836;55988,196;18,36596
 736,52;10474,031;  184,605;56217,392;18,36322
 737,09;10446,903;  181,528;55795,665;18,45821
 737,66;10529,699;  221,297;56065,630;18,45917
 738,23;10568,340;  172,220;56123,442;18,58069
 738,80;10657,597;  217,296;56349,100;18,59962
 739,37;10695,084;  210,527;56451,834;18,64209
 739,94;10690,033;  176,296;56606,877;18,63128
 740,51;10842,367;  246,834;56633,304;18,79091
 741,07;10779,239;  169,680;56539,269;18,82142
 741,64;10857,419;  207,065;56785,235;18,82414
 742,21;10870,829;  183,911;56766,662;18,88724
 742,78;10863,317;  164,988;56602,935;18,95592
 743,35;10914,343;  175,064;56839,131;18,95254
 743,92;11011,600;  210,756;57002,558;19,01831
 744,49;11110,472;  179,679;56847,139;19,28936
 745,06;10993,575;  174,679;56848,258;19,08984
 745,63;11041,062;  161,294;56794,070;19,21108
 746,19;11112,242;  169,217;56826,035;19,31458
 746,76;11071,037;  187,525;56835,385;19,21257
 747,33;11223,986;  184,217;56805,274;19,49764
 747,90;11241,551;  194,371;57119,932;19,40636
 748,47;11251,038;  197,678;56998,359;19,45991
 749,04;11265,602;  182,063;56908,555;19,53856
 749,61;11397,090;  194,601;56802,751;19,78953
 750,17;11409,116;  192,909;56896,870;19,78029
 750,74;11379,680;  193,216;56879,605;19,73395
 751,31;11385,860;  180,447;56729,724;19,81531
 751,88;11394,040;  157,601;56617,536;19,90162
 752,45;11474,143;  180,139;56752,424;19,96385
 753,02;11447,323;  186,985;56653,774;19,94152
 753,58;11514,810;  178,292;56543,894;20,11248
 754,15;11577,375;  170,677;56758,475;20,15752
 754,72;11572,862;  176,061;56483,286;20,24039
 755,29;11588,580;  153,677;56286,175;20,37127
 755,86;11652,299;  206,061;56552,986;20,31386
 756,42;11717,017;  198,599;56214,029;20,56294
 756,99;11656,889;  168,753;56250,763;20,48453
 757,56;11729,069;  171,830;56185,806;20,63278
 758,13;11721,095;  158,599;56090,002;20,67264
 758,70;11829,967;  172,060;56039,352;20,86714
 759,26;11869,301;  179,214;56274,779;20,83959
 759,83;11976,403;  184,368;56357,591;20,99227
 760,40;12035,506;  175,829;56225,787;21,15912
 760,97;12078,148;  168,060;56304,060;21,21649
 761,53;12061,250;  164,983;55730,949;21,40927
 762,10;11967,892;  168,136;55795,683;21,21207
 762,67;12140,533;  192,059;55714,110;21,52023
 763,24;12033,405;  147,521;55360,153;21,52747
 763,80;12115,893;  173,290;55532,195;21,57305
 764,37;12133,996;  176,751;55427,237;21,64188
 764,94;12089,791;  151,135;54966,895;21,77960
 765,50;12137,355;  153,828;54892,091;21,89241
 766,07;12213,227;  196,597;54942,518;21,94982
 766,64;12182,253;  160,443;54593,714;22,08541
 767,21;12210,049;  162,366;54453,295;22,19097
 767,77;12305,767;  183,289;54402,953;22,35808
 768,34;12290,408;  186,519;54374,380;22,33690
 768,91;12266,203;  172,596;54240,576;22,36741
 769,47;12322,460;  170,673;54201,465;22,49049
 770,04;12333,332;  177,211;54155,815;22,52026
 770,61;12364,897;  162,826;53814,934;22,74295
 771,18;12342,307;  165,057;53722,746;22,73670
 771,74;12448,025;  174,518;53867,865;22,85853
 772,31;12497,205;  173,364;53652,138;23,04436
 772,88;12414,616;  144,133;53323,565;23,07374
 773,44;12477,719;  159,672;53174,531;23,23508
 774,01;12537,668;  176,979;53242,265;23,29336
 774,58;12554,386;  158,210;52910,615;23,49879
 775,14;12626,181;  159,748;53052,581;23,56923
 775,71;12664,515;  153,825;52932,469;23,70408
 776,27;12735,849;  197,979;52922,204;23,78009
 776,84;12816,028;  201,363;52914,631;23,93072
 777,41;12857,054;  187,055;52757,904;24,10081
 777,97;12850,080;  168,901;52423,639;24,26800
 778,54;12879,337;  181,132;52448,681;24,29463
 779,11;12957,132;  187,362;52493,108;24,41370
 779,67;12994,235;  163,670;52476,381;24,52667
 780,24;13012,184;  182,593;52166,501;24,67993
 780,80;13069,902;  188,900;52116,697;24,80560
 781,37;13111,851;  183,977;52144,355;24,88025
 781,94;13072,800;  173,900;51933,397;24,92084
 782,50;13174,365;  188,438;51803,978;25,15895
 783,07;13194,237;  209,823;51943,636;25,09851
 783,63;13204,417;  172,284;51643,755;25,31914
 784,20;13210,597;  199,053;51543,874;25,34149
 784,77;13219,853;  198,899;51373,455;25,44420
 785,33;13208,110;  165,130;51241,805;25,53608
 785,90;13282,059;  193,668;51172,694;25,67407
 786,46;13310,470;  205,360;51054,736;25,77241
 787,03;13311,572;  171,053;50953,471;25,87612
 787,59;13406,214;  177,822;50772,282;26,14593
 788,16;13441,009;  199,821;50809,940;26,16312
 788,73;13396,804;  197,360;50578,675;26,19909
 789,29;13349,138;  180,744;50296,486;26,27596
 789,86;13512,087;  197,898;50104,452;26,67824
 790,42;13480,651;  200,052;49894,263;26,72464
 790,99;13441,216;  206,744;49631,921;26,77678
 791,55;13511,165;  189,897;49637,502;26,94017
 792,12;13590,114;  196,359;49590,083;27,11631
 792,68;13483,832;  188,282;49240,971;27,10463
 793,25;13526,166;  200,051;48931,168;27,34621
 793,81;13564,499;  218,512;48683,671;27,53728
 794,38;13520,525;  168,743;48425,329;27,66831
 794,94;13510,321;  184,666;48283,372;27,70481
 795,51;13592,962;  199,281;48011,183;28,01328
 796,07;13541,988;  185,050;47781,149;28,06309
 796,64;13619,321;  212,204;47913,729;28,10627
 797,20;13490,347;  190,973;47461,003;28,13490
 797,77;13484,527;  174,127;47192,430;28,30898
 798,33;13491,476;  177,280;46973,472;28,45145
 798,90;13597,041;  220,511;46945,591;28,62816
 799,46;13421,682;  195,818;46516,864;28,55260
 800,03;13464,785;  202,818;46332,445;28,74935
 800,59;13490,042;  210,972;46151,718;28,90478
 801,15;13507,452;  202,356;45941,992;29,08877
 801,72;13416,632;  205,279;45653,572;29,06897
 802,28;13429,350;  230,895;45274,153;29,30173
 802,85;13370,684;  192,279;45105,349;29,34203
 803,41;13361,018;  193,587;44924,699;29,43685
 803,98;13368,582;  199,586;44489,973;29,73330
 804,54;13331,993;  195,586;44269,169;29,80562
 805,11;13324,942;  202,817;43945,288;29,99859
 805,67;13369,737;  216,663;44024,177;30,02470
 806,23;13270,147;  199,740;43484,988;30,19599
 806,80;13290,250;  212,970;43370,338;30,30138
 807,36;13383,815;  227,278;43374,611;30,49212
 807,93;13356,379;  221,432;43010,500;30,69697
 808,49;13300,867;  184,816;42626,619;30,90361
 809,05;13258,200;  182,662;42510,816;30,89088
 809,62;13343,457;  214,354;42304,550;31,19278
 810,18;13408,868;  220,816;42322,131;31,32456
 810,74;13313,201;  180,815;42031,327;31,37927
 811,31;13304,150;  186,354;41982,293;31,38534
 811,87;13359,022;  188,354;41671,335;31,74957
 812,44;13445,587;  236,969;41695,531;31,85981
 813,00;13339,690;  171,430;41358,189;31,97207
 813,56;13476,408;  211,507;41314,231;32,27256
 814,13;13475,972;  205,122;41295,735;32,29655
 814,69;13490,768;  208,276;41170,393;32,42628
 815,25;13360,794;  175,814;40790,974;32,46320
 815,82;13348,512;  225,122;40694,093;32,42828
 816,38;13377,461;  232,583;40501,674;32,64260
 816,94;13354,564;  199,198;40093,178;32,97582
 817,51;13341,590;  189,737;39981,143;33,05199
 818,07;13340,923;  199,583;39686,724;33,28005
 818,63;13297,257;  214,813;39477,536;33,32027
 819,20;13354,821;  213,121;39415,809;33,52245
 819,76;13315,386;  185,582;38993,774;33,83256
 820,32;13406,719;  238,351;38952,817;34,01408
 820,89;13346,284;  227,890;38740,321;34,06275
 821,45;13330,156;  200,043;38327,748;34,43720
 822,01;13318,643;  218,197;38243,098;34,45228
 822,57;13356,593;  218,966;37996,217;34,77656
 823,14;13279,849;  197,581;37884,259;34,71324
 823,70;13328,414;  190,043;37584,840;35,13422
 824,26;13308,286;  195,889;37399,652;35,24481
 824,82;13393,696;  217,273;37201,694;35,62696
 825,39;13259,876;  193,888;36949,814;35,54798
 825,95;13403,518;  226,888;36987,394;35,84453
 826,51;13336,774;  217,119;36611,437;36,04864
 827,08;13418,185;  239,811;36602,018;36,24195
 827,64;13445,749;  235,426;36482,829;36,44488
 828,20;13255,237;  194,964;36201,487;36,27196
 828,76;13361,955;  213,734;36212,068;36,52453
 829,32;13429,596;  217,118;35999,110;36,92494
 829,89;13375,468;  191,733;35895,768;36,92506
 830,45;13448,571;  205,964;35770,503;37,23543
 831,01;13491,751;  195,656;35569,468;37,58740
 831,57;13400,085;  207,887;35529,895;37,34838
 832,14;13510,957;  201,579;35546,399;37,65581
 832,70;13500,829;  195,886;35254,903;37,95013
 833,26;13490,009;  175,425;35130,561;38,09049
 833,82;13594,189;  199,424;35147,988;38,32708
 834,38;13634,522;  193,578;35137,184;38,46467
 834,95;13638,548;  202,963;34947,688;38,66943
 835,51;13584,497;  163,424;34818,576;38,72750
 836,07;13708,216;  208,808;34905,772;38,90659
 836,63;13763,780;  228,654;34884,815;39,05547
 837,19;13740,652;  206,654;34675,396;39,26455
 837,75;13639,909;  166,962;34447,515;39,30201
 838,32;13760,242;  224,731;34506,711;39,48288
 838,88;13894,345;  213,115;34511,600;39,88873
 839,44;13951,987;  200,115;34405,411;40,20392
 840,00;13881,859;  198,269;34234,915;40,20252
 840,56;13870,808;  185,730;33986,265;40,48775
 841,12;13869,449;  176,576;33992,538;40,49234
 841,68;13859,783;  180,653;33769,042;40,72577
 842,25;13903,963;  183,576;33731,008;40,89847
 842,81;13889,835;  179,653;33568,512;41,06215
 843,37;13925,476;  180,730;33597,477;41,13131
 843,93;13973,117;  200,652;33477,212;41,38789
 844,49;14041,913;  200,729;33436,023;41,64604
 845,05;13907,169;  166,421;33295,681;41,47617
 845,61;14054,118;  205,729;33366,570;41,76127
 846,17;13997,067;  178,498;33231,304;41,80755
 846,73;14031,786;  201,729;33100,270;42,03851
 847,29;13976,119;  180,805;32935,235;42,11740
 847,86;14056,145;  178,805;32901,124;42,40940
 848,42;14039,171;  188,036;32701,397;42,60136
 848,98;14036,813;  188,651;32597,747;42,72924
 849,54;14053,069;  190,497;32707,559;42,63169
 850,10;14065,018;  184,651;32513,832;42,93449
 850,66;13960,506;  173,189;32358,874;42,83680
 851,22;14069,686;  178,651;32321,147;43,21704
 851,78;14066,019;  223,343;32368,497;43,06303
 852,34;14085,353;  194,343;32116,309;43,51552
 852,90;14033,225;  189,727;32063,659;43,43204
 853,46;13991,559;  182,188;31865,317;43,58588
 854,02;14087,969;  193,957;31767,667;44,00500
 854,58;14033,765;  188,188;31502,555;44,21477
 855,14;14030,637;  176,342;31524,982;44,19424
 855,70;13998,201;  159,495;31365,102;44,34686
 856,26;14079,458;  206,341;31281,606;44,64360
 856,82;14015,407;  174,187;31139,956;44,69845
 857,38;14101,433;  200,957;31031,383;45,08688
 857,94;14025,766;  189,572;30966,502;44,95638
 858,50;14113,869;  206,418;30785,775;45,47987
 859,06;14039,126;  198,879;30666,894;45,42550
 859,62;14097,537;  198,033;30585,552;45,74083
 860,18;14015,178;  196,187;30462,364;45,65820
 860,74;13979,896;  165,109;30316,560;45,81798
 861,30;13978,230;  165,725;30084,064;46,16735
 861,86;14105,487;  211,263;30075,645;46,52440
 862,42;14031,436;  202,801;30012,072;46,39038
 862,98;14148,615;  211,186;29869,960;46,99260
 863,54;14080,872;  192,955;29722,695;47,03027
 864,10;14156,437;  194,724;29771,891;47,20436
 864,66;14040,386;  174,416;29519,241;47,25184
 865,22;14073,950;  192,647;29287,053;47,71124
 865,78;14107,284;  203,185;29211,941;47,93070
 866,34;14084,771;  191,800;29184,291;47,91920
 866,90;14093,413;  200,646;29020,565;48,20543
 867,45;14070,977;  206,338;28887,761;48,34014
 868,01;14000,234;  197,261;28704,419;48,41932
 868,57;13977,490;  191,415;28514,615;48,67415
 869,13;13981,593;  187,876;28376,965;48,93282
 869,69;13930,773;  186,876;28311,776;48,86736
 870,25;13869,799;  186,491;28113,588;48,99653
 870,81;13904,517;  190,568;28095,553;49,14516
 871,37;13868,774;  201,953;28000,750;49,16336
 871,93;13891,569;  200,029;27820,254;49,57070
 872,49;13824,441;  196,414;27622,681;49,68969
 873,04;13670,775;  181,798;27479,415;49,41448
 873,60;13708,647;  178,183;27350,688;49,79469
 874,16;13704,981;  206,029;27247,423;49,91959
 874,72;13762,519;  201,260;27161,962;50,30010
 875,28;13699,365;  193,644;27137,885;50,12471
 875,84;13705,904;  194,644;27060,731;50,29113
 876,40;13735,827;  195,029;27019,192;50,47985
 876,95;13674,596;  197,567;27001,885;50,27932
 877,51;13769,596;  215,721;27042,962;50,52281
 878,07;13886,904;  233,567;26994,654;51,01937
 878,63;13908,596;  193,260;27018,115;51,12921
 879,19;13935,365;  212,490;27097,808;51,04227
 879,75;14002,058;  194,875;27056,731;51,40070
 880,30;14107,058;  188,413;27069,346;51,77887
 880,86;14253,981;  234,644;27157,577;52,07210
 881,42;14287,288;  177,567;27191,192;52,23187
 881,98;14386,904;  211,183;27189,808;52,54427
 882,54;14504,981;  183,413;27367,731;52,68320
 883,09;14663,135;  197,183;27412,423;53,15386
 883,65;14781,596;  189,106;27534,346;53,36391
 884,21;14969,827;  224,183;27815,269;53,44351
 884,77;15034,442;  191,875;27750,346;53,85846
 885,32;15082,981;  186,183;27922,038;53,70953
 885,88;15264,981;  224,490;28079,962;53,99474
 886,44;15329,365;  215,183;28175,038;54,05673
 887,00;15414,058;  209,798;28123,269;54,46925
 887,56;15544,673;  198,721;28354,192;54,50433
 888,11;15547,750;  192,952;28335,192;54,56139
 888,67;15729,673;  233,029;28496,808;54,82864
 889,23;15835,288;  209,798;28448,962;55,33270
 889,79;15758,212;  181,875;28364,731;55,26884
 890,34;15756,981;  202,567;28315,346;55,32862
 890,90;15950,673;  246,490;28384,269;55,81174
 891,46;15883,212;  183,875;28332,731;55,77256
 892,01;15964,750;  231,337;28224,577;56,20433
 892,57;15874,212;  230,106;28162,500;56,00703
 893,13;15828,673;  204,644;28013,654;56,18333
 893,69;15896,365;  199,337;28000,808;56,46114
 894,24;15863,442;  212,337;27880,962;56,56626
 894,80;15847,519;  213,260;27743,885;56,78861
 895,36;15764,365;  200,413;27559,731;56,88721
 895,91;15754,135;  210,413;27405,500;57,15636
 896,47;15692,442;  212,490;27232,346;57,29102
 897,03;15600,135;  196,567;27186,885;57,07072
 897,58;15566,519;  210,952;27008,808;57,30148
 898,14;15516,596;  216,337;26838,115;57,47272
 898,70;15397,135;  186,721;26678,577;57,41543
 899,25;15514,827;  211,952;26646,192;57,89035
 899,81;15421,288;  222,721;26450,731;57,94785
 900,37;15306,904;  178,413;26251,577;58,02323
 900,92;15438,750;  202,490;26282,654;58,42087
 901,48;15338,519;  206,337;26114,192;58,40770
 902,03;15264,981;  195,875;25965,269;58,47676
 902,59;15238,135;  211,875;25822,577;58,67180
 903,15;15174,673;  218,413;25791,500;58,48437
 903,70;15107,827;  214,029;25506,654;58,88593
 904,26;15102,288;  192,644;25436,346;59,06283
 904,82;15121,750;  213,644;25341,192;59,32973
 905,37;15094,904;  207,875;25251,577;59,44420
 905,93;15066,596;  190,952;25067,654;59,79749
 906,48;15044,365;  203,029;24945,423;59,98343
 907,04;15091,058;  230,644;24892,269;60,25724
 907,60;15011,750;  191,567;24689,885;60,49470
 908,15;14895,981;  192,260;24597,346;60,24859
 908,71;14948,365;  234,644;24646,346;60,27323
 909,26;14878,442;  192,952;24403,346;60,65779
 909,82;14883,058;  223,029;24347,962;60,76713
 910,37;14832,981;  240,798;24214,885;60,86648
 910,93;14739,212;  193,106;23972,962;61,16987
 911,48;14793,135;  195,490;23888,808;61,61081
 912,04;14748,596;  195,952;23781,269;61,70213
 912,60;14778,288;  220,644;23758,269;61,84840
 913,15;14719,365;  206,106;23646,962;61,91438
 913,71;14663,904;  200,413;23382,731;62,39018
 914,26;14590,904;  184,721;23357,269;62,16918
 914,82;14619,442;  206,183;23224,577;62,61627
 915,37;14514,981;  194,413;23119,038;62,46805
 915,93;14541,519;  238,029;23008,654;62,81554
 916,48;14413,135;  197,106;22904,423;62,60550
 917,04;14409,596;  213,260;22777,885;62,91413
 917,59;14398,519;  229,721;22701,577;63,05130
 918,15;14303,135;  177,260;22593,038;63,01755
 918,70;14290,519;  205,106;22446,269;63,33038
 919,26;14233,442;  209,721;22334,731;63,38402
 919,81;14219,058;  199,260;22232,115;63,63133
 920,37;14200,750;  209,721;22072,423;63,99497
 920,92;14193,827;  212,029;22014,269;64,13010
 921,48;14107,212;  179,413;21841,346;64,29619
 922,03;14176,212;  196,183;21806,346;64,69192
 922,59;14156,365;  192,952;21691,346;64,95096
 923,14;14081,904;  186,952;21494,885;65,21023
 923,69;14098,442;  215,106;21440,423;65,40932
 924,25;14141,365;  203,798;21395,192;65,76994
 924,80;14014,365;  210,490;21197,500;65,77342
 925,36;14064,596;  195,106;21108,500;66,31870
 925,91;13989,519;  191,567;20961,808;66,43135
 926,47;14020,519;  182,260;20919,654;66,73095
 927,02;13989,365;  218,260;20741,500;67,10006
 927,57;13976,827;  204,337;20652,808;67,35218
 928,13;13968,365;  191,337;20616,346;67,45176
 928,68;13982,212;  196,490;20580,500;67,63008
 929,24;13832,673;  177,644;20371,500;67,61972
 929,79;13829,981;  190,952;20234,038;68,04855
 930,34;13737,442;  205,567;20115,269;67,96624
 930,90;13772,673;  193,413;20108,577;68,18553
 931,45;13842,058;  216,337;19995,962;68,88766
 932,01;13739,827;  219,875;19922,808;68,61898
 932,56;13639,519;  222,029;19752,500;68,70029
 933,11;13708,904;  217,567;19801,269;68,89063
 933,67;13598,519;  202,029;19554,346;69,22422
 934,22;13603,827;  208,952;19537,346;69,30154
 934,77;13540,135;  226,029;19435,269;69,31094
 935,33;13464,135;  220,798;19248,346;69,60086
 935,88;13502,135;  212,644;19230,885;69,87760
 936,43;13516,750;  193,183;19182,654;70,16292
 936,99;13461,596;  209,721;19055,115;70,31891
 937,54;13401,442;  184,337;18861,962;70,76438
 938,09;13404,981;  211,952;18839,577;70,82507
 938,65;13360,827;  204,413;18723,423;71,04275
 939,20;13368,519;  190,721;18619,808;71,50543
 939,75;13284,596;  190,952;18511,038;71,47152
 940,31;13253,288;  195,721;18345,654;71,94279
 940,86;13301,981;  205,798;18395,346;71,99840
 941,41;13259,596;  239,798;18304,577;72,07283
 941,96;13200,135;  198,260;18158,038;72,39440
 942,52;13157,750;  207,106;18066,500;72,51447
 943,07;13114,058;  176,106;17937,731;72,84216
 943,62;13072,904;  194,644;17900,269;72,73541
 944,18;13073,981;  189,413;17832,962;73,02708
 944,73;12996,750;  198,490;17729,038;73,00547
 945,28;12861,673;  168,337;17511,654;73,18863
 945,83;12907,827;  209,567;17552,346;73,21929
 946,39;12847,904;  193,567;17497,808;73,12853
 946,94;12873,442;  218,183;17432,654;73,51524
 947,49;12779,827;  203,721;17259,269;73,73616
 948,04;12770,981;  212,337;17217,269;73,85295
 948,59;12774,519;  214,875;17204,808;73,92404
 949,15;12647,673;  189,413;17021,885;74,01325
 949,70;12596,750;  195,721;17000,346;73,79533
 950,25;12600,904;  220,490;16840,038;74,49308
 950,80;12546,365;  168,875;16769,423;74,56073
 951,36;12483,442;  172,721;16678,962;74,58222
 951,91;12575,827;  218,106;16667,192;75,12710
 952,46;12385,442;  174,413;16409,192;75,21525
 953,01;12501,212;  218,952;16495,885;75,45807
 953,56;12354,288;  180,413;16404,654;75,03510
 954,11;12353,519;  204,260;16255,808;75,68902
 954,67;12314,904;  192,567;16156,885;75,93395
 955,22;12242,827;  176,798;16058,269;75,97551
 955,77;12281,442;  212,106;16032,885;76,28788
 956,32;12215,365;  230,952;15930,038;76,33829
 956,87;12139,673;  188,106;15838,577;76,36554
 957,42;12136,519;  198,798;15785,885;76,58725
 957,98;12092,365;  189,721;15704,346;76,71887
 958,53;12073,058;  214,798;15633,115;76,91021
 959,08;12077,827;  188,490;15496,885;77,66547
 959,63;12018,519;  193,106;15365,885;77,93835
 960,18;12038,212;  205,106;15320,423;78,28553
 960,73;12011,135;  191,798;15328,500;78,08396
 961,28;11949,135;  176,952;15263,731;78,02980
 961,83;11946,442;  212,952;15218,038;78,19675
 962,39;11889,212;  187,029;15092,962;78,50688
 962,94;11818,442;  211,183;15027,269;78,34228
 963,49;11747,827;  202,413;14841,577;78,86662
 964,04;11772,827;  212,567;14823,654;79,11978
 964,59;11722,981;  176,490;14755,038;79,20192
 965,14;11699,827;  209,798;14680,500;79,40201
 965,69;11583,904;  197,106;14609,808;79,00530
 966,24;11556,750;  194,952;14470,654;79,58837
 966,79;11477,750;  206,567;14349,500;79,69481
 967,34;11405,212;  179,029;14232,731;79,88061
 967,89;11384,288;  180,490;14198,038;79,92695
 968,44;11361,135;  201,183;14043,962;80,61930
 968,99;11230,596;  206,106;14070,038;79,51921
 969,55;11280,212;  212,413;13936,577;80,64461
 970,10;11183,981;  211,721;13872,346;80,32033
 970,65;11142,673;  211,183;13776,885;80,58183
 971,20;11148,596;  197,106;13635,346;81,49497
 971,75;11040,212;  177,260;13480,346;81,65738
 972,30;10987,827;  201,413;13500,269;81,10783
 972,85;10978,135;  186,875;13377,192;81,81198
 973,40;10859,596;  190,337;13265,731;81,59800
 973,95;10848,288;  196,183;13246,423;81,62383
 974,50;10836,442;  210,183;13151,115;82,11355
 975,05;10741,673;  206,413;12978,192;82,48858
 975,60;10654,519;  215,644;12955,423;81,93922
 976,15;10632,904;  195,413;12862,577;82,39801
 976,70;10577,981;  205,490;12778,423;82,49858
 977,25;10592,981;  208,952;12729,731;82,93437
 977,80;10439,596;  198,567;12595,577;82,60886
 978,35;10375,365;  205,567;12465,808;82,94942
 978,89;10311,981;  185,413;12374,731;83,07740
 979,44;10335,365;  203,952;12327,269;83,56965
 979,99;10274,365;  186,490;12143,885;84,36516
 980,54;10209,288;  232,029;12136,038;83,81428
 981,09;10128,827;  210,644;11940,115;84,55780
 981,64;10021,212;  216,106;11862,577;84,18950
 982,19;10078,442;  242,875;11837,962;84,82530
 982,74; 9955,673;  218,952;11701,500;84,79582
 983,29; 9887,519;  186,260;11519,731;85,59831
 983,84; 9875,981;  208,798;11500,808;85,61083
 984,39; 9886,750;  227,798;11420,192;86,29925
 984,94; 9778,981;  179,952;11255,423;86,66926
 985,49; 9770,058;  236,644;11222,038;86,78262
 986,03; 9683,750;  223,875;11073,577;87,19018
 986,58; 9621,442;  242,260;10985,654;87,30186
 987,13; 9581,519;  203,029;10843,577;88,13917
 987,68; 9497,673;  214,721;10756,577;88,05804
 988,23; 9436,519;  207,260;10732,577;87,68628
 988,78; 9381,750;  204,183;10608,269;88,21118
 989,33; 9300,365;  205,183;10502,808;88,32311
 989,88; 9267,673;  226,106;10443,962;88,48791
 990,42; 9171,904;  206,413;10300,654;88,81788
 990,97; 9147,058;  206,029;10167,808;89,75334
 991,52; 9065,058;  233,106;10091,269;89,59024
 992,07; 9004,904;  241,413; 9986,731;89,92514
 992,62; 8933,827;  217,106; 9894,115;90,07660
 993,17; 8806,442;  227,029; 9761,808;89,98020
 993,71; 8754,135;  221,029; 9742,577;89,61889
 994,26; 8646,596;  198,567; 9581,962;90,03169
 994,81; 8644,750;  228,029; 9602,038;89,78784
 995,36; 8517,596;  195,413; 9453,808;89,88797
 995,91; 8530,673;  218,106; 9399,192;90,54013
 996,45; 8388,519;  216,721; 9266,423;90,29909
 997,00; 8282,288;  183,413; 9138,654;90,43727
 997,55; 8278,750;  214,029; 9090,962;90,85031
 998,10; 8171,519;  229,490; 8987,577;90,68224
 998,65; 8106,827;  209,106; 8887,962;90,99957
 999,19; 8016,750;  227,337; 8789,885;90,97074
 999,74; 7940,442;  242,567; 8665,038;91,39687
1000,29; 7855,135;  226,875; 8596,500;91,14219
1000,84; 7708,904;  211,490; 8439,346;91,12232
1001,38; 7672,288;  209,567; 8388,115;91,24751
1001,93; 7576,904;  223,952; 8299,577;91,05118
1002,48; 7471,288;  196,875; 8166,731;91,27409
1003,03; 7442,288;  219,183; 8138,269;91,21135
1003,57; 7339,904;  226,413; 8022,423;91,24527
1004,12; 7277,981;  243,183; 7928,885;91,53098
1004,67; 7176,058;  205,567; 7884,654;90,77239
1005,22; 7074,673;  206,875; 7689,346;91,78516
1005,76; 6955,750;  196,413; 7614,500;91,11968
1006,31; 6914,212;  224,875; 7528,654;91,58734
1006,86; 6828,365;  208,567; 7446,577;91,45882
1007,40; 6689,827;  203,029; 7309,885;91,27522
1007,95; 6616,135;  212,952; 7216,654;91,42569
1008,50; 6543,981;  214,875; 7126,885;91,56680
1009,04; 6469,212;  218,183; 7018,577;91,92157
1009,59; 6411,365;  223,644; 6871,808;93,07414
1010,14; 6296,596;  197,567; 6825,808;92,01581
1010,68; 6229,673;  212,337; 6703,962;92,69384
1011,23; 6132,519;  200,106; 6545,731;93,48825
1011,78; 6124,365;  214,337; 6537,808;93,46178
1012,32; 6061,288;  202,567; 6396,885;94,58219
1012,87; 6022,673;  236,183; 6381,808;94,15626
1013,42; 5928,212;  197,644; 6265,577;94,44019
1013,96; 5947,827;  237,721; 6279,115;94,51636
1014,51; 5912,904;  175,106; 6210,500;95,06915
1015,06; 5890,673;  190,567; 6207,269;94,73804
1015,60; 5985,827;  248,952; 6232,577;95,87625
1016,15; 5875,981;  213,106; 6230,346;94,11083
1016,69; 5977,519;  212,567; 6243,038;95,59704
1017,24; 5985,750;  194,798; 6243,731;95,73510
1017,79; 6061,212;  230,337; 6276,885;96,43312
1018,33; 6061,750;  190,260; 6264,500;96,66213
1018,88; 6163,288;  221,875; 6333,423;97,21618
1019,42; 6155,827;  208,029; 6351,269;96,81858
1019,97; 6187,212;  205,029; 6329,731;97,67304
1020,51; 6264,288;  217,260; 6363,577;98,38459
1021,06; 6212,519;  192,260; 6339,808;97,92944
1021,61; 6222,519;  179,952; 6301,346;98,71227
1022,15; 6192,058;  170,567; 6253,577;98,98867
1022,70; 6161,135;  207,413; 6256,192;98,42848
1023,24; 6145,365;  200,183; 6197,346;99,13324
1023,79; 6040,596;  208,490; 6118,962;98,67413
1024,33; 6059,981;  208,413; 6063,885;99,93333
1024,88; 5990,673;  205,337; 6011,346;99,64394
1025,42; 5869,904;  199,183; 5897,346;99,51840
1025,97; 5805,212;  208,875; 5877,038;98,73280
1026,51; 5704,904;  172,490; 5704,269;100,01147
1027,06; 5712,058;  200,029; 5687,269;100,45175
1027,60; 5565,442;  208,798; 5550,423;100,28117
1028,15; 5535,442;  208,952; 5483,115;100,99214
1028,69; 5413,673;  165,260; 5364,115;100,95324
1029,24; 5313,212;  202,183; 5317,962;99,90715
1029,78; 5212,365;  192,337; 5225,038;99,74819
1030,33; 5151,827;  173,260; 5119,192;100,65983
1030,87; 5118,673;  194,337; 5069,423;101,01024
1031,42; 5038,058;  184,183; 4966,115;101,50446
1031,96; 4930,750;  206,952; 4919,269;100,24363
1032,51; 4900,750;  195,875; 4776,654;102,70906
1033,05; 4837,519;  197,952; 4778,115;101,29698
1033,60; 4721,365;  169,260; 4633,038;101,97875
1034,14; 4651,827;  197,029; 4603,731;101,09143
1034,69; 4610,981;  201,644; 4543,346;101,55779
1035,23; 4571,519;  198,721; 4492,500;101,84032
1035,77; 4507,058;  191,337; 4422,038;102,00958
1036,32; 4450,904;  181,029; 4334,654;102,79876
1036,86; 4400,135;  191,952; 4306,346;102,27952
1037,41; 4372,904;  199,029; 4239,654;103,29776
1037,95; 4282,673;  183,106; 4126,115;103,97051
1038,50; 4229,827;  187,183; 4127,577;102,59492
1039,04; 4251,750;  199,183; 4050,885;105,21498
1039,58; 4134,904;  194,721; 4003,269;103,45629
1040,13; 4081,058;  200,029; 3941,346;103,73429
1040,67; 4071,981;  228,337; 3938,423;103,59985
1041,21; 4004,904;  219,413; 3874,038;103,58082
1041,76; 3919,442;  176,798; 3753,654;104,63503
1042,30; 3868,981;  195,413; 3729,731;103,93994
1042,85; 3834,288;  187,260; 3651,192;105,28579
1043,39; 3790,673;  190,952; 3591,885;105,84512
1043,93; 3735,750;  210,952; 3558,269;105,30218
1044,48; 3674,596;  196,183; 3510,192;104,96087
1045,02; 3618,442;  192,260; 3438,500;105,54310
1045,56; 3627,135;  206,644; 3406,731;106,88743
1046,11; 3576,827;  215,952; 3366,962;106,66026
1046,65; 3502,442;  203,567; 3303,115;106,43084
1047,19; 3421,135;  194,567; 3222,577;106,55737
1047,74; 3368,673;  186,337; 3214,808;105,08063
1048,28; 3345,212;  204,798; 3157,346;106,36282
1048,82; 3295,135;  215,567; 3130,808;105,63682
1049,37; 3271,596;  204,798; 3070,423;107,02022
1049,91; 3237,827;  200,413; 3009,192;108,14000
1050,45; 3193,750;  216,644; 3028,038;105,89428
1050,99; 3149,058;  197,721; 2974,346;106,29223
1051,54; 3041,058;  198,875; 2927,500;104,16172
1052,08; 3052,212;  208,567; 2900,115;105,65088
1052,62; 3008,288;  218,721; 2840,192;106,41228
1053,16; 2970,673;  187,798; 2774,192;107,59671
1053,71; 2953,519;  199,721; 2741,731;108,33154
1054,25; 2906,442;  209,106; 2711,962;107,77035
1054,79; 2860,981;  211,875; 2690,731;106,86809
1055,33; 2794,519;  187,875; 2591,962;108,42556
1055,88; 2779,442;  218,798; 2620,577;106,61449
1056,42; 2753,442;  224,644; 2582,577;107,24641
1056,96; 2696,750;  218,106; 2529,885;107,21805
1057,50; 2665,442;  208,490; 2493,577;107,52118
1058,05; 2631,981;  208,875; 2459,423;107,66736
1058,59; 2589,135;  220,721; 2416,808;107,84700
1059,13; 2527,442;  191,952; 2348,962;108,27445
1059,67; 2518,058;  217,644; 2350,500;107,85603
1060,21; 2458,365;  205,413; 2322,423;106,42143
1060,76; 2437,596;  222,260; 2292,269;107,02059
1061,30; 2425,904;  226,952; 2267,962;107,73844
1061,84; 2381,596;  211,798; 2207,115;108,74451
1062,38; 2317,596;  200,490; 2148,962;108,65471
1062,92; 2355,365;  238,337; 2178,423;109,12033
1063,46; 2297,135;  223,567; 2134,808;108,49328
1064,01; 2255,596;  202,260; 2085,500;109,03210
1064,55; 2240,058;  214,875; 2055,423;110,03150
1065,09; 2185,827;  194,029; 2005,962;109,92671
1065,63; 2193,212;  239,337; 2017,808;109,86262
1066,17; 2180,058;  233,337; 2012,423;109,42251
1066,71; 2138,212;  225,952; 1989,192;108,45144
1067,25; 2090,904;  202,644; 1939,038;108,74602
1067,80; 2079,058;  232,490; 1934,962;108,46394
1068,34; 2092,827;  241,413; 1920,654;110,25303
1068,88; 2033,519;  216,106; 1876,115;109,48210
1069,42; 2039,750;  243,875; 1887,808;109,24261
1069,96; 1974,135;  204,721; 1828,423;108,97403
1070,50; 2001,981;  243,106; 1840,038;110,14083
1071,04; 1926,827;  208,106; 1775,423;109,66006
1071,58; 1912,135;  212,183; 1765,885;109,41300
1072,12; 1882,673;  223,490; 1741,500;109,29988
1072,66; 1894,673;  211,875; 1729,038;110,91739
1073,21; 1883,904;  223,644; 1741,500;109,38191
1073,75; 1854,519;  221,952; 1699,500;110,49165
1074,29; 1825,442;  225,798; 1667,500;110,95527
1074,83; 1826,750;  242,952; 1657,115;111,99540
1075,37; 1790,827;  228,413; 1634,500;111,11787
1075,91; 1791,288;  229,644; 1609,500;113,17445
1076,45; 1736,596;  220,875; 1589,500;110,74773
1076,99; 1739,827;  218,644; 1577,808;111,92051
1077,53; 1701,981;  201,413; 1529,885;112,95445
1078,07; 1692,827;  223,721; 1533,192;112,19077
1078,61; 1646,596;  220,260; 1500,808;111,38485
1079,15; 1650,212;  206,875; 1488,192;112,64474
1079,69; 1607,365;  218,875; 1488,115;109,39538
1080,23; 1628,673;  227,490; 1497,038;110,36862
1080,77; 1622,058;  233,183; 1468,346;112,44463
1081,31; 1562,904;  210,029; 1410,115;112,73145
1081,85; 1575,519;  219,952; 1418,885;113,06450
1082,39; 1530,212;  218,875; 1401,808;110,85470
1082,93; 1538,365;  224,260; 1385,346;113,17897
1083,47; 1491,135;  205,952; 1343,962;112,93250
1084,01; 1501,981;  239,183; 1359,962;112,67148
1084,55; 1455,596;  211,952; 1312,423;113,01016
1085,09; 1466,904;  224,106; 1326,577;112,72840
1085,63; 1435,288;  221,106; 1301,731;112,35930
1086,17; 1421,750;  206,721; 1289,423;112,22192
1086,71; 1399,365;  224,875; 1276,885;111,64255
1087,24; 1408,827;  242,798; 1273,500;113,12959
1087,78; 1386,058;  228,490; 1246,500;113,70888
1088,32; 1349,442;  210,567; 1206,885;114,30846
1088,86; 1358,288;  240,875; 1234,423;112,46697
1089,40; 1316,288;  222,721; 1199,962;111,90361
1089,94; 1291,212;  193,798; 1161,731;113,37704
1090,48; 1300,365;  220,567; 1175,808;113,03941
1091,02; 1287,365;  233,029; 1156,038;114,22812
1091,56; 1276,135;  221,183; 1151,423;113,40638
1092,10; 1236,904;  204,798; 1101,500;115,10021
1092,63; 1267,442;  232,337; 1140,654;113,95861
1093,17; 1240,365;  224,721; 1104,038;115,50372
1093,71; 1204,135;  210,952; 1096,808;112,11562
1094,25; 1210,212;  240,337; 1099,808;112,84556
1094,79; 1182,596;  222,721; 1077,115;112,34568
1095,33; 1171,981;  216,644; 1070,500;111,88500
1095,87; 1165,058;  218,029; 1037,423;115,57670
1096,40; 1136,058;  208,029; 1011,115;115,55776
1096,94; 1145,519;  215,567; 1038,808;112,96238
1097,48; 1137,212;  218,721; 1029,808;113,24197
1098,02; 1101,135;  209,106;  999,038;112,92466
1098,56; 1068,673;  187,721;  971,885;112,34289
1099,10; 1071,750;  196,798;  942,115;117,39321
1099,63; 1062,212;  197,029;  954,808;114,17351
1100,17; 1069,365;  229,413;  947,885;116,90823
1100,71; 1082,904;  220,567;  959,885;116,63957

