
Integration time [ms]: 150,000
Averaging Nr. [scans]: 13
Smoothing Nr. [pixels]: 0
Data measured with spectrometer [name]: 2009305U1
Wave   ;Sample   ;Dark     ;Reference;Reflectance
[nm]   ;[counts] ;[counts] ;[counts] ;[%]

 175,72;  223,325;  215,188;  220,479;153,79251
 176,32;  246,145;  242,554;  241,291; 0,00000
 176,92;  288,245;  279,490;  268,998; 0,00000
 177,52;  276,914;  265,800;  266,735; 0,00000
 178,12;  253,845;  246,247;  248,356;360,29264
 178,72;  277,604;  272,088;  263,360; 0,00000
 179,32;  263,053;  262,400;  252,097; 0,00000
 179,92;  265,457;  259,638;  263,938;135,34506
 180,52;  267,934;  243,813;  271,262;87,87841
 181,12;  284,291;  267,178;  262,755; 0,00000
 181,73;  294,428;  282,641;  292,622;118,09802
 182,33;  409,983;  382,498;  382,817; 0,00000
 182,93;  289,548;  289,569;  288,341; 0,00000
 183,53;  252,202;  250,624;  238,373; 0,00000
 184,13;  255,099;  252,088;  236,699; 0,00000
 184,73;  316,979;  295,237;  296,980;1247,37411
 185,33;  274,122;  240,512;  337,669;34,59354
 185,93;  280,549;  249,268;  350,717;30,83397
 186,53;  302,862;  261,660;  379,133;35,07351
 187,13;  324,209;  290,674;  391,969;33,10637
 187,73;  287,207;  256,347;  370,132;27,12119
 188,33;  283,220;  250,494;  367,092;28,06757
 188,93;  297,414;  261,470;  368,139;33,69672
 189,53;  287,582;  252,375;  383,047;26,94301
 190,13;  324,234;  301,960;  407,075;21,18959
 190,73;  258,200;  239,442;  369,315;14,44333
 191,34;  294,083;  284,386;  402,733; 8,19370
 191,94;  284,408;  251,793;  377,914;25,85966
 192,54;  301,241;  259,224;  375,436;36,15554
 193,14;  307,362;  277,058;  390,727;26,65973
 193,74;  296,710;  273,671;  385,365;20,62732
 194,34;  310,483;  274,599;  383,153;33,05579
 194,94;  272,841;  252,981;  340,332;22,73622
 195,54;  253,347;  206,052;  313,539;44,00054
 196,14;  263,805;  237,756;  359,114;21,46464
 196,74;  260,148;  245,356;  355,112;13,47752
 197,34;  237,040;  206,073;  338,668;23,35435
 197,94;  266,913;  236,906;  357,137;24,95815
 198,54;  290,329;  247,987;  378,611;32,41508
 199,14;  260,914;  226,385;  359,116;26,01390
 199,74;  247,742;  205,309;  350,433;29,23920
 200,34;  240,308;  208,772;  369,807;19,58339
 200,94;  279,616;  251,686;  399,741;18,86435
 201,54;  255,676;  228,998;  396,220;15,95365
 202,14;  296,639;  256,545;  434,679;22,50777
 202,74;  260,041;  225,923;  424,368;17,19267
 203,34;  252,394;  213,090;  424,631;18,57989
 203,94;  221,088;  189,239;  428,495;13,31154
 204,54;  298,856;  251,368;  512,601;18,17832
 205,14;  254,361;  210,385;  505,075;14,92255
 205,74;  307,276;  246,781;  590,458;17,60215
 206,34;  265,181;  209,699;  576,705;15,11746
 206,94;  269,017;  231,697;  640,629; 9,12630
 207,54;  241,788;  203,236;  645,641; 8,71409
 208,14;  268,801;  209,469;  731,897;11,35699
 208,74;  271,352;  211,462;  763,933;10,84052
 209,34;  272,582;  215,617;  836,534; 9,17425
 209,94;  291,064;  211,155;  910,089;11,43303
 210,54;  278,441;  221,548;  969,476; 7,60676
 211,14;  292,947;  229,308; 1065,378; 7,61159
 211,73;  299,118;  226,459; 1139,526; 7,95773
 212,33;  323,172;  236,455; 1227,501; 8,75006
 212,93;  303,004;  227,461; 1289,222; 7,11485
 213,53;  288,181;  188,154; 1314,558; 8,88015
 214,13;  316,469;  226,402; 1415,689; 7,57320
 214,73;  297,331;  201,853; 1397,602; 7,98483
 215,33;  296,064;  184,540; 1424,012; 8,99776
 215,93;  332,821;  215,319; 1509,203; 9,08131
 216,53;  294,948;  182,999; 1549,701; 8,19119
 217,13;  367,793;  229,317; 1754,598; 9,07869
 217,73;  348,016;  211,627; 1890,145; 8,12551
 218,33;  321,698;  159,788; 2009,520; 8,75316
 218,93;  374,342;  200,187; 2222,880; 8,61006
 219,53;  395,450;  209,096; 2473,607; 8,22930
 220,13;  381,435;  168,253; 2676,562; 8,49903
 220,73;  429,182;  183,848; 2897,339; 9,04128
 221,32;  472,045;  194,231; 3228,010; 9,15735
 221,92;  496,551;  205,637; 3512,262; 8,79792
 222,52;  506,332;  185,936; 3850,595; 8,74285
 223,12;  551,585;  202,629; 4154,777; 8,82954
 223,72;  597,029;  202,552; 4442,479; 9,30385
 224,32;  632,004;  218,169; 4695,358; 9,24320
 224,92;  628,898;  194,861; 4986,969; 9,05733
 225,52;  678,999;  216,466; 5204,946; 9,27202
 226,12;  693,104;  207,394; 5421,932; 9,31453
 226,72;  700,652;  167,085; 5674,397; 9,68834
 227,31;  731,930;  162,393; 5958,700; 9,82587
 227,91;  796,228;  206,080; 6259,781; 9,74855
 228,51;  814,449;  186,841; 6540,173; 9,87840
 229,11;  872,721;  198,008; 6808,640;10,20648
 229,71;  892,915;  184,076; 7030,669;10,35317
 230,31;  924,729;  171,095; 7295,540;10,57816
 230,91;  948,876;  180,452; 7617,211;10,33277
 231,51; 1011,063;  179,089; 7715,141;11,03992
 232,10; 1039,497;  182,096; 8018,679;10,94100
 232,70; 1084,175;  188,676; 8177,307;11,20966
 233,30; 1148,259;  217,703; 8350,021;11,44270
 233,90; 1149,538;  187,857; 8449,862;11,63980
 234,50; 1162,818;  185,012; 8488,792;11,77543
 235,10; 1188,206;  188,938; 8539,815;11,96602
 235,70; 1219,154;  212,080; 8541,038;12,09124
 236,29; 1244,220;  208,692; 8462,720;12,54573
 236,89; 1208,404;  178,915; 8335,670;12,62131
 237,49; 1263,858;  202,086; 8284,122;13,13743
 238,09; 1226,719;  197,468; 8037,628;13,12794
 238,69; 1278,018;  236,987; 7870,431;13,63776
 239,29; 1209,809;  194,313; 7559,504;13,78778
 239,89; 1207,511;  198,377; 7327,213;14,15567
 240,48; 1163,074;  173,929; 6993,393;14,50473
 241,08; 1167,064;  197,158; 6689,547;14,93913
 241,68; 1152,006;  213,007; 6457,765;15,03659
 242,28; 1095,251;  177,010; 6197,802;15,25117
 242,88; 1111,836;  229,864; 5992,699;15,30448
 243,48; 1103,261;  221,009; 5756,805;15,93722
 244,07; 1076,891;  197,080; 5527,084;16,50676
 244,67; 1065,380;  209,777; 5455,762;16,30968
 245,27; 1071,349;  215,305; 5305,526;16,81742
 245,87; 1057,695;  215,324; 5221,882;16,82535
 246,47; 1060,455;  201,228; 5209,915;17,15474
 247,06; 1067,025;  189,313; 5239,232;17,38072
 247,66; 1070,925;  185,392; 5316,585;17,25785
 248,26; 1101,428;  213,076; 5425,383;17,04335
 248,86; 1134,035;  215,921; 5570,088;17,14765
 249,46; 1122,773;  168,166; 5675,054;17,33480
 250,05; 1228,110;  211,544; 6009,604;17,53287
 250,65; 1240,824;  171,688; 6240,863;17,61583
 251,25; 1310,269;  193,850; 6614,338;17,38838
 251,85; 1378,005;  184,223; 7093,629;17,27764
 252,44; 1431,092;  164,538; 7571,467;17,09958
 253,04; 1561,259;  199,232; 8174,570;17,07798
 253,64; 1618,976;  157,379; 8767,774;16,97479
 254,24; 1762,128;  200,082; 9478,595;16,83509
 254,84; 1860,543;  172,012;10257,439;16,74228
 255,43; 2004,379;  186,462;11031,142;16,76321
 256,03; 2125,153;  198,842;11853,495;16,52826
 256,63; 2254,144;  206,299;12771,742;16,29744
 257,23; 2341,200;  179,915;13544,725;16,17146
 257,82; 2500,925;  201,909;14379,225;16,21616
 258,42; 2582,096;  162,444;15139,603;16,15562
 259,02; 2760,262;  225,001;15947,289;16,12527
 259,62; 2780,039;  188,365;16612,532;15,77964
 260,21; 2889,030;  193,846;17115,046;15,92785
 260,81; 2935,525;  176,701;17634,760;15,80258
 261,41; 2992,198;  171,677;18020,259;15,80249
 262,01; 3095,512;  219,978;18522,165;15,71142
 262,60; 3060,508;  176,915;18934,571;15,37288
 263,20; 3132,122;  181,382;19289,783;15,44211
 263,80; 3146,977;  222,978;19399,422;15,24787
 264,40; 3141,884;  173,979;19628,751;15,25540
 264,99; 3173,262;  200,362;19835,163;15,14097
 265,59; 3193,075;  178,506;20062,065;15,16111
 266,19; 3179,882;  186,901;20270,509;14,90261
 266,78; 3221,901;  231,435;20329,672;14,87925
 267,38; 3207,747;  204,585;20445,829;14,83685
 267,98; 3168,558;  197,050;20384,383;14,71966
 268,58; 3163,872;  206,431;20423,055;14,62876
 269,17; 3158,911;  193,040;20511,147;14,59718
 269,77; 3115,643;  201,220;20362,507;14,45554
 270,37; 3083,265;  167,284;20290,728;14,49046
 270,96; 3088,602;  226,755;20181,184;14,34191
 271,56; 3058,730;  194,915;20013,660;14,45003
 272,16; 3000,805;  185,984;19871,963;14,29861
 272,75; 2994,553;  186,600;19777,177;14,33318
 273,35; 2971,563;  199,371;19738,407;14,18797
 273,95; 2964,920;  190,908;19719,110;14,20516
 274,54; 2961,729;  185,005;19740,631;14,19910
 275,14; 3045,512;  217,064;20026,308;14,27843
 275,74; 2976,003;  180,830;20116,163;14,02120
 276,33; 3075,215;  231,989;20438,846;14,07060
 276,93; 3091,094;  208,700;20738,010;14,04039
 277,53; 3155,971;  199,077;21133,268;14,12471
 278,12; 3240,989;  176,686;21528,804;14,35128
 278,72; 3364,549;  248,460;22106,429;14,25607
 279,32; 3392,665;  191,229;22551,898;14,31726
 279,91; 3480,684;  172,150;23104,134;14,42760
 280,51; 3587,228;  185,616;23531,169;14,57071
 281,11; 3695,886;  193,534;24182,668;14,59974
 281,70; 3777,573;  170,380;24554,707;14,79308
 282,30; 3886,269;  187,068;25101,891;14,84739
 282,90; 3993,686;  193,068;25471,615;15,03495
 283,49; 4112,776;  209,449;25919,417;15,18216
 284,09; 4253,503;  224,610;26278,145;15,46390
 284,69; 4347,639;  230,151;26511,766;15,66680
 285,28; 4475,598;  214,379;26817,597;16,01768
 285,88; 4660,146;  273,369;27067,764;16,37200
 286,47; 4660,858;  200,145;27123,605;16,56813
 287,07; 4807,760;  218,613;27237,735;16,98481
 287,67; 4947,184;  210,701;27300,344;17,48448
 288,26; 5060,056;  186,613;27252,028;18,00616
 288,86; 5218,932;  192,225;27300,806;18,54286
 289,46; 5382,110;  222,535;27496,000;18,91793
 290,05; 5583,979;  187,003;27544,021;19,72794
 290,65; 5800,545;  191,605;27630,259;20,44175
 291,24; 6031,197;  205,768;27853,230;21,07039
 291,84; 6257,375;  204,069;27929,357;21,83316
 292,44; 6462,958;  202,164;28065,074;22,46999
 293,03; 6779,259;  288,229;28195,881;23,25896
 293,63; 6925,503;  202,530;28307,225;23,92117
 294,22; 7147,901;  223,688;28387,324;24,58565
 294,82; 7271,525;  188,518;28425,575;25,08408
 295,41; 7374,342;  172,841;28193,322;25,70085
 296,01; 7527,756;  219,675;28287,726;26,03701
 296,61; 7570,200;  214,460;27993,795;26,47918
 297,20; 7598,024;  198,599;27694,641;26,91087
 297,80; 7731,022;  208,005;27639,821;27,42442
 298,39; 7654,620;  176,146;27317,860;27,55344
 298,99; 7761,863;  220,294;27123,112;28,03264
 299,58; 7735,091;  206,931;27088,830;28,00457
 300,18; 7769,497;  220,543;26797,466;28,40417
 300,78; 7702,562;  194,385;26575,916;28,45997
 301,37; 7737,461;  211,822;26507,070;28,61977
 301,97; 7812,388;  215,612;26593,456;28,79984
 302,56; 7755,773;  194,760;26490,617;28,75363
 303,16; 7772,393;  176,065;26455,659;28,90580
 303,75; 7757,564;  192,617;26478,159;28,77988
 304,35; 7915,819;  187,244;26585,111;29,27727
 304,94; 7882,799;  207,228;26706,435;28,96529
 305,54; 7915,583;  212,846;26657,780;29,12746
 306,13; 7831,106;  167,552;26586,556;29,00773
 306,73; 7828,683;  180,010;26378,951;29,19459
 307,33; 7841,806;  208,624;26409,320;29,13351
 307,92; 7912,904;  203,076;26474,040;29,34734
 308,52; 7926,645;  179,680;26876,137;29,01870
 309,11; 8092,473;  197,059;27248,000;29,18721
 309,71; 8177,988;  176,055;27509,283;29,27548
 310,30; 8212,925;  182,998;27618,826;29,26803
 310,90; 8297,156;  225,537;27993,749;29,06784
 311,49; 8331,994;  198,767;28160,223;29,08728
 312,09; 8355,680;  159,543;28215,855;29,21317
 312,68; 8541,181;  257,693;28657,328;29,16759
 313,28; 8514,442;  164,230;28712,194;29,24977
 313,87; 8495,346;  161,613;28832,961;29,06641
 314,47; 8535,731;  189,676;29113,451;28,85535
 315,06; 8555,824;  166,307;29214,398;28,88147
 315,66; 8648,064;  179,158;29361,855;29,02030
 316,25; 8589,709;  164,528;29280,108;28,93702
 316,85; 8556,215;  157,620;29352,905;28,76696
 317,44; 8574,928;  186,136;29534,562;28,58345
 318,04; 8596,254;  170,222;29532,389;28,69690
 318,63; 8545,544;  169,933;29578,915;28,47977
 319,22; 8552,241;  195,836;29797,747;28,22927
 319,82; 8518,432;  196,455;29891,121;28,02516
 320,41; 8465,066;  196,836;29750,807;27,97671
 321,01; 8477,536;  208,619;29829,089;27,91623
 321,60; 8469,382;  193,225;29950,561;27,81216
 322,20; 8394,545;  174,922;29912,787;27,64026
 322,79; 8414,377;  227,461;30027,131;27,47318
 323,39; 8338,584;  183,628;30205,612;27,16328
 323,98; 8381,352;  176,000;30053,010;27,46377
 324,58; 8301,044;  180,680;30076,409;27,16229
 325,17; 8211,211;  191,451;29827,512;27,06082
 325,76; 8171,257;  212,459;29796,562;26,90228
 326,36; 8080,722;  170,849;29455,889;27,00995
 326,95; 7984,745;  214,533;29256,851;26,75479
 327,55; 7870,344;  177,839;28950,184;26,73576
 328,14; 7739,367;  176,852;28655,813;26,55474
 328,74; 7676,252;  207,529;28357,685;26,53173
 329,33; 7555,557;  198,233;28001,182;26,46239
 329,92; 7385,345;  169,905;27578,517;26,32545
 330,52; 7232,899;  202,391;27071,145;26,16611
 331,11; 7081,627;  188,763;26659,448;26,03961
 331,71; 6961,838;  186,304;26110,904;26,13554
 332,30; 6861,953;  210,305;25744,973;26,04948
 332,89; 6749,549;  247,771;25406,195;25,84334
 333,49; 6533,298;  199,533;24820,277;25,72532
 334,08; 6393,637;  191,224;24576,143;25,43545
 334,68; 6274,143;  190,763;24130,573;25,41115
 335,27; 6231,868;  208,085;23804,817;25,52804
 335,86; 6184,781;  248,533;23590,986;25,43112
 336,46; 6034,048;  195,470;23334,180;25,23294
 337,05; 5967,136;  190,302;23243,981;25,05819
 337,65; 5900,850;  172,916;23123,537;24,95764
 338,24; 5917,770;  234,615;23170,426;24,77852
 338,83; 5864,012;  207,693;23017,364;24,79790
 339,43; 5834,658;  183,990;22994,932;24,77174
 340,02; 5780,730;  191,527;22898,048;24,61497
 340,61; 5773,809;  189,691;22949,126;24,53540
 341,21; 5794,483;  228,298;22993,608;24,45029
 341,80; 5757,915;  189,147;22920,753;24,49791
 342,40; 5744,449;  194,700;23004,928;24,33009
 342,99; 5761,395;  183,848;23084,502;24,35540
 343,58; 5752,865;  182,387;23200,182;24,20074
 344,18; 5781,133;  207,157;23328,944;24,10703
 344,77; 5787,224;  180,219;23705,233;23,83423
 345,36; 5853,360;  173,764;23848,774;23,98984
 345,96; 5976,510;  213,772;24153,803;24,07155
 346,55; 5977,456;  177,090;24409,667;23,93623
 347,14; 6028,109;  185,546;24665,512;23,86671
 347,74; 6068,895;  163,021;25014,474;23,76470
 348,33; 6193,355;  187,943;25613,001;23,62005
 348,92; 6303,556;  202,872;26127,374;23,53250
 349,52; 6357,630;  167,946;26485,427;23,51929
 350,11; 6454,648;  194,526;26767,472;23,55825
 350,70; 6465,688;  182,845;26777,542;23,62442
 351,29; 6379,949;  171,588;26590,436;23,49974
 351,89; 6357,535;  198,443;26669,498;23,26727
 352,48; 6357,182;  157,845;26661,035;23,39091
 353,07; 6367,726;  203,855;26551,755;23,39416
 353,67; 6327,378;  202,796;26569,638;23,22835
 354,26; 6278,508;  192,007;26357,553;23,26151
 354,85; 6223,721;  196,543;26287,028;23,10106
 355,45; 6159,002;  165,300;26074,910;23,13312
 356,04; 6151,994;  183,856;26035,901;23,08575
 356,63; 6165,387;  217,841;25887,445;23,16960
 357,22; 6115,451;  188,284;25684,067;23,24764
 357,82; 6029,668;  197,749;25575,023;22,98087
 358,41; 6090,063;  215,997;25518,235;23,21560
 359,00; 5993,057;  174,451;25263,127;23,19216
 359,60; 5993,447;  189,923;25297,155;23,11495
 360,19; 5971,245;  218,395;25075,980;23,14324
 360,78; 5932,743;  207,378;24984,224;23,10772
 361,37; 5871,187;  184,070;24777,234;23,12479
 361,97; 5887,040;  186,534;24738,514;23,21811
 362,56; 5839,575;  186,603;24484,037;23,26572
 363,15; 5891,918;  254,147;24243,626;23,50102
 363,74; 5747,267;  196,446;23906,963;23,41080
 364,34; 5699,445;  206,759;23626,308;23,45343
 364,93; 5602,892;  186,217;23303,501;23,43128
 365,52; 5509,012;  166,840;22934,755;23,46360
 366,11; 5472,226;  182,067;22673,476;23,52080
 366,71; 5410,933;  180,451;22356,055;23,58665
 367,30; 5364,562;  185,379;22033,539;23,70535
 367,89; 5380,570;  224,851;21824,824;23,86910
 368,48; 5302,923;  202,985;21518,905;23,92549
 369,07; 5217,688;  197,999;21141,542;23,96772
 369,67; 5172,957;  219,909;20889,256;23,96326
 370,26; 5135,113;  182,845;20734,330;24,09689
 370,85; 5110,920;  194,994;20510,791;24,19755
 371,44; 5065,797;  194,611;20207,808;24,33987
 372,03; 4998,537;  178,759;20081,656;24,21647
 372,63; 4969,896;  158,764;19817,902;24,47275
 373,22; 4954,680;  186,383;19522,554;24,65998
 373,81; 4902,905;  167,379;19288,135;24,76642
 374,40; 4894,921;  191,083;19059,700;24,92942
 374,99; 4823,768;  187,531;18840,191;24,85563
 375,59; 4804,575;  173,236;18550,554;25,20139
 376,18; 4847,054;  211,916;18469,943;25,38685
 376,77; 4851,051;  204,689;18300,759;25,67608
 377,36; 4879,107;  228,609;18219,592;25,84905
 377,95; 4835,205;  198,067;18053,613;25,97029
 378,55; 4766,843;  184,388;17895,089;25,87394
 379,14; 4800,092;  204,071;17767,705;26,16783
 379,73; 4819,476;  195,298;17690,555;26,43104
 380,32; 4813,054;  199,611;17766,247;26,26253
 380,91; 4804,624;  164,755;17609,970;26,59680
 381,50; 4872,326;  198,372;17563,585;26,91561
 382,10; 4879,901;  188,765;17476,863;27,13506
 382,69; 4877,355;  174,455;17450,659;27,22184
 383,28; 4941,976;  216,450;17362,704;27,56010
 383,87; 4952,331;  182,219;17265,777;27,92224
 384,46; 4967,185;  164,518;17255,544;28,10052
 385,05; 4986,849;  214,987;17254,467;28,00474
 385,64; 5020,457;  198,220;17195,168;28,37119
 386,24; 5024,605;  168,826;17099,217;28,68085
 386,83; 5101,018;  208,901;17211,441;28,77286
 387,42; 5188,575;  201,682;17266,572;29,22311
 388,01; 5265,338;  198,663;17429,401;29,40486
 388,60; 5353,157;  201,827;17664,243;29,49952
 389,19; 5465,268;  178,192;17864,311;29,89393
 389,78; 5546,875;  182,040;18052,781;30,02021
 390,37; 5782,062;  259,822;18453,798;30,35202
 390,96; 5804,656;  199,364;18560,701;30,52769
 391,56; 5937,285;  199,650;18717,151;30,98493
 392,15; 6024,980;  190,658;18977,386;31,05555
 392,74; 6107,002;  161,637;19111,362;31,37441
 393,33; 6260,745;  193,187;19398,293;31,59346
 393,92; 6407,484;  193,707;19700,617;31,85424
 394,51; 6524,719;  175,341;19822,392;32,31721
 395,10; 6642,570;  218,765;19999,641;32,47483
 395,69; 6731,863;  206,845;20137,443;32,73870
 396,28; 6817,613;  216,911;20258,067;32,93573
 396,87; 6836,236;  210,125;20373,845;32,86155
 397,46; 6966,368;  215,959;20493,534;33,29002
 398,06; 7126,361;  225,483;20622,499;33,83278
 398,65; 7173,363;  208,757;20636,641;34,09362
 399,24; 7312,212;  219,366;20796,444;34,46965
 399,83; 7312,035;  187,238;20856,256;34,47090
 400,42; 7439,462;  240,577;21012,739;34,65641
 401,01; 7505,130;  215,524;21087,386;34,92552
 401,60; 7568,536;  223,145;21138,279;35,11998
 402,19; 7658,781;  233,166;21078,168;35,62300
 402,78; 7676,750;  249,617;21127,738;35,57376
 403,37; 7672,967;  218,919;20935,742;35,98065
 403,96; 7687,462;  231,669;20779,155;36,28567
 404,55; 7735,611;  238,637;20751,190;36,54822
 405,14; 7706,779;  205,924;20620,601;36,74246
 405,73; 7763,487;  236,656;20497,890;37,14893
 406,32; 7865,065;  238,578;20450,859;37,73195
 406,91; 7767,702;  235,874;20268,697;37,59744
 407,50; 7812,253;  241,828;20153,636;38,01978
 408,09; 7761,363;  210,334;19893,949;38,36201
 408,68; 7803,225;  232,157;19816,876;38,65804
 409,27; 7802,573;  215,571;19595,694;39,14837
 409,86; 7742,014;  228,948;19514,892;38,95617
 410,45; 7834,548;  267,392;19435,618;39,47760
 411,04; 7842,791;  268,759;19411,397;39,56629
 411,63; 7807,544;  245,684;19123,996;40,05581
 412,22; 7746,247;  258,831;18952,364;40,05351
 412,81; 7738,475;  258,318;18779,386;40,38729
 413,40; 7681,907;  260,273;18463,100;40,77187
 413,99; 7683,590;  312,186;18207,738;41,19126
 414,58; 7514,203;  237,039;17843,012;41,33349
 415,17; 7474,765;  254,626;17692,703;41,40444
 415,76; 7409,888;  236,598;17545,422;41,44296
 416,35; 7369,916;  233,227;17356,860;41,67742
 416,94; 7465,657;  269,219;17355,646;42,11786
 417,53; 7630,405;  246,858;17606,897;42,53185
 418,12; 7693,786;  249,480;17644,479;42,79567
 418,71; 7904,805;  261,043;17986,133;43,12397
 419,30; 7959,438;  238,406;18005,533;43,45684
 419,89; 8094,104;  228,412;18178,779;43,81912
 420,48; 8267,648;  269,428;18472,722;43,93831
 421,07; 8288,501;  254,741;18550,845;43,90967
 421,66; 8370,336;  229,987;18514,429;44,52063
 422,25; 8454,319;  240,476;18497,099;44,99103
 422,84; 8448,722;  266,174;18497,313;44,88226
 423,43; 8383,813;  245,777;18308,137;45,05522
 424,02; 8341,358;  270,167;18092,491;45,28697
 424,60; 8237,836;  244,509;17609,339;46,03170
 425,19; 8167,287;  257,799;17462,204;45,97362
 425,78; 8176,315;  259,955;17419,886;46,13282
 426,37; 8144,531;  266,274;17259,831;46,36026
 426,96; 8127,744;  250,505;17090,302;46,77752
 427,55; 8108,277;  241,755;17017,382;46,89256
 428,14; 8094,716;  234,533;16879,419;47,22281
 428,73; 8037,520;  242,748;16650,264;47,50733
 429,32; 8099,335;  265,273;16662,877;47,77565
 429,91; 8104,265;  276,749;16661,836;47,77220
 430,50; 8065,874;  259,758;16514,311;48,02418
 431,08; 8040,223;  258,845;16352,858;48,34952
 431,67; 8079,670;  305,470;16345,268;48,46820
 432,26; 7990,062;  329,555;16180,310;48,32897
 432,85; 7958,443;  333,245;15898,595;48,98829
 433,44; 7810,913;  345,488;15564,569;49,05306
 434,03; 7671,722;  349,583;15259,863;49,10800
 434,62; 7557,980;  316,797;14931,104;49,54859
 435,21; 7462,258;  326,246;14753,191;49,46309
 435,79; 7422,788;  330,807;14661,855;49,48682
 436,38; 7452,032;  333,516;14506,325;50,22657
 436,97; 7400,885;  316,519;14432,759;50,18593
 437,56; 7316,459;  313,775;14244,313;50,26858
 438,15; 7315,879;  295,768;14219,147;50,41959
 438,74; 7364,776;  313,232;14148,550;50,96770
 439,33; 7385,072;  293,229;14180,539;51,06708
 439,91; 7436,372;  268,471;14231,229;51,33585
 440,50; 7547,022;  312,626;14286,734;51,77000
 441,09; 7590,292;  312,641;14376,108;51,74863
 441,68; 7603,080;  283,733;14340,004;52,07176
 442,27; 7639,420;  258,419;14375,504;52,28418
 442,86; 7596,698;  255,297;14364,834;52,03148
 443,44; 7689,456;  267,444;14369,365;52,63121
 444,03; 7769,538;  354,451;14469,857;52,53187
 444,62; 7692,215;  274,990;14353,817;52,68355
 445,21; 7689,485;  282,678;14146,289;53,42625
 445,80; 7692,324;  319,003;14134,127;53,37137
 446,39; 7594,862;  337,693;13924,745;53,41239
 446,97; 7477,139;  277,405;13697,551;53,64871
 447,56; 7379,498;  270,189;13550,324;53,53341
 448,15; 7331,297;  270,020;13335,577;54,04497
 448,74; 7277,878;  294,483;13213,992;54,05309
 449,33; 7258,572;  276,263;13066,916;54,58915
 449,91; 7138,659;  271,973;12833,667;54,66370
 450,50; 7076,325;  273,123;12610,616;55,14250
 451,09; 7020,181;  297,356;12567,923;54,78822
 451,68; 7019,172;  316,901;12512,451;54,95669
 452,26; 7034,049;  308,601;12451,768;55,38463
 452,85; 6960,157;  277,981;12334,253;55,42489
 453,44; 7004,988;  293,927;12352,326;55,65466
 454,03; 6977,169;  270,529;12310,949;55,70105
 454,61; 7013,741;  259,775;12317,578;56,01324
 455,20; 7133,955;  288,629;12445,746;56,30715
 455,79; 7160,063;  310,231;12439,780;56,47227
 456,38; 7247,491;  314,257;12505,552;56,87037
 456,97; 7280,391;  279,022;12522,450;57,18471
 457,55; 7322,539;  285,186;12567,924;57,29466
 458,14; 7354,160;  313,327;12592,761;57,33842
 458,73; 7316,445;  294,649;12528,638;57,39581
 459,31; 7382,628;  319,278;12473,229;58,11567
 459,90; 7410,658;  349,117;12643,486;57,43720
 460,49; 7575,518;  400,036;12683,135;58,41752
 461,08; 7516,435;  293,516;12746,522;58,00141
 461,66; 7588,480;  311,355;12823,436;58,16079
 462,25; 7639,556;  306,215;12877,176;58,33557
 462,84; 7701,418;  322,825;12931,928;58,51799
 463,43; 7639,077;  263,230;12869,014;58,51161
 464,01; 7681,994;  300,622;12926,646;58,46157
 464,60; 7703,869;  347,840;12897,896;58,61352
 465,19; 7567,614;  281,626;12640,527;58,95337
 465,77; 7593,107;  295,864;12610,536;59,25650
 466,36; 7564,553;  325,769;12550,362;59,21493
 466,95; 7408,120;  301,309;12293,583;59,26158
 467,53; 7279,052;  304,719;12035,312;59,45423
 468,12; 7160,692;  336,105;11752,659;59,77799
 468,71; 7022,320;  313,858;11643,245;59,21293
 469,29; 6899,749;  282,954;11378,346;59,63553
 469,88; 6796,164;  303,960;11143,652;59,89288
 470,47; 6928,249;  355,588;11224,241;60,47356
 471,06; 6851,950;  321,281;11254,536;59,73215
 471,64; 6969,249;  319,200;11284,244;60,64772
 472,23; 6957,926;  292,919;11278,622;60,66983
 472,81; 7010,050;  285,368;11343,323;60,81307
 473,40; 7076,890;  299,458;11486,102;60,58503
 473,99; 7274,689;  413,381;11748,645;60,53064
 474,57; 7308,189;  296,149;11798,268;60,96303
 475,16; 7480,592;  315,601;11923,885;61,72308
 475,75; 7507,722;  339,544;12057,435;61,17293
 476,33; 7556,771;  333,170;12091,432;61,43426
 476,92; 7571,420;  336,922;12165,496;61,16121
 477,51; 7638,249;  330,934;12189,260;61,62181
 478,09; 7677,000;  333,242;12269,654;61,52400
 478,68; 7675,697;  334,246;12203,151;61,85450
 479,27; 7751,023;  356,467;12234,690;62,25305
 479,85; 7672,242;  320,399;12195,204;61,91128
 480,44; 7793,007;  326,789;12298,005;62,36808
 481,02; 8463,194;  331,798;13413,795;62,15715
 481,61; 9620,218;  357,717;15182,380;62,48035
 482,20;10317,344;  338,798;16240,922;62,74977
 482,78;10858,642;  367,941;17006,318;63,05123
 483,37;11137,021;  367,043;17398,314;63,23649
 483,95;11332,409;  379,661;17674,875;63,32820
 484,54;11448,158;  396,408;17882,667;63,20248
 485,13;11431,463;  367,288;17786,909;63,51559
 485,71;11248,535;  338,514;17598,029;63,21163
 486,30;11179,133;  375,284;17381,423;63,52911
 486,88;10999,133;  429,825;17060,881;63,55163
 487,47;10647,979;  395,059;16442,339;63,89195
 488,05;10125,450;  379,064;15657,027;63,79376
 488,64; 9432,837;  390,459;14677,259;63,29184
 489,23; 8449,007;  388,067;13084,321;63,49069
 489,81; 7252,190;  392,378;11198,707;63,47958
 490,40; 6837,461;  349,688;10533,634;63,70588
 490,98; 6699,569;  327,769;10288,186;63,97122
 491,57; 6631,485;  365,146;10244,758;63,42697
 492,15; 6580,674;  337,233;10192,175;63,35340
 492,74; 6547,979;  337,604;10155,486;63,25576
 493,32; 6524,593;  359,307;10022,383;63,80252
 493,91; 6448,482;  335,007; 9935,330;63,67989
 494,50; 6466,926;  339,180; 9968,010;63,63957
 495,08; 6395,874;  319,409; 9834,592;63,86072
 495,67; 6427,191;  348,006; 9843,693;64,02049
 496,25; 6371,438;  285,478; 9699,658;64,64674
 496,84; 6322,999;  305,312; 9702,085;64,03993
 497,42; 6333,432;  304,481; 9685,986;64,26422
 498,01; 6318,391;  335,930; 9634,058;64,34048
 498,59; 6257,339;  301,329; 9556,546;64,35300
 499,18; 6216,363;  280,855; 9491,296;64,44326
 499,76; 6231,435;  326,709; 9478,555;64,51951
 500,35; 6093,848;  303,031; 9312,453;64,27512
 500,93; 6078,116;  301,327; 9240,306;64,62471
 501,52; 6054,265;  299,560; 9194,572;64,69587
 502,10; 6022,788;  318,576; 9152,037;64,57505
 502,69; 5960,415;  300,891; 9029,198;64,84103
 503,27; 5825,319;  279,257; 8861,306;64,62399
 503,86; 5825,935;  288,503; 8797,288;65,07900
 504,44; 5723,042;  272,971; 8708,286;64,61016
 505,03; 5572,057;  252,817; 8508,634;64,43020
 505,61; 5509,376;  276,661; 8425,575;64,21364
 506,19; 5468,155;  296,817; 8268,267;64,87324
 506,78; 5363,615;  274,907; 8076,315;65,22808
 507,36; 5271,129;  280,970; 7987,981;64,74830
 507,95; 5184,308;  284,760; 7814,231;65,07161
 508,53; 5085,527;  282,446; 7747,608;64,33994
 509,12; 5011,668;  282,373; 7590,498;64,71283
 509,70; 4947,558;  300,607; 7523,310;64,33812
 510,29; 4859,475;  323,768; 7383,942;64,24356
 510,87; 4728,036;  283,138; 7199,757;64,26403
 511,46; 4665,006;  276,371; 7061,749;64,67783
 512,04; 4600,872;  279,225; 6948,436;64,79998
 512,62; 4473,142;  288,372; 6838,605;63,88736
 513,21; 4397,714;  269,461; 6689,776;64,29986
 513,79; 4355,963;  273,636; 6539,972;65,14696
 514,38; 4230,621;  259,705; 6423,167;64,42671
 514,96; 4214,096;  304,550; 6355,043;64,61533
 515,54; 4072,449;  261,939; 6225,250;63,89924
 516,13; 4055,019;  289,325; 6182,036;63,90427
 516,71; 3965,008;  270,488; 6008,011;64,39225
 517,30; 3887,208;  254,496; 5922,215;64,09478
 517,88; 3807,691;  286,110; 5885,770;62,88918
 518,46; 3768,267;  264,422; 5762,144;63,73267
 519,05; 3739,498;  272,120; 5726,291;63,57296
 519,63; 3658,391;  270,656; 5687,597;62,53964
 520,22; 3654,799;  288,130; 5642,304;62,87934
 520,80; 3579,464;  273,901; 5538,618;62,78709
 521,38; 3609,148;  313,968; 5568,410;62,71226
 521,97; 3552,387;  266,753; 5485,150;62,96252
 522,55; 3535,881;  274,753; 5459,027;62,90425
 523,13; 3526,356;  268,219; 5458,972;62,76810
 523,72; 3535,365;  274,729; 5441,238;63,11101
 524,30; 3612,561;  308,071; 5573,295;62,76067
 524,89; 3552,052;  249,908; 5574,926;62,01188
 525,47; 3646,242;  283,997; 5666,969;62,46075
 526,05; 3661,365;  255,383; 5674,180;62,85494
 526,64; 3714,835;  293,156; 5810,242;62,01968
 527,22; 3781,553;  276,996; 5914,534;62,16466
 527,80; 3865,966;  329,078; 6016,213;62,19102
 528,39; 3862,777;  276,468; 6128,932;61,27862
 528,97; 3965,635;  274,234; 6225,796;62,02407
 529,55; 4054,463;  285,450; 6379,362;61,84882
 530,14; 4169,020;  307,317; 6543,020;61,92891
 530,72; 4197,771;  271,388; 6616,652;61,87895
 531,30; 4282,300;  263,626; 6770,719;61,75836
 531,89; 4316,270;  281,934; 6826,791;61,64132
 532,47; 4395,853;  317,168; 6933,295;61,64763
 533,05; 4422,368;  305,385; 6997,434;61,52051
 533,63; 4425,328;  313,631; 6987,628;61,60771
 534,22; 4401,833;  282,247; 7078,289;60,61744
 534,80; 4485,742;  312,333; 7062,469;61,82704
 535,38; 4570,932;  395,474; 7241,848;60,98787
 535,97; 4467,018;  293,168; 7128,232;61,06527
 536,55; 4544,498;  351,565; 7245,824;60,81775
 537,13; 4466,123;  348,548; 7246,844;59,68973
 537,71; 4514,458;  387,393; 7261,991;60,03355
 538,30; 4555,969;  398,019; 7326,295;60,01421
 538,88; 4560,906;  438,572; 7411,922;59,11555
 539,46; 4673,006;  492,025; 7570,423;59,06677
 540,05; 4758,507;  502,722; 7642,116;59,60989
 540,63; 4824,225;  548,184; 7865,556;58,43684
 541,21; 4891,646;  584,574; 7964,837;58,35933
 541,79; 4919,232;  604,651; 8079,602;57,72053
 542,38; 5000,073;  632,259; 8208,878;57,64858
 542,96; 5090,542;  653,197; 8359,145;57,58337
 543,54; 5195,227;  680,573; 8532,256;57,49919
 544,12; 5201,307;  639,730; 8665,817;56,83438
 544,70; 5242,872;  621,121; 8719,558;57,06967
 545,29; 5354,685;  637,952; 8871,852;57,28431
 545,87; 5375,078;  624,267; 8862,217;57,66982
 546,45; 5359,863;  571,105; 8906,742;57,44922
 547,03; 5366,247;  557,264; 8973,646;57,13836
 547,62; 5447,545;  522,498; 9106,178;57,37686
 548,20; 5488,276;  523,734; 9180,871;57,34624
 548,78; 5509,321;  470,984; 9295,665;57,09371
 549,36; 5573,832;  466,059; 9464,290;56,76419
 549,94; 5641,258;  410,039; 9535,576;57,32505
 550,53; 5758,139;  426,594; 9788,909;56,94687
 551,11; 5769,362;  391,295; 9900,834;56,55445
 551,69; 5920,175;  407,904;10197,041;56,31009
 552,27; 6014,057;  350,206;10408,567;56,30989
 552,85; 6135,073;  368,910;10748,132;55,55486
 553,44; 6305,563;  372,289;10951,144;56,08617
 554,02; 6435,640;  388,753;11263,525;55,60473
 554,60; 6537,166;  328,296;11506,415;55,54485
 555,18; 6695,110;  349,674;11870,363;55,07862
 555,76; 6886,501;  347,446;12109,951;55,59237
 556,34; 6998,204;  353,226;12480,324;54,79446
 556,93; 7158,565;  342,905;12777,771;54,81088
 557,51; 7266,523;  317,842;13084,107;54,43002
 558,09; 7485,905;  352,982;13410,418;54,62729
 558,67; 7608,589;  335,078;13798,625;54,02373
 559,25; 7693,515;  349,613;13959,655;53,95944
 559,83; 7784,327;  338,006;14293,909;53,35607
 560,41; 7957,058;  322,608;14516,084;53,78844
 561,00; 8062,003;  332,848;14828,245;53,32144
 561,58; 8121,603;  320,223;15079,368;52,85794
 562,16; 8245,022;  331,757;15335,880;52,74060
 562,74; 8371,531;  302,215;15613,263;52,70257
 563,32; 8541,806;  303,544;15972,823;52,57589
 563,90; 8666,142;  333,771;16341,127;52,05339
 564,48; 8848,297;  331,145;16693,153;52,05444
 565,06; 9003,954;  331,847;17211,007;51,37760
 565,65; 9291,700;  325,246;17793,346;51,33045
 566,23; 9595,970;  379,694;18389,521;51,17359
 566,81; 9777,379;  315,690;18996,107;50,65031
 567,39;10145,890;  335,316;19804,026;50,39150
 567,97;10398,901;  352,538;20317,282;50,32052
 568,55;10768,612;  360,775;21009,957;50,40314
 569,13;11002,828;  330,387;21647,612;50,06487
 569,71;11403,271;  323,756;22400,409;50,18657
 570,29;11753,722;  365,828;23327,182;49,59592
 570,87;12054,873;  371,985;23935,767;49,57985
 571,45;12262,778;  359,001;24428,606;49,45564
 572,03;12364,870;  323,087;24853,943;49,08831
 572,61;12676,846;  331,082;25450,138;49,14900
 573,20;12853,641;  344,381;26139,742;48,49422
 573,78;13066,821;  319,621;26708,325;48,30552
 574,36;13229,276;  338,619;27108,506;48,15357
 574,94;13366,082;  405,551;27449,476;47,92400
 575,52;13310,364;  353,485;27645,023;47,47581
 576,10;13550,841;  398,019;28039,620;47,58343
 576,68;13677,057;  381,318;28622,898;47,07860
 577,26;13919,791;  402,721;29190,050;46,95493
 577,84;14036,314;  397,158;29650,114;46,62488
 578,42;14142,419;  457,554;29946,016;46,40752
 579,00;14020,605;  403,391;29943,058;46,09806
 579,58;14015,386;  450,397;30223,681;45,56094
 580,16;13955,971;  413,094;30249,042;45,39114
 580,74;13988,100;  418,787;30444,152;45,19283
 581,32;13893,710;  412,091;30498,733;44,80932
 581,90;13826,820;  435,632;30401,376;44,68832
 582,48;13811,908;  412,863;30496,467;44,53936
 583,06;13786,643;  419,167;30621,582;44,25963
 583,64;13788,052;  423,858;30735,702;44,08902
 584,22;13585,648;  433,949;30613,298;43,57847
 584,80;13408,584;  442,400;30388,107;43,29897
 585,38;13209,533;  450,687;30007,495;43,16720
 585,96;13148,388;  413,469;30018,699;43,01577
 586,54;12947,408;  442,332;30063,222;42,21708
 587,12;12996,142;  405,020;30251,414;42,18641
 587,70;12937,363;  443,701;30345,886;41,78177
 588,28;12884,314;  418,712;30312,712;41,69935
 588,86;12832,321;  421,637;30467,146;41,30629
 589,44;12722,105;  408,957;30493,173;40,92893
 590,02;12770,537;  417,493;30671,402;40,83123
 590,59;12737,873;  399,562;30822,556;40,55587
 591,17;12736,505;  407,585;31054,046;40,22951
 591,75;12683,873;  381,424;31076,923;40,07900
 592,33;12679,400;  395,343;31267,066;39,79064
 592,91;12673,120;  347,043;31531,203;39,52673
 593,49;12695,139;  363,049;31783,725;39,24833
 594,07;12784,757;  378,434;31958,598;39,28518
 594,65;12701,812;  404,025;31987,686;38,93718
 595,23;12666,126;  390,646;32329,116;38,43478
 595,81;12693,035;  370,572;32459,149;38,40140
 596,39;12619,442;  369,111;32497,639;38,12914
 596,97;12564,706;  365,966;32645,890;37,79049
 597,55;12467,028;  369,951;32691,334;37,42747
 598,12;12388,278;  351,898;32612,219;37,31017
 598,70;12339,991;  350,122;32803,474;36,94493
 599,28;12259,882;  364,969;32862,904;36,60206
 599,86;12245,075;  360,122;32915,758;36,50659
 600,44;12179,965;  331,587;33037,184;36,22737
 601,02;12170,836;  377,139;33020,826;36,12857
 601,60;12021,793;  355,962;33006,281;35,72961
 602,18;11951,332;  332,744;33049,806;35,51232
 602,75;11888,983;  343,340;33109,962;35,23599
 603,33;11793,988;  358,969;33127,909;34,89591
 603,91;11674,551;  338,134;33133,246;34,56740
 604,49;11617,428;  360,046;33224,969;34,25349
 605,07;11524,506;  378,039;33230,914;33,92844
 605,65;11522,813;  374,819;33248,965;33,91113
 606,23;11477,625;  431,407;33476,889;33,42732
 606,80;11427,030;  474,417;33416,572;33,24802
 607,38;11248,739;  516,978;33518,600;32,51889
 607,96;11234,802;  556,648;33506,445;32,40735
 608,54;11165,245;  622,280;33558,960;32,00980
 609,12;11115,997;  628,417;33625,156;31,78369
 609,70;10984,188;  656,044;33647,739;31,30528
 610,27;10982,537;  675,339;33675,248;31,23402
 610,85;10935,117;  685,659;33716,330;31,03012
 611,43;10776,900;  686,892;33632,279;30,62647
 612,01;10639,135;  648,191;33568,405;30,34896
 612,59;10656,942;  644,967;33567,852;30,41038
 613,16;10464,986;  609,565;33459,918;30,00096
 613,74;10396,186;  578,892;33408,954;29,90337
 614,32;10254,671;  554,281;33422,056;29,51337
 614,90;10173,993;  502,502;33273,877;29,51201
 615,48;10059,120;  471,259;33054,221;29,42600
 616,05; 9860,738;  438,179;32926,097;29,00327
 616,63; 9801,357;  443,637;32834,665;28,88985
 617,21; 9737,523;  429,108;32742,823;28,80639
 617,79; 9671,348;  418,881;32679,879;28,68004
 618,36; 9569,477;  428,500;32573,986;28,43627
 618,94; 9369,986;  363,952;32275,992;28,22143
 619,52; 9250,436;  387,561;32069,831;27,97424
 620,10; 9190,379;  378,418;32049,207;27,82362
 620,67; 9059,324;  388,868;31949,480;27,47240
 621,25; 8968,163;  406,885;31821,933;27,25216
 621,83; 8847,154;  384,029;31799,033;26,93975
 622,41; 8840,930;  426,567;31726,240;26,88323
 622,98; 8698,822;  388,713;31547,692;26,67003
 623,56; 8590,098;  404,712;31554,060;26,27787
 624,14; 8519,299;  374,043;31362,247;26,28502
 624,72; 8397,249;  371,875;31258,023;25,98373
 625,29; 8388,296;  350,635;31386,490;25,89798
 625,87; 8354,762;  408,342;31330,961;25,69776
 626,45; 8178,887;  357,402;31101,220;25,44084
 627,02; 8108,953;  362,036;31175,184;25,14160
 627,60; 7993,738;  344,894;31019,903;24,93510
 628,18; 7941,920;  338,956;31175,387;24,65579
 628,76; 7866,105;  339,868;31230,110;24,36445
 629,33; 7845,876;  368,796;31201,272;24,25066
 629,91; 7746,609;  359,341;31118,361;24,01659
 630,49; 7747,742;  365,409;31239,431;23,91115
 631,06; 7663,864;  359,254;31299,876;23,60848
 631,64; 7637,939;  358,788;31355,099;23,48393
 632,22; 7485,340;  330,322;31264,697;23,12967
 632,79; 7550,231;  346,629;31474,896;23,14167
 633,37; 7506,223;  321,807;31596,496;22,97198
 633,95; 7442,015;  342,017;31637,780;22,68677
 634,52; 7377,329;  324,644;31690,973;22,48489
 635,10; 7349,344;  320,724;31667,549;22,42211
 635,68; 7341,893;  330,091;31915,276;22,19966
 636,25; 7260,086;  317,238;31834,906;22,02843
 636,83; 7280,182;  302,945;32052,341;21,97597
 637,41; 7274,221;  332,474;32104,205;21,84882
 637,98; 7210,659;  348,319;32258,561;21,50513
 638,56; 7167,787;  322,389;32377,897;21,35482
 639,13; 7086,381;  304,251;32338,478;21,17151
 639,71; 7145,553;  372,869;32592,004;21,02069
 640,29; 6972,948;  281,716;32365,494;20,85550
 640,86; 6945,572;  302,716;32565,116;20,59009
 641,44; 6877,658;  299,640;32562,892;20,38858
 642,02; 6887,436;  340,178;32522,360;20,34436
 642,59; 6840,368;  308,794;32650,213;20,19569
 643,17; 6785,531;  297,333;32690,374;20,02960
 643,74; 6695,001;  303,949;32609,919;19,78288
 644,32; 6702,625;  336,180;32589,080;19,73914
 644,89; 6652,403;  323,488;32565,702;19,62928
 645,47; 6603,643;  334,104;32622,478;19,41733
 646,05; 6568,190;  335,719;32581,101;19,32826
 646,62; 6485,199;  317,028;32513,338;19,15801
 647,20; 6464,669;  320,413;32730,345;18,95794
 647,77; 6328,216;  286,567;32492,967;18,75916
 648,35; 6324,918;  289,721;32429,974;18,77769
 648,92; 6273,773;  316,106;32526,289;18,49622
 649,50; 6194,012;  282,029;32395,450;18,40969
 650,08; 6148,252;  268,184;32366,533;18,31891
 650,65; 6104,260;  294,722;32543,771;18,01460
 651,23; 6209,192;  281,415;33137,470;18,04166
 651,80; 6313,663;  275,108;34054,631;17,87638
 652,38; 6359,364;  288,339;34323,022;17,83776
 652,95; 6353,603;  264,955;34635,568;17,71469
 653,53; 6299,689;  303,340;34898,728;17,33280
 654,10; 6390,159;  329,494;35072,581;17,44423
 654,68; 6263,322;  278,725;34911,204;17,28030
 655,25; 6250,023;  276,187;35018,441;17,19473
 655,83; 6229,032;  272,264;35090,602;17,10813
 656,40; 6211,579;  310,649;35009,532;17,00611
 656,98; 6144,665;  284,265;34912,923;16,92355
 657,55; 6085,674;  287,035;34826,853;16,78827
 658,13; 6006,144;  296,881;34522,168;16,68142
 658,70; 5943,922;  317,035;34403,867;16,50751
 659,28; 5777,546;  288,882;33560,951;16,49631
 659,85; 5608,016;  308,267;32841,573;16,29023
 660,43; 5628,333;  306,960;32853,041;16,35027
 661,00; 5588,880;  281,729;32952,510;16,24433
 661,58; 5576,658;  273,345;33228,824;16,09236
 662,15; 5561,129;  275,422;33454,677;15,93076
 662,73; 5677,214;  356,884;33745,761;15,93444
 663,30; 5569,992;  291,808;33857,691;15,72485
 663,88; 5561,386;  292,731;33903,083;15,67569
 664,45; 5588,318;  285,347;34175,397;15,64757
 665,03; 5596,249;  288,040;34530,019;15,50205
 665,60; 5718,412;  396,886;34964,488;15,39455
 666,17; 5595,344;  294,810;34975,495;15,28382
 666,75; 5624,507;  289,733;35309,655;15,23354
 667,32; 5674,131;  312,656;35575,047;15,20451
 667,90; 5683,601;  294,195;35801,361;15,17836
 668,47; 5671,764;  311,042;35999,445;15,02091
 669,05; 5711,234;  292,658;36347,067;15,02889
 669,62; 5684,320;  265,889;36383,151;15,00233
 670,19; 5669,790;  263,505;36453,619;14,93857
 670,77; 5649,645;  288,505;36581,165;14,77197
 671,34; 5612,731;  286,428;36534,941;14,69385
 671,92; 5692,817;  273,506;36886,332;14,80167
 672,49; 5651,210;  295,814;36856,339;14,64803
 673,06; 5613,526;  251,583;36952,500;14,60983
 673,64; 5545,151;  272,045;36951,738;14,37609
 674,21; 5589,159;  274,123;36813,514;14,54605
 674,79; 5630,476;  296,738;37093,982;14,49494
 675,36; 5587,331;  291,893;37220,450;14,33968
 675,93; 5534,109;  265,047;37085,227;14,31026
 676,51; 5554,041;  286,355;37235,003;14,25678
 677,08; 5560,511;  291,355;37252,779;14,25583
 677,65; 5550,366;  284,663;37355,401;14,20447
 678,23; 5532,759;  289,356;37561,331;14,06795
 678,80; 5561,768;  268,510;37709,338;14,13766
 679,38; 5580,623;  285,818;37781,422;14,12114
 679,95; 5585,555;  303,434;37963,659;14,02573
 680,52; 5607,564;  276,434;38211,204;14,05341
 681,10; 5646,803;  298,050;38670,288;13,93912
 681,67; 5679,812;  292,435;38820,603;13,98296
 682,24; 5650,129;  263,666;38932,148;13,92985
 682,82; 5696,599;  275,513;39466,463;13,83249
 683,39; 5826,608;  324,129;39703,239;13,97309
 683,96; 5777,463;  275,283;39872,246;13,89546
 684,54; 5814,010;  268,283;40194,483;13,88994
 685,11; 5890,634;  313,591;40477,798;13,88560
 685,68; 5918,720;  282,207;40934,728;13,86510
 686,25; 5884,959;  261,438;40875,581;13,84621
 686,83; 5924,353;  280,746;41017,126;13,85397
 687,40; 5938,054;  264,208;41466,594;13,77067
 687,97; 6013,986;  301,978;41810,524;13,76104
 688,55; 5996,072;  257,824;41807,762;13,81048
 689,12; 6036,465;  248,517;42017,923;13,85691
 689,69; 6008,474;  257,440;42093,930;13,74645
 690,26; 6065,944;  281,133;42157,706;13,81396
 690,84; 6031,722;  264,057;42381,943;13,69410
 691,41; 6116,808;  289,134;42524,258;13,79817
 691,98; 6127,894;  281,903;42827,957;13,74038
 692,56; 6123,595;  274,058;42806,502;13,75312
 693,13; 6159,450;  330,673;42714,432;13,75238
 693,70; 6154,689;  292,212;42904,285;13,75778
 694,27; 6171,159;  272,367;42973,677;13,81408
 694,84; 6136,476;  271,521;43106,991;13,69182
 695,42; 6295,177;  400,983;43370,460;13,71717
 695,99; 6198,263;  280,906;43445,313;13,70888
 696,56; 6206,118;  278,983;43232,704;13,79888
 697,13; 6246,896;  299,676;43615,326;13,72996
 697,71; 6274,058;  283,292;43615,026;13,82536
 698,28; 6307,683;  273,985;43863,032;13,84223
 698,85; 6279,768;  248,062;43878,193;13,82464
 699,42; 6320,469;  254,216;44076,046;13,84299
 699,99; 6342,940;  296,601;44189,284;13,77528
 700,57; 6371,025;  288,063;44125,983;13,87603
 701,14; 6341,496;  274,294;44322,221;13,77409
 701,71; 6415,966;  299,987;44557,458;13,81909
 702,28; 6438,129;  275,603;44645,773;13,88889
 702,85; 6449,291;  283,295;44649,780;13,89787
 703,43; 6553,992;  295,219;44844,863;14,04899
 704,00; 6572,847;  325,527;45020,947;13,97754
 704,57; 6524,856;  304,758;45102,493;13,88485
 705,14; 6602,250;  320,451;45352,730;13,94955
 705,71; 6619,105;  326,759;45290,429;13,99429
 706,28; 6624,729;  302,913;45240,205;14,06808
 706,86; 6705,584;  327,529;45448,674;14,13540
 707,43; 6722,362;  353,760;45320,450;14,16293
 708,00; 6729,294;  334,606;45440,303;14,17712
 708,57; 6680,302;  291,453;45358,156;14,17643
 709,14; 6727,850;  331,761;45527,855;14,15186
 709,71; 6770,166;  299,300;45504,016;14,31458
 710,28; 6841,713;  298,377;45703,253;14,41109
 710,86; 6823,261;  304,839;45778,568;14,33448
 711,43; 6922,346;  331,609;45822,729;14,48797
 712,00; 6914,894;  296,609;45865,889;14,52357
 712,57; 6942,287;  318,456;46026,589;14,49158
 713,14; 6991,142;  294,148;46230,672;14,57880
 713,71; 6995,458;  302,379;46040,371;14,63352
 714,28; 7039,390;  293,995;46111,686;14,72225
 714,85; 6988,938;  277,688;45911,539;14,70674
 715,42; 7021,408;  282,073;46095,084;14,71053
 716,00; 7184,186;  361,689;46206,553;14,88170
 716,57; 7124,810;  287,612;46315,483;14,85447
 717,14; 7119,434;  274,228;46198,951;14,90528
 717,71; 7162,520;  262,920;46300,035;14,98704
 718,28; 7257,990;  308,613;46364,349;15,08906
 718,85; 7194,461;  268,921;46459,126;14,99352
 719,42; 7270,931;  288,614;46622,825;15,06946
 719,99; 7263,247;  262,691;46393,908;15,17531
 720,56; 7335,102;  296,153;46576,223;15,20946
 721,13; 7343,342;  267,615;46737,691;15,22642
 721,70; 7381,428;  264,308;46617,852;15,35399
 722,27; 7429,975;  284,847;46621,474;15,42004
 722,84; 7544,753;  354,616;46798,943;15,48120
 723,41; 7503,146;  262,001;46742,642;15,57884
 723,98; 7519,078;  272,463;46954,880;15,52322
 724,55; 7597,087;  311,925;47063,348;15,58276
 725,12; 7592,404;  250,387;46897,124;15,73961
 725,69; 7683,335;  266,080;47142,669;15,82294
 726,27; 7766,575;  272,695;47213,138;15,96465
 726,84; 7748,584;  285,388;47495,991;15,80830
 727,41; 7827,669;  296,004;47541,536;15,94154
 727,98; 7907,909;  293,696;47700,389;16,06147
 728,55; 8002,687;  314,620;47645,550;16,24322
 729,12; 7995,234;  271,313;47822,864;16,24326
 729,69; 8032,859;  306,313;47947,179;16,21831
 730,26; 8110,021;  299,390;48127,340;16,33068
 730,82; 8094,799;  294,237;47955,423;16,36670
 731,39; 8158,116;  292,545;48067,123;16,46393
 731,96; 8229,586;  280,776;48395,668;16,52048
 732,53; 8332,672;  301,315;48442,829;16,68281
 733,10; 8394,911;  302,469;48711,528;16,71679
 733,67; 8450,920;  307,777;48760,150;16,80649
 734,24; 8457,698;  288,701;48586,388;16,91385
 734,81; 8487,399;  313,778;48567,010;16,93901
 735,38; 8478,639;  291,932;48318,171;17,04632
 735,95; 8452,878;  294,009;48242,100;17,01605
 736,52; 8501,118;  317,318;48396,954;17,02134
 737,09; 8499,050;  307,164;48069,576;17,15132
 737,66; 8624,674;  351,626;48290,660;17,25744
 738,23; 8650,221;  286,703;48407,436;17,38028
 738,80; 8843,076;  366,934;48591,212;17,57650
 739,37; 8829,085;  332,242;48861,295;17,50877
 739,94; 8845,478;  304,089;48849,225;17,59474
 740,51; 9026,103;  428,705;48874,771;17,74633
 741,07; 8940,650;  297,244;48782,393;17,82691
 741,64; 9055,735;  321,167;49082,708;17,91282
 742,21; 9100,590;  302,475;49031,484;18,05519
 742,78; 9064,907;  281,706;48813,644;18,09777
 743,35; 9164,916;  305,553;49085,420;18,16192
 743,92; 9259,925;  337,784;49148,120;18,27920
 744,49; 9316,626;  331,400;49156,588;18,40285
 745,06; 9319,327;  296,939;49014,056;18,51995
 745,63; 9353,874;  279,939;49085,448;18,59203
 746,19; 9392,960;  295,632;49147,301;18,62235
 746,76; 9440,584;  303,247;49104,769;18,72347
 747,33; 9470,900;  289,325;49209,238;18,76859
 747,90; 9610,678;  326,787;49408,937;18,91501
 748,47; 9621,149;  301,018;49263,021;19,03544
 749,04; 9641,465;  298,787;49227,181;19,09459
 749,61; 9701,628;  339,711;49185,034;19,16646
 750,17; 9759,867;  319,480;49256,733;19,29080
 750,74; 9795,568;  306,635;49264,740;19,38174
 751,31; 9799,962;  288,250;49170,901;19,45826
 751,88; 9860,125;  279,712;49005,677;19,66182
 752,45; 9923,364;  297,867;49168,915;19,69571
 753,02; 9935,219;  322,405;49078,922;19,71596
 753,58; 9984,766;  291,637;48933,159;19,92769
 754,15;10018,621;  296,791;49114,243;19,91466
 754,72;10042,015;  290,407;48939,558;20,04477
 755,29;10076,331;  271,868;48745,564;20,22636
 755,86;10161,955;  290,561;48750,648;20,37015
 756,42;10234,041;  305,638;48728,040;20,50374
 756,99;10238,050;  256,947;48723,970;20,59360
 757,56;10262,520;  265,408;48671,746;20,65249
 758,13;10245,683;  224,640;48700,983;20,67203
 758,70;10378,769;  253,640;48780,759;20,86489
 759,26;10362,854;  239,256;48715,920;20,88345
 759,83;10499,017;  252,487;48888,927;21,06760
 760,40;10483,026;  234,718;48684,242;21,15255
 760,97;10499,804;  226,565;48706,479;21,19071
 761,53;10505,736;  215,334;48427,025;21,34420
 762,10;10523,283;  223,565;48321,570;21,41402
 762,67;10653,907;  248,643;48432,346;21,59499
 763,24;10566,916;  210,489;47911,353;21,71119
 763,80;10679,848;  246,720;48206,513;21,75390
 764,37;10668,933;  243,644;48058,751;21,80334
 764,94;10625,788;  230,644;47657,143;21,91843
 765,50;10664,566;  244,798;47523,842;22,03887
 766,07;10745,883;  280,106;47698,310;22,07122
 766,64;10734,738;  248,953;47436,548;22,22149
 767,21;10745,131;  258,492;47355,478;22,26605
 767,77;10816,294;  270,261;47229,946;22,45763
 768,34;10813,072;  270,723;47227,414;22,45122
 768,91;10860,311;  283,262;47136,806;22,57470
 769,47;10887,782;  288,647;47056,351;22,66336
 770,04;10990,714;  285,032;46943,281;22,94488
 770,61;10937,569;  264,571;46750,596;22,95958
 771,18;10929,500;  268,417;46718,372;22,95176
 771,74;11059,663;  274,649;46763,994;23,19890
 772,31;11030,903;  271,880;46478,924;23,28438
 772,88;10998,988;  255,419;46361,316;23,30194
 773,44;11002,074;  258,265;46194,015;23,38877
 774,01;11112,237;  270,419;46241,791;23,58385
 774,58;11097,092;  260,727;46018,182;23,68218
 775,14;11174,716;  257,036;46164,958;23,78169
 775,71;11208,802;  269,036;46036,888;23,90273
 776,27;11318,118;  337,344;46061,895;24,01505
 776,84;11361,742;  357,037;46080,671;24,06787
 777,41;11295,520;  280,652;45804,909;24,19560
 777,97;11304,221;  255,191;45614,377;24,35897
 778,54;11367,153;  290,192;45686,076;24,40081
 779,11;11427,239;  312,654;45612,468;24,53561
 779,67;11508,632;  262,808;45550,475;24,83198
 780,24;11492,410;  277,577;45405,482;24,85122
 780,80;11549,650;  301,501;45367,719;24,95916
 781,37;11617,813;  297,886;45390,418;25,10377
 781,94;11538,975;  275,040;45170,041;25,08951
 782,50;11614,446;  295,117;45089,586;25,26948
 783,07;11629,839;  306,118;45220,362;25,21187
 783,63;11644,694;  268,887;44976,523;25,44489
 784,20;11662,472;  300,272;44876,068;25,48962
 784,77;11679,711;  277,350;44634,383;25,70587
 785,33;11648,874;  258,119;44567,697;25,70721
 785,90;11768,344;  268,427;44473,627;26,01485
 786,46;11780,892;  302,120;44433,942;26,01019
 787,03;11766,824;  277,043;44239,410;26,13549
 787,59;11837,602;  271,582;44248,648;26,30012
 788,16;11852,533;  275,736;44091,655;26,42144
 788,73;11904,311;  296,352;44037,738;26,53770
 789,29;11835,782;  264,660;43706,130;26,63612
 789,86;11868,944;  300,122;43598,521;26,71882
 790,42;11835,799;  278,200;43481,528;26,75164
 790,99;11837,654;  288,431;43204,689;26,91107
 791,55;11953,894;  261,893;43134,926;27,27122
 792,12;11955,903;  304,278;43164,010;27,18548
 792,68;11930,988;  283,124;42800,325;27,39565
 793,25;11924,843;  297,355;42716,255;27,41110
 793,81;11975,698;  364,509;42423,185;27,60712
 794,38;11849,476;  248,433;42185,730;27,66283
 794,94;11895,331;  267,356;42107,121;27,79168
 795,51;11897,571;  282,126;41776,513;27,99281
 796,07;11892,426;  281,742;41575,904;28,11701
 796,64;11948,204;  298,896;41758,757;28,09780
 797,20;11862,443;  284,050;41297,303;28,23086
 797,77;11846,683;  254,666;41018,848;28,43677
 798,33;11859,999;  281,589;40894,547;28,50915
 798,90;11882,470;  286,667;40832,477;28,59926
 799,46;11791,017;  270,975;40449,484;28,67215
 800,03;11883,180;  282,744;40276,722;29,00546
 800,59;11811,035;  279,976;40139,498;28,92925
 801,15;11874,813;  299,822;39957,889;29,18698
 801,72;11834,206;  280,053;39624,050;29,36700
 802,28;11806,369;  303,823;39468,903;29,36939
 802,85;11743,531;  281,900;39307,756;29,36933
 803,41;11803,079;  281,824;39066,147;29,70596
 803,98;11721,318;  271,670;38765,000;29,74450
 804,54;11670,865;  265,363;38508,700;29,82350
 805,11;11703,105;  288,594;38290,553;30,03664
 805,67;11765,421;  303,825;38261,713;30,19556
 806,23;11619,738;  278,441;37936,874;30,11622
 806,80;11641,439;  298,749;37801,958;30,24459
 807,36;11733,986;  310,211;37747,811;30,51418
 807,93;11729,764;  299,673;37529,433;30,70149
 808,49;11642,927;  274,289;37105,594;30,86678
 809,05;11626,782;  266,058;36940,216;30,97746
 809,62;11714,098;  289,674;37012,223;31,11011
 810,18;11673,723;  285,444;36835,537;31,15800
 810,74;11621,193;  244,752;36658,160;31,24245
 811,31;11598,432;  254,983;36472,090;31,32070
 811,87;11659,749;  274,675;36309,020;31,59506
 812,44;11688,373;  289,676;36316,334;31,63962
 813,00;11611,997;  227,215;36096,341;31,73978
 813,56;11733,775;  272,600;36022,886;32,05898
 814,13;11724,784;  267,062;36034,355;32,03408
 814,69;11717,485;  258,216;35852,054;32,19453
 815,25;11598,032;  237,062;35378,138;32,32960
 815,82;11651,041;  286,140;35501,991;32,27212
 816,38;11645,665;  312,371;35347,767;32,34813
 816,94;11495,059;  245,679;34971,927;32,39446
 817,51;11525,683;  238,833;34844,550;32,61556
 818,07;11454,923;  248,526;34625,864;32,59821
 818,63;11472,701;  272,680;34424,486;32,79481
 819,20;11477,479;  263,757;34377,955;32,87113
 819,76;11370,103;  248,142;34073,654;32,88039
 820,32;11473,342;  289,912;33980,045;33,19497
 820,89;11423,659;  282,989;33777,668;33,26101
 821,45;11351,668;  263,451;33545,905;33,31550
 822,01;11366,061;  279,451;33308,066;33,56668
 822,57;11365,378;  276,144;33174,688;33,70737
 823,14;11265,848;  235,375;32918,157;33,75010
 823,70;11218,472;  253,222;32686,933;33,80819
 824,26;11197,173;  243,914;32646,017;33,80416
 824,82;11255,951;  279,146;32444,023;34,12668
 825,39;11199,345;  248,608;32203,876;34,26896
 825,95;11226,507;  273,839;32293,422;34,20616
 826,51;11166,054;  266,224;31911,659;34,44361
 827,08;11279,217;  296,455;31878,820;34,77498
 827,64;11277,764;  286,994;31826,750;34,84735
 828,20;11204,465;  250,840;31507,065;35,04462
 828,76;11253,090;  292,379;31589,225;35,02177
 829,32;11271,098;  279,764;31423,386;35,29241
 829,89;11187,107;  239,534;31270,547;35,27946
 830,45;11287,039;  252,072;31196,784;35,66027
 831,01;11270,740;  261,381;31125,483;35,67043
 831,57;11278,364;  265,919;30932,721;35,90999
 832,14;11238,758;  240,766;30991,959;35,76444
 832,70;11290,920;  250,689;30643,042;36,32569
 833,26;11230,391;  227,305;30700,357;36,10759
 833,82;11262,476;  257,075;30612,518;36,25512
 834,38;11322,024;  250,229;30609,294;36,46949
 834,95;11276,648;  244,306;30531,301;36,42600
 835,51;11301,041;  217,999;30342,308;36,79103
 836,07;11365,819;  256,769;30411,468;36,84020
 836,63;11413,444;  274,307;30450,475;36,91369
 837,19;11391,068;  264,308;30212,174;37,15376
 837,75;11313,000;  222,693;29986,720;37,26077
 838,32;11400,316;  278,309;30004,650;37,41465
 838,88;11493,479;  276,232;30080,964;37,63579
 839,44;11458,411;  264,079;30048,048;37,58509
 840,00;11490,496;  265,540;30022,055;37,72268
 840,56;11383,582;  250,079;29731,139;37,76493
 841,12;11429,283;  240,464;29633,299;38,06648
 841,68;11362,523;  223,003;29514,383;38,03003
 842,25;11415,762;  246,003;29460,544;38,23356
 842,81;11407,925;  241,927;29272,397;38,46303
 843,37;11437,241;  228,312;29221,788;38,66018
 843,93;11517,866;  255,082;29200,257;38,91075
 844,49;11528,413;  270,159;29312,725;38,76467
 845,05;11414,191;  220,467;29036,116;38,84599
 845,61;11580,123;  261,929;29094,893;39,25435
 846,17;11593,285;  250,391;29014,669;39,43396
 846,73;11627,525;  257,314;28998,599;39,56055
 847,29;11593,688;  231,392;28851,836;39,69993
 847,86;11618,850;  235,930;28749,997;39,92037
 848,42;11588,628;  242,315;28535,850;40,10214
 848,98;11636,791;  255,470;28524,318;40,26100
 849,54;11686,261;  233,316;28599,094;40,37592
 850,10;11687,808;  264,163;28442,255;40,54088
 850,66;11697,740;  221,778;28355,416;40,79089
 851,22;11608,749;  228,625;28210,115;40,67019
 851,78;11726,758;  290,702;28217,660;40,94988
 852,34;11699,305;  260,087;28014,590;41,21572
 852,90;11697,775;  237,472;27983,905;41,30370
 853,46;11608,938;  237,396;27849,219;41,18360
 854,02;11744,793;  249,704;27811,611;41,70644
 854,58;11640,571;  252,166;27578,618;41,67539
 855,14;11662,657;  230,781;27487,625;41,94130
 855,70;11654,973;  196,166;27297,093;42,28197
 856,26;11697,828;  254,244;27355,946;42,22460
 856,82;11652,299;  237,244;27212,337;42,31702
 857,38;11719,615;  280,552;27159,037;42,55844
 857,94;11605,316;  249,399;27043,274;42,38251
 858,50;11626,786;  268,168;26904,512;42,64331
 859,06;11605,334;  242,938;26705,134;42,93822
 859,62;11656,573;  253,092;26737,833;43,05680
 860,18;11575,428;  247,323;26514,763;43,12603
 860,74;11556,899;  218,016;26433,847;43,25204
 861,30;11567,138;  219,555;26280,546;43,54241
 861,86;11700,608;  306,863;26342,630;43,76190
 862,42;11542,002;  244,556;26090,791;43,71022
 862,98;11650,934;  278,556;26173,567;43,91725
 863,54;11527,789;  242,787;25882,343;44,01403
 864,10;11618,797;  233,403;25940,042;44,28971
 864,66;11570,729;  217,326;25771,895;44,42808
 865,22;11530,123;  234,019;25662,440;44,42314
 865,78;11504,285;  234,173;25584,139;44,45810
 866,34;11595,063;  236,635;25510,146;44,94203
 866,90;11533,841;  248,020;25380,538;44,90526
 867,45;11442,543;  248,559;25201,545;44,86030
 868,01;11471,244;  239,482;25106,398;45,16749
 868,57;11388,560;  233,252;24991,251;45,05739
 869,13;11389,492;  211,637;24794,258;45,47056
 869,69;11399,347;  233,253;24831,880;45,39316
 870,25;11360,894;  220,792;24571,810;45,74800
 870,81;11387,672;  238,715;24521,201;45,91357
 871,37;11438,219;  246,638;24551,670;46,04636
 871,93;11405,382;  257,177;24388,369;46,19832
 872,49;11394,083;  284,178;24150,145;46,55125
 873,04;11358,784;  225,332;24047,613;46,73546
 873,60;11322,485;  232,871;23972,928;46,71267
 874,16;11325,340;  248,563;23913,704;46,80630
 874,72;11374,494;  223,256;23804,473;47,28865
 875,28;11397,802;  237,410;23708,088;47,55036
 875,84;11388,417;  242,640;23689,242;47,53685
 876,40;11387,725;  232,333;23593,396;47,75207
 876,95;11463,648;  248,717;23622,781;47,98024
 877,51;11510,802;  269,948;23549,165;48,28708
 878,07;11546,110;  275,794;23591,012;48,33888
 878,63;11577,725;  242,948;23618,704;48,48946
 879,19;11628,340;  261,025;23546,088;48,81806
 879,75;11688,263;  222,948;23617,704;49,00806
 880,30;11664,494;  229,871;23613,165;48,90082
 880,86;11777,033;  277,640;23716,858;49,06048
 881,42;11776,648;  217,640;23774,550;49,06844
 881,98;11853,340;  242,179;23716,088;49,46411
 882,54;11890,956;  238,871;23823,781;49,40483
 883,09;12032,494;  255,179;23929,242;49,74776
 883,65;12099,033;  218,871;24018,704;49,91700
 884,21;12277,263;  280,640;24265,319;50,01786
 884,77;12287,340;  239,256;24217,242;50,24644
 885,32;12351,187;  241,256;24401,012;50,12439
 885,88;12497,263;  266,717;24534,088;50,39914
 886,44;12568,494;  248,640;24535,242;50,72696
 887,00;12579,956;  264,948;24578,319;50,65117
 887,56;12654,110;  231,871;24675,319;50,82032
 888,11;12719,648;  243,102;24671,012;51,07496
 888,67;12880,263;  270,102;24860,858;51,28009
 889,23;12832,725;  246,948;24911,242;51,02833
 889,79;12813,417;  232,640;24793,704;51,22244
 890,34;12846,033;  252,333;24768,627;51,36869
 890,90;13019,879;  320,948;24949,396;51,56204
 891,46;12994,417;  233,640;24796,242;51,95206
 892,01;12994,879;  258,025;24716,781;52,07482
 892,57;13018,571;  284,871;24676,550;52,20510
 893,13;12916,340;  243,640;24536,858;52,16559
 893,69;12929,110;  233,717;24473,242;52,37476
 894,24;12871,263;  239,025;24411,781;52,25816
 894,80;12888,340;  242,871;24292,088;52,58162
 895,36;12879,802;  248,563;24192,935;52,75243
 895,91;12844,263;  242,025;24023,473;52,99189
 896,47;12847,802;  265,563;24004,396;53,00277
 897,03;12810,187;  235,410;23702,242;53,58532
 897,58;12749,340;  248,948;23622,242;53,48152
 898,14;12792,417;  247,410;23505,012;53,93939
 898,70;12708,802;  207,487;23365,012;53,98381
 899,25;12800,571;  248,256;23391,550;54,23738
 899,81;12701,263;  248,948;23139,473;54,39943
 900,37;12627,110;  220,256;23087,704;54,25552
 900,92;12706,725;  235,102;23001,858;54,77997
 901,48;12650,879;  231,179;22901,242;54,78458
 902,03;12559,571;  233,948;22727,242;54,79688
 902,59;12652,802;  228,640;22640,935;55,43458
 903,15;12674,187;  265,794;22522,088;55,75228
 903,70;12563,110;  247,717;22346,935;55,72773
 904,26;12505,879;  237,487;22253,012;55,72609
 904,82;12522,648;  236,487;22129,550;56,11897
 905,37;12468,033;  244,717;22079,012;55,98219
 905,93;12405,110;  229,794;21959,165;56,03160
 906,48;12468,648;  246,563;21878,242;56,50086
 907,04;12435,340;  255,640;21869,319;56,35181
 907,60;12362,340;  251,102;21732,088;56,38120
 908,15;12346,033;  213,717;21611,473;56,69901
 908,71;12405,725;  256,487;21535,165;57,09583
 909,26;12267,725;  228,640;21460,473;56,70299
 909,82;12267,340;  251,948;21342,858;56,96953
 910,37;12320,417;  285,333;21254,704;57,39364
 910,93;12208,263;  225,563;21091,165;57,42801
 911,48;12216,725;  232,640;20980,319;57,76109
 912,04;12132,033;  223,487;20878,550;57,65437
 912,60;12176,879;  242,717;20890,165;57,79969
 913,15;12120,417;  235,410;20724,858;58,00550
 913,71;12090,956;  218,794;20510,012;58,50887
 914,26;12061,340;  209,948;20441,627;58,57839
 914,82;12093,725;  245,025;20484,858;58,54149
 915,37;12058,648;  224,102;20368,165;58,74955
 915,93;12053,187;  279,871;20235,473;58,99755
 916,48;12067,956;  221,717;20105,858;59,57632
 917,04;11953,956;  260,948;20131,858;58,84485
 917,59;12028,879;  269,102;20002,781;59,59242
 918,15;11817,956;  209,640;19871,781;59,03892
 918,70;11893,494;  233,871;19762,165;59,70631
 919,26;11936,802;  237,948;19733,781;60,00695
 919,81;11775,648;  212,487;19522,704;59,88105
 920,37;11789,033;  229,563;19471,473;60,07444
 920,92;11785,417;  244,948;19407,012;60,22561
 921,48;11799,956;  222,717;19216,319;60,95336
 922,03;11763,110;  227,102;19219,781;60,73923
 922,59;11754,187;  236,025;19062,550;61,18050
 923,14;11717,110;  234,563;18943,858;61,37349
 923,69;11665,494;  250,487;18905,242;61,19087
 924,25;11682,033;  265,948;18959,012;61,07123
 924,80;11561,956;  232,948;18715,396;61,29603
 925,36;11538,571;  225,640;18660,165;61,36817
 925,91;11549,648;  226,640;18544,473;61,81412
 926,47;11449,648;  209,025;18432,935;61,68063
 927,02;11549,263;  302,025;18374,550;62,23391
 927,57;11430,725;  229,563;18252,088;62,15090
 928,13;11390,263;  216,640;18183,165;62,19134
 928,68;11375,417;  231,871;18135,396;62,24219
 929,24;11328,340;  207,871;18005,781;62,48188
 929,79;11280,263;  215,794;17916,319;62,50927
 930,34;11270,263;  225,256;17735,550;63,07723
 930,90;11280,263;  213,794;17690,550;63,32107
 931,45;11251,417;  228,333;17672,781;63,18964
 932,01;11257,187;  235,871;17613,012;63,42422
 932,56;11172,417;  250,256;17513,858;63,26699
 933,11;11215,648;  262,025;17461,012;63,68761
 933,67;11138,879;  226,333;17286,781;63,96401
 934,22;11124,648;  236,410;17246,396;64,01086
 934,77;11119,648;  260,102;17118,550;64,41605
 935,33;11081,571;  231,333;17036,858;64,56352
 935,88;11069,417;  242,563;16950,473;64,80077
 936,43;11093,494;  229,871;16902,550;65,15823
 936,99;11051,571;  230,640;16818,858;65,23263
 937,54;11017,494;  210,948;16606,858;65,91001
 938,09;10976,802;  240,025;16608,781;65,59312
 938,65;10928,110;  238,640;16465,165;65,87652
 939,20;10895,879;  205,717;16430,781;65,88672
 939,75;10824,417;  223,179;16375,088;65,63458
 940,31;10860,417;  211,410;16279,088;66,27596
 940,86;10894,571;  243,487;16250,165;66,54150
 941,41;10947,110;  327,179;16196,550;66,92093
 941,96;10780,110;  224,487;16048,627;66,70582
 942,52;10806,802;  225,333;15960,550;67,24705
 943,07;10738,033;  197,563;15889,935;67,16939
 943,62;10737,725;  219,717;15817,627;67,43216
 944,18;10752,110;  218,410;15789,550;67,64887
 944,73;10706,571;  230,410;15655,550;67,91615
 945,28;10657,110;  195,487;15512,319;68,30148
 945,83;10643,494;  218,563;15551,704;67,98953
 946,39;10614,340;  224,717;15482,627;68,09336
 946,94;10605,187;  243,871;15402,396;68,35306
 947,49;10628,648;  214,333;15289,242;69,08377
 948,04;10599,033;  264,717;15276,165;68,84289
 948,59;10552,879;  247,256;15223,781;68,81184
 949,15;10549,033;  208,333;15119,627;69,34811
 949,70;10546,956;  214,487;15011,396;69,82856
 950,25;10518,802;  245,487;15015,858;69,55354
 950,80;10450,648;  185,487;14819,781;70,14456
 951,36;10433,725;  190,256;14725,396;70,47382
 951,91;10488,340;  238,487;14784,396;70,46554
 952,46;10361,340;  214,256;14584,627;70,61115
 953,01;10426,033;  230,487;14627,781;70,81571
 953,56;10341,417;  196,256;14525,242;70,80167
 954,11;10408,571;  232,256;14467,935;71,48458
 954,67;10359,879;  215,948;14382,627;71,60416
 955,22;10355,956;  201,256;14264,088;72,20949
 955,77;10340,956;  251,794;14274,473;71,94889
 956,32;10332,802;  280,410;14215,550;72,13700
 956,87;10215,725;  213,717;14053,704;72,26891
 957,42;10279,648;  220,640;14057,704;72,69612
 957,98;10241,033;  217,025;13983,781;72,81314
 958,53;10319,879;  253,640;13925,473;73,62757
 959,08;10162,956;  210,487;13833,088;73,05850
 959,63;10114,187;  221,410;13750,550;73,12199
 960,18;10143,417;  229,333;13698,242;73,60718
 960,73;10178,417;  225,794;13595,165;74,44346
 961,28;10157,417;  194,717;13558,935;74,54758
 961,83;10154,494;  243,563;13552,704;74,46710
 962,39;10080,187;  193,717;13406,473;74,82519
 962,94;10045,263;  215,717;13334,396;74,92787
 963,49;10001,340;  222,333;13209,935;75,29494
 964,04;10042,725;  239,256;13179,088;75,76195
 964,59; 9958,802;  200,410;13092,627;75,69212
 965,14;10003,340;  246,794;13022,165;76,36996
 965,69; 9963,956;  222,179;13002,627;76,22406
 966,24; 9929,494;  220,410;12831,858;76,98628
 966,79; 9873,494;  241,871;12844,012;76,42847
 967,34; 9774,956;  198,025;12718,319;76,49126
 967,89; 9780,648;  213,948;12664,165;76,83962
 968,44; 9762,725;  220,717;12575,935;77,23059
 968,99; 9793,263;  232,871;12557,242;77,57306
 969,55; 9695,263;  227,102;12495,165;77,17731
 970,10; 9664,494;  230,717;12388,165;77,59669
 970,65; 9636,725;  250,487;12346,165;77,59993
 971,20; 9626,033;  210,871;12218,396;78,41051
 971,75; 9496,033;  201,256;12104,858;78,08373
 972,30; 9557,956;  225,179;12015,012;79,15954
 972,85; 9420,187;  217,410;11930,165;78,57055
 973,40; 9362,263;  221,563;11846,012;78,63341
 973,95; 9342,417;  233,410;11772,550;78,94009
 974,50; 9370,648;  264,948;11781,858;79,06374
 975,05; 9265,802;  227,256;11666,781;79,01155
 975,60; 9318,187;  239,179;11612,858;79,82472
 976,15; 9205,263;  217,333;11461,935;79,93107
 976,70; 9218,263;  230,487;11430,935;80,24480
 977,25; 9187,648;  231,333;11404,627;80,15823
 977,80; 9083,494;  224,410;11276,242;80,15942
 978,35; 9039,110;  243,333;11107,627;80,96041
 978,89; 8959,494;  208,102;11148,704;79,99004
 979,44; 8973,263;  231,487;11065,781;80,68617
 979,99; 8828,802;  216,256;10927,627;80,40564
 980,54; 8784,571;  253,256;10890,319;80,20367
 981,09; 8817,494;  249,102;10741,012;81,66666
 981,64; 8755,956;  240,025;10708,627;81,34735
 982,19; 8775,110;  270,871;10618,627;82,18438
 982,74; 8685,879;  241,563;10489,627;82,39913
 983,29; 8586,725;  219,563;10385,473;82,30608
 983,84; 8557,494;  233,717;10296,165;82,72119
 984,39; 8585,802;  319,102;10307,858;82,76006
 984,94; 8447,494;  208,179;10120,319;83,12347
 985,49; 8409,725;  249,948;10133,396;82,56002
 986,03; 8377,033;  251,871;10024,242;83,14422
 986,58; 8250,571;  274,717; 9890,088;82,94900
 987,13; 8141,340;  229,948; 9816,088;82,52949
 987,68; 8140,033;  248,948; 9749,319;83,06080
 988,23; 8083,956;  246,025; 9683,242;83,05341
 988,78; 8034,571;  228,871; 9494,704;84,24175
 989,33; 7990,956;  248,102; 9504,781;83,64613
 989,88; 7985,263;  264,410; 9475,935;83,81732
 990,42; 7876,956;  229,102; 9278,473;84,51254
 990,97; 7838,879;  236,256; 9180,781;84,99750
 991,52; 7835,879;  252,256; 9134,396;85,38058
 992,07; 7712,110;  268,871; 9053,319;84,73200
 992,62; 7666,571;  241,563; 8985,396;84,91708
 993,17; 7660,187;  249,563; 8873,627;85,92960
 993,71; 7595,263;  253,871; 8832,165;85,58103
 994,26; 7492,340;  228,179; 8657,627;86,17600
 994,81; 7471,725;  259,025; 8668,088;85,77293
 995,36; 7352,263;  232,563; 8522,473;85,88393
 995,91; 7308,494;  237,563; 8455,627;86,04133
 996,45; 7244,956;  243,179; 8373,858;86,11553
 997,00; 7138,725;  217,487; 8263,704;86,01854
 997,55; 7139,263;  251,871; 8234,396;86,28087
 998,10; 7104,417;  264,410; 8132,627;86,93211
 998,65; 7030,263;  240,179; 8035,858;87,10062
 999,19; 6950,033;  263,179; 7956,781;86,91448
 999,74; 6876,494;  284,256; 7858,396;87,03613
1000,29; 6826,417;  246,179; 7781,704;87,32289
1000,84; 6720,571;  237,333; 7691,473;86,97500
1001,38; 6696,571;  246,948; 7579,550;87,95818
1001,93; 6640,956;  249,410; 7537,396;87,69975
1002,48; 6546,340;  221,871; 7430,012;87,74065
1003,03; 6514,494;  249,179; 7421,319;87,35628
1003,57; 6440,263;  250,717; 7304,550;87,74728
1004,12; 6453,263;  291,102; 7280,935;88,15893
1004,67; 6325,648;  224,179; 7171,165;87,82901
1005,22; 6211,648;  236,948; 6994,550;88,41450
1005,76; 6129,417;  222,948; 6888,165;88,61630
1006,31; 6134,802;  249,794; 6891,088;88,61236
1006,86; 6031,340;  228,794; 6761,627;88,82129
1007,40; 5983,571;  219,410; 6674,704;89,29355
1007,95; 5947,033;  239,794; 6621,781;89,42730
1008,50; 5842,725;  245,487; 6498,935;89,50644
1009,04; 5809,648;  238,102; 6397,627;90,45415
1009,59; 5644,725;  247,025; 6274,242;89,55542
1010,14; 5652,340;  223,025; 6222,550;90,49575
1010,68; 5551,648;  234,025; 6131,781;90,16350
1011,23; 5466,263;  219,871; 6052,012;89,95655
1011,78; 5459,725;  250,717; 5950,319;91,39248
1012,32; 5385,648;  266,871; 5913,781;90,64740
1012,87; 5360,802;  274,871; 5889,858;90,57779
1013,42; 5265,571;  221,102; 5740,781;91,39063
1013,96; 5276,494;  261,640; 5758,242;91,23553
1014,51; 5190,340;  203,717; 5606,012;92,30566
1015,06; 5232,187;  219,717; 5662,319;92,09693
1015,60; 5322,033;  272,179; 5740,935;92,34009
1016,15; 5230,879;  226,102; 5627,319;92,66017
1016,69; 5292,494;  239,871; 5663,781;93,15463
1017,24; 5286,263;  217,102; 5685,319;92,70227
1017,79; 5320,110;  266,563; 5739,627;92,33487
1018,33; 5313,879;  226,948; 5693,242;93,05995
1018,88; 5382,879;  249,333; 5761,012;93,13943
1019,42; 5413,956;  233,025; 5770,012;93,56950
1019,97; 5432,956;  225,948; 5754,781;94,17915
1020,51; 5510,110;  255,256; 5836,165;94,15766
1021,06; 5455,571;  206,948; 5776,088;94,24476
1021,61; 5419,033;  200,410; 5772,550;93,65563
1022,15; 5382,494;  192,717; 5701,550;94,20829
1022,70; 5411,956;  228,640; 5763,935;93,64119
1023,24; 5329,648;  224,025; 5684,165;93,50718
1023,79; 5291,802;  227,179; 5666,627;93,10914
1024,33; 5257,648;  238,948; 5616,858;93,32065
1024,88; 5250,033;  245,717; 5539,781;94,52692
1025,42; 5148,571;  238,025; 5430,396;94,57233
1025,97; 5174,033;  224,717; 5373,473;96,12644
1026,51; 5063,187;  199,717; 5253,473;96,23475
1027,06; 5013,340;  218,871; 5263,935;95,03288
1027,60; 4945,494;  248,794; 5150,627;95,81518
1028,15; 4891,879;  240,333; 5074,012;96,23201
1028,69; 4790,879;  192,563; 4948,165;96,69261
1029,24; 4796,802;  212,717; 4956,935;96,62468
1029,78; 4691,187;  216,410; 4814,242;97,32361
1030,33; 4626,725;  203,487; 4750,473;97,27846
1030,87; 4599,033;  211,717; 4681,781;98,14884
1031,42; 4522,725;  205,333; 4610,319;98,01148
1031,96; 4532,417;  237,871; 4558,396;99,39871
1032,51; 4430,725;  210,333; 4446,473;99,62824
1033,05; 4355,417;  222,333; 4430,319;98,22001
1033,60; 4252,494;  196,256; 4324,319;98,26008
1034,14; 4251,417;  220,487; 4284,550;99,18474
1034,69; 4243,725;  225,794; 4253,012;99,76941
1035,23; 4180,571;  215,717; 4170,935;100,24364
1035,77; 4092,648;  226,717; 4135,627;98,90049
1036,32; 4011,494;  202,410; 4010,704;100,02075
1036,86; 4004,340;  230,410; 4020,781;99,56626
1037,41; 3964,263;  233,563; 3938,012;100,70866
1037,95; 3889,417;  196,640; 3880,088;100,25326
1038,50; 3832,956;  210,102; 3841,165;99,77391
1039,04; 3849,494;  244,025; 3798,858;101,42444
1039,58; 3734,033;  206,179; 3747,550;99,61830
1040,13; 3733,263;  213,794; 3663,396;102,02537
1040,67; 3691,802;  247,487; 3654,627;101,09109
1041,21; 3669,417;  256,333; 3602,396;102,00299
1041,76; 3588,494;  199,256; 3531,396;101,71356
1042,30; 3558,417;  220,410; 3501,627;101,73077
1042,85; 3514,033;  218,487; 3417,242;103,02588
1043,39; 3469,187;  199,025; 3393,704;102,36276
1043,93; 3467,187;  239,410; 3357,396;103,52119
1044,48; 3429,033;  240,717; 3283,242;104,79176
1045,02; 3355,571;  222,948; 3254,396;103,33751
1045,56; 3334,033;  250,179; 3221,550;103,78555
1046,11; 3287,110;  227,487; 3185,088;103,44946
1046,65; 3241,802;  232,948; 3123,088;104,10753
1047,19; 3175,725;  201,410; 3051,935;104,34272
1047,74; 3120,571;  193,871; 3027,935;103,26868
1048,28; 3105,110;  223,179; 2986,858;104,27879
1048,82; 3098,802;  251,871; 2970,858;104,70559
1049,37; 3034,340;  230,333; 2917,704;104,34017
1049,91; 3012,494;  223,410; 2884,396;104,81393
1050,45; 2990,571;  242,410; 2825,088;106,40740
1050,99; 2948,725;  239,179; 2803,396;105,66757
1051,54; 2889,956;  223,025; 2753,550;105,39041
1052,08; 2860,417;  250,563; 2738,627;104,89499
1052,62; 2837,033;  242,948; 2697,858;105,66925
1053,16; 2758,725;  214,871; 2638,473;104,96170
1053,71; 2766,110;  239,256; 2646,550;104,96656
1054,25; 2727,648;  251,025; 2571,088;106,74807
1054,79; 2714,879;  240,717; 2542,012;107,51174
1055,33; 2636,033;  202,794; 2457,319;107,92688
1055,88; 2663,648;  242,948; 2469,396;108,72475
1056,42; 2642,648;  242,487; 2443,319;109,05697
1056,96; 2592,033;  250,487; 2416,473;108,10530
1057,50; 2578,956;  232,102; 2400,858;108,21199
1058,05; 2531,417;  237,487; 2347,781;108,70194
1058,59; 2502,494;  258,410; 2354,473;107,06186
1059,13; 2432,417;  217,640; 2245,396;109,22306
1059,67; 2439,571;  242,948; 2226,473;110,74340
1060,21; 2374,956;  235,410; 2203,858;108,69203
1060,76; 2355,956;  248,563; 2202,704;107,84242
1061,30; 2382,187;  262,717; 2154,473;112,03715
1061,84; 2331,956;  238,487; 2115,627;111,52438
1062,38; 2259,571;  214,333; 2065,704;110,47155
1062,92; 2307,417;  279,871; 2090,550;111,97713
1063,46; 2226,187;  242,794; 2016,781;111,80425
1064,01; 2175,187;  227,025; 2003,012;109,69461
1064,55; 2165,340;  238,640; 1966,704;111,49475
1065,09; 2078,417;  210,717; 1935,165;108,30712
1065,63; 2123,033;  271,871; 1934,473;111,34124
1066,17; 2130,263;  269,102; 1929,012;112,12427
1066,71; 2081,033;  255,640; 1907,165;110,52768
1067,25; 2056,340;  228,563; 1847,781;112,88027
1067,80; 2024,417;  251,410; 1848,704;111,00069
1068,34; 2044,187;  257,563; 1832,165;113,46506
1068,88; 1953,956;  226,717; 1773,858;111,64071
1069,42; 1952,340;  258,640; 1788,627;110,70032
1069,96; 1898,263;  234,179; 1733,473;110,99120
1070,50; 1919,187;  281,717; 1758,242;110,90020
1071,04; 1863,263;  229,948; 1700,627;111,05860
1071,58; 1872,571;  239,563; 1671,704;114,02567
1072,12; 1850,110;  245,871; 1657,935;113,60952
1072,66; 1831,802;  244,410; 1647,858;113,10659
1073,21; 1826,571;  256,640; 1653,165;112,41695
1073,75; 1800,648;  244,410; 1600,473;114,76148
1074,29; 1761,263;  242,794; 1596,319;112,18627
1074,83; 1772,110;  258,487; 1562,781;116,04920
1075,37; 1737,417;  257,179; 1563,396;113,32253
1075,91; 1720,187;  252,640; 1546,627;113,41278
1076,45; 1694,494;  244,717; 1531,781;112,64223
1076,99; 1694,033;  252,179; 1488,165;116,65611
1077,53; 1670,571;  244,794; 1476,319;115,77328
1078,07; 1667,033;  248,871; 1480,550;115,14053
1078,61; 1633,340;  240,563; 1450,396;115,12145
1079,15; 1606,033;  242,025; 1430,935;114,72762
1079,69; 1594,571;  239,333; 1407,012;116,06260
1080,23; 1606,648;  267,102; 1416,012;116,59282
1080,77; 1617,110;  297,794; 1427,704;116,76291
1081,31; 1536,956;  237,640; 1358,319;115,94003
1081,85; 1539,725;  259,794; 1358,319;116,51358
1082,39; 1509,802;  236,487; 1336,319;115,77355
1082,93; 1521,802;  253,871; 1328,088;118,03299
1083,47; 1460,263;  236,256; 1288,319;116,34352
1084,01; 1450,879;  254,102; 1324,396;111,81756
1084,55; 1419,725;  237,179; 1263,473;115,22487
1085,09; 1449,494;  260,871; 1277,396;116,93004
1085,63; 1400,340;  244,487; 1257,242;114,12957
1086,17; 1362,648;  238,640; 1217,473;114,83144
1086,71; 1349,187;  235,948; 1212,012;114,05390
1087,24; 1373,187;  271,948; 1237,319;114,07410
1087,78; 1353,956;  266,102; 1220,242;114,01402
1088,32; 1314,187;  222,640; 1171,704;115,01298
1088,86; 1322,110;  258,640; 1169,627;116,73819
1089,40; 1294,802;  255,333; 1165,935;114,15188
1089,94; 1243,417;  219,487; 1127,012;112,82673
1090,48; 1257,725;  255,871; 1129,088;114,73133
1091,02; 1275,110;  261,333; 1144,242;114,82228
1091,56; 1247,648;  247,333; 1114,704;115,32726
1092,10; 1204,956;  222,794; 1072,319;115,61302
1092,63; 1242,725;  267,871; 1112,550;115,41118
1093,17; 1227,110;  250,717; 1086,165;116,87050
1093,71; 1184,263;  245,717; 1063,935;114,70622
1094,25; 1196,187;  261,871; 1077,781;114,51212
1094,79; 1150,033;  235,871; 1044,935;112,99009
1095,33; 1177,879;  252,256; 1034,550;118,32160
1095,87; 1144,110;  249,410; 1020,781;115,98826
1096,40; 1111,110;  229,871;  982,396;117,10421
1096,94; 1134,571;  254,256;  983,781;120,66967
1097,48; 1112,033;  253,717;  995,088;115,77405
1098,02; 1088,263;  246,333;  950,242;119,60779
1098,56; 1047,956;  212,410;  918,704;118,30001
1099,10; 1054,033;  222,948;  916,319;119,86144
1099,63; 1042,033;  228,640;  913,627;118,74574
1100,17; 1059,417;  246,794;  931,627;118,66009
1100,71; 1067,648;  269,102;  952,704;116,81450

