
Integration time [ms]: 150,000
Averaging Nr. [scans]: 13
Smoothing Nr. [pixels]: 0
Data measured with spectrometer [name]: 2009305U1
Wave   ;Sample   ;Dark     ;Reference;Reflectance
[nm]   ;[counts] ;[counts] ;[counts] ;[%]

 175,72;  217,753;  215,188;  220,479;48,47156
 176,32;  234,418;  242,554;  241,291; 0,00000
 176,92;  276,424;  279,490;  268,998; 0,00000
 177,52;  275,669;  265,800;  266,735; 0,00000
 178,12;  251,900;  246,247;  248,356;268,05268
 178,72;  283,883;  272,088;  263,360; 0,00000
 179,32;  272,095;  262,400;  252,097; 0,00000
 179,92;  276,848;  259,638;  263,938;400,27676
 180,52;  257,984;  243,813;  271,262;51,62748
 181,12;  276,010;  267,178;  262,755; 0,00000
 181,73;  296,944;  282,641;  292,622;143,30409
 182,33;  401,442;  382,498;  382,817; 0,00000
 182,93;  297,529;  289,569;  288,341; 0,00000
 183,53;  257,588;  250,624;  238,373; 0,00000
 184,13;  244,143;  252,088;  236,699; 0,00000
 184,73;  303,327;  295,237;  296,980;464,15121
 185,33;  292,450;  240,512;  337,669;53,45762
 185,93;  294,657;  249,268;  350,717;44,74097
 186,53;  317,087;  261,660;  379,133;47,18316
 187,13;  332,748;  290,674;  391,969;41,53594
 187,73;  299,346;  256,347;  370,132;37,78984
 188,33;  303,469;  250,494;  367,092;45,43389
 188,93;  316,194;  261,470;  368,139;51,30283
 189,53;  299,448;  252,375;  383,047;36,02366
 190,13;  334,536;  301,960;  407,075;30,99101
 190,73;  272,987;  239,442;  369,315;25,82944
 191,34;  324,443;  284,386;  402,733;33,84694
 191,94;  279,603;  251,793;  377,914;22,04971
 192,54;  320,416;  259,224;  375,436;52,65525
 193,14;  319,493;  277,058;  390,727;37,33259
 193,74;  318,493;  273,671;  385,365;40,12930
 194,34;  317,360;  274,599;  383,153;39,39111
 194,94;  286,353;  252,981;  340,332;38,20478
 195,54;  253,377;  206,052;  313,539;44,02904
 196,14;  282,811;  237,756;  359,114;37,12521
 196,74;  277,434;  245,356;  355,112;29,22617
 197,34;  253,882;  206,073;  338,668;36,05636
 197,94;  290,150;  236,906;  357,137;44,28536
 198,54;  293,949;  247,987;  378,611;35,18604
 199,14;  268,220;  226,385;  359,116;31,51880
 199,74;  259,976;  205,309;  350,433;37,66922
 200,34;  257,034;  208,772;  369,807;29,96953
 200,94;  298,114;  251,686;  399,741;31,35861
 201,54;  290,790;  228,998;  396,220;36,95180
 202,14;  331,658;  256,545;  434,679;42,16657
 202,74;  292,264;  225,923;  424,368;33,43007
 203,34;  283,512;  213,090;  424,631;33,28996
 203,94;  266,282;  189,239;  428,495;32,20089
 204,54;  329,804;  251,368;  512,601;30,02516
 205,14;  277,128;  210,385;  505,075;22,64836
 205,74;  353,154;  246,781;  590,458;30,95151
 206,34;  319,810;  209,699;  576,705;30,00247
 206,94;  334,689;  231,697;  640,629;25,18564
 207,54;  310,482;  203,236;  645,641;24,24156
 208,14;  348,139;  209,469;  731,897;26,54344
 208,74;  355,646;  211,462;  763,933;26,09811
 209,34;  358,826;  215,617;  836,534;23,06414
 209,94;  396,376;  211,155;  910,089;26,50054
 210,54;  401,353;  221,548;  969,476;24,04042
 211,14;  420,481;  229,308; 1065,378;22,86561
 211,73;  446,829;  226,459; 1139,526;24,13516
 212,33;  475,589;  236,455; 1227,501;24,12949
 212,93;  479,520;  227,461; 1289,222;23,73970
 213,53;  461,786;  188,154; 1314,558;24,29255
 214,13;  507,280;  226,402; 1415,689;23,61735
 214,73;  484,504;  201,853; 1397,602;23,63801
 215,33;  494,915;  184,540; 1424,012;25,04091
 215,93;  561,381;  215,319; 1509,203;26,74597
 216,53;  536,993;  182,999; 1549,701;25,90135
 217,13;  631,631;  229,317; 1754,598;26,37637
 217,73;  653,815;  211,627; 1890,145;26,34394
 218,33;  665,691;  159,788; 2009,520;27,35004
 218,93;  786,103;  200,187; 2222,880;28,96711
 219,53;  858,292;  209,096; 2473,607;28,66828
 220,13;  896,173;  168,253; 2676,562;29,02034
 220,73; 1017,810;  183,848; 2897,339;30,73393
 221,32; 1101,031;  194,231; 3228,010;29,89011
 221,92; 1237,583;  205,637; 3512,262;31,20844
 222,52; 1303,989;  185,936; 3850,595;30,50906
 223,12; 1419,409;  202,629; 4154,777;30,78782
 223,72; 1534,165;  202,552; 4442,479;31,40650
 224,32; 1634,309;  218,169; 4695,358;31,63012
 224,92; 1716,508;  194,861; 4986,969;31,75319
 225,52; 1842,983;  216,466; 5204,946;32,60546
 226,12; 1890,860;  207,394; 5421,932;32,28408
 226,72; 1965,392;  167,085; 5674,397;32,65308
 227,31; 2021,437;  162,393; 5958,700;32,07291
 227,91; 2181,113;  206,080; 6259,781;32,62521
 228,51; 2246,815;  186,841; 6540,173;32,42351
 229,11; 2358,834;  198,008; 6808,640;32,68713
 229,71; 2407,733;  184,076; 7030,669;32,47830
 230,31; 2542,312;  171,095; 7295,540;33,28283
 230,91; 2593,788;  180,452; 7617,211;32,45144
 231,51; 2668,707;  179,089; 7715,141;33,03610
 232,10; 2768,107;  182,096; 8018,679;32,99922
 232,70; 2798,668;  188,676; 8177,307;32,67132
 233,30; 2876,653;  217,703; 8350,021;32,69609
 233,90; 2875,545;  187,857; 8449,862;32,53069
 234,50; 2880,845;  185,012; 8488,792;32,46513
 235,10; 2881,662;  188,938; 8539,815;32,24481
 235,70; 2921,418;  212,080; 8541,038;32,52914
 236,29; 2850,504;  208,692; 8462,720;32,00634
 236,89; 2738,179;  178,915; 8335,670;31,37600
 237,49; 2745,844;  202,086; 8284,122;31,47422
 238,09; 2624,733;  197,468; 8037,628;30,95938
 238,69; 2565,258;  236,987; 7870,431;30,50093
 239,29; 2448,032;  194,313; 7559,504;30,59961
 239,89; 2330,749;  198,377; 7327,213;29,91192
 240,48; 2188,932;  173,929; 6993,393;29,54782
 241,08; 2084,811;  197,158; 6689,547;29,07486
 241,68; 1973,644;  213,007; 6457,765;28,19384
 242,28; 1818,941;  177,010; 6197,802;27,27101
 242,88; 1775,959;  229,864; 5992,699;26,82872
 243,48; 1671,935;  221,009; 5756,805;26,20988
 244,07; 1582,619;  197,080; 5527,084;25,99509
 244,67; 1482,573;  209,777; 5455,762;24,26229
 245,27; 1409,521;  215,305; 5305,526;23,46099
 245,87; 1375,181;  215,324; 5221,882;23,16676
 246,47; 1305,784;  201,228; 5209,915;22,05279
 247,06; 1274,632;  189,313; 5239,232;21,49181
 247,66; 1283,339;  185,392; 5316,585;21,39749
 248,26; 1297,622;  213,076; 5425,383;20,80742
 248,86; 1297,141;  215,921; 5570,088;20,19399
 249,46; 1247,567;  168,166; 5675,054;19,60092
 250,05; 1343,190;  211,544; 6009,604;19,51767
 250,65; 1328,667;  171,688; 6240,863;19,06320
 251,25; 1405,470;  193,850; 6614,338;18,87115
 251,85; 1498,624;  184,223; 7093,629;19,02337
 252,44; 1563,076;  164,538; 7571,467;18,88148
 253,04; 1725,195;  199,232; 8174,570;19,13352
 253,64; 1786,412;  157,379; 8767,774;18,91937
 254,24; 1991,742;  200,082; 9478,595;19,30978
 254,84; 2164,413;  172,012;10257,439;19,75525
 255,43; 2319,526;  186,462;11031,142;19,66922
 256,03; 2552,909;  198,842;11853,495;20,19852
 256,63; 2756,532;  206,299;12771,742;20,29560
 257,23; 2967,058;  179,915;13544,725;20,85434
 257,82; 3290,218;  201,909;14379,225;21,78346
 258,42; 3424,413;  162,444;15139,603;21,77962
 259,02; 3784,424;  225,001;15947,289;22,63934
 259,62; 3981,862;  188,365;16612,532;23,09704
 260,21; 4176,015;  193,846;17115,046;23,53361
 260,81; 4407,041;  176,701;17634,760;24,23145
 261,41; 4622,011;  171,677;18020,259;24,93382
 262,01; 4895,984;  219,978;18522,165;25,54889
 262,60; 5079,289;  176,915;18934,571;26,13532
 263,20; 5298,365;  181,382;19289,783;26,77871
 263,80; 5438,443;  222,978;19399,422;27,19725
 264,40; 5613,453;  173,979;19628,751;27,95959
 264,99; 5836,330;  200,362;19835,163;28,70398
 265,59; 5948,304;  178,506;20062,065;29,01793
 266,19; 6166,737;  186,901;20270,509;29,77471
 266,78; 6359,444;  231,435;20329,672;30,49028
 267,38; 6468,932;  204,585;20445,829;30,94843
 267,98; 6532,186;  197,050;20384,383;31,38173
 268,58; 6690,516;  206,431;20423,055;32,07303
 269,17; 6785,364;  193,040;20511,147;32,44556
 269,77; 6844,148;  201,220;20362,507;32,94893
 270,37; 6901,559;  167,284;20290,728;33,46482
 270,96; 6926,357;  226,755;20181,184;33,57451
 271,56; 6882,654;  194,915;20013,660;33,74451
 272,16; 6936,837;  185,984;19871,963;34,29270
 272,75; 7001,518;  186,600;19777,177;34,78671
 273,35; 7079,254;  199,371;19738,407;35,21096
 273,95; 7098,966;  190,908;19719,110;35,37478
 274,54; 7152,034;  185,005;19740,631;35,62672
 275,14; 7370,826;  217,064;20026,308;36,11325
 275,74; 7404,192;  180,830;20116,163;36,23397
 276,33; 7578,486;  231,989;20438,846;36,35645
 276,93; 7768,816;  208,700;20738,010;36,82596
 277,53; 7949,106;  199,077;21133,268;37,02092
 278,12; 8224,635;  176,686;21528,804;37,69157
 278,72; 8490,285;  248,460;22106,429;37,70627
 279,32; 8713,464;  191,229;22551,898;38,11261
 279,91; 9028,375;  172,150;23104,134;38,61953
 280,51; 9332,832;  185,616;23531,169;39,18183
 281,11; 9578,497;  193,534;24182,668;39,12172
 281,70; 9805,860;  170,380;24554,707;39,51505
 282,30;10151,039;  187,068;25101,891;39,99214
 282,90;10352,145;  193,068;25471,615;40,18853
 283,49;10683,779;  209,449;25919,417;40,74035
 284,09;10928,779;  224,610;26278,145;41,08529
 284,69;11265,277;  230,151;26511,766;41,98800
 285,28;11501,716;  214,379;26817,597;42,42846
 285,88;11779,559;  273,369;27067,764;42,94253
 286,47;11857,466;  200,145;27123,605;43,29801
 287,07;12092,478;  218,613;27237,735;43,94615
 287,67;12295,704;  210,701;27300,344;44,61116
 288,26;12493,460;  186,613;27252,028;45,47075
 288,86;12693,903;  192,225;27300,806;46,11705
 289,46;13118,194;  222,535;27496,000;47,28280
 290,05;13363,791;  187,003;27544,021;48,16602
 290,65;13644,444;  191,605;27630,259;49,02879
 291,24;13987,161;  205,768;27853,230;49,84686
 291,84;14303,378;  204,069;27929,357;50,85361
 292,44;14626,341;  202,164;28065,074;51,76838
 293,03;14951,222;  288,229;28195,881;52,54112
 293,63;15216,267;  202,530;28307,225;53,42074
 294,22;15492,282;  223,688;28387,324;54,21386
 294,82;15703,333;  188,518;28425,575;54,94487
 295,41;15636,937;  172,841;28193,322;55,18854
 296,01;15804,768;  219,675;28287,726;55,52610
 296,61;15745,313;  214,460;27993,795;55,90794
 297,20;15650,050;  198,599;27694,641;56,19518
 297,80;15647,403;  208,005;27639,821;56,28281
 298,39;15465,163;  176,146;27317,860;56,33033
 298,99;15394,542;  220,294;27123,112;56,40394
 299,58;15273,356;  206,931;27088,830;56,04673
 300,18;15215,472;  220,543;26797,466;56,42086
 300,78;14979,712;  194,385;26575,916;56,04423
 301,37;14911,583;  211,822;26507,070;55,90273
 301,97;14859,085;  215,612;26593,456;55,51429
 302,56;14744,908;  194,760;26490,617;55,33247
 303,16;14651,111;  176,065;26455,659;55,08093
 303,75;14597,351;  192,617;26478,159;54,80098
 304,35;14584,946;  187,244;26585,111;54,54115
 304,94;14498,350;  207,228;26706,435;53,93038
 305,54;14467,800;  212,846;26657,780;53,90429
 306,13;14357,165;  167,552;26586,556;53,70987
 306,73;14092,832;  180,010;26378,951;53,10452
 307,33;14034,392;  208,624;26409,320;52,76871
 307,92;13967,484;  203,076;26474,040;52,39400
 308,52;13961,430;  179,680;26876,137;51,62389
 309,11;14115,624;  197,059;27248,000;51,45316
 309,71;14147,692;  176,055;27509,283;51,11594
 310,30;14164,342;  182,998;27618,826;50,96017
 310,90;14227,188;  225,537;27993,749;50,42331
 311,49;14155,322;  198,767;28160,223;49,91355
 312,09;14093,426;  159,543;28215,855;49,66399
 312,68;14177,786;  257,693;28657,328;49,01504
 313,28;14048,253;  164,230;28712,194;48,63402
 313,87;13888,139;  161,613;28832,961;47,87541
 314,47;13903,681;  189,676;29113,451;47,41430
 315,06;13785,563;  166,307;29214,398;46,88520
 315,66;13809,811;  179,158;29361,855;46,70800
 316,25;13570,054;  164,528;29280,108;46,04245
 316,85;13441,121;  157,620;29352,905;45,49879
 317,44;13375,474;  186,136;29534,562;44,94053
 318,04;13211,253;  170,222;29532,389;44,41440
 318,63;13056,925;  169,933;29578,915;43,81992
 319,22;12988,365;  195,836;29797,747;43,21521
 319,82;12795,467;  196,455;29891,121;42,42854
 320,41;12650,354;  196,836;29750,807;42,13822
 321,01;12494,805;  208,619;29829,089;41,47870
 321,60;12366,270;  193,225;29950,561;40,90771
 322,20;12127,979;  174,922;29912,787;40,19474
 322,79;12067,810;  227,461;30027,131;39,73315
 323,39;11909,385;  183,628;30205,612;39,05724
 323,98;11746,569;  176,000;30053,010;38,72733
 324,58;11535,061;  180,680;30076,409;37,97994
 325,17;11434,949;  191,451;29827,512;37,93857
 325,76;11181,121;  212,459;29796,562;37,07620
 326,36;10956,911;  170,849;29455,889;36,83130
 326,95;10765,797;  214,533;29256,851;36,33065
 327,55;10558,757;  177,839;28950,184;36,07950
 328,14;10280,147;  176,852;28655,813;35,47635
 328,74;10049,076;  207,529;28357,685;34,96090
 329,33; 9820,663;  198,233;28001,182;34,60938
 329,92; 9546,427;  169,905;27578,517;34,21013
 330,52; 9254,766;  202,391;27071,145;33,69109
 331,11; 8973,978;  188,763;26659,448;33,18847
 331,71; 8714,452;  186,304;26110,904;32,89597
 332,30; 8472,734;  210,305;25744,973;32,35769
 332,89; 8367,104;  247,771;25406,195;32,27282
 333,49; 8054,043;  199,533;24820,277;31,90200
 334,08; 7814,433;  191,224;24576,143;31,26198
 334,68; 7644,942;  190,763;24130,573;31,13717
 335,27; 7444,915;  208,085;23804,817;30,66878
 335,86; 7392,593;  248,533;23590,986;30,60544
 336,46; 7167,487;  195,470;23334,180;30,13140
 337,05; 7036,946;  190,302;23243,981;29,69871
 337,65; 6900,881;  172,916;23123,537;29,31496
 338,24; 6910,599;  234,615;23170,426;29,10725
 338,83; 6780,232;  207,693;23017,364;28,81471
 339,43; 6644,703;  183,990;22994,932;28,32287
 340,02; 6613,142;  191,527;22898,048;28,28093
 340,61; 6604,394;  189,691;22949,126;28,18480
 341,21; 6534,691;  228,298;22993,608;27,70177
 341,80; 6411,479;  189,147;22920,753;27,37304
 342,40; 6392,015;  194,700;23004,928;27,16902
 342,99; 6399,797;  183,848;23084,502;27,14310
 343,58; 6380,124;  182,387;23200,182;26,92585
 344,18; 6366,560;  207,157;23328,944;26,63896
 344,77; 6374,787;  180,219;23705,233;26,33184
 345,36; 6382,181;  173,764;23848,774;26,22350
 345,96; 6431,156;  213,772;24153,803;25,97066
 346,55; 6468,880;  177,090;24409,667;25,96418
 347,14; 6530,293;  185,546;24665,512;25,91812
 347,74; 6526,764;  163,021;25014,474;25,60713
 348,33; 6657,279;  187,943;25613,001;25,44472
 348,92; 6773,270;  202,872;26127,374;25,34436
 349,52; 6824,838;  167,946;26485,427;25,29456
 350,11; 6903,889;  194,526;26767,472;25,24885
 350,70; 6914,654;  182,845;26777,542;25,31260
 351,29; 6866,874;  171,588;26590,436;25,34284
 351,89; 6795,223;  198,443;26669,498;24,92073
 352,48; 6820,453;  157,845;26661,035;25,13889
 353,07; 6818,702;  203,855;26551,755;25,10578
 353,67; 6790,953;  202,796;26569,638;24,98652
 354,26; 6777,694;  192,007;26357,553;25,16931
 354,85; 6701,630;  196,543;26287,028;24,93279
 355,45; 6707,549;  165,300;26074,910;25,25028
 356,04; 6639,676;  183,856;26035,901;24,97219
 356,63; 6641,907;  217,841;25887,445;25,02597
 357,22; 6621,896;  188,284;25684,067;25,23403
 357,82; 6596,546;  197,749;25575,023;25,21468
 358,41; 6667,533;  215,997;25518,235;25,49789
 359,00; 6559,949;  174,451;25263,127;25,45171
 359,60; 6616,891;  189,923;25297,155;25,59807
 360,19; 6605,022;  218,395;25075,980;25,69287
 360,78; 6568,157;  207,378;24984,224;25,67227
 361,37; 6571,297;  184,070;24777,234;25,97155
 361,97; 6606,497;  186,534;24738,514;26,14845
 362,56; 6545,734;  186,603;24484,037;26,17203
 363,15; 6651,938;  254,147;24243,626;26,66916
 363,74; 6542,991;  196,446;23906,963;26,76679
 364,34; 6516,563;  206,759;23626,308;26,94247
 364,93; 6437,650;  186,217;23303,501;27,04225
 365,52; 6424,132;  166,840;22934,755;27,48294
 366,11; 6414,427;  182,067;22673,476;27,70996
 366,71; 6319,135;  180,451;22356,055;27,68215
 367,30; 6360,688;  185,379;22033,539;28,26466
 367,89; 6365,012;  224,851;21824,824;28,42671
 368,48; 6363,579;  202,985;21518,905;28,90138
 369,07; 6258,269;  197,999;21141,542;28,93622
 369,67; 6299,325;  219,909;20889,256;29,41271
 370,26; 6278,473;  182,845;20734,330;29,66028
 370,85; 6235,424;  194,994;20510,791;29,73267
 371,44; 6272,326;  194,611;20207,808;30,36853
 372,03; 6259,963;  178,759;20081,656;30,55437
 372,63; 6193,414;  158,764;19817,902;30,69641
 373,22; 6222,557;  186,383;19522,554;31,21701
 373,81; 6237,716;  167,379;19288,135;31,74737
 374,40; 6213,470;  191,083;19059,700;31,91748
 374,99; 6237,859;  187,531;18840,191;32,43681
 375,59; 6206,880;  173,236;18550,554;32,83202
 376,18; 6253,924;  211,916;18469,943;33,09234
 376,77; 6264,207;  204,689;18300,759;33,48527
 377,36; 6365,607;  228,609;18219,592;34,11152
 377,95; 6312,184;  198,067;18053,613;34,24212
 378,55; 6314,574;  184,388;17895,089;34,61290
 379,14; 6378,899;  204,071;17767,705;35,15689
 379,73; 6433,157;  195,298;17690,555;35,65457
 380,32; 6525,667;  199,611;17766,247;36,01176
 380,91; 6552,830;  164,755;17609,970;36,61792
 381,50; 6638,028;  198,372;17563,585;37,08365
 382,10; 6686,359;  188,765;17476,863;37,58420
 382,69; 6740,082;  174,455;17450,659;38,00388
 383,28; 6840,389;  216,450;17362,704;38,63199
 383,87; 6791,665;  182,219;17265,777;38,68893
 384,46; 6870,073;  164,518;17255,544;39,23436
 385,05; 6961,012;  214,987;17254,467;39,59055
 385,64; 7111,580;  198,220;17195,168;40,67413
 386,24; 7114,331;  168,826;17099,217;41,02389
 386,83; 7230,723;  208,901;17211,441;41,29866
 387,42; 7325,707;  201,682;17266,572;41,74668
 388,01; 7494,999;  198,663;17429,401;42,34489
 388,60; 7679,835;  201,827;17664,243;42,82344
 389,19; 7868,845;  178,192;17864,311;43,48412
 389,78; 8025,875;  182,040;18052,781;43,89205
 390,37; 8329,567;  259,822;18453,798;44,35394
 390,96; 8461,990;  199,364;18560,701;45,00013
 391,56; 8581,039;  199,650;18717,151;45,26199
 392,15; 8735,933;  190,658;18977,386;45,48570
 392,74; 8901,695;  161,637;19111,362;46,12234
 393,33; 9178,554;  193,187;19398,293;46,78634
 393,92; 9385,991;  193,707;19700,617;47,12322
 394,51; 9551,751;  175,341;19822,392;47,72426
 395,10; 9814,299;  218,765;19999,641;48,50915
 395,69; 9977,257;  206,845;20137,443;49,02217
 396,28;10123,761;  216,911;20258,067;49,43253
 396,87;10220,865;  210,125;20373,845;49,64729
 397,46;10408,037;  215,959;20493,534;50,26280
 398,06;10553,329;  225,483;20622,499;50,63410
 398,65;10651,929;  208,757;20636,641;51,12215
 399,24;10855,904;  219,366;20796,444;51,69120
 399,83;10925,886;  187,238;20856,256;51,95529
 400,42;11107,028;  240,577;21012,739;52,31257
 401,01;11260,063;  215,524;21087,386;52,91593
 401,60;11344,074;  223,145;21138,279;53,17168
 402,19;11444,469;  233,166;21078,168;53,78413
 402,78;11505,547;  249,617;21127,738;53,91256
 403,37;11478,483;  218,919;20935,742;54,34986
 403,96;11548,085;  231,669;20779,155;55,07445
 404,55;11620,306;  238,637;20751,190;55,48636
 405,14;11637,409;  205,924;20620,601;55,99640
 405,73;11708,234;  236,656;20497,890;56,61836
 406,32;11759,620;  238,578;20450,859;57,00021
 406,91;11729,022;  235,874;20268,697;57,37159
 407,50;11727,132;  241,828;20153,636;57,68087
 408,09;11682,096;  210,334;19893,949;58,28077
 408,68;11686,196;  232,157;19816,876;58,48457
 409,27;11647,031;  215,571;19595,694;58,98548
 409,86;11706,455;  228,948;19514,892;59,51229
 410,45;11763,873;  267,392;19435,618;59,97676
 411,04;11765,562;  268,759;19411,397;60,05861
 411,63;11747,135;  245,684;19123,996;60,92415
 412,22;11649,462;  258,831;18952,364;60,93354
 412,81;11581,095;  258,318;18779,386;61,13458
 413,40;11546,437;  260,273;18463,100;62,00226
 413,99;11443,113;  312,186;18207,738;62,19941
 414,58;11314,600;  237,039;17843,012;62,91933
 415,17;11197,005;  254,626;17692,703;62,74992
 415,76;11202,753;  236,598;17545,422;63,35586
 416,35;11118,242;  233,227;17356,860;63,56720
 416,94;11278,545;  269,219;17355,646;64,43317
 417,53;11406,064;  246,858;17606,897;64,28100
 418,12;11491,013;  249,480;17644,479;64,62509
 418,71;11787,428;  261,043;17986,133;65,02864
 419,30;11933,552;  238,406;18005,533;65,82463
 419,89;12025,311;  228,412;18178,779;65,71954
 420,48;12262,353;  269,428;18472,722;65,88327
 421,07;12402,910;  254,741;18550,845;66,39757
 421,66;12492,759;  229,987;18514,429;67,06670
 422,25;12512,196;  240,476;18497,099;67,21791
 422,84;12551,618;  266,174;18497,313;67,38714
 423,43;12430,894;  245,777;18308,137;67,46138
 424,02;12396,606;  270,167;18092,491;68,04073
 424,60;12168,481;  244,509;17609,339;68,66737
 425,19;12018,648;  257,799;17462,204;68,35952
 425,78;12038,859;  259,955;17419,886;68,64191
 426,37;11982,659;  266,274;17259,831;68,94604
 426,96;12009,338;  250,505;17090,302;69,82764
 427,55;11910,412;  241,755;17017,382;69,55720
 428,14;11883,142;  234,533;16879,419;69,98311
 428,73;11820,688;  242,748;16650,264;70,56486
 429,32;11836,740;  265,273;16662,877;70,56803
 429,91;11869,525;  276,749;16661,836;70,75199
 430,50;11845,064;  259,758;16514,311;71,27422
 431,08;11777,187;  258,845;16352,858;71,56911
 431,67;11735,090;  305,470;16345,268;71,25788
 432,26;11699,083;  329,555;16180,310;71,72862
 432,85;11565,573;  333,245;15898,595;72,16239
 433,44;11321,563;  345,488;15564,569;72,12049
 434,03;11164,889;  349,583;15259,863;72,53590
 434,62;10966,723;  316,797;14931,104;72,87329
 435,21;10879,799;  326,246;14753,191;73,15168
 435,79;10761,079;  330,807;14661,855;72,78094
 436,38;10761,371;  333,516;14506,325;73,57649
 436,97;10733,648;  316,519;14432,759;73,79535
 437,56;10608,179;  313,775;14244,313;73,89811
 438,15;10587,337;  295,768;14219,147;73,91575
 438,74;10610,585;  313,232;14148,550;74,42802
 439,33;10687,055;  293,229;14180,539;74,84406
 439,91;10745,620;  268,471;14231,229;75,03639
 440,50;10804,597;  312,626;14286,734;75,08151
 441,09;10888,873;  312,641;14376,108;75,20359
 441,68;10942,522;  283,733;14340,004;75,82942
 442,27;10920,990;  258,419;14375,504;75,52955
 442,86;10891,639;  255,297;14364,834;75,38406
 443,44;10957,675;  267,444;14369,365;75,80691
 444,03;11082,259;  354,451;14469,857;76,00070
 444,62;10990,858;  274,990;14353,817;76,11336
 445,21;10928,064;  282,678;14146,289;76,78653
 445,80;10863,576;  319,003;14134,127;76,32630
 446,39;10766,757;  337,693;13924,745;76,75737
 446,97;10565,667;  277,405;13697,551;76,66282
 447,56;10476,269;  270,189;13550,324;76,85223
 448,15;10343,204;  270,020;13335,577;77,09724
 448,74;10210,277;  294,483;13213,992;76,75055
 449,33;10106,682;  276,263;13066,916;76,85627
 449,91; 9985,900;  271,973;12833,667;77,32975
 450,50; 9879,970;  273,123;12610,616;77,86709
 451,09; 9792,322;  297,356;12567,923;77,38001
 451,68; 9778,505;  316,901;12512,451;77,58243
 452,26; 9724,584;  308,601;12451,768;77,54141
 452,85; 9640,001;  277,981;12334,253;77,65269
 453,44; 9651,362;  293,927;12352,326;77,60097
 454,03; 9650,631;  270,529;12310,949;77,90510
 454,61; 9634,680;  259,775;12317,578;77,74969
 455,20; 9811,098;  288,629;12445,746;78,32835
 455,79; 9769,057;  310,231;12439,780;77,98168
 456,38; 9868,301;  314,257;12505,552;78,36775
 456,97; 9932,984;  279,022;12522,450;78,85016
 457,55; 9961,139;  285,186;12567,924;78,77684
 458,14; 9967,934;  313,327;12592,761;78,62420
 458,73; 9885,995;  294,649;12528,638;78,39917
 459,31; 9947,946;  319,278;12473,229;79,22253
 459,90;10060,466;  349,117;12643,486;78,99022
 460,49;10170,869;  400,036;12683,135;79,54698
 461,08;10168,174;  293,516;12746,522;79,29538
 461,66;10258,095;  311,355;12823,436;79,49709
 462,25;10320,783;  306,215;12877,176;79,66430
 462,84;10355,569;  322,825;12931,928;79,56747
 463,43;10323,097;  263,230;12869,014;79,80358
 464,01;10389,048;  300,622;12926,646;79,90184
 464,60;10400,956;  347,840;12897,896;80,10415
 465,19;10218,966;  281,626;12640,527;80,40634
 465,77;10210,737;  295,864;12610,536;80,51269
 466,36;10172,959;  325,769;12550,362;80,55229
 466,95; 9915,401;  301,309;12293,583;80,16905
 467,53; 9774,284;  304,719;12035,312;80,72537
 468,12; 9570,344;  336,105;11752,659;80,88464
 468,71; 9397,700;  313,858;11643,245;80,17947
 469,29; 9227,894;  282,954;11378,346;80,61852
 469,88; 9092,180;  303,960;11143,652;81,07445
 470,47; 9154,708;  355,588;11224,241;80,95870
 471,06; 9104,728;  321,281;11254,536;80,33698
 471,64; 9195,966;  319,200;11284,244;80,95513
 472,23; 9212,454;  292,919;11278,622;81,19221
 472,81; 9287,760;  285,368;11343,323;81,41100
 473,40; 9346,273;  299,458;11486,102;80,87157
 473,99; 9600,150;  413,381;11748,645;81,04592
 474,57; 9596,868;  296,149;11798,268;80,86092
 475,16; 9740,885;  315,601;11923,885;81,19447
 475,75; 9811,253;  339,544;12057,435;80,83118
 476,33; 9837,858;  333,170;12091,432;80,83412
 476,92; 9892,687;  336,922;12165,496;80,78544
 477,51; 9978,336;  330,934;12189,260;81,35551
 478,09; 9919,707;  333,242;12269,654;80,31278
 478,68; 9924,471;  334,246;12203,151;80,80126
 479,27; 9993,719;  356,467;12234,690;81,13378
 479,85; 9911,775;  320,399;12195,204;80,77081
 480,44;10005,084;  326,789;12298,005;80,84638
 481,02;10851,802;  331,798;13413,795;80,41589
 481,61;12330,531;  357,717;15182,380;80,76280
 482,20;13198,189;  338,798;16240,922;80,86587
 482,78;13863,610;  367,941;17006,318;81,11169
 483,37;14304,938;  367,043;17398,314;81,83708
 483,95;14528,986;  379,661;17674,875;81,81064
 484,54;14610,290;  396,408;17882,667;81,28601
 485,13;14570,843;  367,288;17786,909;81,53768
 485,71;14381,848;  338,514;17598,029;81,36575
 486,30;14231,911;  375,284;17381,423;81,48015
 486,88;14010,500;  429,825;17060,881;81,65852
 487,47;13470,934;  395,059;16442,339;81,48344
 488,05;12904,644;  379,064;15657,027;81,98462
 488,64;12018,895;  390,459;14677,259;81,39287
 489,23;10705,092;  388,067;13084,321;81,26039
 489,81; 9141,636;  392,378;11198,707;80,96420
 490,40; 8615,865;  349,688;10533,634;81,16870
 490,98; 8380,201;  327,769;10288,186;80,84433
 491,57; 8338,901;  365,146;10244,758;80,70919
 492,15; 8260,490;  337,233;10192,175;80,39882
 492,74; 8227,188;  337,604;10155,486;80,35934
 493,32; 8131,519;  359,307;10022,383;80,43207
 493,91; 8030,462;  335,007; 9935,330;80,15829
 494,50; 8005,364;  339,180; 9968,010;79,61698
 495,08; 8044,912;  319,409; 9834,592;81,19132
 495,67; 7967,836;  348,006; 9843,693;80,24517
 496,25; 7871,026;  285,478; 9699,658;80,57577
 496,84; 7852,092;  305,312; 9702,085;80,31246
 497,42; 7819,157;  304,481; 9685,986;80,10097
 498,01; 7813,292;  335,930; 9634,058;80,41793
 498,59; 7692,475;  301,329; 9556,546;79,85925
 499,18; 7726,515;  280,855; 9491,296;80,83935
 499,76; 7679,259;  326,709; 9478,555;80,33953
 500,35; 7512,671;  303,031; 9312,453;80,02333
 500,93; 7467,907;  301,327; 9240,306;80,17224
 501,52; 7362,704;  299,560; 9194,572;79,40567
 502,10; 7374,273;  318,576; 9152,037;79,87465
 502,69; 7248,083;  300,891; 9029,198;79,59381
 503,27; 7078,153;  279,257; 8861,306;79,22230
 503,86; 7051,942;  288,503; 8797,288;79,48772
 504,44; 6957,997;  272,971; 8708,286;79,25046
 505,03; 6762,628;  252,817; 8508,634;78,85120
 505,61; 6682,596;  276,661; 8425,575;78,61090
 506,19; 6612,025;  296,817; 8268,267;79,22283
 506,78; 6425,482;  274,907; 8076,315;78,83930
 507,36; 6328,991;  280,970; 7987,981;78,47428
 507,95; 6240,198;  284,760; 7814,231;79,09504
 508,53; 6154,464;  282,446; 7747,608;78,65895
 509,12; 6052,061;  282,373; 7590,498;78,94895
 509,70; 5929,082;  300,607; 7523,310;77,92754
 510,29; 5844,032;  323,768; 7383,942;78,18879
 510,87; 5701,279;  283,138; 7199,757;78,33510
 511,46; 5564,297;  276,371; 7061,749;77,93120
 512,04; 5456,974;  279,225; 6948,436;77,63660
 512,62; 5333,745;  288,372; 6838,605;77,02586
 513,21; 5234,052;  269,461; 6689,776;77,32629
 513,79; 5155,494;  273,636; 6539,972;77,90609
 514,38; 5016,647;  259,705; 6423,167;77,17971
 514,96; 4995,947;  304,550; 6355,043;77,53744
 515,54; 4828,222;  261,939; 6225,250;76,57295
 516,13; 4804,278;  289,325; 6182,036;76,61929
 516,71; 4722,410;  270,488; 6008,011;77,59311
 517,30; 4605,813;  254,496; 5922,215;76,77369
 517,88; 4564,594;  286,110; 5885,770;76,40613
 518,46; 4470,542;  264,422; 5762,144;76,50659
 519,05; 4400,257;  272,120; 5726,291;75,68771
 519,63; 4366,791;  270,656; 5687,597;75,61712
 520,22; 4324,950;  288,130; 5642,304;75,39576
 520,80; 4264,866;  273,901; 5538,618;75,80587
 521,38; 4286,849;  313,968; 5568,410;75,60995
 521,97; 4192,274;  266,753; 5485,150;75,22465
 522,55; 4188,995;  274,753; 5459,027;75,50223
 523,13; 4142,395;  268,219; 5458,972;74,63610
 523,72; 4138,784;  274,729; 5441,238;74,79045
 524,30; 4224,692;  308,071; 5573,295;74,38661
 524,89; 4167,497;  249,908; 5574,926;73,56950
 525,47; 4277,725;  283,997; 5666,969;74,19187
 526,05; 4263,642;  255,383; 5674,180;73,96954
 526,64; 4360,712;  293,156; 5810,242;73,72654
 527,22; 4431,184;  276,996; 5914,534;73,68798
 527,80; 4516,600;  329,078; 6016,213;73,63148
 528,39; 4526,185;  276,468; 6128,932;72,61415
 528,97; 4604,768;  274,234; 6225,796;72,76298
 529,55; 4729,504;  285,450; 6379,362;72,92612
 530,14; 4864,253;  307,317; 6543,020;73,07814
 530,72; 4879,908;  271,388; 6616,652;72,62929
 531,30; 4973,553;  263,626; 6770,719;72,38143
 531,89; 5011,444;  281,934; 6826,791;72,26300
 532,47; 5100,773;  317,168; 6933,295;72,30219
 533,05; 5107,152;  305,385; 6997,434;71,75331
 533,63; 5093,507;  313,631; 6987,628;71,61939
 534,22; 5109,554;  282,247; 7078,289;71,03116
 534,80; 5188,612;  312,333; 7062,469;72,23972
 535,38; 5253,593;  395,474; 7241,848;70,95900
 535,97; 5138,560;  293,168; 7128,232;70,89022
 536,55; 5203,543;  351,565; 7245,824;70,37708
 537,13; 5148,286;  348,548; 7246,844;69,57860
 537,71; 5203,063;  387,393; 7261,991;70,05020
 538,30; 5191,514;  398,019; 7326,295;69,18741
 538,88; 5232,525;  438,572; 7411,922;68,74677
 539,46; 5332,872;  492,025; 7570,423;68,38902
 540,05; 5394,613;  502,722; 7642,116;68,51970
 540,63; 5493,262;  548,184; 7865,556;67,57998
 541,21; 5581,621;  584,574; 7964,837;67,70824
 541,79; 5597,897;  604,651; 8079,602;66,79972
 542,38; 5684,467;  632,259; 8208,878;66,68156
 542,96; 5749,713;  653,197; 8359,145;66,13744
 543,54; 5869,183;  680,573; 8532,256;66,08277
 544,12; 5906,000;  639,730; 8665,817;65,61441
 544,70; 5936,826;  621,121; 8719,558;65,63866
 545,29; 6024,008;  637,952; 8871,852;65,41318
 545,87; 6030,666;  624,267; 8862,217;65,62797
 546,45; 6006,402;  571,105; 8906,742;65,20554
 547,03; 6024,401;  557,264; 8973,646;64,95828
 547,62; 6050,534;  522,498; 9106,178;64,40170
 548,20; 6152,968;  523,734; 9180,871;65,02419
 548,78; 6169,623;  470,984; 9295,665;64,57616
 549,36; 6279,181;  466,059; 9464,290;64,60294
 549,94; 6316,596;  410,039; 9535,576;64,72558
 550,53; 6426,746;  426,594; 9788,909;64,08834
 551,11; 6502,954;  391,295; 9900,834;64,26872
 551,69; 6640,593;  407,904;10197,041;63,66945
 552,27; 6761,520;  350,206;10408,567;63,74115
 552,85; 6933,660;  368,910;10748,132;63,24896
 553,44; 7047,899;  372,289;10951,144;63,10333
 554,02; 7246,641;  388,753;11263,525;63,06236
 554,60; 7296,777;  328,296;11506,415;62,34037
 555,18; 7562,303;  349,674;11870,363;62,60589
 555,76; 7649,272;  347,446;12109,951;62,07714
 556,34; 7885,236;  353,226;12480,324;62,10892
 556,93; 8016,846;  342,905;12777,771;61,71310
 557,51; 8194,254;  317,842;13084,107;61,69707
 558,09; 8360,260;  352,982;13410,418;61,32351
 558,67; 8506,567;  335,078;13798,625;60,69343
 559,25; 8671,053;  349,613;13959,655;61,14192
 559,83; 8791,612;  338,006;14293,909;60,57369
 560,41; 8854,283;  322,608;14516,084;60,10983
 561,00; 9034,214;  332,848;14828,245;60,02848
 561,58; 9070,048;  320,223;15079,368;59,28409
 562,16; 9237,078;  331,757;15335,880;59,35250
 562,74; 9370,843;  302,215;15613,263;59,22931
 563,32; 9534,241;  303,544;15972,823;58,90952
 563,90; 9675,352;  333,771;16341,127;58,35805
 564,48; 9812,714;  331,145;16693,153;57,94869
 565,06;10033,452;  331,847;17211,007;57,47683
 565,65;10404,436;  325,246;17793,346;57,70056
 566,23;10648,800;  379,694;18389,521;57,01946
 566,81;10914,682;  315,690;18996,107;56,73852
 567,39;11276,518;  335,316;19804,026;56,19890
 567,97;11520,000;  352,538;20317,282;55,93592
 568,55;11893,653;  360,775;21009,957;55,85150
 569,13;12160,587;  330,387;21647,612;55,49597
 569,71;12554,861;  323,756;22400,409;55,40290
 570,29;13033,075;  365,828;23327,182;55,16768
 570,87;13302,896;  371,985;23935,767;54,87621
 571,45;13526,902;  359,001;24428,606;54,70759
 572,03;13706,299;  323,087;24853,943;54,55664
 572,61;13946,189;  331,082;25450,138;54,20231
 573,20;14239,688;  344,381;26139,742;53,86746
 573,78;14431,180;  319,621;26708,325;53,47575
 574,36;14701,595;  338,619;27108,506;53,65348
 574,94;14748,696;  405,551;27449,476;53,03648
 575,52;14756,555;  353,485;27645,023;52,77486
 576,10;14986,418;  398,019;28039,620;52,77697
 576,68;15143,790;  381,318;28622,898;52,27212
 577,26;15406,756;  402,721;29190,050;52,12027
 577,84;15556,416;  397,158;29650,114;51,82129
 578,42;15633,316;  457,554;29946,016;51,46339
 579,00;15553,503;  403,391;29943,058;51,28735
 579,58;15633,390;  450,397;30223,681;50,99536
 580,16;15503,589;  413,094;30249,042;50,57823
 580,74;15525,118;  418,787;30444,152;50,31190
 581,32;15438,892;  412,091;30498,733;49,94509
 581,90;15303,048;  435,632;30401,376;49,61471
 582,48;15212,835;  412,863;30496,467;49,19614
 583,06;15225,963;  419,167;30621,582;49,02520
 583,64;15179,049;  423,858;30735,702;48,67797
 584,22;14964,339;  433,949;30613,298;48,14680
 584,80;14824,565;  442,400;30388,107;48,02747
 585,38;14439,786;  450,687;30007,495;47,32953
 585,96;14406,314;  413,469;30018,699;47,26477
 586,54;14349,833;  442,332;30063,222;46,95167
 587,12;14279,884;  405,020;30251,414;46,48757
 587,70;14296,074;  443,701;30345,886;46,32562
 588,28;14147,513;  418,712;30312,712;45,92494
 588,86;14080,866;  421,637;30467,146;45,46180
 589,44;14024,467;  408,957;30493,173;45,25799
 590,02;14015,386;  417,493;30671,402;44,94590
 590,59;13921,601;  399,562;30822,556;44,44677
 591,17;13995,453;  407,585;31054,046;44,33748
 591,75;13946,774;  381,424;31076,923;44,19329
 592,33;13971,091;  395,343;31267,066;43,97470
 592,91;13942,326;  347,043;31531,203;43,59676
 593,49;13964,594;  363,049;31783,725;43,28852
 594,07;13891,438;  378,434;31958,598;42,78953
 594,65;13766,333;  404,025;31987,686;42,30766
 595,23;13859,736;  390,646;32329,116;42,17200
 595,81;13823,848;  370,572;32459,149;41,92544
 596,39;13748,191;  369,111;32497,639;41,64237
 596,97;13785,602;  365,966;32645,890;41,57270
 597,55;13625,444;  369,951;32691,334;41,01153
 598,12;13508,782;  351,898;32612,219;40,78349
 598,70;13545,155;  350,122;32803,474;40,65846
 599,28;13529,048;  364,969;32862,904;40,50743
 599,86;13438,843;  360,122;32915,758;40,17345
 600,44;13318,402;  331,587;33037,184;39,70823
 601,02;13262,816;  377,139;33020,826;39,47372
 601,60;13185,161;  355,962;33006,281;39,29272
 602,18;13008,746;  332,744;33049,806;38,74432
 602,75;12989,550;  343,340;33109,962;38,59479
 603,33;12932,157;  358,969;33127,909;38,36922
 603,91;12837,675;  338,134;33133,246;38,11404
 604,49;12752,068;  360,046;33224,969;37,70592
 605,07;12655,788;  378,039;33230,914;37,37192
 605,65;12551,734;  374,819;33248,965;37,04101
 606,23;12552,022;  431,407;33476,889;36,67859
 606,80;12382,133;  474,417;33416,572;36,14735
 607,38;12310,447;  516,978;33518,600;35,73603
 607,96;12255,439;  556,648;33506,445;35,50490
 608,54;12178,394;  622,280;33558,960;35,08585
 609,12;12097,950;  628,417;33625,156;34,75959
 609,70;12049,793;  656,044;33647,739;34,53520
 610,27;11943,155;  675,339;33675,248;34,14499
 610,85;11863,405;  685,659;33716,330;33,84050
 611,43;11735,216;  686,892;33632,279;33,53527
 612,01;11557,087;  648,191;33568,405;33,13738
 612,59;11481,624;  644,967;33567,852;32,91527
 613,16;11373,524;  609,565;33459,918;32,76665
 613,74;11229,281;  578,892;33408,954;32,44096
 614,32;11103,136;  554,281;33422,056;32,09483
 614,90;10959,078;  502,502;33273,877;31,90765
 615,48;10837,229;  471,259;33054,221;31,81408
 616,05;10678,561;  438,179;32926,097;31,52059
 616,63;10593,894;  443,637;32834,665;31,33663
 617,21;10461,062;  429,108;32742,823;31,04550
 617,79;10366,485;  418,881;32679,879;30,83477
 618,36;10265,833;  428,500;32573,986;30,60253
 618,94;10098,113;  363,952;32275,992;30,50310
 619,52; 9912,687;  387,561;32069,831;30,06453
 620,10; 9832,644;  378,418;32049,207;29,85157
 620,67; 9754,172;  388,868;31949,480;29,67403
 621,25; 9676,222;  406,885;31821,933;29,50604
 621,83; 9563,436;  384,029;31799,033;29,21982
 622,41; 9524,278;  426,567;31726,240;29,06647
 622,98; 9340,430;  388,713;31547,692;28,72917
 623,56; 9226,221;  404,712;31554,060;28,32004
 624,14; 9178,181;  374,043;31362,247;28,41126
 624,72; 9073,989;  371,875;31258,023;28,17481
 625,29; 8991,114;  350,635;31386,490;27,84031
 625,87; 8957,671;  408,342;31330,961;27,64749
 626,45; 8830,439;  357,402;31101,220;27,56013
 627,02; 8752,568;  362,036;31175,184;27,23036
 627,60; 8676,784;  344,894;31019,903;27,16182
 628,18; 8626,950;  338,956;31175,387;26,87728
 628,76; 8521,882;  339,868;31230,110;26,48737
 629,33; 8507,264;  368,796;31201,272;26,39577
 629,91; 8458,491;  359,341;31118,361;26,33098
 630,49; 8435,098;  365,409;31239,431;26,13747
 631,06; 8400,811;  359,254;31299,876;25,99029
 631,64; 8252,199;  358,788;31355,099;25,46565
 632,22; 8227,908;  330,322;31264,697;25,53013
 632,79; 8204,109;  346,629;31474,896;25,24226
 633,37; 8146,259;  321,807;31596,496;25,01848
 633,95; 8117,482;  342,017;31637,780;24,84511
 634,52; 8022,602;  324,644;31690,973;24,54211
 635,10; 7971,437;  320,724;31667,549;24,40666
 635,68; 7957,154;  330,091;31915,276;24,14760
 636,25; 7907,387;  317,238;31834,906;24,08220
 636,83; 7871,190;  302,945;32052,341;23,83745
 637,41; 7787,680;  332,474;32104,205;23,46491
 637,98; 7811,798;  348,319;32258,561;23,38898
 638,56; 7740,280;  322,389;32377,897;23,14077
 639,13; 7693,365;  304,251;32338,478;23,06631
 639,71; 7744,121;  372,869;32592,004;22,87849
 640,29; 7531,824;  281,716;32365,494;22,59743
 640,86; 7536,839;  302,716;32565,116;22,42277
 641,44; 7477,624;  299,640;32562,892;22,24817
 642,02; 7481,100;  340,178;32522,360;22,18905
 642,59; 7395,269;  308,794;32650,213;21,91145
 643,17; 7367,899;  297,333;32690,374;21,82742
 643,74; 7337,145;  303,949;32609,919;21,77058
 644,32; 7297,468;  336,180;32589,080;21,58345
 644,89; 7240,637;  323,488;32565,702;21,45370
 645,47; 7187,421;  334,104;32622,478;21,22534
 646,05; 7123,282;  335,719;32581,101;21,04972
 646,62; 7069,066;  317,028;32513,338;20,97147
 647,20; 7023,466;  320,413;32730,345;20,68210
 647,77; 6912,173;  286,567;32492,967;20,57233
 648,35; 6845,496;  289,721;32429,974;20,39740
 648,92; 6797,203;  316,106;32526,289;20,12127
 649,50; 6740,295;  282,029;32395,450;20,11080
 650,08; 6670,618;  268,184;32366,533;19,94630
 650,65; 6634,017;  294,722;32543,771;19,65731
 651,23; 6675,571;  281,415;33137,470;19,46112
 651,80; 6851,509;  275,108;34054,631;19,46860
 652,38; 6891,831;  288,339;34323,022;19,40224
 652,95; 6867,846;  264,955;34635,568;19,21086
 653,53; 6887,938;  303,340;34898,728;19,03317
 654,10; 6911,107;  329,494;35072,581;18,94366
 654,68; 6833,045;  278,725;34911,204;18,92536
 655,25; 6825,676;  276,187;35018,441;18,85165
 655,83; 6760,844;  272,264;35090,602;18,63553
 656,40; 6750,552;  310,649;35009,532;18,55939
 656,98; 6686,028;  284,265;34912,923;18,48689
 657,55; 6654,197;  287,035;34826,853;18,43427
 658,13; 6516,135;  296,881;34522,168;18,17152
 658,70; 6452,535;  317,035;34403,867;17,99962
 659,28; 6257,242;  288,882;33560,951;17,93805
 659,85; 6076,026;  308,267;32841,573;17,72878
 660,43; 6107,580;  306,960;32853,041;17,82279
 661,00; 6012,287;  281,729;32952,510;17,54031
 661,58; 6035,379;  273,345;33228,824;17,48430
 662,15; 6014,009;  275,422;33454,677;17,29571
 662,73; 6109,409;  356,884;33745,761;17,22887
 663,30; 6056,578;  291,808;33857,691;17,17449
 663,88; 6031,131;  292,731;33903,083;17,07331
 664,45; 6030,223;  285,347;34175,397;16,95151
 665,03; 6062,315;  288,040;34530,019;16,86315
 665,60; 6202,407;  396,886;34964,488;16,79469
 666,17; 6097,268;  294,810;34975,495;16,73110
 666,75; 6091,283;  289,733;35309,655;16,56643
 667,32; 6135,452;  312,656;35575,047;16,51276
 667,90; 6138,544;  294,195;35801,361;16,45963
 668,47; 6159,866;  311,042;35999,445;16,38859
 669,05; 6222,497;  292,658;36347,067;16,44692
 669,62; 6162,204;  265,889;36383,151;16,32548
 670,19; 6113,911;  263,505;36453,619;16,16576
 670,77; 6151,926;  288,505;36581,165;16,15594
 671,34; 6111,711;  286,428;36534,941;16,07040
 671,92; 6144,956;  273,506;36886,332;16,03659
 672,49; 6145,894;  295,814;36856,339;16,00108
 673,06; 6102,986;  251,583;36952,500;15,94348
 673,64; 6111,386;  272,045;36951,738;15,91982
 674,21; 6044,401;  274,123;36813,514;15,79194
 674,79; 6090,800;  296,738;37093,982;15,74591
 675,36; 6115,277;  291,893;37220,450;15,76933
 675,93; 6020,061;  265,047;37085,227;15,63006
 676,51; 6042,692;  286,355;37235,003;15,57929
 677,08; 6026,783;  291,355;37252,779;15,51734
 677,65; 6073,952;  284,663;37355,401;15,61687
 678,23; 6077,737;  289,356;37561,331;15,53012
 678,80; 6095,136;  268,510;37709,338;15,56223
 679,38; 6078,997;  285,818;37781,422;15,45029
 679,95; 6097,320;  303,434;37963,659;15,38463
 680,52; 6079,796;  276,434;38211,204;15,29827
 681,10; 6163,504;  298,050;38670,288;15,28567
 681,67; 6196,519;  292,435;38820,603;15,32407
 682,24; 6163,226;  263,666;38932,148;15,25677
 682,82; 6258,164;  275,513;39466,463;15,26539
 683,39; 6324,410;  324,129;39703,239;15,23722
 683,96; 6303,348;  275,283;39872,246;15,22355
 684,54; 6350,209;  268,283;40194,483;15,23292
 685,11; 6413,839;  313,591;40477,798;15,18827
 685,68; 6422,162;  282,207;40934,728;15,10350
 686,25; 6443,100;  261,438;40875,581;15,22047
 686,83; 6436,654;  280,746;41017,126;15,11157
 687,40; 6546,976;  264,208;41466,594;15,24855
 687,97; 6586,376;  301,978;41810,524;15,14001
 688,55; 6509,314;  257,824;41807,762;15,04573
 689,12; 6545,637;  248,517;42017,923;15,07591
 689,69; 6558,729;  257,440;42093,930;15,06170
 690,26; 6575,205;  281,133;42157,706;15,03006
 690,84; 6584,605;  264,057;42381,943;15,00680
 691,41; 6624,927;  289,134;42524,258;15,00124
 691,98; 6663,096;  281,903;42827,957;14,99832
 692,56; 6682,188;  274,058;42806,502;15,06645
 693,13; 6717,357;  330,673;42714,432;15,06870
 693,70; 6738,372;  292,212;42904,285;15,12754
 694,27; 6719,925;  272,367;42973,677;15,09921
 694,84; 6742,248;  271,521;43106,991;15,10600
 695,42; 6909,878;  400,983;43370,460;15,14772
 695,99; 6795,663;  280,906;43445,313;15,09289
 696,56; 6815,678;  278,983;43232,704;15,21799
 697,13; 6898,769;  299,676;43615,326;15,23489
 697,71; 6905,323;  283,292;43615,026;15,28217
 698,28; 6938,953;  273,985;43863,032;15,29047
 698,85; 6904,507;  248,062;43878,193;15,25653
 699,42; 7004,829;  254,216;44076,046;15,40468
 699,99; 7033,537;  296,601;44189,284;15,34865
 700,57; 7035,782;  288,063;44125,983;15,39243
 701,14; 7045,105;  274,294;44322,221;15,37146
 701,71; 7100,120;  299,987;44557,458;15,36494
 702,28; 7133,597;  275,603;44645,773;15,45632
 702,85; 7122,150;  283,295;44649,780;15,41446
 703,43; 7184,242;  295,219;44844,863;15,46370
 704,00; 7264,180;  325,527;45020,947;15,52430
 704,57; 7245,503;  304,758;45102,493;15,49352
 705,14; 7368,364;  320,451;45352,730;15,65080
 705,71; 7376,071;  326,759;45290,429;15,67780
 706,28; 7396,855;  302,913;45240,205;15,78631
 706,86; 7392,024;  327,529;45448,674;15,65673
 707,43; 7486,655;  353,760;45320,450;15,86262
 708,00; 7489,823;  334,606;45440,303;15,86322
 708,57; 7465,377;  291,453;45358,156;15,91846
 709,14; 7495,930;  331,761;45527,855;15,85130
 709,71; 7579,176;  299,300;45504,016;16,10424
 710,28; 7631,422;  298,377;45703,253;16,15035
 710,86; 7651,898;  304,839;45778,568;16,15671
 711,43; 7713,990;  331,609;45822,729;16,22818
 712,00; 7720,928;  296,609;45865,889;16,29238
 712,57; 7799,482;  318,456;46026,589;16,36695
 713,14; 7789,343;  294,148;46230,672;16,31642
 713,71; 7831,666;  302,379;46040,371;16,46178
 714,28; 7868,219;  293,995;46111,686;16,53122
 714,85; 7829,080;  277,688;45911,539;16,54779
 715,42; 7906,864;  282,073;46095,084;16,64329
 716,00; 8066,033;  361,689;46206,553;16,80525
 716,57; 7994,587;  287,612;46315,483;16,74415
 717,14; 8023,140;  274,228;46198,951;16,87307
 717,71; 8025,386;  262,920;46300,035;16,86132
 718,28; 8167,709;  308,613;46364,349;17,06431
 718,85; 8126,647;  268,921;46459,126;17,01167
 719,42; 8213,354;  288,614;46622,825;17,10343
 719,99; 8220,830;  262,691;46393,908;17,25109
 720,56; 8319,615;  296,153;46576,223;17,33675
 721,13; 8344,245;  267,615;46737,691;17,38028
 721,70; 8375,183;  264,308;46617,852;17,49785
 722,27; 8417,506;  284,847;46621,474;17,55125
 722,84; 8511,675;  354,616;46798,943;17,56309
 723,41; 8510,459;  262,001;46742,642;17,74601
 723,98; 8566,012;  272,463;46954,880;17,76590
 724,55; 8627,258;  311,925;47063,348;17,78627
 725,12; 8607,427;  250,387;46897,124;17,91559
 725,69; 8731,903;  266,080;47142,669;18,05981
 726,27; 8801,688;  272,695;47213,138;18,16982
 726,84; 8907,779;  285,388;47495,991;18,26368
 727,41; 8954,871;  296,004;47541,536;18,32738
 727,98; 8976,732;  293,696;47700,389;18,31606
 728,55; 9039,440;  314,620;47645,550;18,43365
 729,12; 9099,224;  271,313;47822,864;18,56493
 729,69; 9177,008;  306,313;47947,179;18,61993
 730,26; 9251,716;  299,390;48127,340;18,71777
 730,82; 9201,423;  294,237;47955,423;18,68855
 731,39; 9306,669;  292,545;48067,123;18,86803
 731,96; 9420,760;  280,776;48395,668;18,99617
 732,53; 9504,622;  301,315;48442,829;19,11719
 733,10; 9581,329;  302,469;48711,528;19,16761
 733,67; 9683,344;  307,777;48760,150;19,35007
 734,24; 9611,359;  288,701;48586,388;19,30249
 734,81; 9798,374;  313,778;48567,010;19,65588
 735,38; 9681,850;  291,932;48318,171;19,55164
 735,95; 9723,942;  294,009;48242,100;19,66696
 736,52; 9771,573;  317,318;48396,954;19,66374
 737,09; 9836,588;  307,164;48069,576;19,95172
 737,66; 9954,064;  351,626;48290,660;20,03052
 738,23; 9951,079;  286,703;48407,436;20,08360
 738,80;10138,786;  366,934;48591,212;20,26335
 739,37;10142,340;  332,242;48861,295;20,21490
 739,94;10184,586;  304,089;48849,225;20,35322
 740,51;10360,754;  428,705;48874,771;20,50125
 741,07;10292,539;  297,244;48782,393;20,61517
 741,64;10381,784;  321,167;49082,708;20,63228
 742,21;10485,953;  302,475;49031,484;20,89818
 742,78;10447,122;  281,706;48813,644;20,94583
 743,35;10553,137;  305,553;49085,420;21,00781
 743,92;10642,691;  337,784;49148,120;21,11214
 744,49;10713,398;  331,400;49156,588;21,26361
 745,06;10699,644;  296,939;49014,056;21,35328
 745,63;10780,735;  279,939;49085,448;21,51560
 746,19;10868,289;  295,632;49147,301;21,64237
 746,76;10900,996;  303,247;49104,769;21,71602
 747,33;10956,473;  289,325;49209,238;21,80533
 747,90;11019,411;  326,787;49408,937;21,78516
 748,47;11066,503;  301,018;49263,021;21,98743
 749,04;11159,518;  298,787;49227,181;22,19719
 749,61;11182,225;  339,711;49185,034;22,19765
 750,17;11296,163;  319,480;49256,733;22,43012
 750,74;11305,640;  306,635;49264,740;22,46616
 751,31;11333,808;  288,250;49170,901;22,59607
 751,88;11343,670;  279,712;49005,677;22,70649
 752,45;11428,531;  297,867;49168,915;22,77558
 753,02;11399,084;  322,405;49078,922;22,71836
 753,58;11499,099;  291,637;48933,159;23,04094
 754,15;11588,960;  296,791;49114,243;23,13142
 754,72;11495,360;  290,407;48939,558;23,03217
 755,29;11586,683;  271,868;48745,564;23,34217
 755,86;11690,313;  290,561;48750,648;23,52400
 756,42;11799,174;  305,638;48728,040;23,73599
 756,99;11735,112;  256,947;48723,970;23,68242
 757,56;11838,204;  265,408;48671,746;23,90760
 758,13;11809,834;  224,640;48700,983;23,89866
 758,70;11988,619;  253,640;48780,759;24,18231
 759,26;12020,710;  239,256;48715,920;24,30335
 759,83;12140,110;  252,487;48888,927;24,44180
 760,40;12149,587;  234,718;48684,242;24,59233
 760,97;12186,986;  226,565;48706,479;24,67088
 761,53;12250,001;  215,334;48427,025;24,96213
 762,10;12230,324;  223,565;48321,570;24,96311
 762,67;12307,262;  248,643;48432,346;25,02634
 763,24;12270,738;  210,489;47911,353;25,28308
 763,80;12418,907;  246,720;48206,513;25,37998
 764,37;12456,922;  243,644;48058,751;25,54272
 764,94;12442,706;  230,644;47657,143;25,74945
 765,50;12487,029;  244,798;47523,842;25,89357
 766,07;12548,198;  280,106;47698,310;25,87211
 766,64;12564,675;  248,953;47436,548;26,09949
 767,21;12575,074;  258,492;47355,478;26,15153
 767,77;12610,781;  270,261;47229,946;26,27897
 768,34;12586,950;  270,723;47227,414;26,22891
 768,91;12614,581;  283,262;47136,806;26,31886
 769,47;12678,826;  288,647;47056,351;26,49302
 770,04;12727,918;  285,032;46943,281;26,66814
 770,61;12708,626;  264,571;46750,596;26,76945
 771,18;12755,410;  268,417;46718,372;26,88268
 771,74;12811,117;  274,649;46763,994;26,96633
 772,31;12864,055;  271,880;46478,924;27,25164
 772,88;12823,916;  255,419;46361,316;27,26007
 773,44;12853,162;  258,265;46194,015;27,41851
 774,01;12950,408;  270,419;46241,791;27,58236
 774,58;12942,730;  260,727;46018,182;27,71571
 775,14;12993,130;  257,036;46164,958;27,74269
 775,71;13036,453;  269,036;46036,888;27,89604
 776,27;13161,468;  337,344;46061,895;28,04647
 776,84;13251,098;  357,037;46080,671;28,19999
 777,41;13186,575;  280,652;45804,909;28,34955
 777,97;13174,359;  255,191;45614,377;28,48192
 778,54;13218,681;  290,192;45686,076;28,47943
 779,11;13254,696;  312,654;45612,468;28,56975
 779,67;13279,635;  262,808;45550,475;28,74254
 780,24;13276,419;  277,577;45405,482;28,80444
 780,80;13280,203;  301,501;45367,719;28,79918
 781,37;13319,679;  297,886;45390,418;28,87794
 781,94;13352,156;  275,040;45170,041;29,12822
 782,50;13403,479;  295,117;45089,586;29,26335
 783,07;13422,801;  306,118;45220,362;29,20384
 783,63;13464,201;  268,887;44976,523;29,51468
 784,20;13512,908;  300,272;44876,068;29,64083
 784,77;13498,769;  277,350;44634,383;29,80682
 785,33;13505,477;  258,119;44567,697;29,89728
 785,90;13578,184;  268,427;44473,627;30,10903
 786,46;13595,199;  302,120;44433,942;30,12130
 787,03;13611,752;  277,043;44239,410;30,33210
 787,59;13653,767;  271,582;44248,648;30,42992
 788,16;13677,475;  275,736;44091,655;30,58646
 788,73;13747,336;  296,352;44037,738;30,75116
 789,29;13622,043;  264,660;43706,130;30,74800
 789,86;13792,289;  300,122;43598,521;31,16089
 790,42;13745,304;  278,200;43481,528;31,17145
 790,99;13719,011;  288,431;43204,689;31,29485
 791,55;13723,026;  261,893;43134,926;31,39767
 792,12;13755,349;  304,278;43164,010;31,38394
 792,68;13763,287;  283,124;42800,325;31,70520
 793,25;13777,763;  297,355;42716,255;31,77925
 793,81;13854,394;  364,509;42423,185;32,07396
 794,38;13723,255;  248,433;42185,730;32,13088
 794,94;13773,501;  267,356;42107,121;32,28064
 795,51;13764,823;  282,126;41776,513;32,49282
 796,07;13758,300;  281,742;41575,904;32,63550
 796,64;13814,392;  298,896;41758,757;32,59899
 797,20;13787,638;  284,050;41297,303;32,92494
 797,77;13759,960;  254,666;41018,848;33,13030
 798,33;13781,437;  281,589;40894,547;33,24025
 798,90;13751,298;  286,667;40832,477;33,20844
 799,46;13721,544;  270,975;40449,484;33,47702
 800,03;13749,712;  282,744;40276,722;33,67249
 800,59;13813,266;  279,976;40139,498;33,95247
 801,15;13756,204;  299,822;39957,889;33,93101
 801,72;13739,911;  280,053;39624,050;34,21070
 802,28;13692,388;  303,823;39468,903;34,18495
 802,85;13663,941;  281,900;39307,756;34,29019
 803,41;13663,033;  281,824;39066,147;34,50159
 803,98;13537,817;  271,670;38765,000;34,46350
 804,54;13584,140;  265,363;38508,700;34,82640
 805,11;13546,309;  288,594;38290,553;34,88693
 805,67;13570,247;  303,825;38261,713;34,95037
 806,23;13481,262;  278,441;37936,874;35,05940
 806,80;13483,661;  298,749;37801,958;35,15676
 807,36;13477,215;  310,211;37747,811;35,17053
 807,93;13463,845;  299,673;37529,433;35,35927
 808,49;13335,783;  274,289;37105,594;35,46302
 809,05;13383,106;  266,058;36940,216;35,76646
 809,62;13350,198;  289,674;37012,223;35,56541
 810,18;13346,828;  285,444;36835,537;35,73557
 810,74;13349,074;  244,752;36658,160;35,98763
 811,31;13351,781;  254,983;36472,090;36,16191
 811,87;13305,027;  274,675;36309,020;36,16092
 812,44;13369,965;  289,676;36316,334;36,30725
 813,00;13262,672;  227,215;36096,341;36,34172
 813,56;13386,380;  272,600;36022,886;36,68161
 814,13;13423,856;  267,062;36034,355;36,78443
 814,69;13350,256;  258,216;35852,054;36,78176
 815,25;13336,655;  237,062;35378,138;37,27716
 815,82;13380,747;  286,140;35501,991;37,18385
 816,38;13355,147;  312,371;35347,767;37,22743
 816,94;13294,008;  245,679;34971,927;37,57483
 817,51;13208,408;  238,833;34844,550;37,47813
 818,07;13163,038;  248,526;34625,864;37,56693
 818,63;13169,207;  272,680;34424,486;37,76236
 819,20;13186,760;  263,757;34377,955;37,88160
 819,76;13089,698;  248,142;34073,654;37,96412
 820,32;13120,329;  289,912;33980,045;38,08360
 820,89;13013,344;  282,989;33777,668;38,00710
 821,45;13013,051;  263,451;33545,905;38,30727
 822,01;13011,143;  279,451;33308,066;38,54746
 822,57;12943,466;  276,144;33174,688;38,50420
 823,14;12864,173;  235,375;32918,157;38,64052
 823,70;12853,265;  253,222;32686,933;38,84860
 824,26;12820,588;  243,914;32646,017;38,81437
 824,82;12862,141;  279,146;32444,023;39,12030
 825,39;12762,848;  248,608;32203,876;39,16174
 825,95;12805,094;  273,839;32293,422;39,13622
 826,51;12719,109;  266,224;31911,659;39,35128
 827,08;12749,047;  296,455;31878,820;39,42894
 827,64;12767,370;  286,994;31826,750;39,57030
 828,20;12776,385;  250,840;31507,065;40,07376
 828,76;12758,015;  292,379;31589,225;39,83033
 829,32;12801,645;  279,764;31423,386;40,20689
 829,89;12759,737;  239,534;31270,547;40,34739
 830,45;12785,752;  252,072;31196,784;40,50346
 831,01;12751,460;  261,381;31125,483;40,46798
 831,57;12704,859;  265,919;30932,721;40,56158
 832,14;12761,567;  240,766;30991,959;40,71647
 832,70;12775,351;  250,689;30643,042;41,20991
 833,26;12777,212;  227,305;30700,357;41,18362
 833,82;12820,842;  257,075;30612,518;41,38885
 834,38;12829,780;  250,229;30609,294;41,43590
 834,95;12817,334;  244,306;30531,301;41,51296
 835,51;12833,503;  217,999;30342,308;41,87815
 836,07;12943,979;  256,769;30411,468;42,07374
 836,63;12988,610;  274,307;30450,475;42,13359
 837,19;13002,932;  264,308;30212,174;42,53600
 837,75;12900,486;  222,693;29986,720;42,59435
 838,32;13072,731;  278,309;30004,650;43,04069
 838,88;13067,131;  276,232;30080,964;42,91567
 839,44;13102,608;  264,079;30048,048;43,10550
 840,00;13111,238;  265,540;30022,055;43,16936
 840,56;12984,330;  250,079;29731,139;43,19468
 841,12;13061,037;  240,464;29633,299;43,61802
 841,68;12986,283;  223,003;29514,383;43,57350
 842,25;13021,913;  246,003;29460,544;43,73134
 842,81;12960,390;  241,927;29272,397;43,81074
 843,37;12987,482;  228,312;29221,788;44,00704
 843,93;13003,189;  255,082;29200,257;44,04225
 844,49;13056,127;  270,159;29312,725;44,02493
 845,05;13012,604;  220,467;29036,116;44,39302
 845,61;13104,234;  261,929;29094,893;44,54036
 846,17;13048,480;  250,391;29014,669;44,49300
 846,73;13108,033;  257,314;28998,599;44,71171
 847,29;13047,356;  231,392;28851,836;44,77905
 847,86;13071,678;  235,930;28749,997;45,01549
 848,42;13019,616;  242,315;28535,850;45,15979
 848,98;12994,631;  255,470;28524,318;45,06431
 849,54;13109,031;  233,316;28599,094;45,39172
 850,10;13111,431;  264,163;28442,255;45,59311
 850,66;13056,215;  221,778;28355,416;45,61954
 851,22;13050,845;  228,625;28210,115;45,82394
 851,78;13103,629;  290,702;28217,660;45,88014
 852,34;13054,721;  260,087;28014,590;46,09931
 852,90;13074,736;  237,472;27983,905;46,26636
 853,46;13035,444;  237,396;27849,219;46,34988
 854,02;13045,228;  249,704;27811,611;46,42467
 854,58;13010,320;  252,166;27578,618;46,68793
 855,14;13006,027;  230,781;27487,625;46,86987
 855,70;12913,965;  196,166;27297,093;46,92754
 856,26;12988,288;  254,244;27355,946;46,98614
 856,82;12937,918;  237,244;27212,337;47,08297
 857,38;13002,779;  280,552;27159,037;47,33238
 857,94;12883,871;  249,399;27043,274;47,15433
 858,50;12923,425;  268,168;26904,512;47,51124
 859,06;12901,055;  242,938;26705,134;47,83472
 859,62;12897,147;  253,092;26737,833;47,74090
 860,18;12819,931;  247,323;26514,763;47,86385
 860,74;12815,177;  218,016;26433,847;48,05173
 861,30;12832,346;  219,555;26280,546;48,39720
 861,86;12896,053;  306,863;26342,630;48,35344
 862,42;12852,453;  244,556;26090,791;48,78040
 862,98;12920,160;  278,556;26173,567;48,81869
 863,54;12867,406;  242,787;25882,343;49,23884
 864,10;12944,498;  233,403;25940,042;49,44674
 864,66;12839,205;  217,326;25771,895;49,39187
 865,22;12839,143;  234,019;25662,440;49,57100
 865,78;12809,927;  234,173;25584,139;49,60856
 866,34;12797,788;  236,635;25510,146;49,70086
 866,90;12838,188;  248,020;25380,538;50,09513
 867,45;12760,357;  248,559;25201,545;50,14149
 868,01;12727,526;  239,482;25106,398;50,21951
 868,57;12702,233;  233,252;24991,251;50,36344
 869,13;12650,863;  211,637;24794,258;50,60171
 869,69;12630,494;  233,253;24831,880;50,39810
 870,25;12599,201;  220,792;24571,810;50,83323
 870,81;12644,908;  238,715;24521,201;51,09112
 871,37;12707,923;  246,638;24551,670;51,27039
 871,93;12627,169;  257,177;24388,369;51,26142
 872,49;12544,030;  284,178;24150,145;51,36960
 873,04;12457,583;  225,332;24047,613;51,34794
 873,60;12457,060;  232,871;23972,928;51,49183
 874,16;12433,613;  248,563;23913,704;51,48945
 874,72;12367,844;  223,256;23804,473;51,50111
 875,28;12398,998;  237,410;23708,088;51,81609
 875,84;12428,690;  242,640;23689,242;51,97363
 876,40;12404,460;  232,333;23593,396;52,10434
 876,95;12387,767;  248,717;23622,781;51,93385
 877,51;12473,383;  269,948;23549,165;52,42201
 878,07;12512,921;  275,794;23591,012;52,48558
 878,63;12436,537;  242,948;23618,704;52,16340
 879,19;12534,383;  261,025;23546,088;52,70914
 879,75;12614,998;  222,948;23617,704;52,96935
 880,30;12634,152;  229,871;23613,165;53,04762
 880,86;12756,921;  277,640;23716,858;53,24103
 881,42;12765,075;  217,640;23774,550;53,26435
 881,98;12715,998;  242,179;23716,088;53,13908
 882,54;12841,383;  238,871;23823,781;53,43464
 883,09;12919,690;  255,179;23929,242;53,49530
 883,65;12987,690;  218,871;24018,704;53,65088
 884,21;13169,460;  280,640;24265,319;53,73772
 884,77;13156,767;  239,256;24217,242;53,87238
 885,32;13238,229;  241,256;24401,012;53,79596
 885,88;13405,537;  266,717;24534,088;54,14191
 886,44;13460,306;  248,640;24535,242;54,39899
 887,00;13431,537;  264,948;24578,319;54,15369
 887,56;13573,306;  231,871;24675,319;54,58082
 888,11;13507,152;  243,102;24671,012;54,29875
 888,67;13640,998;  270,102;24860,858;54,37367
 889,23;13652,075;  246,948;24911,242;54,35034
 889,79;13628,306;  232,640;24793,704;54,54025
 890,34;13671,921;  252,333;24768,627;54,73743
 890,90;13852,690;  320,948;24949,396;54,94354
 891,46;13778,306;  233,640;24796,242;55,14345
 892,01;13755,537;  258,025;24716,781;55,18478
 892,57;13829,075;  284,871;24676,550;55,52797
 893,13;13735,998;  243,640;24536,858;55,53961
 893,69;13779,844;  233,717;24473,242;55,88446
 894,24;13755,152;  239,025;24411,781;55,91471
 894,80;13732,383;  242,871;24292,088;56,09127
 895,36;13704,690;  248,563;24192,935;56,19745
 895,91;13632,537;  242,025;24023,473;56,30654
 896,47;13608,767;  265,563;24004,396;56,20834
 897,03;13569,613;  235,410;23702,242;56,82149
 897,58;13596,306;  248,948;23622,242;57,10516
 898,14;13495,998;  247,410;23505,012;56,96455
 898,70;13432,383;  207,487;23365,012;57,10842
 899,25;13516,152;  248,256;23391,550;57,32933
 899,81;13444,767;  248,948;23139,473;57,64752
 900,37;13395,844;  220,256;23087,704;57,61722
 900,92;13392,152;  235,102;23001,858;57,79062
 901,48;13356,998;  231,179;22901,242;57,89935
 902,03;13296,152;  233,948;22727,242;58,07155
 902,59;13295,306;  228,640;22640,935;58,30133
 903,15;13292,844;  265,794;22522,088;58,53198
 903,70;13190,075;  247,717;22346,935;58,56478
 904,26;13196,767;  237,487;22253,012;58,86428
 904,82;13141,383;  236,487;22129,550;58,94514
 905,37;13066,229;  244,717;22079,012;58,72190
 905,93;13025,613;  229,794;21959,165;58,88720
 906,48;12993,383;  246,563;21878,242;58,92663
 907,04;13002,921;  255,640;21869,319;58,97784
 907,60;12974,306;  251,102;21732,088;59,23007
 908,15;12931,767;  213,717;21611,473;59,43637
 908,71;12905,383;  256,487;21535,165;59,44399
 909,26;12856,229;  228,640;21460,473;59,47479
 909,82;12877,075;  251,948;21342,858;59,86051
 910,37;12941,767;  285,333;21254,704;60,35677
 910,93;12742,383;  225,563;21091,165;59,98782
 911,48;12715,306;  232,640;20980,319;60,16415
 912,04;12735,767;  223,487;20878,550;60,57730
 912,60;12733,383;  242,717;20890,165;60,49496
 913,15;12747,460;  235,410;20724,858;61,06582
 913,71;12631,075;  218,794;20510,012;61,17071
 914,26;12604,998;  209,948;20441,627;61,26555
 914,82;12686,460;  245,025;20484,858;61,47005
 915,37;12588,537;  224,102;20368,165;61,38004
 915,93;12622,613;  279,871;20235,473;61,85101
 916,48;12539,844;  221,717;20105,858;61,94951
 917,04;12540,460;  260,948;20131,858;61,79642
 917,59;12524,075;  269,102;20002,781;62,10182
 918,15;12420,152;  209,640;19871,781;62,10164
 918,70;12426,229;  233,871;19762,165;62,43432
 919,26;12444,306;  237,948;19733,781;62,61009
 919,81;12379,844;  212,487;19522,704;63,00995
 920,37;12361,075;  229,563;19471,473;63,04734
 920,92;12319,152;  244,948;19407,012;63,01098
 921,48;12232,613;  222,717;19216,319;63,23127
 922,03;12220,921;  227,102;19219,781;63,14970
 922,59;12192,921;  236,025;19062,550;63,51090
 923,14;12211,306;  234,563;18943,858;64,01493
 923,69;12201,537;  250,487;18905,242;64,06436
 924,25;12268,229;  265,948;18959,012;64,20714
 924,80;12090,767;  232,948;18715,396;64,15719
 925,36;12062,383;  225,640;18660,165;64,20964
 925,91;11990,921;  226,640;18544,473;64,22310
 926,47;12023,998;  209,025;18432,935;64,83226
 927,02;12056,460;  302,025;18374,550;65,04036
 927,57;12008,921;  229,563;18252,088;65,35909
 928,13;11967,075;  216,640;18183,165;65,40182
 928,68;11972,690;  231,871;18135,396;65,57825
 929,24;11835,844;  207,871;18005,781;65,33336
 929,79;11793,383;  215,794;17916,319;65,40816
 930,34;11736,537;  225,256;17735,550;65,74008
 930,90;11774,306;  213,794;17690,550;66,14793
 931,45;11805,229;  228,333;17672,781;66,36436
 932,01;11771,306;  235,871;17613,012;66,38281
 932,56;11706,613;  250,256;17513,858;66,36134
 933,11;11699,998;  262,025;17461,012;66,50376
 933,67;11567,152;  226,333;17286,781;66,47433
 934,22;11558,075;  236,410;17246,396;66,55893
 934,77;11535,383;  260,102;17118,550;66,88208
 935,33;11529,844;  231,333;17036,858;67,23093
 935,88;11500,229;  242,563;16950,473;67,37926
 936,43;11463,383;  229,871;16902,550;67,37676
 936,99;11410,460;  230,640;16818,858;67,39615
 937,54;11328,152;  210,948;16606,858;67,80474
 938,09;11318,306;  240,025;16608,781;67,67943
 938,65;11273,460;  238,640;16465,165;68,00482
 939,20;11240,152;  205,717;16430,781;68,00858
 939,75;11198,690;  223,179;16375,088;67,95179
 940,31;11134,998;  211,410;16279,088;67,98486
 940,86;11195,229;  243,487;16250,165;68,41983
 941,41;11169,767;  327,179;16196,550;68,32400
 941,96;11087,921;  224,487;16048,627;68,65103
 942,52;11031,613;  225,333;15960,550;68,67576
 943,07;10941,152;  197,563;15889,935;68,46377
 943,62;10881,921;  219,717;15817,627;68,35662
 944,18;10880,229;  218,410;15789,550;68,47167
 944,73;10864,844;  230,410;15655,550;68,94222
 945,28;10753,306;  195,487;15512,319;68,92952
 945,83;10781,613;  218,563;15551,704;68,89032
 946,39;10753,075;  224,717;15482,627;69,00262
 946,94;10660,537;  243,871;15402,396;68,71820
 947,49;10664,152;  214,333;15289,242;69,31928
 948,04;10688,998;  264,717;15276,165;69,44221
 948,59;10643,306;  247,256;15223,781;69,41564
 949,15;10562,229;  208,333;15119,627;69,43660
 949,70;10529,229;  214,487;15011,396;69,70876
 950,25;10482,690;  245,487;15015,858;69,30905
 950,80;10447,075;  185,487;14819,781;70,12015
 951,36;10420,075;  190,256;14725,396;70,37991
 951,91;10406,460;  238,487;14784,396;69,90263
 952,46;10321,767;  214,256;14584,627;70,33577
 953,01;10354,075;  230,487;14627,781;70,31591
 953,56;10299,460;  196,256;14525,242;70,50885
 954,11;10305,921;  232,256;14467,935;70,76351
 954,67;10216,613;  215,948;14382,627;70,59287
 955,22;10155,306;  201,256;14264,088;70,78268
 955,77;10182,537;  251,794;14274,473;70,81915
 956,32;10156,075;  280,410;14215,550;70,86879
 956,87;10054,998;  213,717;14053,704;71,10759
 957,42;10086,075;  220,640;14057,704;71,29717
 957,98;10007,152;  217,025;13983,781;71,11426
 958,53;10082,306;  253,640;13925,473;71,88989
 959,08; 9981,152;  210,487;13833,088;71,72393
 959,63; 9968,460;  221,410;13750,550;72,04486
 960,18; 9973,998;  229,333;13698,242;72,34933
 960,73; 9980,998;  225,794;13595,165;72,96681
 961,28; 9868,460;  194,717;13558,935;72,38540
 961,83; 9901,229;  243,563;13552,704;72,56416
 962,39; 9770,537;  193,717;13406,473;72,48162
 962,94; 9787,229;  215,717;13334,396;72,96094
 963,49; 9665,998;  222,333;13209,935;72,71293
 964,04; 9667,690;  239,256;13179,088;72,86365
 964,59; 9616,306;  200,410;13092,627;73,03551
 965,14; 9655,921;  246,794;13022,165;73,65052
 965,69; 9573,998;  222,179;13002,627;73,17286
 966,24; 9493,152;  220,410;12831,858;73,52639
 966,79; 9497,690;  241,871;12844,012;73,44641
 967,34; 9427,152;  198,025;12718,319;73,71334
 967,89; 9418,229;  213,948;12664,165;73,92868
 968,44; 9397,844;  220,717;12575,935;74,27734
 968,99; 9324,844;  232,871;12557,242;73,77231
 969,55; 9261,152;  227,102;12495,165;73,63876
 970,10; 9248,844;  230,717;12388,165;74,17780
 970,65; 9220,460;  250,487;12346,165;74,15849
 971,20; 9163,306;  210,871;12218,396;74,55687
 971,75; 9037,844;  201,256;12104,858;74,23458
 972,30; 9043,921;  225,179;12015,012;74,79955
 972,85; 9009,460;  217,410;11930,165;75,06389
 973,40; 8918,537;  221,563;11846,012;74,81622
 973,95; 8920,075;  233,410;11772,550;75,28000
 974,50; 8914,844;  264,948;11781,858;75,10605
 975,05; 8847,613;  227,256;11666,781;75,35591
 975,60; 8811,152;  239,179;11612,858;75,36676
 976,15; 8760,921;  217,333;11461,935;75,97947
 976,70; 8729,613;  230,487;11430,935;75,88203
 977,25; 8771,383;  231,333;11404,627;76,43270
 977,80; 8621,152;  224,410;11276,242;75,97602
 978,35; 8574,613;  243,333;11107,627;76,68497
 978,89; 8513,229;  208,102;11148,704;75,91106
 979,44; 8560,921;  231,487;11065,781;76,88027
 979,99; 8400,844;  216,256;10927,627;76,41028
 980,54; 8397,306;  253,256;10890,319;76,56295
 981,09; 8370,075;  249,102;10741,012;77,40224
 981,64; 8325,767;  240,025;10708,627;77,23803
 982,19; 8344,921;  270,871;10618,627;78,02706
 982,74; 8237,537;  241,563;10489,627;78,02423
 983,29; 8112,690;  219,563;10385,473;77,64310
 983,84; 8064,767;  233,717;10296,165;77,82450
 984,39; 8071,537;  319,102;10307,858;77,61161
 984,94; 7926,075;  208,179;10120,319;77,86306
 985,49; 7923,075;  249,948;10133,396;77,63613
 986,03; 7891,767;  251,871;10024,242;78,17853
 986,58; 7858,690;  274,717; 9890,088;78,87343
 987,13; 7766,537;  229,948; 9816,088;78,61963
 987,68; 7678,075;  248,948; 9749,319;78,19828
 988,23; 7675,844;  246,025; 9683,242;78,72892
 988,78; 7616,075;  228,871; 9494,704;79,72520
 989,33; 7525,229;  248,102; 9504,781;78,61488
 989,88; 7524,460;  264,410; 9475,935;78,81485
 990,42; 7462,767;  229,102; 9278,473;79,93556
 990,97; 7434,229;  236,256; 9180,781;80,47351
 991,52; 7344,767;  252,256; 9134,396;79,85138
 992,07; 7353,075;  268,871; 9053,319;80,64484
 992,62; 7252,152;  241,563; 8985,396;80,17752
 993,17; 7199,383;  249,563; 8873,627;80,58636
 993,71; 7139,306;  253,871; 8832,165;80,26578
 994,26; 7045,075;  228,179; 8657,627;80,87002
 994,81; 7006,152;  259,025; 8668,088;80,23637
 995,36; 6928,844;  232,563; 8522,473;80,77628
 995,91; 6891,767;  237,563; 8455,627;80,97046
 996,45; 6835,767;  243,179; 8373,858;81,08288
 997,00; 6729,767;  217,487; 8263,704;80,93593
 997,55; 6707,460;  251,871; 8234,396;80,87151
 998,10; 6703,844;  264,410; 8132,627;81,84109
 998,65; 6588,075;  240,179; 8035,858;81,42839
 999,19; 6521,537;  263,179; 7956,781;81,34496
 999,74; 6448,075;  284,256; 7858,396;81,37979
1000,29; 6431,075;  246,179; 7781,704;82,07651
1000,84; 6383,152;  237,333; 7691,473;82,44840
1001,38; 6345,690;  246,948; 7579,550;83,17296
1001,93; 6273,613;  249,410; 7537,396;82,65937
1002,48; 6170,152;  221,871; 7430,012;82,52171
1003,03; 6187,998;  249,179; 7421,319;82,80400
1003,57; 6088,844;  250,717; 7304,550;82,76532
1004,12; 6043,152;  291,102; 7280,935;82,29167
1004,67; 5926,152;  224,179; 7171,165;82,07837
1005,22; 5838,537;  236,948; 6994,550;82,89314
1005,76; 5755,537;  222,948; 6888,165;83,00687
1006,31; 5768,537;  249,794; 6891,088;83,09739
1006,86; 5656,075;  228,794; 6761,627;83,07699
1007,40; 5585,460;  219,410; 6674,704;83,12634
1007,95; 5561,998;  239,794; 6621,781;83,39416
1008,50; 5429,537;  245,487; 6498,935;82,89907
1009,04; 5413,613;  238,102; 6397,627;84,02452
1009,59; 5317,921;  247,025; 6274,242;84,13329
1010,14; 5254,152;  223,025; 6222,550;83,85875
1010,68; 5194,229;  234,025; 6131,781;84,10324
1011,23; 5091,075;  219,871; 6052,012;83,52343
1011,78; 5068,767;  250,717; 5950,319;84,53310
1012,32; 5039,690;  266,871; 5913,781;84,52091
1012,87; 4985,075;  274,871; 5889,858;83,88629
1013,42; 4870,767;  221,102; 5740,781;84,23797
1013,96; 4909,383;  261,640; 5758,242;84,55665
1014,51; 4808,306;  203,717; 5606,012;85,23394
1015,06; 4835,306;  219,717; 5662,319;84,80481
1015,60; 4905,613;  272,179; 5740,935;84,72557
1016,15; 4826,613;  226,102; 5627,319;85,17546
1016,69; 4851,921;  239,871; 5663,781;85,03184
1017,24; 4868,075;  217,102; 5685,319;85,05465
1017,79; 4955,690;  266,563; 5739,627;85,67646
1018,33; 4900,613;  226,948; 5693,242;85,49970
1018,88; 4969,921;  249,333; 5761,012;85,64702
1019,42; 4953,383;  233,025; 5770,012;85,25138
1019,97; 4940,767;  225,948; 5754,781;85,27694
1020,51; 5025,537;  255,256; 5836,165;85,47497
1021,06; 4968,383;  206,948; 5776,088;85,49676
1021,61; 4912,921;  200,410; 5772,550;84,57274
1022,15; 4911,921;  192,717; 5701,550;85,66613
1022,70; 4920,229;  228,640; 5763,935;84,75771
1023,24; 4891,844;  224,025; 5684,165;85,48900
1023,79; 4863,921;  227,179; 5666,627;85,24288
1024,33; 4808,460;  238,948; 5616,858;84,96817
1024,88; 4799,460;  245,717; 5539,781;86,01601
1025,42; 4695,460;  238,025; 5430,396;85,84584
1025,97; 4665,921;  224,717; 5373,473;86,25781
1026,51; 4548,998;  199,717; 5253,473;86,06037
1027,06; 4555,537;  218,871; 5263,935;85,95859
1027,60; 4479,075;  248,794; 5150,627;86,29998
1028,15; 4474,537;  240,333; 5074,012;87,59796
1028,69; 4308,383;  192,563; 4948,165;86,54676
1029,24; 4305,921;  212,717; 4956,935;86,27775
1029,78; 4228,075;  216,410; 4814,242;87,25123
1030,33; 4143,383;  203,487; 4750,473;86,64851
1030,87; 4140,383;  211,717; 4681,781;87,88836
1031,42; 4069,152;  205,333; 4610,319;87,71467
1031,96; 4015,921;  237,871; 4558,396;87,44423
1032,51; 3928,921;  210,333; 4446,473;87,78247
1033,05; 3924,460;  222,333; 4430,319;87,97858
1033,60; 3836,690;  196,256; 4324,319;88,18747
1034,14; 3824,460;  220,487; 4284,550;88,67906
1034,69; 3777,306;  225,794; 4253,012;88,18773
1035,23; 3750,844;  215,717; 4170,935;89,37883
1035,77; 3698,690;  226,717; 4135,627;88,82204
1036,32; 3633,998;  202,410; 4010,704;90,10828
1036,86; 3619,690;  230,410; 4020,781;89,41818
1037,41; 3549,613;  233,563; 3938,012;89,51536
1037,95; 3490,767;  196,640; 3880,088;89,43052
1038,50; 3455,767;  210,102; 3841,165;89,38608
1039,04; 3431,383;  244,025; 3798,858;89,66266
1039,58; 3355,383;  206,179; 3747,550;88,92612
1040,13; 3306,690;  213,794; 3663,396;89,65951
1040,67; 3319,229;  247,487; 3654,627;90,15602
1041,21; 3265,690;  256,333; 3602,396;89,93726
1041,76; 3208,075;  199,256; 3531,396;90,29689
1042,30; 3179,537;  220,410; 3501,627;90,18381
1042,85; 3097,767;  218,487; 3417,242;90,01252
1043,39; 3050,383;  199,025; 3393,704;89,25334
1043,93; 3021,690;  239,410; 3357,396;89,23325
1044,48; 2989,998;  240,717; 3283,242;90,36181
1045,02; 2925,383;  222,948; 3254,396;89,14666
1045,56; 2936,998;  250,179; 3221,550;90,42355
1046,11; 2873,613;  227,487; 3185,088;89,46866
1046,65; 2842,152;  232,948; 3123,088;90,27948
1047,19; 2774,383;  201,410; 3051,935;90,26313
1047,74; 2757,075;  193,871; 3027,935;90,44271
1048,28; 2749,844;  223,179; 2986,858;91,42399
1048,82; 2721,537;  251,871; 2970,858;90,83036
1049,37; 2661,921;  230,333; 2917,704;90,48205
1049,91; 2632,998;  223,410; 2884,396;90,55245
1050,45; 2583,075;  242,410; 2825,088;90,62936
1050,99; 2578,613;  239,179; 2803,396;91,23387
1051,54; 2515,921;  223,025; 2753,550;90,60950
1052,08; 2519,767;  250,563; 2738,627;91,20362
1052,62; 2481,767;  242,948; 2697,858;91,19762
1053,16; 2423,152;  214,871; 2638,473;91,11566
1053,71; 2419,921;  239,256; 2646,550;90,58574
1054,25; 2395,306;  251,025; 2571,088;92,42337
1054,79; 2347,537;  240,717; 2542,012;91,54932
1055,33; 2297,152;  202,794; 2457,319;92,89574
1055,88; 2266,844;  242,948; 2469,396;90,90246
1056,42; 2276,306;  242,487; 2443,319;92,41135
1056,96; 2247,383;  250,487; 2416,473;92,19338
1057,50; 2223,537;  232,102; 2400,858;91,82383
1058,05; 2182,613;  237,487; 2347,781;92,17326
1058,59; 2170,690;  258,410; 2354,473;91,23201
1059,13; 2082,537;  217,640; 2245,396;91,96848
1059,67; 2079,229;  242,948; 2226,473;92,57664
1060,21; 2054,383;  235,410; 2203,858;92,40645
1060,76; 2040,152;  248,563; 2202,704;91,68167
1061,30; 2030,921;  262,717; 2154,473;93,46893
1061,84; 1997,537;  238,487; 2115,627;93,70903
1062,38; 1909,152;  214,333; 2065,704;91,54400
1062,92; 1972,921;  279,871; 2090,550;93,50361
1063,46; 1924,229;  242,794; 2016,781;94,78283
1064,01; 1875,075;  227,025; 2003,012;92,79631
1064,55; 1854,767;  238,640; 1966,704;93,52243
1065,09; 1816,229;  210,717; 1935,165;93,10292
1065,63; 1835,767;  271,871; 1934,473;94,06317
1066,17; 1819,152;  269,102; 1929,012;93,38159
1066,71; 1804,152;  255,640; 1907,165;93,76252
1067,25; 1756,075;  228,563; 1847,781;94,33641
1067,80; 1733,152;  251,410; 1848,704;92,76577
1068,34; 1740,690;  257,563; 1832,165;94,19060
1068,88; 1661,844;  226,717; 1773,858;92,75997
1069,42; 1696,613;  258,640; 1788,627;93,98600
1069,96; 1662,537;  234,179; 1733,473;95,26867
1070,50; 1668,306;  281,717; 1758,242;93,90891
1071,04; 1597,537;  229,948; 1700,627;92,99029
1071,58; 1587,460;  239,563; 1671,704;94,11760
1072,12; 1561,767;  245,871; 1657,935;93,18959
1072,66; 1541,383;  244,410; 1647,858;92,41333
1073,21; 1578,075;  256,640; 1653,165;94,62305
1073,75; 1528,460;  244,410; 1600,473;94,68952
1074,29; 1507,690;  242,794; 1596,319;93,45200
1074,83; 1504,383;  258,487; 1562,781;95,52263
1075,37; 1499,075;  257,179; 1563,396;95,07577
1075,91; 1475,844;  252,640; 1546,627;94,52987
1076,45; 1452,537;  244,717; 1531,781;93,84302
1076,99; 1440,075;  252,179; 1488,165;96,10915
1077,53; 1417,844;  244,794; 1476,319;95,25182
1078,07; 1401,229;  248,871; 1480,550;93,55992
1078,61; 1404,767;  240,563; 1450,396;96,22850
1079,15; 1367,306;  242,025; 1430,935;94,64813
1079,69; 1357,460;  239,333; 1407,012;95,75637
1080,23; 1377,075;  267,102; 1416,012;96,61100
1080,77; 1405,690;  297,794; 1427,704;98,05175
1081,31; 1302,460;  237,640; 1358,319;95,01556
1081,85; 1320,075;  259,794; 1358,319;96,51858
1082,39; 1295,152;  236,487; 1336,319;96,25695
1082,93; 1293,306;  253,871; 1328,088;96,76204
1083,47; 1253,921;  236,256; 1288,319;96,73042
1084,01; 1256,152;  254,102; 1324,396;93,62379
1084,55; 1246,690;  237,179; 1263,473;98,36473
1085,09; 1210,537;  260,871; 1277,396;93,42273
1085,63; 1207,690;  244,487; 1257,242;95,10722
1086,17; 1183,613;  238,640; 1217,473;96,54082
1086,71; 1176,229;  235,948; 1212,012;96,33398
1087,24; 1196,075;  271,948; 1237,319;95,72763
1087,78; 1166,229;  266,102; 1220,242;94,33904
1088,32; 1126,844;  222,640; 1171,704;95,27328
1088,86; 1152,306;  258,640; 1169,627;98,09864
1089,40; 1130,537;  255,333; 1165,935;96,11267
1089,94; 1095,844;  219,487; 1127,012;96,56568
1090,48; 1086,306;  255,871; 1129,088;95,10057
1091,02; 1089,075;  261,333; 1144,242;93,75165
1091,56; 1098,306;  247,333; 1114,704;98,10945
1092,10; 1070,229;  222,794; 1072,319;99,75393
1092,63; 1090,306;  267,871; 1112,550;97,36655
1093,17; 1058,152;  250,717; 1086,165;96,64689
1093,71; 1029,229;  245,717; 1063,935;95,75837
1094,25; 1058,921;  261,871; 1077,781;97,68852
1094,79; 1012,767;  235,871; 1044,935;96,02413
1095,33; 1003,152;  252,256; 1034,550;95,98641
1095,87;  985,844;  249,410; 1020,781;95,47085
1096,40;  939,613;  229,871;  982,396;94,31478
1096,94;  962,690;  254,256;  983,781;97,10903
1097,48;  970,690;  253,717;  995,088;96,70906
1098,02;  947,767;  246,333;  950,242;99,64839
1098,56;  900,075;  212,410;  918,704;97,36245
1099,10;  901,844;  222,948;  916,319;97,91237
1099,63;  898,690;  228,640;  913,627;97,81944
1100,17;  905,306;  246,794;  931,627;96,15656
1100,71;  933,537;  269,102;  952,704;97,19613

