
Integration time [ms]: 150,000
Averaging Nr. [scans]: 13
Smoothing Nr. [pixels]: 0
Data measured with spectrometer [name]: 2009305U1
Wave   ;Sample   ;Dark     ;Reference;Reflectance
[nm]   ;[counts] ;[counts] ;[counts] ;[%]

 175,72;  214,431;  215,188;  220,479;-14,32190
 176,32;  246,612;  242,554;  241,291; 0,00000
 176,92;  282,704;  279,490;  268,998; 0,00000
 177,52;  274,803;  265,800;  266,735; 0,00000
 178,12;  247,509;  246,247;  248,356;59,84121
 178,72;  273,668;  272,088;  263,360; 0,00000
 179,32;  265,293;  262,400;  252,097; 0,00000
 179,92;  275,428;  259,638;  263,938;367,24746
 180,52;  253,261;  243,813;  271,262;34,42088
 181,12;  279,891;  267,178;  262,755; 0,00000
 181,73;  295,874;  282,641;  292,622;132,58539
 182,33;  399,152;  382,498;  382,817; 0,00000
 182,93;  290,680;  289,569;  288,341; 0,00000
 183,53;  253,554;  250,624;  238,373; 0,00000
 184,13;  248,634;  252,088;  236,699; 0,00000
 184,73;  294,212;  295,237;  296,980;-58,78183
 185,33;  271,060;  240,512;  337,669;31,44137
 185,93;  284,975;  249,268;  350,717;35,19645
 186,53;  294,714;  261,660;  379,133;28,13749
 187,13;  322,677;  290,674;  391,969;31,59377
 187,73;  288,081;  256,347;  370,132;27,88909
 188,33;  280,680;  250,494;  367,092;25,88902
 188,93;  287,174;  261,470;  368,139;24,09761
 189,53;  298,141;  252,375;  383,047;35,02398
 190,13;  344,987;  301,960;  407,075;40,93306
 190,73;  276,061;  239,442;  369,315;28,19586
 191,34;  305,559;  284,386;  402,733;17,89036
 191,94;  285,866;  251,793;  377,914;27,01617
 192,54;  292,736;  259,224;  375,436;28,83716
 193,14;  309,202;  277,058;  390,727;28,27931
 193,74;  299,057;  273,671;  385,365;22,72872
 194,34;  297,937;  274,599;  383,153;21,49872
 194,94;  270,618;  252,981;  340,332;20,19078
 195,54;  239,407;  206,052;  313,539;31,03170
 196,14;  271,033;  237,756;  359,114;27,42046
 196,74;  270,749;  245,356;  355,112;23,13583
 197,34;  237,151;  206,073;  338,668;23,43853
 197,94;  279,131;  236,906;  357,137;35,12051
 198,54;  278,252;  247,987;  378,611;23,16966
 199,14;  268,253;  226,385;  359,116;31,54345
 199,74;  248,453;  205,309;  350,433;29,72949
 200,34;  239,009;  208,772;  369,807;18,77686
 200,94;  279,833;  251,686;  399,741;19,01131
 201,54;  263,670;  228,998;  396,220;20,73364
 202,14;  304,695;  256,545;  434,679;27,03009
 202,74;  274,249;  225,923;  424,368;24,35202
 203,34;  249,929;  213,090;  424,631;17,41469
 203,94;  232,696;  189,239;  428,495;18,16357
 204,54;  304,329;  251,368;  512,601;20,27341
 205,14;  275,011;  210,385;  505,075;21,93000
 205,74;  321,528;  246,781;  590,458;21,74918
 206,34;  297,483;  209,699;  576,705;23,91897
 206,94;  313,034;  231,697;  640,629;19,89024
 207,54;  291,509;  203,236;  645,641;19,95291
 208,14;  301,592;  209,469;  731,897;17,63359
 208,74;  323,498;  211,462;  763,933;20,27919
 209,34;  325,339;  215,617;  836,534;17,67093
 209,94;  358,311;  211,155;  910,089;21,05438
 210,54;  364,898;  221,548;  969,476;19,16631
 211,14;  378,757;  229,308; 1065,378;17,87512
 211,73;  400,703;  226,459; 1139,526;19,08338
 212,33;  426,941;  236,455; 1227,501;19,22067
 212,93;  424,867;  227,461; 1289,222;18,59232
 213,53;  405,083;  188,154; 1314,558;19,25856
 214,13;  439,700;  226,402; 1415,689;17,93493
 214,73;  436,156;  201,853; 1397,602;19,59471
 215,33;  427,080;  184,540; 1424,012;19,56807
 215,93;  481,951;  215,319; 1509,203;20,60705
 216,53;  442,916;  182,999; 1549,701;19,01786
 217,13;  534,779;  229,317; 1754,598;20,02659
 217,73;  564,043;  211,627; 1890,145;20,99567
 218,33;  549,925;  159,788; 2009,520;21,09152
 218,93;  653,895;  200,187; 2222,880;22,43090
 219,53;  696,741;  209,096; 2473,607;21,53421
 220,13;  728,506;  168,253; 2676,562;22,33587
 220,73;  804,250;  183,848; 2897,339;22,86363
 221,32;  875,960;  194,231; 3228,010;22,47128
 221,92;  956,970;  205,637; 3512,262;22,72205
 222,52; 1023,479;  185,936; 3850,595;22,85460
 223,12; 1095,695;  202,629; 4154,777;22,59698
 223,72; 1171,588;  202,552; 4442,479;22,85501
 224,32; 1222,289;  218,169; 4695,358;22,42747
 224,92; 1279,420;  194,861; 4986,969;22,63219
 225,52; 1333,004;  216,466; 5204,946;22,38232
 226,12; 1393,106;  207,394; 5421,932;22,73857
 226,72; 1438,931;  167,085; 5674,397;23,09378
 227,31; 1476,601;  162,393; 5958,700;22,67319
 227,91; 1570,760;  206,080; 6259,781;22,54290
 228,51; 1636,219;  186,841; 6540,173;22,81288
 229,11; 1683,188;  198,008; 6808,640;22,46654
 229,71; 1732,797;  184,076; 7030,669;22,62032
 230,31; 1745,646;  171,095; 7295,540;22,10069
 230,91; 1808,849;  180,452; 7617,211;21,89659
 231,51; 1842,328;  179,089; 7715,141;22,07043
 232,10; 1868,871;  182,096; 8018,679;21,52437
 232,70; 1913,783;  188,676; 8177,307;21,59453
 233,30; 1955,042;  217,703; 8350,021;21,36339
 233,90; 1901,173;  187,857; 8449,862;20,73729
 234,50; 1914,393;  185,012; 8488,792;20,82643
 235,10; 1902,035;  188,938; 8539,815;20,51398
 235,70; 1924,856;  212,080; 8541,038;20,56411
 236,29; 1886,317;  208,692; 8462,720;20,32493
 236,89; 1808,254;  178,915; 8335,670;19,97534
 237,49; 1789,248;  202,086; 8284,122;19,63814
 238,09; 1718,714;  197,468; 8037,628;19,40325
 238,69; 1699,772;  236,987; 7870,431;19,16284
 239,29; 1595,327;  194,313; 7559,504;19,02211
 239,89; 1508,123;  198,377; 7327,213;18,37252
 240,48; 1428,229;  173,929; 6993,393;18,39294
 241,08; 1382,780;  197,158; 6689,547;18,26172
 241,68; 1332,818;  213,007; 6457,765;17,93202
 242,28; 1243,760;  177,010; 6197,802;17,71777
 242,88; 1229,669;  229,864; 5992,699;17,34920
 243,48; 1171,048;  221,009; 5756,805;17,16173
 244,07; 1100,044;  197,080; 5527,084;16,94116
 244,67; 1093,915;  209,777; 5455,762;16,85362
 245,27; 1093,395;  215,305; 5305,526;17,25053
 245,87; 1072,976;  215,324; 5221,882;17,13056
 246,47; 1040,957;  201,228; 5209,915;16,76544
 247,06; 1034,008;  189,313; 5239,232;16,72691
 247,66; 1036,030;  185,392; 5316,585;16,57779
 248,26; 1080,870;  213,076; 5425,383;16,64895
 248,86; 1122,896;  215,921; 5570,088;16,93961
 249,46; 1115,512;  168,166; 5675,054;17,20294
 250,05; 1213,521;  211,544; 6009,604;17,28123
 250,65; 1254,855;  171,688; 6240,863;17,84702
 251,25; 1341,699;  193,850; 6614,338;17,87791
 251,85; 1434,704;  184,223; 7093,629;18,09825
 252,44; 1521,937;  164,538; 7571,467;18,32606
 253,04; 1694,481;  199,232; 8174,570;18,74841
 253,64; 1790,304;  157,379; 8767,774;18,96457
 254,24; 1982,320;  200,082; 9478,595;19,20823
 254,84; 2167,666;  172,012;10257,439;19,78751
 255,43; 2355,426;  186,462;11031,142;20,00026
 256,03; 2550,289;  198,842;11853,495;20,17604
 256,63; 2781,308;  206,299;12771,742;20,49278
 257,23; 2991,720;  179,915;13544,725;21,03887
 257,82; 3208,747;  201,909;14379,225;21,20880
 258,42; 3373,693;  162,444;15139,603;21,44098
 259,02; 3677,885;  225,001;15947,289;21,96171
 259,62; 3838,883;  188,365;16612,532;22,22650
 260,21; 4007,718;  193,846;17115,046;22,53901
 260,81; 4192,782;  176,701;17634,760;23,00417
 261,41; 4313,923;  171,677;18020,259;23,20770
 262,01; 4506,868;  219,978;18522,165;23,42283
 262,60; 4651,489;  176,915;18934,571;23,85465
 263,20; 4775,183;  181,382;19289,783;24,04074
 263,80; 4925,887;  222,978;19399,422;24,52441
 264,40; 4969,485;  173,979;19628,751;24,64951
 264,99; 5124,056;  200,362;19835,163;25,07636
 265,59; 5143,145;  178,506;20062,065;24,96856
 266,19; 5244,165;  186,901;20270,509;25,18105
 266,78; 5338,732;  231,435;20329,672;25,41167
 267,38; 5376,801;  204,585;20445,829;25,55286
 267,98; 5427,748;  197,050;20384,383;25,91079
 268,58; 5459,009;  206,431;20423,055;25,98148
 269,17; 5474,535;  193,040;20511,147;25,99403
 269,77; 5478,759;  201,220;20362,507;26,17660
 270,37; 5435,305;  167,284;20290,728;26,17853
 270,96; 5499,351;  226,755;20181,184;26,42319
 271,56; 5380,515;  194,915;20013,660;26,16513
 272,16; 5422,333;  185,984;19871,963;26,59938
 272,75; 5383,592;  186,600;19777,177;26,52802
 273,35; 5380,579;  199,371;19738,407;26,51721
 273,95; 5408,254;  190,908;19719,110;26,71698
 274,54; 5385,616;  185,005;19740,631;26,59394
 275,14; 5494,506;  217,064;20026,308;26,64131
 275,74; 5446,445;  180,830;20116,163;26,41348
 276,33; 5607,493;  231,989;20438,846;26,60238
 276,93; 5710,734;  208,700;20738,010;26,80087
 277,53; 5753,979;  199,077;21133,268;26,53507
 278,12; 5906,840;  176,686;21528,804;26,83647
 278,72; 6071,751;  248,460;22106,429;26,64150
 279,32; 6164,292;  191,229;22551,898;26,71236
 279,91; 6331,790;  172,150;23104,134;26,86047
 280,51; 6462,445;  185,616;23531,169;26,88662
 281,11; 6646,920;  193,534;24182,668;26,90129
 281,70; 6757,812;  170,380;24554,707;27,01502
 282,30; 6874,438;  187,068;25101,891;26,84093
 282,90; 7074,942;  193,068;25471,615;27,22417
 283,49; 7223,241;  209,449;25919,417;27,28044
 284,09; 7391,388;  224,610;26278,145;27,50789
 284,69; 7497,288;  230,151;26511,766;27,65103
 285,28; 7614,649;  214,379;26817,597;27,81720
 285,88; 7805,914;  273,369;27067,764;28,11239
 286,47; 7767,203;  200,145;27123,605;28,10582
 287,07; 7901,092;  218,613;27237,735;28,43349
 287,67; 8040,278;  210,701;27300,344;28,90247
 288,26; 8141,407;  186,613;27252,028;29,39099
 288,86; 8200,423;  192,225;27300,806;29,54119
 289,46; 8391,883;  222,535;27496,000;29,95347
 290,05; 8517,422;  187,003;27544,021;30,45075
 290,65; 8683,633;  191,605;27630,259;30,94914
 291,24; 8854,562;  205,768;27853,230;31,28242
 291,84; 9012,769;  204,069;27929,357;31,77136
 292,44; 9137,080;  202,164;28065,074;32,06742
 293,03; 9408,089;  288,229;28195,881;32,67871
 293,63; 9480,457;  202,530;28307,225;33,01202
 294,22; 9610,163;  223,688;28387,324;33,32835
 294,82; 9696,644;  188,518;28425,575;33,67251
 295,41; 9690,350;  172,841;28193,322;33,96626
 296,01; 9738,266;  219,675;28287,726;33,91255
 296,61; 9701,043;  214,460;27993,795;34,14978
 297,20; 9568,648;  198,599;27694,641;34,07781
 297,80; 9565,605;  208,005;27639,821;34,11221
 298,39; 9446,396;  176,146;27317,860;34,15499
 298,99; 9376,528;  220,294;27123,112;34,03448
 299,58; 9332,638;  206,931;27088,830;33,94741
 300,18; 9228,526;  220,543;26797,466;33,89401
 300,78; 9085,064;  194,385;26575,916;33,70039
 301,37; 9026,250;  211,822;26507,070;33,52099
 301,97; 8962,860;  215,612;26593,456;33,16134
 302,56; 8903,075;  194,760;26490,617;33,11668
 303,16; 8825,485;  176,065;26455,659;32,91306
 303,75; 8771,001;  192,617;26478,159;32,63537
 304,35; 8829,791;  187,244;26585,111;32,73957
 304,94; 8757,402;  207,228;26706,435;32,26578
 305,54; 8695,114;  212,846;26657,780;32,07521
 306,13; 8580,049;  167,552;26586,556;31,84260
 306,73; 8475,276;  180,010;26378,951;31,66260
 307,33; 8435,470;  208,624;26409,320;31,39934
 307,92; 8356,035;  203,076;26474,040;31,03411
 308,52; 8421,842;  179,680;26876,137;30,87362
 309,11; 8461,412;  197,059;27248,000;30,55107
 309,71; 8449,034;  176,055;27509,283;30,26711
 310,30; 8469,238;  182,998;27618,826;30,20226
 310,90; 8510,238;  225,537;27993,749;29,83520
 311,49; 8391,957;  198,767;28160,223;29,30173
 312,09; 8408,857;  159,543;28215,855;29,40270
 312,68; 8517,776;  257,693;28657,328;29,08517
 313,28; 8354,651;  164,230;28712,194;28,69004
 313,87; 8326,146;  161,613;28832,961;28,47628
 314,47; 8369,121;  189,676;29113,451;28,27931
 315,06; 8252,786;  166,307;29214,398;27,83825
 315,66; 8224,626;  179,158;29361,855;27,56931
 316,25; 8132,843;  164,528;29280,108;27,36787
 316,85; 8079,223;  157,620;29352,905;27,13316
 317,44; 8020,605;  186,136;29534,562;26,69468
 318,04; 7935,965;  170,222;29532,389;26,44813
 318,63; 7821,056;  169,933;29578,915;26,01628
 319,22; 7802,959;  195,836;29797,747;25,69808
 319,82; 7757,964;  196,455;29891,121;25,46420
 320,41; 7660,833;  196,836;29750,807;25,25548
 321,01; 7584,375;  208,619;29829,089;24,90088
 321,60; 7517,199;  193,225;29950,561;24,61233
 322,20; 7377,194;  174,922;29912,787;24,21919
 322,79; 7332,874;  227,461;30027,131;23,84393
 323,39; 7249,451;  183,628;30205,612;23,53550
 323,98; 7142,729;  176,000;30053,010;23,31803
 324,58; 7080,699;  180,680;30076,409;23,08028
 325,17; 7016,398;  191,451;29827,512;23,02920
 325,76; 6932,845;  212,459;29796,562;22,71621
 326,36; 6790,263;  170,849;29455,889;22,60340
 326,95; 6659,534;  214,533;29256,851;22,19176
 327,55; 6524,510;  177,839;28950,184;22,05823
 328,14; 6424,294;  176,852;28655,813;21,93704
 328,74; 6314,029;  207,529;28357,685;21,69260
 329,33; 6210,963;  198,233;28001,182;21,62623
 329,92; 6076,493;  169,905;27578,517;21,55012
 330,52; 5857,564;  202,391;27071,145;21,04740
 331,11; 5769,211;  188,763;26659,448;21,08161
 331,71; 5609,559;  186,304;26110,904;20,91934
 332,30; 5518,864;  210,305;25744,973;20,78962
 332,89; 5420,758;  247,771;25406,195;20,56165
 333,49; 5236,546;  199,533;24820,277;20,45841
 334,08; 5154,729;  191,224;24576,143;20,35481
 334,68; 5019,533;  190,763;24130,573;20,17046
 335,27; 4959,843;  208,085;23804,817;20,13735
 335,86; 4936,980;  248,533;23590,986;20,08549
 336,46; 4837,386;  195,470;23334,180;20,06125
 337,05; 4739,110;  190,302;23243,981;19,73138
 337,65; 4712,698;  172,916;23123,537;19,78065
 338,24; 4717,002;  234,615;23170,426;19,54318
 338,83; 4694,226;  207,693;23017,364;19,66943
 339,43; 4659,771;  183,990;22994,932;19,62120
 340,02; 4643,277;  191,527;22898,048;19,60560
 340,61; 4638,082;  189,691;22949,126;19,54526
 341,21; 4672,029;  228,298;22993,608;19,51975
 341,80; 4610,244;  189,147;22920,753;19,44912
 342,40; 4621,326;  194,700;23004,928;19,40632
 342,99; 4628,835;  183,848;23084,502;19,40987
 343,58; 4690,117;  182,387;23200,182;19,58367
 344,18; 4721,037;  207,157;23328,944;19,52219
 344,77; 4747,627;  180,219;23705,233;19,41511
 345,36; 4820,611;  173,764;23848,774;19,62765
 345,96; 4894,217;  213,772;24153,803;19,55071
 346,55; 4955,533;  177,090;24409,667;19,71909
 347,14; 4975,438;  185,546;24665,512;19,56658
 347,74; 5093,493;  163,021;25014,474;19,83977
 348,33; 5234,249;  187,943;25613,001;19,84777
 348,92; 5385,010;  202,872;26127,374;19,98934
 349,52; 5494,291;  167,946;26485,427;20,23881
 350,11; 5569,014;  194,526;26767,472;20,22541
 350,70; 5577,047;  182,845;26777,542;20,28300
 351,29; 5562,862;  171,588;26590,436;20,40692
 351,89; 5565,861;  198,443;26669,498;20,27656
 352,48; 5585,551;  157,845;26661,035;20,47944
 353,07; 5658,990;  203,855;26551,755;20,70425
 353,67; 5642,403;  202,796;26569,638;20,63048
 354,26; 5655,526;  192,007;26357,553;20,88058
 354,85; 5669,335;  196,543;26287,028;20,97620
 355,45; 5628,224;  165,300;26074,910;21,08455
 356,04; 5620,910;  183,856;26035,901;21,03143
 356,63; 5712,231;  217,841;25887,445;21,40426
 357,22; 5618,809;  188,284;25684,067;21,29970
 357,82; 5659,882;  197,749;25575,023;21,52372
 358,41; 5673,214;  215,997;25518,235;21,56812
 359,00; 5657,474;  174,451;25263,127;21,85457
 359,60; 5705,529;  189,923;25297,155;21,96820
 360,19; 5744,184;  218,395;25075,980;22,22979
 360,78; 5691,752;  207,378;24984,224;22,13508
 361,37; 5703,414;  184,070;24777,234;22,44259
 361,97; 5760,382;  186,534;24738,514;22,70223
 362,56; 5701,572;  186,603;24484,037;22,69774
 363,15; 5779,109;  254,147;24243,626;23,03077
 363,74; 5684,179;  196,446;23906,963;23,14472
 364,34; 5676,109;  206,759;23626,308;23,35378
 364,93; 5578,782;  186,217;23303,501;23,32698
 365,52; 5514,288;  166,840;22934,755;23,48677
 366,11; 5554,025;  182,067;22673,476;23,88449
 366,71; 5479,036;  180,451;22356,055;23,89376
 367,30; 5502,819;  185,379;22033,539;24,33816
 367,89; 5491,584;  224,851;21824,824;24,38306
 368,48; 5441,734;  202,985;21518,905;24,57670
 369,07; 5398,355;  197,999;21141,542;24,83035
 369,67; 5377,789;  219,909;20889,256;24,95425
 370,26; 5351,909;  182,845;20734,330;25,15178
 370,85; 5347,814;  194,994;20510,791;25,36361
 371,44; 5327,466;  194,611;20207,808;25,64735
 372,03; 5281,043;  178,759;20081,656;25,63589
 372,63; 5270,669;  158,764;19817,902;26,00269
 373,22; 5249,842;  186,383;19522,554;26,18646
 373,81; 5181,495;  167,379;19288,135;26,22342
 374,40; 5231,383;  191,083;19059,700;26,71261
 374,99; 5168,897;  187,531;18840,191;26,70593
 375,59; 5123,155;  173,236;18550,554;26,93493
 376,18; 5191,540;  211,916;18469,943;27,27361
 376,77; 5190,836;  204,689;18300,759;27,55376
 377,36; 5228,318;  228,609;18219,592;27,79008
 377,95; 5175,898;  198,067;18053,613;27,87835
 378,55; 5151,375;  184,388;17895,089;28,04512
 379,14; 5189,076;  204,071;17767,705;28,38254
 379,73; 5222,299;  195,298;17690,555;28,73351
 380,32; 5247,471;  199,611;17766,247;28,73549
 380,91; 5235,400;  164,755;17609,970;29,06611
 381,50; 5290,772;  198,372;17563,585;29,32530
 382,10; 5254,086;  188,765;17476,863;29,29947
 382,69; 5275,964;  174,455;17450,659;29,52911
 383,28; 5347,366;  216,450;17362,704;29,92441
 383,87; 5341,650;  182,219;17265,777;30,20115
 384,46; 5342,063;  164,518;17255,544;30,29394
 385,05; 5412,376;  214,987;17254,467;30,50204
 385,64; 5431,640;  198,220;17195,168;30,79035
 386,24; 5429,816;  168,826;17099,217;31,07424
 386,83; 5567,749;  208,901;17211,441;31,51793
 387,42; 5565,425;  201,682;17266,572;31,43145
 388,01; 5664,271;  198,663;17429,401;31,72011
 388,60; 5770,745;  201,827;17664,243;31,89088
 389,19; 5865,287;  178,192;17864,311;32,15570
 389,78; 5958,705;  182,040;18052,781;32,32471
 390,37; 6176,854;  259,822;18453,798;32,52193
 390,96; 6211,889;  199,364;18560,701;32,74557
 391,56; 6347,464;  199,650;18717,151;33,20002
 392,15; 6396,876;  190,658;18977,386;33,03512
 392,74; 6483,040;  161,637;19111,362;33,35881
 393,33; 6620,374;  193,187;19398,293;33,46603
 393,92; 6744,921;  193,707;19700,617;33,58407
 394,51; 6902,754;  175,341;19822,392;34,24134
 395,10; 7030,240;  218,765;19999,641;34,43465
 395,69; 7074,005;  206,845;20137,443;34,45537
 396,28; 7156,093;  216,911;20258,067;34,62466
 396,87; 7218,715;  210,125;20373,845;34,75842
 397,46; 7349,943;  215,959;20493,534;35,18164
 398,06; 7426,484;  225,483;20622,499;35,30419
 398,65; 7437,113;  208,757;20636,641;35,38475
 399,24; 7578,809;  219,366;20796,444;35,76525
 399,83; 7541,094;  187,238;20856,256;35,57913
 400,42; 7673,632;  240,577;21012,739;35,78374
 401,01; 7760,059;  215,524;21087,386;36,14692
 401,60; 7795,801;  223,145;21138,279;36,20658
 402,19; 7856,453;  233,166;21078,168;36,57130
 402,78; 7824,458;  249,617;21127,738;36,28124
 403,37; 7876,109;  218,919;20935,742;36,96122
 403,96; 7845,022;  231,669;20779,155;37,05248
 404,55; 7902,055;  238,637;20751,190;37,35965
 405,14; 7833,231;  205,924;20620,601;37,36188
 405,73; 7823,222;  236,656;20497,890;37,44375
 406,32; 7828,288;  238,578;20450,859;37,54999
 406,91; 7831,293;  235,874;20268,697;37,91487
 407,50; 7798,808;  241,828;20153,636;37,95226
 408,09; 7731,628;  210,334;19893,949;38,21094
 408,68; 7705,208;  232,157;19816,876;38,15756
 409,27; 7677,209;  215,571;19595,694;38,50150
 409,86; 7699,087;  228,948;19514,892;38,73359
 410,45; 7713,653;  267,392;19435,618;38,84690
 411,04; 7670,705;  268,759;19411,397;38,66732
 411,63; 7620,701;  245,684;19123,996;39,06609
 412,22; 7536,001;  258,831;18952,364;38,92881
 412,81; 7523,657;  258,318;18779,386;39,22743
 413,40; 7486,010;  260,273;18463,100;39,69569
 413,99; 7428,014;  312,186;18207,738;39,76311
 414,58; 7256,626;  237,039;17843,012;39,87048
 415,17; 7257,780;  254,626;17692,703;40,16013
 415,76; 7195,844;  236,598;17545,422;40,20635
 416,35; 7172,199;  233,227;17356,860;40,52278
 416,94; 7164,243;  269,219;17355,646;40,35381
 417,53; 7307,856;  246,858;17606,897;40,67386
 418,12; 7342,006;  249,480;17644,479;40,77336
 418,71; 7497,865;  261,043;17986,133;40,82813
 419,30; 7528,536;  238,406;18005,533;41,03156
 419,89; 7637,546;  228,412;18178,779;41,27567
 420,48; 7751,308;  269,428;18472,722;41,10179
 421,07; 7795,976;  254,741;18550,845;41,21771
 421,66; 7852,867;  229,987;18514,429;41,69053
 422,25; 7836,673;  240,476;18497,099;41,60790
 422,84; 7882,410;  266,174;18497,313;41,77598
 423,43; 7778,623;  245,777;18308,137;41,70466
 424,02; 7694,291;  270,167;18092,491;41,65632
 424,60; 7555,769;  244,509;17609,339;42,10384
 425,19; 7494,129;  257,799;17462,204;42,06092
 425,78; 7491,685;  259,955;17419,886;42,14312
 426,37; 7427,396;  266,274;17259,831;42,14022
 426,96; 7409,827;  250,505;17090,302;42,51430
 427,55; 7349,450;  241,755;17017,382;42,36917
 428,14; 7271,025;  234,533;16879,419;42,27420
 428,73; 7268,202;  242,748;16650,264;42,81851
 429,32; 7230,598;  265,273;16662,877;42,47770
 429,91; 7297,211;  276,749;16661,836;42,84666
 430,50; 7272,580;  259,758;16514,311;43,14374
 431,08; 7210,388;  258,845;16352,858;43,19335
 431,67; 7227,014;  305,470;16345,268;43,15232
 432,26; 7177,690;  329,555;16180,310;43,20384
 432,85; 7085,740;  333,245;15898,595;43,38158
 433,44; 6904,744;  345,488;15564,569;43,09890
 434,03; 6799,792;  349,583;15259,863;43,26015
 434,62; 6634,764;  316,797;14931,104;43,23139
 435,21; 6595,788;  326,246;14753,191;43,45717
 435,79; 6543,707;  330,807;14661,855;43,35273
 436,38; 6511,366;  333,516;14506,325;43,58945
 436,97; 6468,103;  316,519;14432,759;43,57806
 437,56; 6422,987;  313,775;14244,313;43,85482
 438,15; 6369,033;  295,768;14219,147;43,61919
 438,74; 6403,113;  313,232;14148,550;44,01692
 439,33; 6397,036;  293,229;14180,539;43,95241
 439,91; 6409,400;  268,471;14231,229;43,98077
 440,50; 6451,686;  312,626;14286,734;43,93168
 441,09; 6505,572;  312,641;14376,108;44,03559
 441,68; 6489,255;  283,733;14340,004;44,14771
 442,27; 6464,129;  258,419;14375,504;43,95886
 442,86; 6458,097;  255,297;14364,834;43,96176
 443,44; 6490,551;  267,444;14369,365;44,12950
 444,03; 6574,444;  354,451;14469,857;44,06528
 444,62; 6504,663;  274,990;14353,817;44,24853
 445,21; 6463,966;  282,678;14146,289;44,58642
 445,80; 6419,730;  319,003;14134,127;44,15977
 446,39; 6376,261;  337,693;13924,745;44,44355
 446,97; 6244,584;  277,405;13697,551;44,46434
 447,56; 6135,386;  270,189;13550,324;44,16519
 448,15; 6099,218;  270,020;13335,577;44,61500
 448,74; 6040,632;  294,483;13213,992;44,47653
 449,33; 5946,437;  276,263;13066,916;44,33060
 449,91; 5857,384;  271,973;12833,667;44,46384
 450,50; 5761,296;  273,123;12610,616;44,48370
 451,09; 5753,360;  297,356;12567,923;44,46416
 451,68; 5749,164;  316,901;12512,451;44,54299
 452,26; 5635,369;  308,601;12451,768;43,86638
 452,85; 5609,622;  277,981;12334,253;44,22296
 453,44; 5657,887;  293,927;12352,326;44,48319
 454,03; 5577,175;  270,529;12310,949;44,07360
 454,61; 5557,024;  259,775;12317,578;43,93212
 455,20; 5682,791;  288,629;12445,746;44,37040
 455,79; 5658,944;  310,231;12439,780;44,09655
 456,38; 5683,802;  314,257;12505,552;44,04409
 456,97; 5695,116;  279,022;12522,450;44,23675
 457,55; 5688,255;  285,186;12567,924;43,98912
 458,14; 5710,186;  313,327;12592,761;43,95039
 458,73; 5676,468;  294,649;12528,638;43,99072
 459,31; 5707,977;  319,278;12473,229;44,33702
 459,90; 5751,684;  349,117;12643,486;43,94342
 460,49; 5859,213;  400,036;12683,135;44,44463
 461,08; 5826,528;  293,516;12746,522;44,43114
 461,66; 5819,784;  311,355;12823,436;44,02489
 462,25; 5891,116;  306,215;12877,176;44,42700
 462,84; 5876,049;  322,825;12931,928;44,04139
 463,43; 5822,815;  263,230;12869,014;44,10345
 464,01; 5862,869;  300,622;12926,646;44,05383
 464,60; 5859,247;  347,840;12897,896;43,91540
 465,19; 5739,524;  281,626;12640,527;44,16168
 465,77; 5726,576;  295,864;12610,536;44,09952
 466,36; 5683,827;  325,769;12550,362;43,83015
 466,95; 5556,537;  301,309;12293,583;43,82178
 467,53; 5482,955;  304,719;12035,312;44,14301
 468,12; 5370,646;  336,105;11752,659;44,09860
 468,71; 5255,684;  313,858;11643,245;43,61954
 469,29; 5136,764;  282,954;11378,346;43,74618
 469,88; 5038,725;  303,960;11143,652;43,67989
 470,47; 5104,267;  355,588;11224,241;43,69152
 471,06; 5090,010;  321,281;11254,536;43,61674
 471,64; 5126,567;  319,200;11284,244;43,84266
 472,23; 5066,687;  292,919;11278,622;43,45437
 472,81; 5115,634;  285,368;11343,323;43,68136
 473,40; 5144,549;  299,458;11486,102;43,31139
 473,99; 5289,188;  413,381;11748,645;43,01449
 474,57; 5257,190;  296,149;11798,268;43,13154
 475,16; 5321,891;  315,601;11923,885;43,12687
 475,75; 5380,098;  339,544;12057,435;43,01588
 476,33; 5419,110;  333,170;12091,432;43,25419
 476,92; 5410,198;  336,922;12165,496;42,89001
 477,51; 5453,043;  330,934;12189,260;43,19420
 478,09; 5407,321;  333,242;12269,654;42,50924
 478,68; 5405,975;  334,246;12203,151;42,73123
 479,27; 5411,214;  356,467;12234,690;42,55474
 479,85; 5423,629;  320,399;12195,204;42,97527
 480,44; 5423,996;  326,789;12298,005;42,57886
 481,02; 5899,753;  331,798;13413,795;42,56197
 481,61; 6654,967;  357,717;15182,380;42,47820
 482,20; 7065,888;  338,798;16240,922;42,30309
 482,78; 7376,340;  367,941;17006,318;42,12189
 483,37; 7541,747;  367,043;17398,314;42,12665
 483,95; 7697,927;  379,661;17674,875;42,31382
 484,54; 7753,369;  396,408;17882,667;42,07282
 485,13; 7699,048;  367,288;17786,909;42,08909
 485,71; 7643,855;  338,514;17598,029;42,32645
 486,30; 7554,363;  375,284;17381,423;42,21463
 486,88; 7440,524;  429,825;17060,881;42,15426
 487,47; 7176,531;  395,059;16442,339;42,25933
 488,05; 6834,141;  379,064;15657,027;42,25090
 488,64; 6368,485;  390,459;14677,259;41,84300
 489,23; 5790,410;  388,067;13084,321;42,55068
 489,81; 4921,518;  392,378;11198,707;41,91192
 490,40; 4562,066;  349,688;10533,634;41,36293
 490,98; 4507,803;  327,769;10288,186;41,96645
 491,57; 4451,743;  365,146;10244,758;41,36394
 492,15; 4416,512;  337,233;10192,175;41,39324
 492,74; 4363,623;  337,604;10155,486;41,00701
 493,32; 4322,486;  359,307;10022,383;41,01364
 493,91; 4245,146;  335,007; 9935,330;40,72924
 494,50; 4239,852;  339,180; 9968,010;40,51035
 495,08; 4194,382;  319,409; 9834,592;40,72410
 495,67; 4210,317;  348,006; 9843,693;40,67437
 496,25; 4116,749;  285,478; 9699,658;40,69681
 496,84; 4096,858;  305,312; 9702,085;40,34944
 497,42; 4091,795;  304,481; 9685,986;40,37000
 498,01; 4087,903;  335,930; 9634,058;40,35192
 498,59; 4002,624;  301,329; 9556,546;39,99145
 499,18; 3993,278;  280,855; 9491,296;40,30668
 499,76; 4020,268;  326,709; 9478,555;40,35863
 500,35; 3920,546;  303,031; 9312,453;40,15258
 500,93; 3877,975;  301,327; 9240,306;40,01182
 501,52; 3846,412;  299,560; 9194,572;39,87462
 502,10; 3839,278;  318,576; 9152,037;39,85643
 502,69; 3764,286;  300,891; 9029,198;39,68003
 503,27; 3698,134;  279,257; 8861,306;39,83754
 503,86; 3672,787;  288,503; 8797,288;39,77399
 504,44; 3603,440;  272,971; 8708,286;39,48245
 505,03; 3498,990;  252,817; 8508,634;39,31983
 505,61; 3484,360;  276,661; 8425,575;39,36352
 506,19; 3418,501;  296,817; 8268,267;39,16081
 506,78; 3326,679;  274,907; 8076,315;39,11822
 507,36; 3270,574;  280,970; 7987,981;38,79070
 507,95; 3234,156;  284,760; 7814,231;39,17135
 508,53; 3183,609;  282,446; 7747,608;38,86270
 509,12; 3134,618;  282,373; 7590,498;39,02841
 509,70; 3065,891;  300,607; 7523,310;38,28601
 510,29; 3032,715;  323,768; 7383,942;38,36941
 510,87; 2912,740;  283,138; 7199,757;38,01861
 511,46; 2881,724;  276,371; 7061,749;38,39658
 512,04; 2819,014;  279,225; 6948,436;38,08230
 512,62; 2776,309;  288,372; 6838,605;37,98243
 513,21; 2687,920;  269,461; 6689,776;37,66885
 513,79; 2676,002;  273,636; 6539,972;38,33766
 514,38; 2584,163;  259,705; 6423,167;37,71351
 514,96; 2591,546;  304,550; 6355,043;37,79851
 515,54; 2497,371;  261,939; 6225,250;37,48641
 516,13; 2496,945;  289,325; 6182,036;37,46358
 516,71; 2428,437;  270,488; 6008,011;37,61116
 517,30; 2370,884;  254,496; 5922,215;37,34110
 517,88; 2357,087;  286,110; 5885,770;36,98398
 518,46; 2304,169;  264,422; 5762,144;37,10168
 519,05; 2296,722;  272,120; 5726,291;37,12025
 519,63; 2259,384;  270,656; 5687,597;36,71312
 520,22; 2246,476;  288,130; 5642,304;36,57606
 520,80; 2206,851;  273,901; 5538,618;36,71517
 521,38; 2237,239;  313,968; 5568,410;36,60277
 521,97; 2166,635;  266,753; 5485,150;36,40739
 522,55; 2181,523;  274,753; 5459,027;36,77989
 523,13; 2135,690;  268,219; 5458,972;35,97688
 523,72; 2121,603;  274,729; 5441,238;35,74704
 524,30; 2181,009;  308,071; 5573,295;35,57185
 524,89; 2151,317;  249,908; 5574,926;35,70709
 525,47; 2184,408;  283,997; 5666,969;35,30412
 526,05; 2165,533;  255,383; 5674,180;35,25044
 526,64; 2239,283;  293,156; 5810,242;35,27456
 527,22; 2279,350;  276,996; 5914,534;35,51823
 527,80; 2306,529;  329,078; 6016,213;34,77059
 528,39; 2303,181;  276,468; 6128,932;34,63008
 528,97; 2359,935;  274,234; 6225,796;35,04460
 529,55; 2384,175;  285,450; 6379,362;34,43970
 530,14; 2469,873;  307,317; 6543,020;34,68023
 530,72; 2448,443;  271,388; 6616,652;34,30992
 531,30; 2492,171;  263,626; 6770,719;34,24793
 531,89; 2521,455;  281,934; 6826,791;34,21803
 532,47; 2545,113;  317,168; 6933,295;33,67446
 533,05; 2572,098;  305,385; 6997,434;33,87172
 533,63; 2582,504;  313,631; 6987,628;33,99571
 534,22; 2549,154;  282,247; 7078,289;33,35628
 534,80; 2596,395;  312,333; 7062,469;33,83728
 535,38; 2680,580;  395,474; 7241,848;33,37688
 535,97; 2594,106;  293,168; 7128,232;33,66373
 536,55; 2616,243;  351,565; 7245,824;32,84875
 537,13; 2599,570;  348,548; 7246,844;32,63156
 537,71; 2629,811;  387,393; 7261,991;32,61889
 538,30; 2627,054;  398,019; 7326,295;32,17301
 538,88; 2645,859;  438,572; 7411,922;31,65318
 539,46; 2716,591;  492,025; 7570,423;31,42754
 540,05; 2743,147;  502,722; 7642,116;31,38117
 540,63; 2789,921;  548,184; 7865,556;30,63582
 541,21; 2824,843;  584,574; 7964,837;30,35486
 541,79; 2843,128;  604,651; 8079,602;29,94637
 542,38; 2891,542;  632,259; 8208,878;29,81914
 542,96; 2941,694;  653,197; 8359,145;29,69780
 543,54; 2980,711;  680,573; 8532,256;29,29484
 544,12; 3001,353;  639,730; 8665,817;29,42433
 544,70; 3018,218;  621,121; 8719,558;29,59950
 545,29; 3048,523;  637,952; 8871,852;29,27618
 545,87; 3054,128;  624,267; 8862,217;29,49594
 546,45; 3037,053;  571,105; 8906,742;29,58320
 547,03; 3064,670;  557,264; 8973,646;29,79197
 547,62; 3059,544;  522,498; 9106,178;29,55662
 548,20; 3121,793;  523,734; 9180,871;30,01060
 548,78; 3102,872;  470,984; 9295,665;29,82418
 549,36; 3114,932;  466,059; 9464,290;29,43771
 549,94; 3119,216;  410,039; 9535,576;29,68786
 550,53; 3215,309;  426,594; 9788,909;29,78659
 551,11; 3227,742;  391,295; 9900,834;29,82739
 551,69; 3303,531;  407,904;10197,041;29,58000
 552,27; 3354,731;  350,206;10408,567;29,87092
 552,85; 3448,080;  368,910;10748,132;29,66667
 553,44; 3480,011;  372,289;10951,144;29,37674
 554,02; 3576,404;  388,753;11263,525;29,31234
 554,60; 3590,489;  328,296;11506,415;29,18374
 555,18; 3698,601;  349,674;11870,363;29,06881
 555,76; 3802,492;  347,446;12109,951;29,37339
 556,34; 3880,271;  353,226;12480,324;29,08400
 556,93; 3958,102;  342,905;12777,771;29,07306
 557,51; 3996,648;  317,842;13084,107;28,81662
 558,09; 4125,297;  352,982;13410,418;28,89017
 558,67; 4188,824;  335,078;13798,625;28,62356
 559,25; 4260,528;  349,613;13959,655;28,73551
 559,83; 4316,341;  338,006;14293,909;28,50647
 560,41; 4363,468;  322,608;14516,084;28,46984
 561,00; 4498,309;  332,848;14828,245;28,73644
 561,58; 4516,275;  320,223;15079,368;28,43018
 562,16; 4521,161;  331,757;15335,880;27,92169
 562,74; 4603,823;  302,215;15613,263;28,09480
 563,32; 4681,372;  303,544;15972,823;27,93892
 563,90; 4780,220;  333,771;16341,127;27,77754
 564,48; 4828,742;  331,145;16693,153;27,48805
 565,06; 4982,627;  331,847;17211,007;27,55339
 565,65; 5122,063;  325,246;17793,346;27,46044
 566,23; 5325,113;  379,694;18389,521;27,45956
 566,81; 5432,635;  315,690;18996,107;27,39203
 567,39; 5654,186;  335,316;19804,026;27,32010
 567,97; 5741,387;  352,538;20317,282;26,99183
 568,55; 5953,740;  360,775;21009,957;27,08565
 569,13; 6063,029;  330,387;21647,612;26,89206
 569,71; 6215,807;  323,756;22400,409;26,68906
 570,29; 6467,736;  365,828;23327,182;26,57469
 570,87; 6607,340;  371,985;23935,767;26,46160
 571,45; 6689,116;  359,001;24428,606;26,29921
 572,03; 6777,688;  323,087;24853,943;26,31217
 572,61; 6866,067;  331,082;25450,138;26,01605
 573,20; 7057,126;  344,381;26139,742;26,02307
 573,78; 7118,614;  319,621;26708,325;25,76479
 574,36; 7212,492;  338,619;27108,506;25,67763
 574,94; 7338,960;  405,551;27449,476;25,63758
 575,52; 7229,755;  353,485;27645,023;25,19561
 576,10; 7415,149;  398,019;28039,620;25,38612
 576,68; 7472,269;  381,318;28622,898;25,10820
 577,26; 7608,714;  402,721;29190,050;25,03182
 577,84; 7689,874;  397,158;29650,114;24,92984
 578,42; 7743,683;  457,554;29946,016;24,70841
 579,00; 7694,164;  403,391;29943,058;24,68130
 579,58; 7725,710;  450,397;30223,681;24,43571
 580,16; 7731,689;  413,094;30249,042;24,52945
 580,74; 7744,005;  418,787;30444,152;24,39677
 581,32; 7728,812;  412,091;30498,733;24,31884
 581,90; 7680,400;  435,632;30401,376;24,17683
 582,48; 7676,393;  412,863;30496,467;24,14448
 583,06; 7672,715;  419,167;30621,582;24,01645
 583,64; 7660,629;  423,858;30735,702;23,87440
 584,22; 7547,777;  433,949;30613,298;23,57184
 584,80; 7501,830;  442,400;30388,107;23,57409
 585,38; 7403,320;  450,687;30007,495;23,52295
 585,96; 7327,709;  413,469;30018,699;23,35479
 586,54; 7337,789;  442,332;30063,222;23,27904
 587,12; 7288,650;  405,020;30251,414;23,06352
 587,70; 7306,948;  443,701;30345,886;22,95233
 588,28; 7273,680;  418,712;30312,712;22,93092
 588,86; 7271,264;  421,637;30467,146;22,79751
 589,44; 7208,075;  408,957;30493,173;22,60028
 590,02; 7268,352;  417,493;30671,402;22,64454
 590,59; 7244,347;  399,562;30822,556;22,49872
 591,17; 7289,962;  407,585;31054,046;22,45733
 591,75; 7224,307;  381,424;31076,923;22,29279
 592,33; 7289,615;  395,343;31267,066;22,33199
 592,91; 7212,186;  347,043;31531,203;22,01484
 593,49; 7332,462;  363,049;31783,725;22,18098
 594,07; 7308,788;  378,434;31958,598;21,94528
 594,65; 7307,987;  404,025;31987,686;21,85928
 595,23; 7318,732;  390,646;32329,116;21,69198
 595,81; 7306,343;  370,572;32459,149;21,61446
 596,39; 7314,406;  369,111;32497,639;21,61722
 596,97; 7290,701;  365,966;32645,890;21,45214
 597,55; 7256,060;  369,951;32691,334;21,30512
 598,12; 7242,458;  351,898;32612,219;21,35924
 598,70; 7198,723;  350,122;32803,474;21,10291
 599,28; 7206,604;  364,969;32862,904;21,05252
 599,86; 7163,607;  360,122;32915,758;20,89802
 600,44; 7115,033;  331,587;33037,184;20,74094
 601,02; 7171,216;  377,139;33020,826;20,81283
 601,60; 7049,673;  355,962;33006,281;20,50121
 602,18; 7034,472;  332,744;33049,806;20,48389
 602,75; 6986,873;  343,340;33109,962;20,27530
 603,33; 6976,319;  358,969;33127,909;20,19397
 603,91; 6934,494;  338,134;33133,246;20,11385
 604,49; 6939,578;  360,046;33224,969;20,01992
 605,07; 6911,568;  378,039;33230,914;19,88724
 605,65; 6896,200;  374,819;33248,965;19,83742
 606,23; 6870,399;  431,407;33476,889;19,48524
 606,80; 6885,157;  474,417;33416,572;19,46060
 607,38; 6833,696;  516,978;33518,600;19,14063
 607,96; 6846,715;  556,648;33506,445;19,08985
 608,54; 6848,177;  622,280;33558,960;18,90262
 609,12; 6795,807;  628,417;33625,156;18,69091
 609,70; 6844,514;  656,044;33647,739;18,75766
 610,27; 6800,505;  675,339;33675,248;18,56116
 610,85; 6773,859;  685,659;33716,330;18,43196
 611,43; 6724,480;  686,892;33632,279;18,32605
 612,01; 6671,567;  648,191;33568,405;18,29689
 612,59; 6639,271;  644,967;33567,852;18,20710
 613,16; 6614,954;  609,565;33459,918;18,28105
 613,74; 6550,123;  578,892;33408,954;18,18830
 614,32; 6584,886;  554,281;33422,056;18,34808
 614,90; 6539,952;  502,502;33273,877;18,42294
 615,48; 6452,456;  471,259;33054,221;18,35682
 616,05; 6357,852;  438,179;32926,097;18,22115
 616,63; 6363,863;  443,637;32834,665;18,27736
 617,21; 6329,263;  429,108;32742,823;18,25898
 617,79; 6281,144;  418,881;32679,879;18,17136
 618,36; 6234,237;  428,500;32573,986;18,06082
 618,94; 6114,500;  363,952;32275,992;18,01999
 619,52; 6041,800;  387,561;32069,831;17,84670
 620,10; 6023,712;  378,418;32049,207;17,82492
 620,67; 5993,437;  388,868;31949,480;17,75811
 621,25; 5950,200;  406,885;31821,933;17,64541
 621,83; 5924,896;  384,029;31799,033;17,63764
 622,41; 5928,241;  426,567;31726,240;17,57742
 622,98; 5823,036;  388,713;31547,692;17,44063
 623,56; 5810,153;  404,712;31554,060;17,35331
 624,14; 5743,946;  374,043;31362,247;17,32886
 624,72; 5710,772;  371,875;31258,023;17,28573
 625,29; 5695,573;  350,635;31386,490;17,22182
 625,87; 5689,168;  408,342;31330,961;17,07755
 626,45; 5667,343;  357,402;31101,220;17,27157
 627,02; 5619,857;  362,036;31175,184;17,06356
 627,60; 5535,514;  344,894;31019,903;16,92133
 628,18; 5518,115;  338,956;31175,387;16,79559
 628,76; 5481,660;  339,868;31230,110;16,64536
 629,33; 5526,681;  368,796;31201,272;16,72874
 629,91; 5477,712;  359,341;31118,361;16,64023
 630,49; 5510,486;  365,409;31239,431;16,66475
 631,06; 5481,065;  359,254;31299,876;16,55368
 631,64; 5472,968;  358,788;31355,099;16,49932
 632,22; 5416,285;  330,322;31264,697;16,44114
 632,79; 5467,551;  346,629;31474,896;16,45103
 633,37; 5438,252;  321,807;31596,496;16,35970
 633,95; 5450,647;  342,017;31637,780;16,32371
 634,52; 5460,330;  324,644;31690,973;16,37324
 635,10; 5450,118;  320,724;31667,549;16,36336
 635,68; 5481,451;  330,091;31915,276;16,30942
 636,25; 5443,285;  317,238;31834,906;16,26404
 636,83; 5476,352;  302,945;32052,341;16,29451
 637,41; 5457,794;  332,474;32104,205;16,13170
 637,98; 5497,655;  348,319;32258,561;16,13694
 638,56; 5498,636;  322,389;32377,897;16,14776
 639,13; 5455,470;  304,251;32338,478;16,08036
 639,71; 5518,969;  372,869;32592,004;15,97219
 640,29; 5426,131;  281,716;32365,494;16,03432
 640,86; 5430,891;  302,716;32565,116;15,89521
 641,44; 5419,266;  299,640;32562,892;15,86829
 642,02; 5471,488;  340,178;32522,360;15,94457
 642,59; 5424,402;  308,794;32650,213;15,81751
 643,17; 5397,931;  297,333;32690,374;15,74597
 643,74; 5425,075;  303,949;32609,919;15,85195
 644,32; 5405,989;  336,180;32589,080;15,71892
 644,89; 5398,826;  323,488;32565,702;15,74128
 645,47; 5389,586;  334,104;32622,478;15,65728
 646,05; 5360,038;  335,719;32581,101;15,58151
 646,62; 5305,567;  317,028;32513,338;15,49413
 647,20; 5318,481;  320,413;32730,345;15,42141
 647,77; 5298,702;  286,567;32492,967;15,56254
 648,35; 5304,616;  289,721;32429,974;15,60316
 648,92; 5321,068;  316,106;32526,289;15,53845
 649,50; 5284,751;  282,029;32395,450;15,57829
 650,08; 5208,742;  268,184;32366,533;15,39194
 650,65; 5251,886;  294,722;32543,771;15,37150
 651,23; 5350,954;  281,415;33137,470;15,42954
 651,80; 5453,637;  275,108;34054,631;15,33038
 652,38; 5511,781;  288,339;34323,022;15,34741
 652,95; 5575,772;  264,955;34635,568;15,45162
 653,53; 5606,224;  303,340;34898,728;15,32830
 654,10; 5650,523;  329,494;35072,581;15,31536
 654,68; 5583,436;  278,725;34911,204;15,31716
 655,25; 5580,273;  276,187;35018,441;15,26696
 655,83; 5583,956;  272,264;35090,602;15,25544
 656,40; 5633,562;  310,649;35009,532;15,34030
 656,98; 5605,476;  284,265;34912,923;15,36649
 657,55; 5596,697;  287,035;34826,853;15,37258
 658,13; 5497,149;  296,881;34522,168;15,19423
 658,70; 5491,371;  317,035;34403,867;15,17987
 659,28; 5390,900;  288,882;33560,951;15,33424
 659,85; 5256,814;  308,267;32841,573;15,21071
 660,43; 5267,266;  306,960;32853,041;15,24087
 661,00; 5247,410;  281,729;32952,510;15,19915
 661,58; 5287,016;  273,345;33228,824;15,21347
 662,15; 5326,853;  275,422;33454,677;15,22467
 662,73; 5426,998;  356,884;33745,761;15,18504
 663,30; 5396,988;  291,808;33857,691;15,20943
 663,88; 5438,441;  292,731;33903,083;15,30989
 664,45; 5426,124;  285,347;34175,397;15,16899
 665,03; 5460,268;  288,040;34530,019;15,10493
 665,60; 5629,720;  396,886;34964,488;15,13797
 666,17; 5526,019;  294,810;34975,495;15,08393
 666,75; 5579,779;  289,733;35309,655;15,10582
 667,32; 5707,692;  312,656;35575,047;15,29969
 667,90; 5681,683;  294,195;35801,361;15,17296
 668,47; 5714,981;  311,042;35999,445;15,14200
 669,05; 5738,357;  292,658;36347,067;15,10411
 669,62; 5756,578;  265,889;36383,151;15,20240
 670,19; 5774,492;  263,505;36453,619;15,22788
 670,77; 5811,252;  288,505;36581,165;15,21726
 671,34; 5797,165;  286,428;36534,941;15,20266
 671,92; 5872,771;  273,506;36886,332;15,29318
 672,49; 5852,762;  295,814;36856,339;15,19931
 673,06; 5819,676;  251,583;36952,500;15,17154
 673,64; 5832,666;  272,045;36951,738;15,15995
 674,21; 5828,580;  274,123;36813,514;15,20129
 674,79; 5864,955;  296,738;37093,982;15,13216
 675,36; 5857,946;  291,893;37220,450;15,07249
 675,93; 5842,398;  265,047;37085,227;15,14754
 676,51; 5873,312;  286,355;37235,003;15,12087
 677,08; 5920,457;  291,355;37252,779;15,22967
 677,65; 5877,755;  284,663;37355,401;15,08762
 678,23; 5942,130;  289,356;37561,331;15,16629
 678,80; 5944,505;  268,510;37709,338;15,15991
 679,38; 6027,265;  285,818;37781,422;15,31232
 679,95; 6044,718;  303,434;37963,659;15,24495
 680,52; 6067,401;  276,434;38211,204;15,26559
 681,10; 6137,930;  298,050;38670,288;15,21902
 681,67; 6173,305;  292,435;38820,603;15,26382
 682,24; 6184,065;  263,666;38932,148;15,31066
 682,82; 6260,132;  275,513;39466,463;15,27041
 683,39; 6359,585;  324,129;39703,239;15,32654
 683,96; 6358,114;  275,283;39872,246;15,36186
 684,54; 6386,027;  268,283;40194,483;15,32263
 685,11; 6530,403;  313,591;40477,798;15,47849
 685,68; 6566,547;  282,207;40934,728;15,45867
 686,25; 6550,461;  261,438;40875,581;15,48481
 686,83; 6569,375;  280,746;41017,126;15,43738
 687,40; 6685,981;  264,208;41466,594;15,58592
 687,97; 6778,048;  301,978;41810,524;15,60178
 688,55; 6727,270;  257,824;41807,762;15,57029
 689,12; 6761,260;  248,517;42017,923;15,59214
 689,69; 6823,790;  257,440;42093,930;15,69527
 690,26; 6874,088;  281,133;42157,706;15,74378
 690,84; 6873,155;  264,057;42381,943;15,69191
 691,41; 6930,454;  289,134;42524,258;15,72464
 691,98; 7037,368;  281,903;42827,957;15,87800
 692,56; 6998,666;  274,058;42806,502;15,81054
 693,13; 7078,733;  330,673;42714,432;15,92133
 693,70; 7077,647;  292,212;42904,285;15,92374
 694,27; 7088,561;  272,367;42973,677;15,96249
 694,84; 7108,859;  271,521;43106,991;15,96186
 695,42; 7222,773;  400,983;43370,460;15,87590
 695,99; 7162,610;  280,906;43445,313;15,94301
 696,56; 7162,447;  278,983;43232,704;16,02530
 697,13; 7254,053;  299,676;43615,326;16,05511
 697,71; 7248,582;  283,292;43615,026;16,07434
 698,28; 7319,803;  273,985;43863,032;16,16419
 698,85; 7354,025;  248,062;43878,193;16,28682
 699,42; 7360,169;  254,216;44076,046;16,21556
 699,99; 7428,391;  296,601;44189,284;16,24824
 700,57; 7448,766;  288,063;44125,983;16,33450
 701,14; 7454,372;  274,294;44322,221;16,30060
 701,71; 7531,363;  299,987;44557,458;16,33933
 702,28; 7507,122;  275,603;44645,773;16,29816
 702,85; 7560,575;  283,295;44649,780;16,40265
 703,43; 7637,565;  295,219;44844,863;16,48127
 704,00; 7697,479;  325,527;45020,947;16,49375
 704,57; 7676,624;  304,758;45102,493;16,45589
 705,14; 7759,383;  320,451;45352,730;16,51911
 705,71; 7756,528;  326,759;45290,429;16,52394
 706,28; 7782,134;  302,913;45240,205;16,64368
 706,86; 7831,971;  327,529;45448,674;16,63176
 707,43; 7870,269;  353,760;45320,450;16,71573
 708,00; 7865,337;  334,606;45440,303;16,69574
 708,57; 7834,943;  291,453;45358,156;16,73850
 709,14; 7928,395;  331,761;45527,855;16,80816
 709,71; 7952,309;  299,300;45504,016;16,92967
 710,28; 8020,607;  298,377;45703,253;17,00749
 710,86; 7974,213;  304,839;45778,568;16,86551
 711,43; 8074,588;  331,609;45822,729;17,02086
 712,00; 8075,964;  296,609;45865,889;17,07149
 712,57; 8131,493;  318,456;46026,589;17,09332
 713,14; 8162,176;  294,148;46230,672;17,12804
 713,71; 8169,705;  302,379;46040,371;17,20085
 714,28; 8189,003;  293,995;46111,686;17,23135
 714,85; 8172,455;  277,688;45911,539;17,30024
 715,42; 8280,677;  282,073;46095,084;17,45924
 716,00; 8343,360;  361,689;46206,553;17,41018
 716,57; 8329,889;  287,612;46315,483;17,47262
 717,14; 8295,649;  274,228;46198,951;17,46645
 717,71; 8347,486;  262,920;46300,035;17,56097
 718,28; 8443,707;  308,613;46364,349;17,66358
 718,85; 8402,236;  268,921;46459,126;17,60831
 719,42; 8488,304;  288,614;46622,825;17,69684
 719,99; 8419,987;  262,691;46393,908;17,68281
 720,56; 8523,824;  296,153;46576,223;17,77800
 721,13; 8547,660;  267,615;46737,691;17,81802
 721,70; 8613,805;  264,308;46617,852;18,01264
 722,27; 8630,565;  284,847;46621,474;18,01106
 722,84; 8731,632;  354,616;46798,943;18,03668
 723,41; 8646,161;  262,001;46742,642;18,03796
 723,98; 8704,998;  272,463;46954,880;18,06362
 724,55; 8802,297;  311,925;47063,348;18,16067
 725,12; 8749,364;  250,387;46897,124;18,21988
 725,69; 8841,278;  266,080;47142,669;18,29314
 726,27; 8913,653;  272,695;47213,138;18,40834
 726,84; 8968,875;  285,388;47495,991;18,39309
 727,41; 9049,558;  296,004;47541,536;18,52779
 727,98; 9070,317;  293,696;47700,389;18,51346
 728,55; 9154,847;  314,620;47645,550;18,67748
 729,12; 9081,068;  271,313;47822,864;18,52675
 729,69; 9167,443;  306,313;47947,179;18,59985
 730,26; 9243,280;  299,390;48127,340;18,70013
 730,82; 9216,117;  294,237;47955,423;18,71938
 731,39; 9251,723;  292,545;48067,123;18,75302
 731,96; 9396,175;  280,776;48395,668;18,94507
 732,53; 9451,243;  301,315;48442,829;19,00632
 733,10; 9510,618;  302,469;48711,528;19,02154
 733,67; 9499,378;  307,777;48760,150;18,97038
 734,24; 9511,599;  288,701;48586,388;19,09594
 734,81; 9571,205;  313,778;48567,010;19,18509
 735,38; 9574,350;  291,932;48318,171;19,32781
 735,95; 9505,417;  294,009;48242,100;19,21121
 736,52; 9549,254;  317,318;48396,954;19,20134
 737,09; 9567,860;  307,164;48069,576;19,38909
 737,66; 9678,159;  351,626;48290,660;19,45499
 738,23; 9621,611;  286,703;48407,436;19,39893
 738,80; 9769,832;  366,934;48591,212;19,49827
 739,37; 9780,515;  332,242;48861,295;19,46931
 739,94; 9853,198;  304,089;48849,225;19,67058
 740,51;10019,958;  428,705;48874,771;19,79780
 741,07; 9881,026;  297,244;48782,393;19,76643
 741,64; 9986,016;  321,167;49082,708;19,82064
 742,21;10000,622;  302,475;49031,484;19,90221
 742,78;10007,998;  281,706;48813,644;20,04101
 743,35;10066,373;  305,553;49085,420;20,00994
 743,92;10136,902;  337,784;49148,120;20,07591
 744,49;10176,200;  331,400;49156,588;20,16336
 745,06;10184,499;  296,939;49014,056;20,29586
 745,63;10174,489;  279,939;49085,448;20,27343
 746,19;10264,865;  295,632;49147,301;20,40715
 746,76;10215,471;  303,247;49104,769;20,31130
 747,33;10285,154;  289,325;49209,238;20,43305
 747,90;10346,067;  326,787;49408,937;20,41329
 748,47;10404,212;  301,018;49263,021;20,63476
 749,04;10436,356;  298,787;49227,181;20,71919
 749,61;10414,809;  339,711;49185,034;20,62654
 750,17;10410,569;  319,480;49256,733;20,62046
 750,74;10473,021;  306,635;49264,740;20,76548
 751,31;10476,858;  288,250;49170,901;20,84299
 751,88;10413,310;  279,712;49005,677;20,79712
 752,45;10521,223;  297,867;49168,915;20,91905
 753,02;10515,830;  322,405;49078,922;20,90679
 753,58;10566,743;  291,637;48933,159;21,12415
 754,15;10606,811;  296,791;49114,243;21,11954
 754,72;10554,725;  290,407;48939,558;21,09866
 755,29;10536,792;  271,868;48745,564;21,17628
 755,86;10642,552;  290,561;48750,648;21,36189
 756,42;10629,773;  305,638;48728,040;21,32099
 756,99;10602,533;  256,947;48723,970;21,34562
 757,56;10658,524;  265,408;48671,746;21,47057
 758,13;10657,592;  224,640;48700,983;21,52174
 758,70;10766,736;  253,640;48780,759;21,66437
 759,26;10832,650;  239,256;48715,920;21,85256
 759,83;10818,564;  252,487;48888,927;21,72461
 760,40;10791,323;  234,718;48684,242;21,78887
 760,97;10798,776;  226,565;48706,479;21,80740
 761,53;10780,843;  215,334;48427,025;21,91483
 762,10;10784,449;  223,565;48321,570;21,95701
 762,67;10821,055;  248,643;48432,346;21,94188
 763,24;10771,123;  210,489;47911,353;22,13929
 763,80;10830,421;  246,720;48206,513;22,06786
 764,37;10819,335;  243,644;48058,751;22,11789
 764,94;10763,018;  230,644;47657,143;22,20778
 765,50;10792,162;  244,798;47523,842;22,30875
 766,07;10907,769;  280,106;47698,310;22,41262
 766,64;10791,375;  248,953;47436,548;22,34151
 767,21;10809,981;  258,492;47355,478;22,40375
 767,77;10843,510;  270,261;47229,946;22,51559
 768,34;10856,654;  270,723;47227,414;22,54403
 768,91;10893,414;  283,262;47136,806;22,64536
 769,47;10903,559;  288,647;47056,351;22,69710
 770,04;10852,165;  285,032;46943,281;22,64794
 770,61;10920,848;  264,571;46750,596;22,92361
 771,18;10898,223;  268,417;46718,372;22,88443
 771,74;11008,367;  274,649;46763,994;23,08856
 772,31;10948,820;  271,880;46478,924;23,10674
 772,88;10892,810;  255,419;46361,316;23,07165
 773,44;10889,647;  258,265;46194,015;23,14403
 774,01;10983,869;  270,419;46241,791;23,30461
 774,58;10900,782;  260,727;46018,182;23,25316
 775,14;10935,388;  257,036;46164,958;23,26037
 775,71;10964,533;  269,036;46036,888;23,36902
 776,27;11096,754;  337,344;46061,895;23,53093
 776,84;11096,514;  357,037;46080,671;23,48780
 777,41;11031,428;  280,652;45804,909;23,61549
 777,97;10985,342;  255,191;45614,377;23,65596
 778,54;11073,178;  290,192;45686,076;23,75323
 779,11;11035,938;  312,654;45612,468;23,67181
 779,67;11121,929;  262,808;45550,475;23,97810
 780,24;11075,304;  277,577;45405,482;23,92694
 780,80;11050,910;  301,501;45367,719;23,85248
 781,37;11109,747;  297,886;45390,418;23,97705
 781,94;11066,738;  275,040;45170,041;24,03764
 782,50;11030,882;  295,117;45089,586;23,96672
 783,07;11158,565;  306,118;45220,362;24,16260
 783,63;11095,710;  268,887;44976,523;24,21694
 784,20;11143,470;  300,272;44876,068;24,32530
 784,77;11119,460;  277,350;44634,383;24,44282
 785,33;11109,836;  258,119;44567,697;24,49068
 785,90;11116,442;  268,427;44473,627;24,54013
 786,46;11119,048;  302,120;44433,942;24,51049
 787,03;11122,192;  277,043;44239,410;24,66916
 787,59;11164,337;  271,582;44248,648;24,76917
 788,16;11172,712;  275,736;44091,655;24,86990
 788,73;11097,472;  296,352;44037,738;24,69314
 789,29;11123,616;  264,660;43706,130;24,99675
 789,86;11110,222;  300,122;43598,521;24,96651
 790,42;11133,213;  278,200;43481,528;25,12541
 790,99;11059,050;  288,431;43204,689;25,09683
 791,55;11107,271;  261,893;43134,926;25,29650
 792,12;11161,416;  304,278;43164,010;25,33179
 792,68;11045,176;  283,124;42800,325;25,31223
 793,25;11062,859;  297,355;42716,255;25,37903
 793,81;11081,157;  364,509;42423,185;25,48023
 794,38;10929,148;  248,433;42185,730;25,46830
 794,94;10988,677;  267,356;42107,121;25,62471
 795,51;10961,437;  282,126;41776,513;25,73676
 796,07;10907,812;  281,742;41575,904;25,73262
 796,64;10977,341;  298,896;41758,757;25,75610
 797,20;10864,639;  284,050;41297,303;25,79798
 797,77;10765,015;  254,666;41018,848;25,78329
 798,33;10772,544;  281,589;40894,547;25,83154
 798,90;10799,996;  286,667;40832,477;25,92951
 799,46;10780,987;  270,975;40449,484;26,15829
 800,03;10738,900;  282,744;40276,722;26,14433
 800,59;10773,045;  279,976;40139,498;26,32513
 801,15;10725,497;  299,822;39957,889;26,28891
 801,72;10661,257;  280,053;39624,050;26,38574
 802,28;10646,171;  303,823;39468,903;26,40706
 802,85;10601,238;  281,900;39307,756;26,44231
 803,41;10632,690;  281,824;39066,147;26,68827
 803,98;10490,681;  271,670;38765,000;26,54748
 804,54;10504,364;  265,363;38508,700;26,77329
 805,11;10430,047;  288,594;38290,553;26,68666
 805,67;10529,884;  303,825;38261,713;26,94054
 806,23;10385,336;  278,441;37936,874;26,83833
 806,80;10433,019;  298,749;37801,958;27,02241
 807,36;10396,164;  310,211;37747,811;26,94070
 807,93;10416,539;  299,673;37529,433;27,17414
 808,49;10382,222;  274,289;37105,594;27,44386
 809,05;10310,289;  266,058;36940,216;27,38776
 809,62;10299,665;  289,674;37012,223;27,25843
 810,18;10328,040;  285,444;36835,537;27,47625
 810,74;10194,261;  244,752;36658,160;27,32375
 811,31;10288,483;  254,983;36472,090;27,70376
 811,87;10259,320;  274,675;36309,020;27,70869
 812,44;10294,079;  289,676;36316,334;27,76945
 813,00;10196,839;  227,215;36096,341;27,79445
 813,56;10271,292;  272,600;36022,886;27,96814
 814,13;10231,513;  267,062;36034,355;27,85912
 814,69;10227,734;  258,216;35852,054;28,00911
 815,25;10125,802;  237,062;35378,138;28,14012
 815,82;10138,023;  286,140;35501,991;27,97571
 816,38;10168,245;  312,371;35347,767;28,13119
 816,94;10034,312;  245,679;34971,927;28,18800
 817,51;10019,380;  238,833;34844,550;28,26281
 818,07; 9989,140;  248,526;34625,864;28,33440
 818,63; 9919,131;  272,680;34424,486;28,24580
 819,20;10004,429;  263,757;34377,955;28,55313
 819,76; 9862,881;  248,142;34073,654;28,42452
 820,32; 9912,026;  289,912;33980,045;28,56063
 820,89; 9837,478;  282,989;33777,668;28,52539
 821,45; 9780,007;  263,451;33545,905;28,59331
 822,01; 9839,382;  279,451;33308,066;28,94439
 822,57; 9821,065;  276,144;33174,688;29,01320
 823,14; 9768,364;  235,375;32918,157;29,16823
 823,70; 9702,200;  253,222;32686,933;29,13320
 824,26; 9662,114;  243,914;32646,017;29,06663
 824,82; 9649,182;  279,146;32444,023;29,13127
 825,39; 9600,557;  248,608;32203,876;29,26575
 825,95; 9592,240;  273,839;32293,422;29,10219
 826,51; 9496,384;  266,224;31911,659;29,16743
 827,08; 9596,990;  296,455;31878,820;29,44851
 827,64; 9508,366;  286,994;31826,750;29,23730
 828,20; 9456,587;  250,840;31507,065;29,45252
 828,76; 9517,116;  292,379;31589,225;29,47497
 829,32; 9523,645;  279,764;31423,386;29,68146
 829,89; 9428,098;  239,534;31270,547;29,61091
 830,45; 9490,781;  252,072;31196,784;29,85553
 831,01; 9501,233;  261,381;31125,483;29,93721
 831,57; 9442,146;  265,919;30932,721;29,92235
 832,14; 9454,291;  240,766;30991,959;29,96152
 832,70; 9481,666;  250,689;30643,042;30,37270
 833,26; 9447,888;  227,305;30700,357;30,25815
 833,82; 9432,186;  257,075;30612,518;30,22559
 834,38; 9485,100;  250,229;30609,294;30,41882
 834,95; 9433,090;  244,306;30531,301;30,33904
 835,51; 9428,389;  217,999;30342,308;30,57461
 836,07; 9507,995;  256,769;30411,468;30,67922
 836,63; 9486,909;  274,307;30450,475;30,52939
 837,19; 9446,438;  264,308;30212,174;30,66038
 837,75; 9377,736;  222,693;29986,720;30,75875
 838,32; 9482,650;  278,309;30004,650;30,96359
 838,88; 9467,487;  276,232;30080,964;30,83824
 839,44; 9510,170;  264,079;30048,048;31,04385
 840,00; 9523,314;  265,540;30022,055;31,11175
 840,56; 9446,074;  250,079;29731,139;31,19289
 841,12; 9460,526;  240,464;29633,299;31,36840
 841,68; 9362,978;  223,003;29514,383;31,20363
 842,25; 9421,892;  246,003;29460,544;31,40864
 842,81; 9398,729;  241,927;29272,397;31,54204
 843,37; 9412,720;  228,312;29221,788;31,67750
 843,93; 9406,479;  255,082;29200,257;31,61632
 844,49; 9419,393;  270,159;29312,725;31,50284
 845,05; 9324,845;  220,467;29036,116;31,59526
 845,61; 9433,605;  261,929;29094,893;31,80969
 846,17; 9331,057;  250,391;29014,669;31,56925
 846,73; 9360,971;  257,314;28998,599;31,67450
 847,29; 9249,423;  231,392;28851,836;31,50906
 847,86; 9262,799;  235,930;28749,997;31,65760
 848,42; 9274,174;  242,315;28535,850;31,92199
 848,98; 9296,088;  255,470;28524,318;31,98085
 849,54; 9314,232;  233,316;28599,094;32,01363
 850,10; 9310,146;  264,163;28442,255;32,10289
 850,66; 9231,752;  221,778;28355,416;32,02563
 851,22; 9178,973;  228,625;28210,115;31,98668
 851,78; 9269,656;  290,702;28217,660;32,15157
 852,34; 9201,647;  260,087;28014,590;32,21661
 852,90; 9186,561;  237,472;27983,905;32,25311
 853,46; 9163,474;  237,396;27849,219;32,32702
 854,02; 9170,234;  249,704;27811,611;32,36543
 854,58; 9155,994;  252,166;27578,618;32,58319
 855,14; 9110,293;  230,781;27487,625;32,57718
 855,70; 9100,514;  196,166;27297,093;32,85625
 856,26; 9094,966;  254,244;27355,946;32,62054
 856,82; 9049,418;  237,244;27212,337;32,66782
 857,38; 9143,255;  280,552;27159,037;32,97322
 857,94; 9084,631;  249,399;27043,274;32,97482
 858,50; 9095,698;  268,168;26904,512;33,14092
 859,06; 9072,073;  242,938;26705,134;33,36509
 859,62; 9075,218;  253,092;26737,833;33,31022
 860,18; 8969,670;  247,323;26514,763;33,20593
 860,74; 8971,661;  218,016;26433,847;33,39068
 861,30; 8937,498;  219,555;26280,546;33,45208
 861,86; 9071,104;  306,863;26342,630;33,66231
 862,42; 8981,248;  244,556;26090,791;33,80257
 862,98; 8983,931;  278,556;26173,567;33,61796
 863,54; 8889,999;  242,787;25882,343;33,72606
 864,10; 8954,220;  233,403;25940,042;33,92438
 864,66; 8887,903;  217,326;25771,895;33,92965
 865,22; 8830,586;  234,019;25662,440;33,80692
 865,78; 8853,500;  234,173;25584,139;34,00133
 866,34; 8816,644;  236,635;25510,146;33,94862
 866,90; 8847,404;  248,020;25380,538;34,21617
 867,45; 8828,856;  248,559;25201,545;34,38585
 868,01; 8811,770;  239,482;25106,398;34,47266
 868,57; 8729,145;  233,252;24991,251;34,31575
 869,13; 8680,136;  211,637;24794,258;34,44913
 869,69; 8633,204;  233,253;24831,880;34,14805
 870,25; 8633,579;  220,792;24571,810;34,54799
 870,81; 8660,877;  238,715;24521,201;34,68410
 871,37; 8692,252;  246,638;24551,670;34,74842
 871,93; 8668,089;  257,177;24388,369;34,85494
 872,49; 8592,465;  284,178;24150,145;34,81228
 873,04; 8549,378;  225,332;24047,613;34,94227
 873,60; 8493,677;  232,871;23972,928;34,79691
 874,16; 8536,437;  248,563;23913,704;35,02144
 874,72; 8456,437;  223,256;23804,473;34,91415
 875,28; 8496,360;  237,410;23708,088;35,18837
 875,84; 8482,206;  242,640;23689,242;35,14183
 876,40; 8491,052;  232,333;23593,396;35,35250
 876,95; 8455,744;  248,717;23622,781;35,11168
 877,51; 8504,513;  269,948;23549,165;35,37303
 878,07; 8503,975;  275,794;23591,012;35,29103
 878,63; 8498,052;  242,948;23618,704;35,31481
 879,19; 8487,206;  261,025;23546,088;35,32814
 879,75; 8495,898;  222,948;23617,704;35,36241
 880,30; 8594,744;  229,871;23613,165;35,77286
 880,86; 8654,744;  277,640;23716,858;35,73969
 881,42; 8622,898;  217,640;23774,550;35,68065
 881,98; 8683,052;  242,179;23716,088;35,95853
 882,54; 8748,821;  238,871;23823,781;36,08218
 883,09; 8823,129;  255,179;23929,242;36,19129
 883,65; 8780,975;  218,871;24018,704;35,97548
 884,21; 8881,975;  280,640;24265,319;35,86179
 884,77; 8879,052;  239,256;24217,242;36,03220
 885,32; 8979,360;  241,256;24401,012;36,16801
 885,88; 9003,667;  266,717;24534,088;36,00287
 886,44; 9017,744;  248,640;24535,242;36,10675
 887,00; 9064,437;  264,948;24578,319;36,19197
 887,56; 9078,898;  231,871;24675,319;36,19386
 888,11; 9137,590;  243,102;24671,012;36,41117
 888,67; 9243,513;  270,102;24860,858;36,49100
 889,23; 9233,360;  246,948;24911,242;36,43490
 889,79; 9190,898;  232,640;24793,704;36,47341
 890,34; 9173,052;  252,333;24768,627;36,38690
 890,90; 9333,206;  320,948;24949,396;36,59288
 891,46; 9252,206;  233,640;24796,242;36,71665
 892,01; 9277,283;  258,025;24716,781;36,87537
 892,57; 9275,283;  284,871;24676,550;36,85852
 893,13; 9167,667;  243,640;24536,858;36,73464
 893,69; 9144,206;  233,717;24473,242;36,76016
 894,24; 9128,129;  239,025;24411,781;36,77323
 894,80; 9138,360;  242,871;24292,088;36,98868
 895,36; 9141,283;  248,563;24192,935;37,13908
 895,91; 9046,360;  242,025;24023,473;37,02186
 896,47; 9015,744;  265,563;24004,396;36,86020
 897,03; 8997,129;  235,410;23702,242;37,33661
 897,58; 8988,821;  248,948;23622,242;37,39256
 898,14; 8968,744;  247,410;23505,012;37,49886
 898,70; 8912,975;  207,487;23365,012;37,59248
 899,25; 8921,975;  248,256;23391,550;37,47833
 899,81; 8910,437;  248,948;23139,473;37,83875
 900,37; 8798,898;  220,256;23087,704;37,51465
 900,92; 8870,590;  235,102;23001,858;37,93025
 901,48; 8813,052;  231,179;22901,242;37,85553
 902,03; 8756,513;  233,948;22727,242;37,88936
 902,59; 8790,129;  228,640;22640,935;38,19996
 903,15; 8784,590;  265,794;22522,088;38,27590
 903,70; 8655,129;  247,717;22346,935;38,04393
 904,26; 8664,206;  237,487;22253,012;38,27626
 904,82; 8629,590;  236,487;22129,550;38,33682
 905,37; 8629,283;  244,717;22079,012;38,40090
 905,93; 8577,821;  229,794;21959,165;38,41817
 906,48; 8608,513;  246,563;21878,242;38,65604
 907,04; 8583,129;  255,640;21869,319;38,52879
 907,60; 8587,975;  251,102;21732,088;38,81048
 908,15; 8496,052;  213,717;21611,473;38,70656
 908,71; 8522,744;  256,487;21535,165;38,84761
 909,26; 8503,975;  228,640;21460,473;38,97607
 909,82; 8482,590;  251,948;21342,858;39,02460
 910,37; 8463,129;  285,333;21254,704;38,99877
 910,93; 8392,437;  225,563;21091,165;39,14037
 911,48; 8357,590;  232,640;20980,319;39,16077
 912,04; 8327,052;  223,487;20878,550;39,23283
 912,60; 8341,129;  242,717;20890,165;39,22234
 913,15; 8307,206;  235,410;20724,858;39,39489
 913,71; 8270,744;  218,794;20510,012;39,68195
 914,26; 8234,052;  209,948;20441,627;39,66109
 914,82; 8261,975;  245,025;20484,858;39,60976
 915,37; 8244,283;  224,102;20368,165;39,81412
 915,93; 8214,590;  279,871;20235,473;39,76186
 916,48; 8123,283;  221,717;20105,858;39,73803
 917,04; 8126,667;  260,948;20131,858;39,58409
 917,59; 8126,129;  269,102;20002,781;39,81532
 918,15; 8010,975;  209,640;19871,781;39,67693
 918,70; 8028,129;  233,871;19762,165;39,91264
 919,26; 8021,052;  237,948;19733,781;39,92188
 919,81; 7970,437;  212,487;19522,704;40,17536
 920,37; 7966,437;  229,563;19471,473;40,20845
 920,92; 7950,052;  244,948;19407,012;40,21020
 921,48; 7854,898;  222,717;19216,319;40,18290
 922,03; 7874,821;  227,102;19219,781;40,26667
 922,59; 7870,513;  236,025;19062,550;40,55177
 923,14; 7820,437;  234,563;18943,858;40,54601
 923,69; 7808,206;  250,487;18905,242;40,51363
 924,25; 7778,513;  265,948;18959,012;40,18905
 924,80; 7757,744;  232,948;18715,396;40,71320
 925,36; 7707,437;  225,640;18660,165;40,58578
 925,91; 7666,590;  226,640;18544,473;40,61589
 926,47; 7645,667;  209,025;18432,935;40,80706
 927,02; 7728,283;  302,025;18374,550;41,09142
 927,57; 7624,283;  229,563;18252,088;41,03043
 928,13; 7600,975;  216,640;18183,165;41,10052
 928,68; 7570,052;  231,871;18135,396;40,98735
 929,24; 7501,590;  207,871;18005,781;40,98076
 929,79; 7503,206;  215,794;17916,319;41,17060
 930,34; 7460,590;  225,256;17735,550;41,32046
 930,90; 7477,590;  213,794;17690,550;41,56261
 931,45; 7475,667;  228,333;17672,781;41,54522
 932,01; 7441,898;  235,871;17613,012;41,46843
 932,56; 7326,898;  250,256;17513,858;40,99169
 933,11; 7397,129;  262,025;17461,012;41,48561
 933,67; 7329,206;  226,333;17286,781;41,63357
 934,22; 7365,283;  236,410;17246,396;41,90993
 934,77; 7271,667;  260,102;17118,550;41,59081
 935,33; 7236,437;  231,333;17036,858;41,68334
 935,88; 7285,052;  242,563;16950,473;42,15063
 936,43; 7207,667;  229,871;16902,550;41,85168
 936,99; 7172,513;  230,640;16818,858;41,84822
 937,54; 7117,513;  210,948;16606,858;42,12371
 938,09; 7074,360;  240,025;16608,781;41,75232
 938,65; 7047,744;  238,640;16465,165;41,96280
 939,20; 7059,283;  205,717;16430,781;42,24061
 939,75; 6988,437;  223,179;16375,088;41,88519
 940,31; 6974,821;  211,410;16279,088;42,09327
 940,86; 6940,975;  243,487;16250,165;41,84184
 941,41; 7060,975;  327,179;16196,550;42,43266
 941,96; 6948,975;  224,487;16048,627;42,49513
 942,52; 6894,206;  225,333;15960,550;42,38183
 943,07; 6867,667;  197,563;15889,935;42,50539
 943,62; 6804,898;  219,717;15817,627;42,21835
 944,18; 6850,513;  218,410;15789,550;42,59228
 944,73; 6789,744;  230,410;15655,550;42,52366
 945,28; 6665,129;  195,487;15512,319;42,23877
 945,83; 6715,437;  218,563;15551,704;42,37144
 946,39; 6726,052;  224,717;15482,627;42,60960
 946,94; 6707,590;  243,871;15402,396;42,64082
 947,49; 6644,898;  214,333;15289,242;42,65741
 948,04; 6664,821;  264,717;15276,165;42,63482
 948,59; 6610,744;  247,256;15223,781;42,48975
 949,15; 6583,437;  208,333;15119,627;42,75352
 949,70; 6577,206;  214,487;15011,396;43,00033
 950,25; 6540,667;  245,487;15015,858;42,62033
 950,80; 6493,821;  185,487;14819,781;43,10652
 951,36; 6440,667;  190,256;14725,396;43,00207
 951,91; 6538,821;  238,487;14784,396;43,31345
 952,46; 6379,052;  214,256;14584,627;42,89935
 953,01; 6441,821;  230,487;14627,781;43,14237
 953,56; 6408,975;  196,256;14525,242;43,35770
 954,11; 6408,744;  232,256;14467,935;43,38738
 954,67; 6355,052;  215,948;14382,627;43,33481
 955,22; 6298,052;  201,256;14264,088;43,35397
 955,77; 6367,590;  251,794;14274,473;43,61361
 956,32; 6363,513;  280,410;14215,550;43,65298
 956,87; 6289,590;  213,717;14053,704;43,90086
 957,42; 6228,975;  220,640;14057,704;43,42204
 957,98; 6198,437;  217,025;13983,781;43,44823
 958,53; 6263,667;  253,640;13925,473;43,95919
 959,08; 6179,667;  210,487;13833,088;43,81821
 959,63; 6155,437;  221,410;13750,550;43,86108
 960,18; 6159,667;  229,333;13698,242;44,02980
 960,73; 6125,283;  225,794;13595,165;44,12690
 961,28; 6042,052;  194,717;13558,935;43,75366
 961,83; 6135,744;  243,563;13552,704;44,27169
 962,39; 6015,437;  193,717;13406,473;44,06136
 962,94; 6024,975;  215,717;13334,396;44,28234
 963,49; 5972,360;  222,333;13209,935;44,27320
 964,04; 6019,975;  239,256;13179,088;44,67383
 964,59; 5927,513;  200,410;13092,627;44,42295
 965,14; 5961,437;  246,794;13022,165;44,73171
 965,69; 5926,129;  222,179;13002,627;44,63028
 966,24; 5879,360;  220,410;12831,858;44,87153
 966,79; 5861,360;  241,871;12844,012;44,59154
 967,34; 5824,590;  198,025;12718,319;44,93956
 967,89; 5857,129;  213,948;12664,165;45,32596
 968,44; 5794,898;  220,717;12575,935;45,11601
 968,99; 5802,898;  232,871;12557,242;45,19522
 969,55; 5798,129;  227,102;12495,165;45,41081
 970,10; 5738,590;  230,717;12388,165;45,30452
 970,65; 5762,975;  250,487;12346,165;45,57403
 971,20; 5665,744;  210,871;12218,396;45,42879
 971,75; 5649,437;  201,256;12104,858;45,76918
 972,30; 5633,052;  225,179;12015,012;45,86896
 972,85; 5587,437;  217,410;11930,165;45,84768
 973,40; 5578,437;  221,563;11846,012;46,08282
 973,95; 5549,129;  233,410;11772,550;46,06686
 974,50; 5560,590;  264,948;11781,858;45,98145
 975,05; 5511,667;  227,256;11666,781;46,19433
 975,60; 5504,437;  239,179;11612,858;46,29336
 976,15; 5463,283;  217,333;11461,935;46,65305
 976,70; 5449,437;  230,487;11430,935;46,59590
 977,25; 5436,283;  231,333;11404,627;46,58384
 977,80; 5360,437;  224,410;11276,242;46,47217
 978,35; 5310,898;  243,333;11107,627;46,64422
 978,89; 5284,513;  208,102;11148,704;46,39975
 979,44; 5282,898;  231,487;11065,781;46,62428
 979,99; 5180,513;  216,256;10927,627;46,34568
 980,54; 5206,590;  253,256;10890,319;46,56675
 981,09; 5202,129;  249,102;10741,012;47,20806
 981,64; 5145,590;  240,025;10708,627;46,85979
 982,19; 5135,975;  270,871;10618,627;47,01603
 982,74; 5058,206;  241,563;10489,627;47,00051
 983,29; 4981,129;  219,563;10385,473;46,83856
 983,84; 4974,052;  233,717;10296,165;47,10916
 984,39; 5027,437;  319,102;10307,858;47,13635
 984,94; 4876,590;  208,179;10120,319;47,09792
 985,49; 4875,744;  249,948;10133,396;46,80346
 986,03; 4854,821;  251,871;10024,242;47,10167
 986,58; 4816,513;  274,717; 9890,088;47,23475
 987,13; 4783,975;  229,948; 9816,088;47,50637
 987,68; 4734,821;  248,948; 9749,319;47,21787
 988,23; 4723,744;  246,025; 9683,242;47,44745
 988,78; 4656,821;  228,871; 9494,704;47,78793
 989,33; 4651,206;  248,102; 9504,781;47,56678
 989,88; 4652,360;  264,410; 9475,935;47,63543
 990,42; 4547,283;  229,102; 9278,473;47,71802
 990,97; 4490,052;  236,256; 9180,781;47,55754
 991,52; 4492,744;  252,256; 9134,396;47,74174
 992,07; 4470,513;  268,871; 9053,319;47,83046
 992,62; 4384,821;  241,563; 8985,396;47,38492
 993,17; 4356,283;  249,563; 8873,627;47,61931
 993,71; 4336,898;  253,871; 8832,165;47,59719
 994,26; 4252,590;  228,179; 8657,627;47,74229
 994,81; 4291,590;  259,025; 8668,088;47,95499
 995,36; 4185,052;  232,563; 8522,473;47,67831
 995,91; 4160,821;  237,563; 8455,627;47,73944
 996,45; 4126,898;  243,179; 8373,858;47,76624
 997,00; 4104,052;  217,487; 8263,704;48,30301
 997,55; 4054,283;  251,871; 8234,396;47,63420
 998,10; 4049,975;  264,410; 8132,627;48,11211
 998,65; 4004,667;  240,179; 8035,858;48,28942
 999,19; 3997,437;  263,179; 7956,781;48,53718
 999,74; 3963,360;  284,256; 7858,396;48,57454
1000,29; 3904,283;  246,179; 7781,704;48,54478
1000,84; 3857,590;  237,333; 7691,473;48,56707
1001,38; 3798,821;  246,948; 7579,550;48,43946
1001,93; 3811,360;  249,410; 7537,396;48,87427
1002,48; 3704,129;  221,871; 7430,012;48,31007
1003,03; 3725,129;  249,179; 7421,319;48,46461
1003,57; 3678,975;  250,717; 7304,550;48,60135
1004,12; 3695,360;  291,102; 7280,935;48,70299
1004,67; 3623,052;  224,179; 7171,165;48,92586
1005,22; 3612,437;  236,948; 6994,550;49,95098
1005,76; 3533,437;  222,948; 6888,165;49,66812
1006,31; 3519,590;  249,794; 6891,088;49,23432
1006,86; 3444,513;  228,794; 6761,627;49,22396
1007,40; 3366,283;  219,410; 6674,704;48,74872
1007,95; 3363,744;  239,794; 6621,781;48,94949
1008,50; 3301,590;  245,487; 6498,935;48,87070
1009,04; 3299,744;  238,102; 6397,627;49,70582
1009,59; 3243,898;  247,025; 6274,242;49,72233
1010,14; 3172,590;  223,025; 6222,550;49,16332
1010,68; 3120,744;  234,025; 6131,781;48,94606
1011,23; 3084,667;  219,871; 6052,012;49,12084
1011,78; 3057,821;  250,717; 5950,319;49,25088
1012,32; 3064,360;  266,871; 5913,781;49,54017
1012,87; 3060,898;  274,871; 5889,858;49,61770
1013,42; 2962,206;  221,102; 5740,781;49,66057
1013,96; 3007,821;  261,640; 5758,242;49,96143
1014,51; 2902,513;  203,717; 5606,012;49,95648
1015,06; 2924,437;  219,717; 5662,319;49,69533
1015,60; 3000,821;  272,179; 5740,935;49,89512
1016,15; 2940,129;  226,102; 5627,319;50,24843
1016,69; 2932,821;  239,871; 5663,781;49,64961
1017,24; 2927,744;  217,102; 5685,319;49,57086
1017,79; 2993,590;  266,563; 5739,627;49,82633
1018,33; 2957,744;  226,948; 5693,242;49,95699
1018,88; 3025,898;  249,333; 5761,012;50,37604
1019,42; 2994,052;  233,025; 5770,012;49,86516
1019,97; 2985,052;  225,948; 5754,781;49,90391
1020,51; 3035,513;  255,256; 5836,165;49,81729
1021,06; 2995,744;  206,948; 5776,088;50,07588
1021,61; 2965,667;  200,410; 5772,550;49,62649
1022,15; 2952,052;  192,717; 5701,550;50,08928
1022,70; 2982,360;  228,640; 5763,935;49,74838
1023,24; 2939,206;  224,025; 5684,165;49,72731
1023,79; 2963,360;  227,179; 5666,627;50,30254
1024,33; 2958,206;  238,948; 5616,858;50,56347
1024,88; 2905,283;  245,717; 5539,781;50,23675
1025,42; 2882,975;  238,025; 5430,396;50,93916
1025,97; 2825,437;  224,717; 5373,473;50,51161
1026,51; 2750,667;  199,717; 5253,473;50,47632
1027,06; 2735,898;  218,871; 5263,935;49,89089
1027,60; 2731,590;  248,794; 5150,627;50,65037
1028,15; 2680,513;  240,333; 5074,012;50,48289
1028,69; 2635,590;  192,563; 4948,165;51,37156
1029,24; 2616,129;  212,717; 4956,935;50,65981
1029,78; 2570,821;  216,410; 4814,242;51,20699
1030,33; 2523,206;  203,487; 4750,473;51,01663
1030,87; 2489,821;  211,717; 4681,781;50,96357
1031,42; 2456,744;  205,333; 4610,319;51,11052
1031,96; 2475,129;  237,871; 4558,396;51,78208
1032,51; 2417,590;  210,333; 4446,473;52,10540
1033,05; 2401,667;  222,333; 4430,319;51,79044
1033,60; 2339,360;  196,256; 4324,319;51,91548
1034,14; 2331,129;  220,487; 4284,550;51,93429
1034,69; 2315,513;  225,794; 4253,012;51,88990
1035,23; 2262,744;  215,717; 4170,935;51,75511
1035,77; 2250,821;  226,717; 4135,627;51,78180
1036,32; 2188,437;  202,410; 4010,704;52,15004
1036,86; 2180,667;  230,410; 4020,781;51,45295
1037,41; 2168,052;  233,563; 3938,012;52,22069
1037,95; 2098,744;  196,640; 3880,088;51,63922
1038,50; 2081,513;  210,102; 3841,165;51,53894
1039,04; 2098,898;  244,025; 3798,858;52,17891
1039,58; 2021,667;  206,179; 3747,550;51,26513
1040,13; 2026,898;  213,794; 3663,396;52,55980
1040,67; 2039,360;  247,487; 3654,627;52,59170
1041,21; 2015,744;  256,333; 3602,396;52,58154
1041,76; 1946,283;  199,256; 3531,396;52,42957
1042,30; 1947,744;  220,410; 3501,627;52,64310
1042,85; 1929,052;  218,487; 3417,242;53,47596
1043,39; 1902,206;  199,025; 3393,704;53,31305
1043,93; 1881,129;  239,410; 3357,396;52,65319
1044,48; 1841,590;  240,717; 3283,242;52,61660
1045,02; 1821,513;  222,948; 3254,396;52,73273
1045,56; 1829,283;  250,179; 3221,550;53,14394
1046,11; 1789,513;  227,487; 3185,088;52,81397
1046,65; 1750,898;  232,948; 3123,088;52,52167
1047,19; 1734,129;  201,410; 3051,935;53,76972
1047,74; 1697,821;  193,871; 3027,935;53,06691
1048,28; 1696,129;  223,179; 2986,858;53,29671
1048,82; 1701,590;  251,871; 2970,858;53,31837
1049,37; 1680,898;  230,333; 2917,704;53,97711
1049,91; 1643,667;  223,410; 2884,396;53,37335
1050,45; 1625,590;  242,410; 2825,088;53,55605
1050,99; 1602,975;  239,179; 2803,396;53,18567
1051,54; 1542,744;  223,025; 2753,550;52,15199
1052,08; 1567,975;  250,563; 2738,627;52,94927
1052,62; 1551,513;  242,948; 2697,858;53,30401
1053,16; 1519,590;  214,871; 2638,473;53,83389
1053,71; 1517,052;  239,256; 2646,550;53,08018
1054,25; 1490,975;  251,025; 2571,088;53,44466
1054,79; 1479,898;  240,717; 2542,012;53,84712
1055,33; 1409,437;  202,794; 2457,319;53,52091
1055,88; 1443,360;  242,948; 2469,396;53,91599
1056,42; 1440,513;  242,487; 2443,319;54,43517
1056,96; 1425,129;  250,487; 2416,473;54,23128
1057,50; 1389,513;  232,102; 2400,858;53,36754
1058,05; 1366,052;  237,487; 2347,781;53,47905
1058,59; 1377,975;  258,410; 2354,473;53,41276
1059,13; 1307,437;  217,640; 2245,396;53,74396
1059,67; 1333,206;  242,948; 2226,473;54,96566
1060,21; 1309,513;  235,410; 2203,858;54,56602
1060,76; 1290,667;  248,563; 2202,704;53,32799
1061,30; 1292,129;  262,717; 2154,473;54,41567
1061,84; 1241,975;  238,487; 2115,627;53,45836
1062,38; 1218,129;  214,333; 2065,704;54,21907
1062,92; 1267,590;  279,871; 2090,550;54,54966
1063,46; 1210,129;  242,794; 2016,781;54,52886
1064,01; 1181,744;  227,025; 2003,012;53,75712
1064,55; 1194,975;  238,640; 1966,704;55,34141
1065,09; 1142,821;  210,717; 1935,165;54,05230
1065,63; 1193,513;  271,871; 1934,473;55,43373
1066,17; 1158,052;  269,102; 1929,012;53,55412
1066,71; 1136,129;  255,640; 1907,165;53,31366
1067,25; 1123,437;  228,563; 1847,781;55,26578
1067,80; 1106,667;  251,410; 1848,704;53,54415
1068,34; 1128,437;  257,563; 1832,165;55,30751
1068,88; 1066,898;  226,717; 1773,858;54,30540
1069,42; 1092,898;  258,640; 1788,627;54,52713
1069,96; 1065,975;  234,179; 1733,473;55,47918
1070,50; 1098,513;  281,717; 1758,242;55,31882
1071,04; 1041,283;  229,948; 1700,627;55,16735
1071,58; 1028,513;  239,563; 1671,704;55,08887
1072,12; 1020,283;  245,871; 1657,935;54,84254
1072,66; 1009,513;  244,410; 1647,858;54,51601
1073,21; 1010,744;  256,640; 1653,165;53,99859
1073,75;  994,744;  244,410; 1600,473;55,33182
1074,29;  982,975;  242,794; 1596,319;54,68542
1074,83;  984,821;  258,487; 1562,781;55,68794
1075,37;  981,360;  257,179; 1563,396;55,44106
1075,91;  959,437;  252,640; 1546,627;54,62160
1076,45;  951,821;  244,717; 1531,781;54,93931
1076,99;  947,744;  252,179; 1488,165;56,27613
1077,53;  913,129;  244,794; 1476,319;54,26886
1078,07;  931,821;  248,871; 1480,550;55,44871
1078,61;  913,590;  240,563; 1450,396;55,62975
1079,15;  897,437;  242,025; 1430,935;55,12711
1079,69;  869,975;  239,333; 1407,012;54,00820
1080,23;  886,437;  267,102; 1416,012;53,90630
1080,77;  932,052;  297,794; 1427,704;56,13349
1081,31;  842,667;  237,640; 1358,319;53,98754
1081,85;  859,975;  259,794; 1358,319;54,63515
1082,39;  840,821;  236,487; 1336,319;54,94787
1082,93;  852,052;  253,871; 1328,088;55,68527
1083,47;  811,437;  236,256; 1288,319;54,67168
1084,01;  838,206;  254,102; 1324,396;54,57414
1084,55;  800,975;  237,179; 1263,473;54,93514
1085,09;  810,360;  260,871; 1277,396;54,05558
1085,63;  807,821;  244,487; 1257,242;55,62394
1086,17;  794,821;  238,640; 1217,473;56,82082
1086,71;  773,898;  235,948; 1212,012;55,11424
1087,24;  790,129;  271,948; 1237,319;53,67684
1087,78;  792,437;  266,102; 1220,242;55,16323
1088,32;  744,513;  222,640; 1171,704;54,98822
1088,86;  779,744;  258,640; 1169,627;57,20215
1089,40;  773,206;  255,333; 1165,935;56,87151
1089,94;  729,360;  219,487; 1127,012;56,18281
1090,48;  731,360;  255,871; 1129,088;54,45248
1091,02;  750,283;  261,333; 1144,242;55,37939
1091,56;  718,283;  247,333; 1114,704;54,29625
1092,10;  686,052;  222,794; 1072,319;54,53138
1092,63;  743,513;  267,871; 1112,550;56,31043
1093,17;  726,052;  250,717; 1086,165;56,89577
1093,71;  685,821;  245,717; 1063,935;53,78814
1094,25;  718,129;  261,871; 1077,781;55,92013
1094,79;  687,206;  235,871; 1044,935;55,78482
1095,33;  678,360;  252,256; 1034,550;54,46849
1095,87;  678,283;  249,410; 1020,781;55,59880
1096,40;  645,513;  229,871;  982,396;55,23302
1096,94;  670,283;  254,256;  983,781;57,02710
1097,48;  690,513;  253,717;  995,088;58,91734
1098,02;  647,052;  246,333;  950,242;56,92765
1098,56;  611,513;  212,410;  918,704;56,50674
1099,10;  594,744;  222,948;  916,319;53,62152
1099,63;  609,129;  228,640;  913,627;55,54685
1100,17;  639,052;  246,794;  931,627;57,27789
1100,71;  651,898;  269,102;  952,704;55,99694

