
Integration time [ms]: 150,000
Averaging Nr. [scans]: 13
Smoothing Nr. [pixels]: 0
Data measured with spectrometer [name]: 2009305U1
Wave   ;Sample   ;Dark     ;Reference;Reflectance
[nm]   ;[counts] ;[counts] ;[counts] ;[%]

 175,72;  230,172;  215,188;  220,479;283,19538
 176,32;  249,201;  242,554;  241,291; 0,00000
 176,92;  289,842;  279,490;  268,998; 0,00000
 177,52;  282,195;  265,800;  266,735; 0,00000
 178,12;  260,461;  246,247;  248,356;674,01118
 178,72;  284,221;  272,088;  263,360; 0,00000
 179,32;  274,569;  262,400;  252,097; 0,00000
 179,92;  282,650;  259,638;  263,938;535,20273
 180,52;  267,997;  243,813;  271,262;88,10493
 181,12;  274,675;  267,178;  262,755; 0,00000
 181,73;  290,169;  282,641;  292,622;75,42435
 182,33;  425,732;  382,498;  382,817; 0,00000
 182,93;  293,974;  289,569;  288,341; 0,00000
 183,53;  254,812;  250,624;  238,373; 0,00000
 184,13;  248,709;  252,088;  236,699; 0,00000
 184,73;  307,750;  295,237;  296,980;717,90742
 185,33;  309,558;  240,512;  337,669;71,06683
 185,93;  301,125;  249,268;  350,717;51,11573
 186,53;  318,497;  261,660;  379,133;48,38284
 187,13;  351,120;  290,674;  391,969;59,67351
 187,73;  317,762;  256,347;  370,132;53,97429
 188,33;  312,323;  250,494;  367,092;53,02787
 188,93;  322,112;  261,470;  368,139;56,85063
 189,53;  314,735;  252,375;  383,047;47,72304
 190,13;  353,502;  301,960;  407,075;49,03404
 190,73;  289,917;  239,442;  369,315;38,86498
 191,34;  336,037;  284,386;  402,733;43,64398
 191,94;  307,657;  251,793;  377,914;44,29402
 192,54;  324,085;  259,224;  375,436;55,81270
 193,14;  336,770;  277,058;  390,727;52,53208
 193,74;  338,582;  273,671;  385,365;58,11523
 194,34;  338,527;  274,599;  383,153;58,89008
 194,94;  283,857;  252,981;  340,332;35,34779
 195,54;  268,417;  206,052;  313,539;58,02166
 196,14;  293,481;  237,756;  359,114;45,91770
 196,74;  291,353;  245,356;  355,112;41,90857
 197,34;  259,594;  206,073;  338,668;40,36431
 197,94;  307,528;  236,906;  357,137;58,73881
 198,54;  321,849;  247,987;  378,611;56,54520
 199,14;  292,690;  226,385;  359,116;49,95460
 199,74;  285,065;  205,309;  350,433;54,95702
 200,34;  289,378;  208,772;  369,807;50,05458
 200,94;  316,027;  251,686;  399,741;43,45764
 201,54;  297,381;  228,998;  396,220;40,89355
 202,14;  353,284;  256,545;  434,679;54,30707
 202,74;  318,958;  225,923;  424,368;46,88195
 203,34;  305,911;  213,090;  424,631;43,87882
 203,94;  279,079;  189,239;  428,495;37,54979
 204,54;  361,811;  251,368;  512,601;42,27778
 205,14;  327,289;  210,385;  505,075;39,67012
 205,74;  392,624;  246,781;  590,458;42,43607
 206,34;  369,047;  209,699;  576,705;43,41840
 206,94;  381,360;  231,697;  640,629;36,59850
 207,54;  375,633;  203,236;  645,641;38,96810
 208,14;  389,468;  209,469;  731,897;34,45423
 208,74;  417,183;  211,462;  763,933;37,23648
 209,34;  434,847;  215,617;  836,534;35,30743
 209,94;  457,774;  211,155;  910,089;35,28497
 210,54;  476,710;  221,548;  969,476;34,11586
 211,14;  498,717;  229,308; 1065,378;32,22327
 211,73;  532,175;  226,459; 1139,526;33,48232
 212,33;  581,961;  236,455; 1227,501;34,86273
 212,93;  584,280;  227,461; 1289,222;33,60634
 213,53;  589,634;  188,154; 1314,558;35,64261
 214,13;  643,590;  226,402; 1415,689;35,07881
 214,73;  618,515;  201,853; 1397,602;34,84529
 215,33;  635,004;  184,540; 1424,012;36,34327
 215,93;  696,150;  215,319; 1509,203;37,16180
 216,53;  698,515;  182,999; 1549,701;37,71969
 217,13;  798,529;  229,317; 1754,598;37,31849
 217,73;  833,591;  211,627; 1890,145;37,05432
 218,33;  870,869;  159,788; 2009,520;38,44238
 218,93; 1011,393;  200,187; 2222,880;40,10524
 219,53; 1112,782;  209,096; 2473,607;39,90646
 220,13; 1205,164;  168,253; 2676,562;41,33905
 220,73; 1341,369;  183,848; 2897,339;42,65799
 221,32; 1500,567;  194,231; 3228,010;43,05970
 221,92; 1681,794;  205,637; 3512,262;44,64240
 222,52; 1798,082;  185,936; 3850,595;43,99171
 223,12; 1945,051;  202,629; 4154,777;44,08798
 223,72; 2093,964;  202,552; 4442,479;44,60954
 224,32; 2245,736;  218,169; 4695,358;45,28660
 224,92; 2370,626;  194,861; 4986,969;45,40308
 225,52; 2523,734;  216,466; 5204,946;46,25192
 226,12; 2628,369;  207,394; 5421,932;46,42741
 226,72; 2748,042;  167,085; 5674,397;46,86419
 227,31; 2885,239;  162,393; 5958,700;46,97554
 227,91; 3073,769;  206,080; 6259,781;47,37083
 228,51; 3200,438;  186,841; 6540,173;47,43332
 229,11; 3342,166;  198,008; 6808,640;47,56215
 229,71; 3460,334;  184,076; 7030,669;47,85238
 230,31; 3581,931;  171,095; 7295,540;47,87511
 230,91; 3678,123;  180,452; 7617,211;47,03220
 231,51; 3801,096;  179,089; 7715,141;48,06240
 232,10; 3923,903;  182,096; 8018,679;47,74794
 232,70; 3995,604;  188,676; 8177,307;47,65432
 233,30; 4112,796;  217,703; 8350,021;47,89647
 233,90; 4119,840;  187,857; 8449,862;47,59114
 234,50; 4147,618;  185,012; 8488,792;47,72051
 235,10; 4119,318;  188,938; 8539,815;47,06548
 235,70; 4169,301;  212,080; 8541,038;47,51159
 236,29; 4109,879;  208,692; 8462,720;47,26404
 236,89; 3987,373;  178,915; 8335,670;46,69085
 237,49; 3902,737;  202,086; 8284,122;45,78859
 238,09; 3749,662;  197,468; 8037,628;45,30768
 238,69; 3654,701;  236,987; 7870,431;44,77290
 239,29; 3484,791;  194,313; 7559,504;44,67607
 239,89; 3296,099;  198,377; 7327,213;43,45341
 240,48; 3078,552;  173,929; 6993,393;42,59313
 241,08; 2904,942;  197,158; 6689,547;41,70705
 241,68; 2749,274;  213,007; 6457,765;40,61434
 242,28; 2555,305;  177,010; 6197,802;39,50136
 242,88; 2448,580;  229,864; 5992,699;38,50042
 243,48; 2264,593;  221,009; 5756,805;36,91581
 244,07; 2108,889;  197,080; 5527,084;35,86881
 244,67; 2014,986;  209,777; 5455,762;34,41124
 245,27; 1876,636;  215,305; 5305,526;32,63771
 245,87; 1831,708;  215,324; 5221,882;32,28533
 246,47; 1747,439;  201,228; 5209,915;30,87058
 247,06; 1688,312;  189,313; 5239,232;29,68363
 247,66; 1642,973;  185,392; 5316,585;28,40628
 248,26; 1637,448;  213,076; 5425,383;27,32710
 248,86; 1624,111;  215,921; 5570,088;26,30082
 249,46; 1584,106;  168,166; 5675,054;25,71217
 250,05; 1657,496;  211,544; 6009,604;24,93854
 250,65; 1675,765;  171,688; 6240,863;24,78222
 251,25; 1749,979;  193,850; 6614,338;24,23693
 251,85; 1842,587;  184,223; 7093,629;24,00155
 252,44; 1904,457;  164,538; 7571,467;23,49042
 253,04; 2088,830;  199,232; 8174,570;23,69301
 253,64; 2220,184;  157,379; 8767,774;23,95714
 254,24; 2439,275;  200,082; 9478,595;24,13310
 254,84; 2636,722;  172,012;10257,439;24,43833
 255,43; 2848,299;  186,462;11031,142;24,54510
 256,03; 3131,076;  198,842;11853,495;25,15934
 256,63; 3427,186;  206,299;12771,742;25,63290
 257,23; 3718,875;  179,915;13544,725;26,47968
 257,82; 4065,719;  201,909;14379,225;27,25347
 258,42; 4269,792;  162,444;15139,603;27,42408
 259,02; 4664,285;  225,001;15947,289;28,23561
 259,62; 4976,292;  188,365;16612,532;29,15172
 260,21; 5263,320;  193,846;17115,046;29,95930
 260,81; 5588,159;  176,701;17634,760;30,99690
 261,41; 5818,035;  171,677;18020,259;31,63477
 262,01; 6210,993;  219,978;18522,165;32,73388
 262,60; 6422,875;  176,915;18934,571;33,29819
 263,20; 6711,245;  181,382;19289,783;34,17274
 263,80; 7021,295;  222,978;19399,422;35,45139
 264,40; 7234,557;  173,979;19628,751;36,29227
 264,99; 7503,325;  200,362;19835,163;37,19398
 265,59; 7761,563;  178,506;20062,065;38,13732
 266,19; 8027,977;  186,901;20270,509;39,04217
 266,78; 8228,924;  231,435;20329,672;39,79199
 267,38; 8390,833;  204,585;20445,829;40,44340
 267,98; 8596,134;  197,050;20384,383;41,60571
 268,58; 8759,261;  206,431;20423,055;42,30592
 269,17; 8906,170;  193,040;20511,147;42,88357
 269,77; 9023,004;  201,220;20362,507;43,75606
 270,37; 9117,550;  167,284;20290,728;44,47681
 270,96; 9266,779;  226,755;20181,184;45,30335
 271,56; 9255,614;  194,915;20013,660;45,71783
 272,16; 9329,851;  185,984;19871,963;46,44863
 272,75; 9423,463;  186,600;19777,177;47,14952
 273,35; 9506,996;  199,371;19738,407;47,63605
 273,95; 9601,222;  190,908;19719,110;48,18833
 274,54; 9716,182;  185,005;19740,631;48,73879
 275,14; 9985,498;  217,064;20026,308;49,31250
 275,74;10086,440;  180,830;20116,163;49,68871
 276,33;10347,416;  231,989;20438,846;50,05938
 276,93;10603,912;  208,700;20738,010;50,63596
 277,53;10868,561;  199,077;21133,268;50,96679
 278,12;11239,004;  176,686;21528,804;51,80900
 278,72;11645,960;  248,460;22106,429;52,14345
 279,32;11954,435;  191,229;22551,898;52,60668
 279,91;12324,474;  172,150;23104,134;52,99290
 280,51;12737,062;  185,616;23531,169;53,76376
 281,11;13228,825;  193,534;24182,668;54,33831
 281,70;13550,558;  170,380;24554,707;54,87204
 282,30;14033,537;  187,068;25101,891;55,57523
 282,90;14315,718;  193,068;25471,615;55,86813
 283,49;14738,063;  209,449;25919,417;56,50966
 284,09;15112,084;  224,610;26278,145;57,14186
 284,69;15438,472;  230,151;26511,766;57,86677
 285,28;15797,094;  214,379;26817,597;58,57455
 285,88;16176,801;  273,369;27067,764;59,35358
 286,47;16409,498;  200,145;27123,605;60,20531
 287,07;16636,984;  218,613;27237,735;60,76575
 287,67;16983,670;  210,701;27300,344;61,91654
 288,26;17222,730;  186,613;27252,028;62,94423
 288,86;17600,672;  192,225;27300,806;64,21748
 289,46;17889,068;  222,535;27496,000;64,77554
 290,05;18184,220;  187,003;27544,021;65,78647
 290,65;18709,231;  191,605;27630,259;67,48737
 291,24;19013,371;  205,768;27853,230;68,02651
 291,84;19434,032;  204,069;27929,357;69,35893
 292,44;19858,860;  202,164;28065,074;70,54789
 293,03;20213,277;  288,229;28195,881;71,39636
 293,63;20494,762;  202,530;28307,225;72,20228
 294,22;20828,765;  223,688;28387,324;73,16199
 294,82;21077,597;  188,518;28425,575;73,97754
 295,41;21063,481;  172,841;28193,322;74,55489
 296,01;21135,611;  219,675;28287,726;74,51866
 296,61;21094,595;  214,460;27993,795;75,16427
 297,20;20913,905;  198,599;27694,641;75,33923
 297,80;20879,703;  208,005;27639,821;75,35665
 298,39;20687,049;  176,146;27317,860;75,56967
 298,99;20536,197;  220,294;27123,112;75,51589
 299,58;20468,150;  206,931;27088,830;75,37123
 300,18;20266,678;  220,543;26797,466;75,42685
 300,78;19952,333;  194,385;26575,916;74,89310
 301,37;19891,865;  211,822;26507,070;74,84258
 301,97;19774,189;  215,612;26593,456;74,14775
 302,56;19725,314;  194,760;26490,617;74,27236
 303,16;19480,721;  176,065;26455,659;73,45873
 303,75;19476,298;  192,617;26478,159;73,36231
 304,35;19459,737;  187,244;26585,111;73,00777
 304,94;19369,383;  207,228;26706,435;72,31218
 305,54;19263,029;  212,846;26657,780;72,03717
 306,13;19126,502;  167,552;26586,556;71,76255
 306,73;18869,195;  180,010;26378,951;71,33565
 307,33;18796,119;  208,624;26409,320;70,94275
 307,92;18656,926;  203,076;26474,040;70,24428
 308,52;18733,801;  179,680;26876,137;69,50031
 309,11;18865,532;  197,059;27248,000;69,01229
 309,71;18940,241;  176,055;27509,283;68,64972
 310,30;18902,776;  182,998;27618,826;68,23114
 310,90;18988,699;  225,537;27993,749;67,57065
 311,49;18903,900;  198,767;28160,223;66,89614
 312,09;18813,480;  159,543;28215,855;66,48749
 312,68;18930,634;  257,693;28657,328;65,75064
 313,28;18735,003;  164,230;28712,194;65,05113
 313,87;18654,181;  161,613;28832,961;64,49843
 314,47;18569,922;  189,676;29113,451;63,54719
 315,06;18415,779;  166,307;29214,398;62,82503
 315,66;18354,942;  179,158;29361,855;62,28274
 316,25;18067,442;  164,528;29280,108;61,48912
 316,85;17968,871;  157,620;29352,905;61,00729
 317,44;17791,083;  186,136;29534,562;59,98600
 318,04;17603,905;  170,222;29532,389;59,37465
 318,63;17355,134;  169,933;29578,915;58,43521
 319,22;17212,532;  195,836;29797,747;57,48513
 319,82;16985,994;  196,455;29891,121;56,54059
 320,41;16779,144;  196,836;29750,807;56,10856
 321,01;16578,153;  208,619;29829,089;55,26426
 321,60;16339,188;  193,225;29950,561;54,25876
 322,20;16021,966;  174,922;29912,787;53,28911
 322,79;15916,026;  227,461;30027,131;52,64678
 323,39;15749,086;  183,628;30205,612;51,84687
 323,98;15416,644;  176,000;30053,010;51,01128
 324,58;15191,818;  180,680;30076,409;50,21165
 325,17;14935,345;  191,451;29827,512;49,74984
 325,76;14596,927;  212,459;29796,562;48,62229
 326,36;14287,949;  170,849;29455,889;48,20584
 326,95;14030,030;  214,533;29256,851;47,57023
 327,55;13625,894;  177,839;28950,184;46,73952
 328,14;13312,535;  176,852;28655,813;46,12417
 328,74;12973,401;  207,529;28357,685;45,34921
 329,33;12672,003;  198,233;28001,182;44,86492
 329,92;12266,033;  169,905;27578,517;44,13258
 330,52;11867,702;  202,391;27071,145;43,41590
 331,11;11582,281;  188,763;26659,448;43,04202
 331,71;11157,781;  186,304;26110,904;42,32072
 332,30;10815,844;  210,305;25744,973;41,53388
 332,89;10569,820;  247,771;25406,195;41,02820
 333,49;10233,354;  199,533;24820,277;40,75353
 334,08; 9905,108;  191,224;24576,143;39,83562
 334,68; 9604,235;  190,763;24130,573;39,32142
 335,27; 9379,410;  208,085;23804,817;38,86693
 335,86; 9186,127;  248,533;23590,986;38,28901
 336,46; 8951,604;  195,470;23334,180;37,84192
 337,05; 8667,479;  190,302;23243,981;36,77147
 337,65; 8557,098;  172,916;23123,537;36,53139
 338,24; 8489,210;  234,615;23170,426;35,98998
 338,83; 8338,540;  207,693;23017,364;35,64649
 339,43; 8154,713;  183,990;22994,932;34,94254
 340,02; 8101,292;  191,527;22898,048;34,83477
 340,61; 7977,224;  189,691;22949,126;34,21672
 341,21; 7944,401;  228,298;22993,608;33,89413
 341,80; 7858,229;  189,147;22920,753;33,73753
 342,40; 7770,879;  194,700;23004,928;33,21396
 342,99; 7737,435;  183,848;23084,502;32,98415
 343,58; 7681,696;  182,387;23200,182;32,58048
 344,18; 7643,912;  207,157;23328,944;32,16341
 344,77; 7627,627;  180,219;23705,233;31,65740
 345,36; 7654,338;  173,764;23848,774;31,59692
 345,96; 7720,344;  213,772;24153,803;31,35573
 346,55; 7703,895;  177,090;24409,667;31,06069
 347,14; 7769,314;  185,546;24665,512;30,97949
 347,74; 7778,430;  163,021;25014,474;30,64372
 348,33; 7920,926;  187,943;25613,001;30,41481
 348,92; 8066,382;  202,872;26127,374;30,33235
 349,52; 8129,528;  167,946;26485,427;30,25207
 350,11; 8161,103;  194,526;26767,472;29,98003
 350,70; 8162,020;  182,845;26777,542;30,00288
 351,29; 8082,121;  171,588;26590,436;29,94276
 351,89; 8030,900;  198,443;26669,498;29,58876
 352,48; 8060,354;  157,845;26661,035;29,81720
 353,07; 8038,587;  203,855;26551,755;29,73570
 353,67; 7945,462;  202,796;26569,638;29,36516
 354,26; 7922,177;  192,007;26357,553;29,54331
 354,85; 7909,844;  196,543;26287,028;29,56366
 355,45; 7816,209;  165,300;26074,910;29,52923
 356,04; 7845,650;  183,856;26035,901;29,63709
 356,63; 7809,839;  217,841;25887,445;29,57583
 357,22; 7761,730;  188,284;25684,067;29,70470
 357,82; 7724,189;  197,749;25575,023;29,65819
 358,41; 7820,871;  215,997;25518,235;30,05613
 359,00; 7678,499;  174,451;25263,127;29,91010
 359,60; 7727,116;  189,923;25297,155;30,02001
 360,19; 7782,241;  218,395;25075,980;30,42872
 360,78; 7770,372;  207,378;24984,224;30,52444
 361,37; 7775,516;  184,070;24777,234;30,86811
 361,97; 7770,056;  186,534;24738,514;30,88762
 362,56; 7759,404;  186,603;24484,037;31,16708
 363,15; 7791,299;  254,147;24243,626;31,41857
 363,74; 7721,620;  196,446;23906,963;31,73771
 364,34; 7642,800;  206,759;23626,308;31,75143
 364,93; 7671,923;  186,217;23303,501;32,38143
 365,52; 7576,666;  166,840;22934,755;32,54503
 366,11; 7605,131;  182,067;22673,476;33,00400
 366,71; 7482,840;  180,451;22356,055;32,92983
 367,30; 7521,612;  185,379;22033,539;33,57826
 367,89; 7542,299;  224,851;21824,824;33,87712
 368,48; 7517,446;  202,985;21518,905;34,31455
 369,07; 7456,404;  197,999;21141,542;34,65701
 369,67; 7457,669;  219,909;20889,256;35,01688
 370,26; 7424,384;  182,845;20734,330;35,23608
 370,85; 7440,726;  194,994;20510,791;35,66551
 371,44; 7475,725;  194,611;20207,808;36,38156
 372,03; 7479,817;  178,759;20081,656;36,68339
 372,63; 7430,498;  158,764;19817,902;36,98908
 373,22; 7453,529;  186,383;19522,554;37,58317
 373,81; 7448,402;  167,379;19288,135;38,07916
 374,40; 7481,860;  191,083;19059,700;38,63970
 374,99; 7415,754;  187,531;18840,191;38,75170
 375,59; 7443,335;  173,236;18550,554;39,56018
 376,18; 7513,366;  211,916;18469,943;39,99035
 376,77; 7541,925;  204,689;18300,759;40,54602
 377,36; 7605,214;  228,609;18219,592;41,00168
 377,95; 7589,589;  198,067;18053,613;41,39622
 378,55; 7646,461;  184,388;17895,089;42,13313
 379,14; 7730,582;  204,071;17767,705;42,85281
 379,73; 7761,107;  195,298;17690,555;43,24491
 380,32; 7873,611;  199,611;17766,247;43,68508
 380,91; 7921,091;  164,755;17609,970;44,46111
 381,50; 7997,086;  198,372;17563,585;44,90998
 382,10; 8040,303;  188,765;17476,863;45,41586
 382,69; 8117,225;  174,455;17450,659;45,97520
 383,28; 8253,232;  216,450;17362,704;46,87194
 383,87; 8239,583;  182,219;17265,777;47,16444
 384,46; 8311,109;  164,518;17255,544;47,66589
 385,05; 8455,454;  214,987;17254,467;48,36102
 385,64; 8560,823;  198,220;17195,168;49,20062
 386,24; 8604,591;  168,826;17099,217;49,82617
 386,83; 8692,505;  208,901;17211,441;49,89609
 387,42; 8864,187;  201,682;17266,572;50,76215
 388,01; 9062,143;  198,663;17429,401;51,43993
 388,60; 9274,195;  201,827;17664,243;51,95368
 389,19; 9476,395;  178,192;17864,311;52,57345
 389,78; 9656,611;  182,040;18052,781;53,01722
 390,37;10043,387;  259,822;18453,798;53,77365
 390,96;10214,243;  199,364;18560,701;54,54330
 391,56;10382,160;  199,650;18717,151;54,98858
 392,15;10632,077;  190,658;18977,386;55,57870
 392,74;10784,639;  161,637;19111,362;56,05887
 393,33;11044,041;  193,187;19398,293;56,49984
 393,92;11360,692;  193,707;19700,617;57,24630
 394,51;11575,617;  175,341;19822,392;58,02538
 395,10;11838,356;  218,765;19999,641;58,74154
 395,69;11971,508;  206,845;20137,443;59,02815
 396,28;12187,643;  216,911;20258,067;59,73075
 396,87;12363,895;  210,125;20373,845;60,27544
 397,46;12518,296;  215,959;20493,534;60,66966
 398,06;12780,160;  225,483;20622,499;61,55154
 398,65;12861,228;  208,757;20636,641;61,93726
 399,24;13077,963;  219,366;20796,444;62,48991
 399,83;13163,794;  187,238;20856,256;62,78264
 400,42;13384,092;  240,577;21012,739;63,27466
 401,01;13570,342;  215,524;21087,386;63,98480
 401,60;13729,859;  223,145;21138,279;64,57866
 402,19;13761,801;  233,166;21078,168;64,90110
 402,78;13967,474;  249,617;21127,738;65,70446
 403,37;13919,298;  218,919;20935,742;66,13166
 403,96;14007,290;  231,669;20779,155;67,04285
 404,55;14057,288;  238,637;20751,190;67,36680
 405,14;14054,151;  205,924;20620,601;67,83466
 405,73;14090,124;  236,656;20497,890;68,37426
 406,32;14269,391;  238,578;20450,859;69,41727
 406,91;14141,668;  235,874;20268,697;69,41505
 407,50;14237,010;  241,828;20153,636;70,28584
 408,09;14119,538;  210,334;19893,949;70,66387
 408,68;14126,022;  232,157;19816,876;70,94238
 409,27;14170,255;  215,571;19595,694;72,00514
 409,86;14240,536;  228,948;19514,892;72,65181
 410,45;14244,589;  267,392;19435,618;72,91857
 411,04;14324,546;  268,759;19411,397;73,42660
 411,63;14215,941;  245,684;19123,996;74,00162
 412,22;14154,682;  258,831;18952,364;74,33507
 412,81;14096,110;  258,318;18779,386;74,71379
 413,40;13954,114;  260,273;18463,100;75,22920
 413,99;13841,734;  312,186;18207,738;75,60285
 414,58;13565,538;  237,039;17843,012;75,70442
 415,17;13574,561;  254,626;17692,703;76,38420
 415,76;13504,092;  236,598;17545,422;76,65162
 416,35;13431,462;  233,227;17356,860;77,07614
 416,94;13537,659;  269,219;17355,646;77,65485
 417,53;13740,188;  246,858;17606,897;77,72638
 418,12;13868,916;  249,480;17644,479;78,29512
 418,71;14202,193;  261,043;17986,133;78,65207
 419,30;14339,566;  238,406;18005,533;79,36657
 419,89;14531,631;  228,412;18178,779;79,68205
 420,48;14782,661;  269,428;18472,722;79,72861
 421,07;14922,216;  254,741;18550,845;80,16720
 421,66;15019,956;  229,987;18514,429;80,88827
 422,25;15088,151;  240,476;18497,099;81,32761
 422,84;15157,420;  266,174;18497,313;81,68028
 423,43;15098,149;  245,777;18308,137;82,22830
 424,02;14914,703;  270,167;18092,491;82,16962
 424,60;14688,646;  244,509;17609,339;83,18041
 425,19;14577,579;  257,799;17462,204;83,23322
 425,78;14554,431;  259,955;17419,886;83,30148
 426,37;14528,625;  266,274;17259,831;83,92799
 426,96;14484,153;  250,505;17090,302;84,52387
 427,55;14472,867;  241,755;17017,382;84,83207
 428,14;14298,171;  234,533;16879,419;84,49224
 428,73;14293,043;  242,748;16650,264;85,63329
 429,32;14334,988;  265,273;16662,877;85,80348
 429,91;14337,431;  276,749;16661,836;85,81390
 430,50;14290,717;  259,758;16514,311;86,32018
 431,08;14194,508;  258,845;16352,858;86,58912
 431,67;14227,996;  305,470;16345,268;86,79988
 432,26;14136,333;  329,555;16180,310;87,10486
 432,85;13948,864;  333,245;15898,595;87,47390
 433,44;13757,027;  345,488;15564,569;88,12319
 434,03;13463,358;  349,583;15259,863;87,95123
 434,62;13202,431;  316,797;14931,104;88,17137
 435,21;13170,110;  326,246;14753,191;89,02692
 435,79;12983,768;  330,807;14661,855;88,29054
 436,38;12905,597;  333,516;14506,325;88,70564
 436,97;12852,290;  316,519;14432,759;88,80389
 437,56;12767,473;  313,775;14244,313;89,39855
 438,15;12719,158;  295,768;14219,147;89,22683
 438,74;12736,594;  313,232;14148,550;89,79455
 439,33;12796,249;  293,229;14180,539;90,03198
 439,91;12894,353;  268,471;14231,229;90,42541
 440,50;12928,884;  312,626;14286,734;90,28310
 441,09;13028,815;  312,641;14376,108;90,41991
 441,68;13077,050;  283,733;14340,004;91,01502
 442,27;13038,126;  258,419;14375,504;90,52653
 442,86;13092,207;  255,297;14364,834;90,98038
 443,44;13177,155;  267,444;14369,365;91,54576
 444,03;13258,373;  354,451;14469,857;91,41729
 444,62;13139,280;  274,990;14353,817;91,37331
 445,21;13079,510;  282,678;14146,289;92,30519
 445,80;13041,028;  319,003;14134,127;92,08766
 446,39;12873,475;  337,693;13924,745;92,26270
 446,97;12730,422;  277,405;13697,551;92,79346
 447,56;12535,684;  270,189;13550,324;92,35972
 448,15;12386,262;  270,020;13335,577;92,73421
 448,74;12251,130;  294,483;13213,992;92,54722
 449,33;12149,061;  276,263;13066,916;92,82401
 449,91;11990,896;  271,973;12833,667;93,29094
 450,50;11846,842;  273,123;12610,616;93,80933
 451,09;11766,376;  297,356;12567,923;93,46773
 451,68;11677,808;  316,901;12512,451;93,15617
 452,26;11618,758;  308,601;12451,768;93,14009
 452,85;11521,344;  277,981;12334,253;93,25738
 453,44;11564,399;  293,927;12352,326;93,46574
 454,03;11527,102;  270,529;12310,949;93,48987
 454,61;11585,585;  259,775;12317,578;93,92930
 455,20;11715,568;  288,629;12445,746;93,99383
 455,79;11775,804;  310,231;12439,780;94,52596
 456,38;11749,863;  314,257;12505,552;93,80141
 456,97;11890,033;  279,022;12522,450;94,83464
 457,55;11904,088;  285,186;12567,924;94,59538
 458,14;11866,019;  313,327;12592,761;94,08163
 458,73;11864,428;  294,649;12528,638;94,57079
 459,31;11805,260;  319,278;12473,229;94,50410
 459,90;11931,908;  349,117;12643,486;94,21216
 460,49;12052,945;  400,036;12683,135;94,86946
 461,08;12112,274;  293,516;12746,522;94,90687
 461,66;12213,631;  311,355;12823,436;95,12628
 462,25;12279,737;  306,215;12877,176;95,24747
 462,84;12241,614;  322,825;12931,928;94,52527
 463,43;12266,644;  263,230;12869,014;95,22148
 464,01;12253,685;  300,622;12926,646;94,67005
 464,60;12312,047;  347,840;12897,896;95,33190
 465,19;12044,043;  281,626;12640,527;95,17365
 465,77;12033,224;  295,864;12610,536;95,31200
 466,36;11951,892;  325,769;12550,362;95,10437
 466,95;11743,205;  301,309;12293,583;95,41056
 467,53;11439,425;  304,719;12035,312;94,92023
 468,12;11258,206;  336,105;11752,659;95,66898
 468,71;10968,186;  313,858;11643,245;94,04152
 469,29;10805,167;  282,954;11378,346;94,83408
 469,88;10609,614;  303,960;11143,652;95,07331
 470,47;10702,700;  355,588;11224,241;95,20142
 471,06;10622,037;  321,281;11254,536;94,21491
 471,64;10698,763;  319,200;11284,244;94,66047
 472,23;10660,216;  292,919;11278,622;94,37082
 472,81;10768,895;  285,368;11343,323;94,80530
 473,40;10891,504;  299,458;11486,102;94,68475
 473,99;11097,229;  413,381;11748,645;94,25319
 474,57;11125,090;  296,149;11798,268;94,14735
 475,16;11261,672;  315,601;11923,885;94,29535
 475,75;11304,299;  339,544;12057,435;93,57276
 476,33;11368,274;  333,170;12091,432;93,84979
 476,92;11396,950;  336,922;12165,496;93,50263
 477,51;11458,843;  330,934;12189,260;93,84047
 478,09;11463,833;  333,242;12269,654;93,24904
 478,68;11411,113;  334,246;12203,151;93,32679
 479,27;11384,466;  356,467;12234,690;92,84216
 479,85;11374,947;  320,399;12195,204;93,09246
 480,44;11484,939;  326,789;12298,005;93,20816
 481,02;12377,778;  331,798;13413,795;92,08059
 481,61;14087,377;  357,717;15182,380;92,61364
 482,20;15097,400;  338,798;16240,922;92,80900
 482,78;15798,516;  367,941;17006,318;92,74087
 483,37;16234,797;  367,043;17398,314;93,16835
 483,95;16452,728;  379,661;17674,875;92,93361
 484,54;16698,729;  396,408;17882,667;93,22933
 485,13;16574,277;  367,288;17786,909;93,03870
 485,71;16405,150;  338,514;17598,029;93,08857
 486,30;16175,293;  375,284;17381,423;92,90768
 486,88;15950,384;  429,825;17060,881;93,32275
 487,47;15320,168;  395,059;16442,339;93,00710
 488,05;14569,639;  379,064;15657,027;92,88264
 488,64;13606,801;  390,459;14677,259;92,50736
 489,23;12224,817;  388,067;13084,321;93,23025
 489,81;10381,095;  392,378;11198,707;92,43395
 490,40; 9763,431;  349,688;10533,634;92,43709
 490,98; 9495,598;  327,769;10288,186;92,04263
 491,57; 9352,261;  365,146;10244,758;90,96627
 492,15; 9360,142;  337,233;10192,175;91,55719
 492,74; 9225,042;  337,604;10155,486;90,52297
 493,32; 9199,980;  359,307;10022,383;91,48922
 493,91; 9087,569;  335,007; 9935,330;91,16946
 494,50; 8999,490;  339,180; 9968,010;89,94146
 495,08; 8932,257;  319,409; 9834,592;90,51689
 495,67; 8908,768;  348,006; 9843,693;90,15421
 496,25; 8814,100;  285,478; 9699,658;90,59336
 496,84; 8830,243;  305,312; 9702,085;90,72190
 497,42; 8749,281;  304,481; 9685,986;90,01541
 498,01; 8635,168;  335,930; 9634,058;89,25708
 498,59; 8602,775;  301,329; 9556,546;89,69477
 499,18; 8505,254;  280,855; 9491,296;89,29430
 499,76; 8485,106;  326,709; 9478,555;89,14483
 500,35; 8299,015;  303,031; 9312,453;88,75135
 500,93; 8259,251;  301,327; 9240,306;89,02498
 501,52; 8149,922;  299,560; 9194,572;88,25578
 502,10; 8125,256;  318,576; 9152,037;88,37623
 502,69; 7965,154;  300,891; 9029,198;87,80927
 503,27; 7814,289;  279,257; 8861,306;87,79992
 503,86; 7723,822;  288,503; 8797,288;87,38402
 504,44; 7585,730;  272,971; 8708,286;86,69218
 505,03; 7371,362;  252,817; 8508,634;86,22459
 505,61; 7289,140;  276,661; 8425,575;86,05415
 506,19; 7131,135;  296,817; 8268,267;85,73494
 506,78; 6957,933;  274,907; 8076,315;85,66436
 507,36; 6830,556;  280,970; 7987,981;84,98219
 507,95; 6721,115;  284,760; 7814,231;85,48217
 508,53; 6621,525;  282,446; 7747,608;84,91549
 509,12; 6473,334;  282,373; 7590,498;84,71340
 509,70; 6358,860;  300,607; 7523,310;83,87792
 510,29; 6242,901;  323,768; 7383,942;83,83835
 510,87; 6120,184;  283,138; 7199,757;84,39161
 511,46; 5977,319;  276,371; 7061,749;84,01813
 512,04; 5820,015;  279,225; 6948,436;83,08014
 512,62; 5715,616;  288,372; 6838,605;82,85575
 513,21; 5560,777;  269,461; 6689,776;82,41521
 513,79; 5445,194;  273,636; 6539,972;82,52922
 514,38; 5348,327;  259,705; 6423,167;82,56110
 514,96; 5269,148;  304,550; 6355,043;82,05279
 515,54; 5079,101;  261,939; 6225,250;80,77998
 516,13; 5015,715;  289,325; 6182,036;80,20740
 516,71; 4916,427;  270,488; 6008,011;80,97465
 517,30; 4816,778;  254,496; 5922,215;80,49592
 517,88; 4757,244;  286,110; 5885,770;79,84652
 518,46; 4616,013;  264,422; 5762,144;79,15262
 519,05; 4571,965;  272,120; 5726,291;78,83590
 519,63; 4526,302;  270,656; 5687,597;78,56179
 520,22; 4481,328;  288,130; 5642,304;78,31643
 520,80; 4392,721;  273,901; 5538,618;78,23441
 521,38; 4385,957;  313,968; 5568,410;77,49612
 521,97; 4303,519;  266,753; 5485,150;77,35645
 522,55; 4252,546;  274,753; 5459,027;76,72806
 523,13; 4259,857;  268,219; 5458,972;76,89900
 523,72; 4166,402;  274,729; 5441,238;75,32500
 524,30; 4269,922;  308,071; 5573,295;75,24563
 524,89; 4209,682;  249,908; 5574,926;74,36171
 525,47; 4269,375;  283,997; 5666,969;74,03675
 526,05; 4254,083;  255,383; 5674,180;73,79312
 526,64; 4337,203;  293,156; 5810,242;73,30043
 527,22; 4394,907;  276,996; 5914,534;73,04448
 527,80; 4415,234;  329,078; 6016,213;71,84911
 528,39; 4432,732;  276,468; 6128,932;71,01733
 528,97; 4510,664;  274,234; 6225,796;71,18181
 529,55; 4598,890;  285,450; 6379,362;70,78277
 530,14; 4702,384;  307,317; 6543,020;70,48231
 530,72; 4726,192;  271,388; 6616,652;70,20675
 531,30; 4783,009;  263,626; 6770,719;69,45317
 531,89; 4821,437;  281,934; 6826,791;69,35985
 532,47; 4892,040;  317,168; 6933,295;69,14728
 533,05; 4915,090;  305,385; 6997,434;68,88331
 533,63; 4922,336;  313,631; 6987,628;69,05464
 534,22; 4875,463;  282,247; 7078,289;67,58663
 534,80; 4904,950;  312,333; 7062,469;68,03741
 535,38; 4983,068;  395,474; 7241,848;67,00764
 535,97; 4891,909;  293,168; 7128,232;67,28160
 536,55; 4961,515;  351,565; 7245,824;66,86650
 537,13; 4856,116;  348,548; 7246,844;65,34321
 537,71; 4889,030;  387,393; 7261,991;65,48219
 538,30; 4885,313;  398,019; 7326,295;64,76783
 538,88; 4938,897;  438,572; 7411,922;64,53605
 539,46; 5031,439;  492,025; 7570,423;64,13053
 540,05; 5067,866;  502,722; 7642,116;63,94302
 540,63; 5142,906;  548,184; 7865,556;62,79197
 541,21; 5182,724;  584,574; 7964,837;62,30333
 541,79; 5233,537;  604,651; 8079,602;61,92530
 542,38; 5289,318;  632,259; 8208,878;61,46619
 542,96; 5301,838;  653,197; 8359,145;60,32537
 543,54; 5411,885;  680,573; 8532,256;60,25858
 544,12; 5439,201;  639,730; 8665,817;59,79839
 544,70; 5492,346;  621,121; 8719,558;60,15019
 545,29; 5529,248;  637,952; 8871,852;59,40437
 545,87; 5538,691;  624,267; 8862,217;59,65591
 546,45; 5486,015;  571,105; 8906,742;58,96262
 547,03; 5493,001;  557,264; 8973,646;58,64440
 547,62; 5554,803;  522,498; 9106,178;58,62643
 548,20; 5571,461;  523,734; 9180,871;58,30712
 548,78; 5604,981;  470,984; 9295,665;58,17771
 549,36; 5654,053;  466,059; 9464,290;57,65571
 549,94; 5665,514;  410,039; 9535,576;57,59085
 550,53; 5763,885;  426,594; 9788,909;57,00824
 551,11; 5798,360;  391,295; 9900,834;56,85938
 551,69; 5940,689;  407,904;10197,041;56,51964
 552,27; 5957,835;  350,206;10408,567;55,75092
 552,85; 6105,985;  368,910;10748,132;55,27462
 553,44; 6199,836;  372,289;10951,144;55,08675
 554,02; 6332,774;  388,753;11263,525;54,65880
 554,60; 6392,121;  328,296;11506,415;54,24728
 555,18; 6578,020;  349,674;11870,363;54,06227
 555,76; 6656,713;  347,446;12109,951;53,63881
 556,34; 6809,905;  353,226;12480,324;53,24175
 556,93; 6910,956;  342,905;12777,771;52,81963
 557,51; 6998,928;  317,842;13084,107;52,33391
 558,09; 7186,290;  352,982;13410,418;52,33270
 558,67; 7276,318;  335,078;13798,625;51,55580
 559,25; 7387,605;  349,613;13959,655;51,71176
 559,83; 7438,040;  338,006;14293,909;50,87477
 560,41; 7557,920;  322,608;14516,084;50,97632
 561,00; 7700,890;  332,848;14828,245;50,83022
 561,58; 7714,753;  320,223;15079,368;50,10135
 562,16; 7804,256;  331,757;15335,880;49,80297
 562,74; 7916,901;  302,215;15613,263;49,73327
 563,32; 8011,819;  303,544;15972,823;49,19356
 563,90; 8132,565;  333,771;16341,127;48,72007
 564,48; 8268,243;  331,145;16693,153;48,50932
 565,06; 8496,496;  331,847;17211,007;48,37118
 565,65; 8686,598;  325,246;17793,346;47,86641
 566,23; 9045,709;  379,694;18389,521;48,11826
 566,81; 9226,308;  315,690;18996,107;47,70031
 567,39; 9536,975;  335,316;19804,026;47,26383
 567,97; 9782,955;  352,538;20317,282;47,23535
 568,55;10141,301;  360,775;21009,957;47,36520
 569,13;10322,424;  330,387;21647,612;46,87307
 569,71;10603,497;  323,756;22400,409;46,56386
 570,29;11036,334;  365,828;23327,182;46,47159
 570,87;11276,662;  371,985;23935,767;46,27728
 571,45;11433,031;  359,001;24428,606;46,00836
 572,03;11571,013;  323,087;24853,943;45,85215
 572,61;11751,372;  331,082;25450,138;45,46465
 573,20;11969,600;  344,381;26139,742;45,06709
 573,78;12149,605;  319,621;26708,325;44,82973
 574,36;12302,219;  338,619;27108,506;44,69052
 574,94;12411,206;  405,551;27449,476;44,39317
 575,52;12355,838;  353,485;27645,023;43,97829
 576,10;12529,792;  398,019;28039,620;43,88954
 576,68;12586,656;  381,318;28622,898;43,21762
 577,26;12806,797;  402,721;29190,050;43,08867
 577,84;12916,590;  397,158;29650,114;42,79715
 578,42;12946,715;  457,554;29946,016;42,35270
 579,00;12814,468;  403,391;29943,058;42,01495
 579,58;12854,135;  450,397;30223,681;41,66063
 580,16;12720,165;  413,094;30249,042;41,24914
 580,74;12696,475;  418,787;30444,152;40,89105
 581,32;12595,579;  412,091;30498,733;40,49467
 581,90;12474,851;  435,632;30401,376;40,17660
 582,48;12384,412;  412,863;30496,467;39,79426
 583,06;12300,944;  419,167;30621,582;39,34049
 583,64;12279,172;  423,858;30735,702;39,11116
 584,22;12084,575;  433,949;30613,298;38,60463
 584,80;11924,892;  442,400;30388,107;38,34437
 585,38;11632,063;  450,687;30007,495;37,83012
 585,96;11512,841;  413,469;30018,699;37,49125
 586,54;11486,965;  442,332;30063,222;37,28664
 587,12;11378,189;  405,020;30251,414;36,76548
 587,70;11324,844;  443,701;30345,886;36,38912
 588,28;11202,046;  418,712;30312,712;36,07190
 588,86;11169,662;  421,637;30467,146;35,77249
 589,44;11080,659;  408,957;30493,173;35,47276
 590,02;11039,535;  417,493;30671,402;35,10965
 590,59;10976,728;  399,562;30822,556;34,76701
 591,17;10986,963;  407,585;31054,046;34,52072
 591,75;10888,337;  381,424;31076,923;34,22949
 592,33;10925,377;  395,343;31267,066;34,10899
 592,91;10865,872;  347,043;31531,203;33,73132
 593,49;10960,680;  363,049;31783,725;33,72821
 594,07;10868,751;  378,434;31958,598;33,21806
 594,65;10862,172;  404,025;31987,686;33,11252
 595,23;10887,572;  390,646;32329,116;32,86609
 595,81;10830,415;  370,572;32459,149;32,59678
 596,39;10766,077;  369,111;32497,639;32,36054
 596,97;10790,685;  365,966;32645,890;32,29474
 597,55;10684,784;  369,951;32691,334;31,91334
 598,12;10549,832;  351,898;32612,219;31,61138
 598,70;10528,115;  350,122;32803,474;31,36191
 599,28;10468,319;  364,969;32862,904;31,08921
 599,86;10451,563;  360,122;32915,758;30,99753
 600,44;10331,089;  331,587;33037,184;30,57428
 601,02;10327,542;  377,139;33020,826;30,48186
 601,60;10213,498;  355,962;33006,281;30,19124
 602,18;10164,016;  332,744;33049,806;30,04937
 602,75;10042,182;  343,340;33109,962;29,59976
 603,33;10000,736;  358,969;33127,909;29,42350
 603,91; 9907,098;  338,134;33133,246;29,17802
 604,49; 9876,117;  360,046;33224,969;28,95510
 605,07; 9810,502;  378,039;33230,914;28,71122
 605,65; 9730,439;  374,819;33248,965;28,45890
 606,23; 9670,669;  431,407;33476,889;27,95923
 606,80; 9634,303;  474,417;33416,572;27,80597
 607,38; 9522,461;  516,978;33518,600;27,28800
 607,96; 9461,219;  556,648;33506,445;27,02466
 608,54; 9460,021;  622,280;33558,960;26,83252
 609,12; 9378,276;  628,417;33625,156;26,51734
 609,70; 9328,353;  656,044;33647,739;26,28634
 610,27; 9242,842;  675,339;33675,248;25,96220
 610,85; 9229,340;  685,659;33716,330;25,86590
 611,43; 9125,790;  686,892;33632,279;25,61481
 612,01; 8967,399;  648,191;33568,405;25,27082
 612,59; 8897,952;  644,967;33567,852;25,06762
 613,16; 8800,763;  609,565;33459,918;24,93488
 613,74; 8709,556;  578,892;33408,954;24,76591
 614,32; 8645,001;  554,281;33422,056;24,61596
 614,90; 8607,513;  502,502;33273,877;24,73198
 615,48; 8424,493;  471,259;33054,221;24,40918
 616,05; 8340,704;  438,179;32926,097;24,32450
 616,63; 8256,991;  443,637;32834,665;24,12197
 617,21; 8165,287;  429,108;32742,823;23,94085
 617,79; 8058,836;  418,881;32679,879;23,68171
 618,36; 7995,545;  428,500;32573,986;23,53999
 618,94; 7849,546;  363,952;32275,992;23,45696
 619,52; 7762,495;  387,561;32069,831;23,27779
 620,10; 7714,897;  378,418;32049,207;23,16482
 620,67; 7584,348;  388,868;31949,480;22,79893
 621,25; 7541,789;  406,885;31821,933;22,71174
 621,83; 7492,409;  384,029;31799,033;22,62734
 622,41; 7474,934;  426,567;31726,240;22,51898
 622,98; 7323,292;  388,713;31547,692;22,25547
 623,56; 7241,755;  404,712;31554,060;21,94923
 624,14; 7201,947;  374,043;31362,247;22,03388
 624,72; 7098,265;  371,875;31258,023;21,77802
 625,29; 7092,651;  350,635;31386,490;21,72331
 625,87; 7045,792;  408,342;31330,961;21,46471
 626,45; 6915,255;  357,402;31101,220;21,33064
 627,02; 6839,394;  362,036;31175,184;21,02141
 627,60; 6773,313;  344,894;31019,903;20,95654
 628,18; 6740,122;  338,956;31175,387;20,75845
 628,76; 6649,371;  339,868;31230,110;20,42555
 629,33; 6650,813;  368,796;31201,272;20,37468
 629,91; 6609,513;  359,341;31118,361;20,31980
 630,49; 6550,851;  365,409;31239,431;20,03445
 631,06; 6583,621;  359,254;31299,876;20,11714
 631,64; 6495,488;  358,788;31355,099;19,79816
 632,22; 6387,211;  330,322;31264,697;19,57980
 632,79; 6473,799;  346,629;31474,896;19,68362
 633,37; 6403,884;  321,807;31596,496;19,44728
 633,95; 6357,984;  342,017;31637,780;19,22294
 634,52; 6354,182;  324,644;31690,973;19,22296
 635,10; 6313,751;  320,724;31667,549;19,11845
 635,68; 6311,766;  330,091;31915,276;18,93823
 636,25; 6275,213;  317,238;31834,906;18,90360
 636,83; 6253,448;  302,945;32052,341;18,74210
 637,41; 6232,958;  332,474;32104,205;18,57149
 637,98; 6233,297;  348,319;32258,561;18,44228
 638,56; 6196,613;  322,389;32377,897;18,32516
 639,13; 6165,988;  304,251;32338,478;18,29836
 639,71; 6254,089;  372,869;32592,004;18,25381
 640,29; 6062,178;  281,716;32365,494;18,01678
 640,86; 6084,506;  302,716;32565,116;17,92114
 641,44; 6037,833;  299,640;32562,892;17,78554
 642,02; 6044,392;  340,178;32522,360;17,72476
 642,59; 5990,181;  308,794;32650,213;17,56691
 643,17; 5939,817;  297,333;32690,374;17,41881
 643,74; 5930,914;  303,949;32609,919;17,41772
 644,32; 5937,318;  336,180;32589,080;17,36631
 644,89; 5858,338;  323,488;32565,702;17,16647
 645,47; 5818,589;  334,104;32622,478;16,98595
 646,05; 5814,917;  335,719;32581,101;16,99219
 646,62; 5740,706;  317,028;32513,338;16,84565
 647,20; 5753,034;  320,413;32730,345;16,76221
 647,77; 5640,054;  286,567;32492,967;16,62243
 648,35; 5622,613;  289,721;32429,974;16,59256
 648,92; 5612,248;  316,106;32526,289;16,44245
 649,50; 5545,499;  282,029;32395,450;16,39025
 650,08; 5515,058;  268,184;32366,533;16,34624
 650,65; 5497,078;  294,722;32543,771;16,13181
 651,23; 5532,405;  281,415;33137,470;15,98180
 651,80; 5687,118;  275,108;34054,631;16,02157
 652,38; 5742,830;  288,339;34323,022;16,02627
 652,95; 5786,773;  264,955;34635,568;16,06552
 653,53; 5788,716;  303,340;34898,728;15,85580
 654,10; 5849,890;  329,494;35072,581;15,88919
 654,68; 5770,526;  278,725;34911,204;15,85737
 655,25; 5778,700;  276,187;35018,441;15,83810
 655,83; 5740,027;  272,264;35090,602;15,70369
 656,40; 5729,432;  310,649;35009,532;15,61659
 656,98; 5669,067;  284,265;34912,923;15,55013
 657,55; 5654,241;  287,035;34826,853;15,53919
 658,13; 5515,338;  296,881;34522,168;15,24737
 658,70; 5477,051;  317,035;34403,867;15,13786
 659,28; 5332,071;  288,882;33560,951;15,15742
 659,85; 5223,783;  308,267;32841,573;15,10918
 660,43; 5211,188;  306,960;32853,041;15,06857
 661,00; 5141,131;  281,729;32952,510;14,87385
 661,58; 5154,997;  273,345;33228,824;14,81287
 662,15; 5206,248;  275,422;33454,677;14,86117
 662,73; 5279,345;  356,884;33745,761;14,74282
 663,30; 5228,442;  291,808;33857,691;14,70730
 663,88; 5211,693;  292,731;33903,083;14,63526
 664,45; 5221,559;  285,347;34175,397;14,56537
 665,03; 5304,579;  288,040;34530,019;14,65026
 665,60; 5390,522;  396,886;34964,488;14,44600
 666,17; 5323,389;  294,810;34975,495;14,49965
 666,75; 5337,870;  289,733;35309,655;14,41504
 667,32; 5405,429;  312,656;35575,047;14,44250
 667,90; 5394,833;  294,195;35801,361;14,36509
 668,47; 5463,084;  311,042;35999,445;14,43618
 669,05; 5453,335;  292,658;36347,067;14,31358
 669,62; 5449,355;  265,889;36383,151;14,35177
 670,19; 5468,221;  263,505;36453,619;14,38160
 670,77; 5483,087;  288,505;36581,165;14,31304
 671,34; 5476,492;  286,428;36534,941;14,31800
 671,92; 5486,589;  273,506;36886,332;14,23841
 672,49; 5491,917;  295,814;36856,339;14,21233
 673,06; 5481,552;  251,583;36952,500;14,25024
 673,64; 5482,880;  272,045;36951,738;14,20632
 674,21; 5470,823;  274,123;36813,514;14,22219
 674,79; 5528,151;  296,738;37093,982;14,21686
 675,36; 5522,325;  291,893;37220,450;14,16365
 675,93; 5464,883;  265,047;37085,227;14,12225
 676,51; 5528,980;  286,355;37235,003;14,18895
 677,08; 5478,770;  291,355;37252,779;14,03467
 677,65; 5538,790;  284,663;37355,401;14,17325
 678,23; 5520,348;  289,356;37561,331;14,03465
 678,80; 5503,291;  268,510;37709,338;13,98148
 679,38; 5579,465;  285,818;37781,422;14,11805
 679,95; 5548,409;  303,434;37963,659;13,92709
 680,52; 5610,582;  276,434;38211,204;14,06137
 681,10; 5691,833;  298,050;38670,288;14,05647
 681,67; 5680,776;  292,435;38820,603;13,98546
 682,24; 5696,720;  263,666;38932,148;14,05034
 682,82; 5778,817;  275,513;39466,463;14,04228
 683,39; 5871,683;  324,129;39703,239;14,08756
 683,96; 5870,857;  275,283;39872,246;14,13132
 684,54; 5869,569;  268,283;40194,483;14,02910
 685,11; 6005,666;  313,591;40477,798;14,17201
 685,68; 6016,148;  282,207;40934,728;14,10476
 686,25; 5968,706;  261,438;40875,581;14,05242
 686,83; 6047,419;  280,746;41017,126;14,15607
 687,40; 6080,746;  264,208;41466,594;14,11699
 687,97; 6169,228;  301,978;41810,524;14,13504
 688,55; 6188,094;  257,824;41807,762;14,27263
 689,12; 6172,653;  248,517;42017,923;14,18295
 689,69; 6180,057;  257,440;42093,930;14,15658
 690,26; 6231,000;  281,133;42157,706;14,20810
 690,84; 6272,251;  264,057;42381,943;14,26519
 691,41; 6331,502;  289,134;42524,258;14,30650
 691,98; 6352,676;  281,903;42827,957;14,26871
 692,56; 6374,927;  274,058;42806,502;14,34404
 693,13; 6450,408;  330,673;42714,432;14,43887
 693,70; 6452,044;  292,212;42904,285;14,45560
 694,27; 6452,756;  272,367;42973,677;14,47354
 694,84; 6457,699;  271,521;43106,991;14,44172
 695,42; 6674,489;  400,983;43370,460;14,59991
 695,99; 6568,355;  280,906;43445,313;14,56628
 696,56; 6612,606;  278,983;43232,704;14,74522
 697,13; 6698,703;  299,676;43615,326;14,77301
 697,71; 6682,954;  283,292;43615,026;14,76900
 698,28; 6752,974;  273,985;43863,032;14,86380
 698,85; 6736,609;  248,062;43878,193;14,87171
 699,42; 6801,168;  254,216;44076,046;14,93993
 699,99; 6832,418;  296,601;44189,284;14,89045
 700,57; 6862,131;  288,063;44125,983;14,99630
 701,14; 6886,228;  274,294;44322,221;15,01077
 701,71; 6947,094;  299,987;44557,458;15,01918
 702,28; 6935,345;  275,603;44645,773;15,00950
 702,85; 7019,211;  283,295;44649,780;15,18244
 703,43; 7055,385;  295,219;44844,863;15,17446
 704,00; 7153,482;  325,527;45020,947;15,27663
 704,57; 7147,194;  304,758;45102,493;15,27407
 705,14; 7219,061;  320,451;45352,730;15,31926
 705,71; 7248,311;  326,759;45290,429;15,39366
 706,28; 7244,716;  302,913;45240,205;15,44776
 706,86; 7353,121;  327,529;45448,674;15,57051
 707,43; 7356,833;  353,760;45320,450;15,57391
 708,00; 7345,622;  334,606;45440,303;15,54353
 708,57; 7408,258;  291,453;45358,156;15,79171
 709,14; 7456,278;  331,761;45527,855;15,76357
 709,71; 7456,298;  299,300;45504,016;15,83241
 710,28; 7556,780;  298,377;45703,253;15,98595
 710,86; 7587,261;  304,839;45778,568;16,01457
 711,43; 7687,050;  331,609;45822,729;16,16896
 712,00; 7663,301;  296,609;45865,889;16,16592
 712,57; 7745,398;  318,456;46026,589;16,24862
 713,14; 7751,880;  294,148;46230,672;16,23486
 713,71; 7817,362;  302,379;46040,371;16,43050
 714,28; 7829,074;  293,995;46111,686;16,44578
 714,85; 7818,479;  277,688;45911,539;16,52455
 715,42; 7909,422;  282,073;46095,084;16,64887
 716,00; 8050,057;  361,689;46206,553;16,77040
 716,57; 8063,693;  287,612;46315,483;16,89429
 717,14; 7992,405;  274,228;46198,951;16,80615
 717,71; 8059,271;  262,920;46300,035;16,93492
 718,28; 8176,984;  308,613;46364,349;17,08445
 718,85; 8138,850;  268,921;46459,126;17,03809
 719,42; 8262,254;  288,614;46622,825;17,20897
 719,99; 8227,736;  262,691;46393,908;17,26606
 720,56; 8319,756;  296,153;46576,223;17,33706
 721,13; 8379,776;  267,615;46737,691;17,45674
 721,70; 8370,181;  264,308;46617,852;17,48706
 722,27; 8429,201;  284,847;46621,474;17,57649
 722,84; 8570,375;  354,616;46798,943;17,68948
 723,41; 8530,010;  262,001;46742,642;17,78807
 723,98; 8594,800;  272,463;46954,880;17,82756
 724,55; 8688,666;  311,925;47063,348;17,91762
 725,12; 8695,763;  250,387;46897,124;18,10497
 725,69; 8754,860;  266,080;47142,669;18,10878
 726,27; 8834,034;  272,695;47213,138;18,23873
 726,84; 8948,054;  285,388;47495,991;18,34898
 727,41; 9001,381;  296,004;47541,536;18,42582
 727,98; 9052,940;  293,696;47700,389;18,47681
 728,55; 9160,114;  314,620;47645,550;18,68861
 729,12; 9103,211;  271,313;47822,864;18,57331
 729,69; 9206,154;  306,313;47947,179;18,68111
 730,26; 9317,866;  299,390;48127,340;18,85608
 730,82; 9348,963;  294,237;47955,423;18,99811
 731,39; 9420,676;  292,545;48067,123;19,10667
 731,96; 9490,388;  280,776;48395,668;19,14088
 732,53; 9590,716;  301,315;48442,829;19,29603
 733,10; 9683,274;  302,469;48711,528;19,37820
 733,67; 9762,141;  307,777;48760,150;19,51269
 734,24; 9733,930;  288,701;48586,388;19,55628
 734,81; 9807,950;  313,778;48567,010;19,67572
 735,38; 9820,739;  291,932;48318,171;19,84084
 735,95; 9811,452;  294,009;48242,100;19,84947
 736,52; 9903,626;  317,318;48396,954;19,93840
 737,09; 9937,953;  307,164;48069,576;20,16395
 737,66;10109,204;  351,626;48290,660;20,35414
 738,23;10118,224;  286,703;48407,436;20,43095
 738,80;10308,552;  366,934;48591,212;20,61538
 739,37;10279,111;  332,242;48861,295;20,49673
 739,94;10327,438;  304,089;48849,225;20,64748
 740,51;10541,151;  428,705;48874,771;20,87362
 741,07;10476,709;  297,244;48782,393;20,99502
 741,64;10539,652;  321,167;49082,708;20,95603
 742,21;10638,672;  302,475;49031,484;21,21159
 742,78;10575,308;  281,706;48813,644;21,20995
 743,35;10768,943;  305,553;49085,420;21,45022
 743,92;10843,348;  337,784;49148,120;21,52324
 744,49;10882,830;  331,400;49156,588;21,61063
 745,06;10903,388;  296,939;49014,056;21,77150
 745,63;10909,716;  279,939;49085,448;21,77987
 746,19;11009,428;  295,632;49147,301;21,93128
 746,76;11033,294;  303,247;49104,769;21,98712
 747,33;11090,391;  289,325;49209,238;22,07908
 747,90;11261,027;  326,787;49408,937;22,27743
 748,47;11244,662;  301,018;49263,021;22,35130
 749,04;11343,067;  298,787;49227,181;22,57233
 749,61;11360,395;  339,711;49185,034;22,56241
 750,17;11480,261;  319,480;49256,733;22,80631
 750,74;11478,743;  306,635;49264,740;22,81973
 751,31;11486,993;  288,250;49170,901;22,90944
 751,88;11513,321;  279,712;49005,677;23,05467
 752,45;11656,418;  297,867;49168,915;23,24188
 753,02;11634,515;  322,405;49078,922;23,20123
 753,58;11706,535;  291,637;48933,159;23,46740
 754,15;11780,632;  296,791;49114,243;23,52405
 754,72;11728,037;  290,407;48939,558;23,51044
 755,29;11787,518;  271,868;48745,564;23,75649
 755,86;11865,231;  290,561;48750,648;23,88495
 756,42;11929,328;  305,638;48728,040;24,00478
 756,99;11987,194;  256,947;48723,970;24,20253
 757,56;12039,137;  265,408;48671,746;24,32270
 758,13;12052,850;  224,640;48700,983;24,39996
 758,70;12174,562;  253,640;48780,759;24,56548
 759,26;12165,044;  239,256;48715,920;24,60109
 759,83;12290,987;  252,487;48888,927;24,75202
 760,40;12318,622;  234,718;48684,242;24,94122
 760,97;12324,488;  226,565;48706,479;24,95451
 761,53;12326,047;  215,334;48427,025;25,11987
 762,10;12350,682;  223,565;48321,570;25,21335
 762,67;12456,702;  248,643;48432,346;25,33649
 763,24;12346,107;  210,489;47911,353;25,44109
 763,80;12471,435;  246,720;48206,513;25,48951
 764,37;12465,070;  243,644;48058,751;25,55976
 764,94;12400,706;  230,644;47657,143;25,66089
 765,50;12470,033;  244,798;47523,842;25,85762
 766,07;12587,515;  280,106;47698,310;25,95503
 766,64;12489,535;  248,953;47436,548;25,94025
 767,21;12504,786;  258,492;47355,478;26,00229
 767,77;12583,883;  270,261;47229,946;26,22169
 768,34;12675,903;  270,723;47227,414;26,41834
 768,91;12629,769;  283,262;47136,806;26,35128
 769,47;12729,789;  288,647;47056,351;26,60199
 770,04;12708,732;  285,032;46943,281;26,62702
 770,61;12749,214;  264,571;46750,596;26,85677
 771,18;12724,080;  268,417;46718,372;26,81523
 771,74;12867,177;  274,649;46763,994;27,08691
 772,31;12826,890;  271,880;46478,924;27,17120
 772,88;12794,448;  255,419;46361,316;27,19615
 773,44;12809,007;  258,265;46194,015;27,32238
 774,01;12875,181;  270,419;46241,791;27,41872
 774,58;12868,431;  260,727;46018,182;27,55333
 775,14;12964,067;  257,036;46164,958;27,67939
 775,71;13026,472;  269,036;46036,888;27,87423
 776,27;13096,645;  337,344;46061,895;27,90471
 776,84;13257,281;  357,037;46080,671;28,21351
 777,41;13189,455;  280,652;45804,909;28,35588
 777,97;13180,475;  255,191;45614,377;28,49540
 778,54;13311,341;  290,192;45686,076;28,68355
 779,11;13341,669;  312,654;45612,468;28,76174
 779,67;13374,920;  262,808;45550,475;28,95294
 780,24;13436,478;  277,577;45405,482;29,15912
 780,80;13459,037;  301,501;45367,719;29,19601
 781,37;13461,134;  297,886;45390,418;29,19164
 781,94;13483,692;  275,040;45170,041;29,42121
 782,50;13554,097;  295,117;45089,586;29,59959
 783,07;13589,732;  306,118;45220,362;29,57551
 783,63;13613,906;  268,887;44976,523;29,84953
 784,20;13650,619;  300,272;44876,068;29,94977
 784,77;13601,331;  277,350;44634,383;30,03804
 785,33;13613,813;  258,119;44567,697;30,14178
 785,90;13628,602;  268,427;44473,627;30,22308
 786,46;13713,930;  302,120;44433,942;30,39034
 787,03;13679,873;  277,043;44239,410;30,48705
 787,59;13739,662;  271,582;44248,648;30,62524
 788,16;13751,221;  275,736;44091,655;30,75477
 788,73;13770,702;  296,352;44037,738;30,80458
 789,29;13829,338;  264,660;43706,130;31,22518
 789,86;13831,819;  300,122;43598,521;31,25219
 790,42;13833,532;  278,200;43481,528;31,37567
 790,99;13799,398;  288,431;43204,689;31,48216
 791,55;13887,649;  261,893;43134,926;31,78165
 792,12;13964,284;  304,278;43164,010;31,87142
 792,68;13916,150;  283,124;42800,325;32,06473
 793,25;13931,247;  297,355;42716,255;32,14108
 793,81;14028,806;  364,509;42423,185;32,48865
 794,38;13859,287;  248,433;42185,730;32,45525
 794,94;13944,000;  267,356;42107,121;32,68815
 795,51;13978,405;  282,126;41776,513;33,00755
 796,07;13913,809;  281,742;41575,904;33,01209
 796,64;14011,599;  298,896;41758,757;33,07465
 797,20;13935,080;  284,050;41297,303;33,28444
 797,77;13886,562;  254,666;41018,848;33,44087
 798,33;13906,582;  281,589;40894,547;33,54839
 798,90;13944,063;  286,667;40832,477;33,68387
 799,46;13822,853;  270,975;40449,484;33,72917
 800,03;13879,796;  282,744;40276,722;33,99775
 800,59;13839,354;  279,976;40139,498;34,01792
 801,15;13869,759;  299,822;39957,889;34,21734
 801,72;13816,702;  280,053;39624,050;34,40588
 802,28;13761,876;  303,823;39468,903;34,36238
 802,85;13704,358;  281,900;39307,756;34,39376
 803,41;13745,224;  281,824;39066,147;34,71351
 803,98;13724,321;  271,670;38765,000;34,94800
 804,54;13685,649;  265,363;38508,700;35,09183
 805,11;13668,207;  288,594;38290,553;35,20769
 805,67;13608,227;  303,825;38261,713;35,05043
 806,23;13621,247;  278,441;37936,874;35,43112
 806,80;13591,344;  298,749;37801,958;35,44389
 807,36;13584,441;  310,211;37747,811;35,45695
 807,93;13598,923;  299,673;37529,433;35,72209
 808,49;13542,404;  274,289;37105,594;36,02402
 809,05;13486,655;  266,058;36940,216;36,04881
 809,62;13545,368;  289,674;37012,223;36,09688
 810,18;13623,695;  285,444;36835,537;36,49307
 810,74;13550,485;  244,752;36658,160;36,54075
 811,31;13533,351;  254,983;36472,090;36,66325
 811,87;13566,140;  274,675;36309,020;36,88555
 812,44;13598,699;  289,676;36316,334;36,94215
 813,00;13507,642;  227,215;36096,341;37,02467
 813,56;13664,585;  272,600;36022,886;37,45980
 814,13;13676,067;  267,062;36034,355;37,48957
 814,69;13663,010;  258,216;35852,054;37,66043
 815,25;13598,414;  237,062;35378,138;38,02204
 815,82;13626,742;  286,140;35501,991;37,88238
 816,38;13634,762;  312,371;35347,767;38,02552
 816,94;13473,398;  245,679;34971,927;38,09141
 817,51;13471,649;  238,833;34844,550;38,23881
 818,07;13444,053;  248,526;34625,864;38,38438
 818,63;13439,381;  272,680;34424,486;38,55345
 819,20;13426,709;  263,757;34377,955;38,58497
 819,76;13398,498;  248,142;34073,654;38,87703
 820,32;13387,903;  289,912;33980,045;38,87782
 820,89;13370,000;  282,989;33777,668;39,07191
 821,45;13365,251;  263,451;33545,905;39,36548
 822,01;13342,809;  279,451;33308,066;39,55164
 822,57;13340,368;  276,144;33174,688;39,71064
 823,14;13315,003;  235,375;32918,157;40,01993
 823,70;13301,100;  253,222;32686,933;40,22937
 824,26;13231,197;  243,914;32646,017;40,08160
 824,82;13283,832;  279,146;32444,023;40,43133
 825,39;13271,391;  248,608;32203,876;40,75316
 825,95;13285,026;  273,839;32293,422;40,63509
 826,51;13225,585;  266,224;31911,659;40,95175
 827,08;13279,682;  296,455;31878,820;41,10910
 827,64;13285,779;  286,994;31826,750;41,21397
 828,20;13210,107;  250,840;31507,065;41,46139
 828,76;13302,819;  292,379;31589,225;41,57109
 829,32;13241,685;  279,764;31423,386;41,61983
 829,89;13239,398;  239,534;31270,547;41,89313
 830,45;13305,879;  252,072;31196,784;42,18429
 831,01;13268,976;  261,381;31125,483;42,14474
 831,57;13293,535;  265,919;30932,721;42,48117
 832,14;13324,709;  240,766;30991,959;42,54776
 832,70;13234,575;  250,689;30643,042;42,72090
 833,26;13250,980;  227,305;30700,357;42,73833
 833,82;13309,153;  257,075;30612,518;42,99749
 834,38;13376,635;  250,229;30609,294;43,23719
 834,95;13385,886;  244,306;30531,301;43,39017
 835,51;13321,060;  217,999;30342,308;43,49664
 836,07;13396,157;  256,769;30411,468;43,57327
 836,63;13490,946;  274,307;30450,475;43,79827
 837,19;13510,274;  264,308;30212,174;44,23008
 837,75;13358,294;  222,693;29986,720;44,13247
 838,32;13537,006;  278,309;30004,650;44,60252
 838,88;13522,565;  276,232;30080,964;44,44372
 839,44;13521,508;  264,079;30048,048;44,51196
 840,00;13495,605;  265,540;30022,055;44,46107
 840,56;13493,010;  250,079;29731,139;44,92013
 841,12;13531,260;  240,464;29633,299;45,21781
 841,68;13489,665;  223,003;29514,383;45,29204
 842,25;13498,070;  246,003;29460,544;45,36120
 842,81;13494,551;  241,927;29272,397;45,65074
 843,37;13553,033;  228,312;29221,788;45,95765
 843,93;13563,207;  255,082;29200,257;45,97701
 844,49;13623,842;  270,159;29312,725;45,97970
 845,05;13587,478;  220,467;29036,116;46,38803
 845,61;13610,190;  261,929;29094,893;46,29514
 846,17;13586,364;  250,391;29014,669;46,36297
 846,73;13643,769;  257,314;28998,599;46,57570
 847,29;13593,173;  231,392;28851,836;46,68614
 847,86;13601,655;  235,930;28749,997;46,87414
 848,42;13595,983;  242,315;28535,850;47,19689
 848,98;13583,464;  255,470;28524,318;47,14729
 849,54;13660,485;  233,316;28599,094;47,33580
 850,10;13614,735;  264,163;28442,255;47,37926
 850,66;13547,217;  221,778;28355,416;47,36479
 851,22;13583,083;  228,625;28210,115;47,72604
 851,78;13713,488;  290,702;28217,660;48,06390
 852,34;13622,816;  260,087;28014,590;48,14616
 852,90;13691,528;  237,472;27983,905;48,48932
 853,46;13615,548;  237,396;27849,219;48,45081
 854,02;13615,337;  249,704;27811,611;48,49314
 854,58;13609,050;  252,166;27578,618;48,87895
 855,14;13617,531;  230,781;27487,625;49,11335
 855,70;13622,321;  196,166;27297,093;49,54131
 856,26;13632,802;  254,244;27355,946;49,36427
 856,82;13597,053;  237,244;27212,337;49,52646
 857,38;13632,612;  280,552;27159,037;49,67564
 857,94;13582,324;  249,399;27043,274;49,76109
 858,50;13631,190;  268,168;26904,512;50,16838
 859,06;13491,826;  242,938;26705,134;50,06723
 859,62;13655,538;  253,092;26737,833;50,60441
 860,18;13552,404;  247,323;26514,763;50,65237
 860,74;13499,270;  218,016;26433,847;50,66120
 861,30;13444,214;  219,555;26280,546;50,74503
 861,86;13581,618;  306,863;26342,630;50,98661
 862,42;13515,946;  244,556;26090,791;51,34748
 862,98;13611,658;  278,556;26173,567;51,48908
 863,54;13502,755;  242,787;25882,343;51,71684
 864,10;13574,698;  233,403;25940,042;51,89825
 864,66;13551,026;  217,326;25771,895;52,17736
 865,22;13563,816;  234,019;25662,440;52,42086
 865,78;13600,759;  234,173;25584,139;52,72822
 866,34;13569,933;  236,635;25510,146;52,75602
 866,90;13587,953;  248,020;25380,538;53,07838
 867,45;13518,665;  248,559;25201,545;53,18043
 868,01;13442,685;  239,482;25106,398;53,09546
 868,57;13471,397;  233,252;24991,251;53,47018
 869,13;13387,110;  211,637;24794,258;53,59670
 869,69;13363,976;  233,253;24831,880;53,37990
 870,25;13401,611;  220,792;24571,810;54,12841
 870,81;13454,785;  238,715;24521,201;54,42635
 871,37;13413,805;  246,638;24551,670;54,17466
 871,93;13409,441;  257,177;24388,369;54,50317
 872,49;13430,153;  284,178;24150,145;55,08252
 873,04;13275,250;  225,332;24047,613;54,78030
 873,60;13295,193;  232,871;23972,928;55,02229
 874,16;13349,983;  248,563;23913,704;55,36168
 874,72;13258,367;  223,256;23804,473;55,27752
 875,28;13297,598;  237,410;23708,088;55,64470
 875,84;13282,367;  242,640;23689,242;55,61457
 876,40;13308,752;  232,333;23593,396;55,97527
 876,95;13302,752;  248,717;23622,781;55,84838
 877,51;13378,137;  269,948;23549,165;56,30854
 878,07;13387,137;  275,794;23591,012;56,23513
 878,63;13452,906;  242,948;23618,704;56,51136
 879,19;13516,598;  261,025;23546,088;56,92737
 879,75;13456,983;  222,948;23617,704;56,56838
 880,30;13571,213;  229,871;23613,165;57,05502
 880,86;13656,829;  277,640;23716,858;57,08036
 881,42;13651,675;  217,640;23774,550;57,02800
 881,98;13791,752;  242,179;23716,088;57,72184
 882,54;13897,752;  238,871;23823,781;57,91364
 883,09;14013,521;  255,179;23929,242;58,11568
 883,65;14039,521;  218,871;24018,704;58,07037
 884,21;14146,444;  280,640;24265,319;57,81109
 884,77;14214,752;  239,256;24217,242;58,28469
 885,32;14331,752;  241,256;24401,012;58,32218
 885,88;14423,906;  266,717;24534,088;58,33837
 886,44;14492,290;  248,640;24535,242;58,64818
 887,00;14492,752;  264,948;24578,319;58,51843
 887,56;14638,598;  231,871;24675,319;58,93901
 888,11;14690,060;  243,102;24671,012;59,14120
 888,67;14761,137;  270,102;24860,858;58,92879
 889,23;14816,060;  246,948;24911,242;59,06965
 889,79;14820,367;  232,640;24793,704;59,39371
 890,34;14830,521;  252,333;24768,627;59,46326
 890,90;14969,829;  320,948;24949,396;59,47951
 891,46;14830,290;  233,640;24796,242;59,42632
 892,01;14880,444;  258,025;24716,781;59,78399
 892,57;14932,906;  284,871;24676,550;60,05341
 893,13;14899,290;  243,640;24536,858;60,32816
 893,69;14912,983;  233,717;24473,242;60,55921
 894,24;14923,598;  239,025;24411,781;60,74844
 894,80;14913,521;  242,871;24292,088;61,00261
 895,36;14905,829;  248,563;24192,935;61,21382
 895,91;14825,752;  242,025;24023,473;61,32397
 896,47;14811,598;  265,563;24004,396;61,27527
 897,03;14738,290;  235,410;23702,242;61,80161
 897,58;14716,213;  248,948;23622,242;61,89656
 898,14;14706,675;  247,410;23505,012;62,17006
 898,70;14696,598;  207,487;23365,012;62,56762
 899,25;14715,444;  248,256;23391,550;62,51136
 899,81;14668,983;  248,948;23139,473;62,99565
 900,37;14564,829;  220,256;23087,704;62,72923
 900,92;14672,213;  235,102;23001,858;63,41313
 901,48;14631,906;  231,179;22901,242;63,52310
 902,03;14532,906;  233,948;22727,242;63,56987
 902,59;14530,290;  228,640;22640,935;63,81163
 903,15;14468,060;  265,794;22522,088;63,81235
 903,70;14374,060;  247,717;22346,935;63,92236
 904,26;14374,367;  237,487;22253,012;64,21323
 904,82;14418,444;  236,487;22129,550;64,77832
 905,37;14383,137;  244,717;22079,012;64,75327
 905,93;14256,521;  229,794;21959,165;64,55192
 906,48;14313,906;  246,563;21878,242;65,03121
 907,04;14315,752;  255,640;21869,319;65,05191
 907,60;14281,137;  251,102;21732,088;65,31373
 908,15;14209,367;  213,717;21611,473;65,40709
 908,71;14323,444;  256,487;21535,165;66,10823
 909,26;14253,675;  228,640;21460,473;66,05664
 909,82;14150,906;  251,948;21342,858;65,90023
 910,37;14156,598;  285,333;21254,704;66,15013
 910,93;14059,675;  225,563;21091,165;66,30104
 911,48;13947,521;  232,640;20980,319;66,10321
 912,04;13985,521;  223,487;20878,550;66,62790
 912,60;14073,598;  242,717;20890,165;66,98591
 913,15;13937,521;  235,410;20724,858;66,87399
 913,71;13859,983;  218,794;20510,012;67,22706
 914,26;13871,906;  209,948;20441,627;67,52755
 914,82;13795,906;  245,025;20484,858;66,95155
 915,37;13797,675;  224,102;20368,165;67,38250
 915,93;13816,983;  279,871;20235,473;67,83615
 916,48;13681,137;  221,717;20105,858;67,68922
 917,04;13666,367;  260,948;20131,858;67,46253
 917,59;13707,521;  269,102;20002,781;68,09891
 918,15;13517,521;  209,640;19871,781;67,68277
 918,70;13561,137;  233,871;19762,165;68,24593
 919,26;13544,444;  237,948;19733,781;68,25303
 919,81;13468,906;  212,487;19522,704;68,64977
 920,37;13480,367;  229,563;19471,473;68,86429
 920,92;13447,367;  244,948;19407,012;68,89873
 921,48;13376,521;  222,717;19216,319;69,25387
 922,03;13392,752;  227,102;19219,781;69,31961
 922,59;13336,060;  236,025;19062,550;69,58286
 923,14;13281,521;  234,563;18943,858;69,73517
 923,69;13296,598;  250,487;18905,242;69,93451
 924,25;13298,137;  265,948;18959,012;69,71671
 924,80;13142,367;  232,948;18715,396;69,84691
 925,36;13119,675;  225,640;18660,165;69,94503
 925,91;13005,829;  226,640;18544,473;69,76365
 926,47;13055,829;  209,025;18432,935;70,49422
 927,02;13013,906;  302,025;18374,550;70,33816
 927,57;12899,367;  229,563;18252,088;70,29983
 928,13;12897,829;  216,640;18183,165;70,58231
 928,68;12899,829;  231,871;18135,396;70,75678
 929,24;12801,906;  207,871;18005,781;70,76131
 929,79;12788,060;  215,794;17916,319;71,02764
 930,34;12702,213;  225,256;17735,550;71,25499
 930,90;12684,137;  213,794;17690,550;71,35387
 931,45;12785,829;  228,333;17672,781;71,98563
 932,01;12719,521;  235,871;17613,012;71,83950
 932,56;12688,598;  250,256;17513,858;72,04952
 933,11;12691,060;  262,025;17461,012;72,26609
 933,67;12529,444;  226,333;17286,781;72,11482
 934,22;12555,752;  236,410;17246,396;72,42417
 934,77;12468,367;  260,102;17118,550;72,41631
 935,33;12389,444;  231,333;17036,858;72,34592
 935,88;12418,906;  242,563;16950,473;72,87771
 936,43;12346,213;  229,871;16902,550;72,67184
 936,99;12324,367;  230,640;16818,858;72,90553
 937,54;12245,213;  210,948;16606,858;73,39797
 938,09;12214,906;  240,025;16608,781;73,15694
 938,65;12197,137;  238,640;16465,165;73,69721
 939,20;12202,367;  205,717;16430,781;73,93900
 939,75;12112,137;  223,179;16375,088;73,60713
 940,31;12060,598;  211,410;16279,088;73,74549
 940,86;12073,752;  243,487;16250,165;73,90831
 941,41;12118,521;  327,179;16196,550;74,30252
 941,96;11971,598;  224,487;16048,627;74,23539
 942,52;11920,829;  225,333;15960,550;74,32688
 943,07;11783,290;  197,563;15889,935;73,83031
 943,62;11794,675;  219,717;15817,627;74,20839
 944,18;11754,675;  218,410;15789,550;74,08748
 944,73;11714,137;  230,410;15655,550;74,44812
 945,28;11591,213;  195,487;15512,319;74,40002
 945,83;11657,290;  218,563;15551,704;74,60133
 946,39;11633,290;  224,717;15482,627;74,77153
 946,94;11648,675;  243,871;15402,396;75,23690
 947,49;11520,444;  214,333;15289,242;74,99953
 948,04;11544,829;  264,717;15276,165;75,14339
 948,59;11550,906;  247,256;15223,781;75,47579
 949,15;11418,444;  208,333;15119,627;75,17866
 949,70;11412,752;  214,487;15011,396;75,67976
 950,25;11382,367;  245,487;15015,858;75,40014
 950,80;11349,983;  185,487;14819,781;76,28995
 951,36;11283,290;  190,256;14725,396;76,31873
 951,91;11385,213;  238,487;14784,396;76,63135
 952,46;11305,752;  214,256;14584,627;77,18309
 953,01;11362,906;  230,487;14627,781;77,32300
 953,56;11305,906;  196,256;14525,242;77,53270
 954,11;11219,444;  232,256;14467,935;77,18064
 954,67;11188,444;  215,948;14382,627;77,45285
 955,22;11111,983;  201,256;14264,088;77,58556
 955,77;11192,444;  251,794;14274,473;78,02111
 956,32;11140,598;  280,410;14215,550;77,93383
 956,87;11066,675;  213,717;14053,704;78,41740
 957,42;10972,060;  220,640;14057,704;77,70015
 957,98;11008,906;  217,025;13983,781;78,39088
 958,53;11054,213;  253,640;13925,473;78,99872
 959,08;10941,752;  210,487;13833,088;78,77545
 959,63;10909,444;  221,410;13750,550;79,00010
 960,18;10910,290;  229,333;13698,242;79,30083
 960,73;10904,060;  225,794;13595,165;79,87111
 961,28;10828,906;  194,717;13558,935;79,57210
 961,83;10842,675;  243,563;13552,704;79,63784
 962,39;10704,060;  193,717;13406,473;79,54694
 962,94;10695,829;  215,717;13334,396;79,88694
 963,49;10665,752;  222,333;13209,935;80,41068
 964,04;10658,521;  239,256;13179,088;80,52087
 964,59;10613,444;  200,410;13092,627;80,76993
 965,14;10631,598;  246,794;13022,165;81,28769
 965,69;10532,060;  222,179;13002,627;80,66917
 966,24;10555,060;  220,410;12831,858;81,94658
 966,79;10489,367;  241,871;12844,012;81,31552
 967,34;10346,367;  198,025;12718,319;81,05514
 967,89;10362,521;  213,948;12664,165;81,51322
 968,44;10328,598;  220,717;12575,935;81,81063
 968,99;10309,752;  232,871;12557,242;81,76385
 969,55;10218,367;  227,102;12495,165;81,44126
 970,10;10156,752;  230,717;12388,165;81,64571
 970,65;10118,290;  250,487;12346,165;81,58123
 971,20; 9951,060;  210,871;12218,396;81,11737
 971,75; 9917,906;  201,256;12104,858;81,62781
 972,30; 9901,906;  225,179;12015,012;82,07688
 972,85; 9803,675;  217,410;11930,165;81,84466
 973,40; 9772,213;  221,563;11846,012;82,16003
 973,95; 9810,367;  233,410;11772,550;82,99542
 974,50; 9727,829;  264,948;11781,858;82,16510
 975,05; 9626,906;  227,256;11666,781;82,16818
 975,60; 9587,367;  239,179;11612,858;82,19142
 976,15; 9555,367;  217,333;11461,935;83,04460
 976,70; 9596,829;  230,487;11430,935;83,62471
 977,25; 9573,521;  231,333;11404,627;83,61176
 977,80; 9475,675;  224,410;11276,242;83,70798
 978,35; 9433,444;  243,333;11107,627;84,59005
 978,89; 9332,983;  208,102;11148,704;83,40383
 979,44; 9353,060;  231,487;11065,781;84,19167
 979,99; 9244,829;  216,256;10927,627;84,28961
 980,54; 9203,521;  253,256;10890,319;84,14226
 981,09; 9177,213;  249,102;10741,012;85,09520
 981,64; 9105,060;  240,025;10708,627;84,68213
 982,19; 9086,906;  270,871;10618,627;85,19755
 982,74; 9032,213;  241,563;10489,627;85,77865
 983,29; 8952,213;  219,563;10385,473;85,90131
 983,84; 8907,598;  233,717;10296,165;86,20050
 984,39; 8901,290;  319,102;10307,858;85,91849
 984,94; 8794,906;  208,179;10120,319;86,62838
 985,49; 8804,290;  249,948;10133,396;86,55221
 986,03; 8783,675;  251,871;10024,242;87,30536
 986,58; 8720,752;  274,717; 9890,088;87,83888
 987,13; 8601,290;  229,948; 9816,088;87,32756
 987,68; 8591,598;  248,948; 9749,319;87,81394
 988,23; 8543,213;  246,025; 9683,242;87,91986
 988,78; 8437,290;  228,871; 9494,704;88,58804
 989,33; 8396,752;  248,102; 9504,781;88,02995
 989,88; 8395,367;  264,410; 9475,935;88,26940
 990,42; 8289,060;  229,102; 9278,473;89,06649
 990,97; 8204,521;  236,256; 9180,781;89,08539
 991,52; 8149,829;  252,256; 9134,396;88,91520
 992,07; 8127,675;  268,871; 9053,319;89,46269
 992,62; 8057,598;  241,563; 8985,396;89,38911
 993,17; 8000,444;  249,563; 8873,627;89,87504
 993,71; 7900,983;  253,871; 8832,165;89,14490
 994,26; 7811,367;  228,179; 8657,627;89,96068
 994,81; 7833,752;  259,025; 8668,088;90,07813
 995,36; 7696,675;  232,563; 8522,473;90,03852
 995,91; 7691,906;  237,563; 8455,627;90,70680
 996,45; 7636,752;  243,179; 8373,858;90,93427
 997,00; 7539,598;  217,487; 8263,704;91,00067
 997,55; 7566,521;  251,871; 8234,396;91,63329
 998,10; 7459,598;  264,410; 8132,627;91,44623
 998,65; 7383,829;  240,179; 8035,858;91,63602
 999,19; 7314,213;  263,179; 7956,781;91,64803
 999,74; 7250,675;  284,256; 7858,396;91,97637
1000,29; 7170,906;  246,179; 7781,704;91,89442
1000,84; 7069,060;  237,333; 7691,473;91,65010
1001,38; 7025,137;  246,948; 7579,550;92,43906
1001,93; 7003,367;  249,410; 7537,396;92,67248
1002,48; 6891,290;  221,871; 7430,012;92,52621
1003,03; 6869,290;  249,179; 7421,319;92,30315
1003,57; 6805,829;  250,717; 7304,550;92,92978
1004,12; 6747,829;  291,102; 7280,935;92,37313
1004,67; 6696,444;  224,179; 7171,165;93,16652
1005,22; 6604,137;  236,948; 6994,550;94,22260
1005,76; 6443,598;  222,948; 6888,165;93,33004
1006,31; 6452,829;  249,794; 6891,088;93,40099
1006,86; 6343,137;  228,794; 6761,627;93,59404
1007,40; 6246,598;  219,410; 6674,704;93,36814
1007,95; 6227,137;  239,794; 6621,781;93,81628
1008,50; 6164,675;  245,487; 6498,935;94,65480
1009,04; 6067,829;  238,102; 6397,627;94,64572
1009,59; 5932,906;  247,025; 6274,242;94,33675
1010,14; 5836,829;  223,025; 6222,550;93,57081
1010,68; 5778,367;  234,025; 6131,781;94,00766
1011,23; 5736,290;  219,871; 6052,012;94,58653
1011,78; 5706,290;  250,717; 5950,319;95,71849
1012,32; 5666,752;  266,871; 5913,781;95,62542
1012,87; 5630,675;  274,871; 5889,858;95,38409
1013,42; 5484,752;  221,102; 5740,781;95,36153
1013,96; 5551,521;  261,640; 5758,242;96,23911
1014,51; 5436,521;  203,717; 5606,012;96,86262
1015,06; 5428,906;  219,717; 5662,319;95,71136
1015,60; 5524,598;  272,179; 5740,935;96,04414
1016,15; 5482,829;  226,102; 5627,319;97,32486
1016,69; 5485,906;  239,871; 5663,781;96,72054
1017,24; 5494,137;  217,102; 5685,319;96,50375
1017,79; 5516,521;  266,563; 5739,627;95,92357
1018,33; 5466,367;  226,948; 5693,242;95,84956
1018,88; 5604,213;  249,333; 5761,012;97,15517
1019,42; 5527,752;  233,025; 5770,012;95,62470
1019,97; 5499,060;  225,948; 5754,781;95,37477
1020,51; 5584,598;  255,256; 5836,165;95,49236
1021,06; 5529,675;  206,948; 5776,088;95,57538
1021,61; 5473,906;  200,410; 5772,550;94,64040
1022,15; 5411,675;  192,717; 5701,550;94,73800
1022,70; 5418,521;  228,640; 5763,935;93,75980
1023,24; 5400,598;  224,025; 5684,165;94,80659
1023,79; 5376,675;  227,179; 5666,627;94,66946
1024,33; 5333,906;  238,948; 5616,858;94,73863
1024,88; 5300,829;  245,717; 5539,781;95,48642
1025,42; 5205,367;  238,025; 5430,396;95,66616
1025,97; 5145,521;  224,717; 5373,473;95,57268
1026,51; 5035,060;  199,717; 5253,473;95,67820
1027,06; 4960,444;  218,871; 5263,935;93,98441
1027,60; 4916,137;  248,794; 5150,627;95,21627
1028,15; 4884,290;  240,333; 5074,012;96,07502
1028,69; 4748,521;  192,563; 4948,165;95,80191
1029,24; 4723,060;  212,717; 4956,935;95,07031
1029,78; 4646,137;  216,410; 4814,242;96,34380
1030,33; 4560,444;  203,487; 4750,473;95,82077
1030,87; 4535,906;  211,717; 4681,781;96,73662
1031,42; 4480,598;  205,333; 4610,319;97,05513
1031,96; 4436,367;  237,871; 4558,396;97,17560
1032,51; 4376,367;  210,333; 4446,473;98,34506
1033,05; 4320,521;  222,333; 4430,319;97,39072
1033,60; 4232,060;  196,256; 4324,319;97,76506
1034,14; 4193,675;  220,487; 4284,550;97,76394
1034,69; 4150,983;  225,794; 4253,012;97,46652
1035,23; 4105,290;  215,717; 4170,935;98,34031
1035,77; 4083,444;  226,717; 4135,627;98,66503
1036,32; 3963,367;  202,410; 4010,704;98,75701
1036,86; 3951,290;  230,410; 4020,781;98,16666
1037,41; 3886,983;  233,563; 3938,012;98,62250
1037,95; 3848,983;  196,640; 3880,088;99,15553
1038,50; 3821,906;  210,102; 3841,165;99,46959
1039,04; 3774,598;  244,025; 3798,858;99,31756
1039,58; 3720,752;  206,179; 3747,550;99,24329
1040,13; 3652,444;  213,794; 3663,396;99,68252
1040,67; 3672,521;  247,487; 3654,627;100,52520
1041,21; 3627,675;  256,333; 3602,396;100,75548
1041,76; 3540,444;  199,256; 3531,396;100,27154
1042,30; 3529,137;  220,410; 3501,627;100,83840
1042,85; 3462,213;  218,487; 3417,242;101,40590
1043,39; 3402,137;  199,025; 3393,704;100,26396
1043,93; 3430,829;  239,410; 3357,396;102,35513
1044,48; 3352,444;  240,717; 3283,242;102,27449
1045,02; 3302,521;  222,948; 3254,396;101,58753
1045,56; 3277,829;  250,179; 3221,550;101,89404
1046,11; 3235,752;  227,487; 3185,088;101,71299
1046,65; 3182,906;  232,948; 3123,088;102,06970
1047,19; 3152,906;  201,410; 3051,935;103,54219
1047,74; 3061,906;  193,871; 3027,935;101,19867
1048,28; 3048,367;  223,179; 2986,858;102,22564
1048,82; 3031,060;  251,871; 2970,858;102,21413
1049,37; 3002,444;  230,333; 2917,704;103,15328
1049,91; 2952,213;  223,410; 2884,396;102,54858
1050,45; 2924,598;  242,410; 2825,088;103,85296
1050,99; 2896,060;  239,179; 2803,396;103,61371
1051,54; 2823,906;  223,025; 2753,550;102,78028
1052,08; 2828,213;  250,563; 2738,627;103,60065
1052,62; 2800,983;  242,948; 2697,858;104,20077
1053,16; 2766,137;  214,871; 2638,473;105,26751
1053,71; 2739,367;  239,256; 2646,550;103,85567
1054,25; 2677,675;  251,025; 2571,088;104,59412
1054,79; 2641,906;  240,717; 2542,012;104,34078
1055,33; 2581,521;  202,794; 2457,319;105,50901
1055,88; 2597,367;  242,948; 2469,396;105,74777
1056,42; 2563,290;  242,487; 2443,319;105,45117
1056,96; 2544,213;  250,487; 2416,473;105,89756
1057,50; 2504,521;  232,102; 2400,858;104,77986
1058,05; 2456,521;  237,487; 2347,781;105,15285
1058,59; 2424,829;  258,410; 2354,473;103,35657
1059,13; 2359,675;  217,640; 2245,396;105,63573
1059,67; 2359,829;  242,948; 2226,473;106,72317
1060,21; 2309,906;  235,410; 2203,858;105,38740
1060,76; 2265,367;  248,563; 2202,704;103,20670
1061,30; 2294,060;  262,717; 2154,473;107,37868
1061,84; 2229,521;  238,487; 2115,627;106,06743
1062,38; 2154,598;  214,333; 2065,704;104,80153
1062,92; 2217,444;  279,871; 2090,550;107,00810
1063,46; 2147,367;  242,794; 2016,781;107,36119
1064,01; 2111,444;  227,025; 2003,012;106,10549
1064,55; 2074,137;  238,640; 1966,704;106,21694
1065,09; 2029,137;  210,717; 1935,165;105,44935
1065,63; 2058,213;  271,871; 1934,473;107,44257
1066,17; 2044,983;  269,102; 1929,012;106,98659
1066,71; 2008,829;  255,640; 1907,165;106,15573
1067,25; 1950,598;  228,563; 1847,781;106,34982
1067,80; 1946,137;  251,410; 1848,704;106,09986
1068,34; 1959,829;  257,563; 1832,165;108,10767
1068,88; 1888,675;  226,717; 1773,858;107,42126
1069,42; 1906,060;  258,640; 1788,627;107,67541
1069,96; 1857,983;  234,179; 1733,473;108,30455
1070,50; 1844,752;  281,717; 1758,242;105,85900
1071,04; 1789,137;  229,948; 1700,627;106,01828
1071,58; 1795,290;  239,563; 1671,704;108,62950
1072,12; 1799,675;  245,871; 1657,935;110,03782
1072,66; 1746,137;  244,410; 1647,858;107,00267
1073,21; 1776,829;  256,640; 1653,165;108,85508
1073,75; 1737,444;  244,410; 1600,473;110,10064
1074,29; 1703,829;  242,794; 1596,319;107,94294
1074,83; 1688,290;  258,487; 1562,781;109,62280
1075,37; 1700,598;  257,179; 1563,396;110,50376
1075,91; 1646,675;  252,640; 1546,627;107,73177
1076,45; 1642,675;  244,717; 1531,781;108,61607
1076,99; 1624,983;  252,179; 1488,165;111,06948
1077,53; 1573,213;  244,794; 1476,319;107,86782
1078,07; 1591,752;  248,871; 1480,550;109,02848
1078,61; 1550,752;  240,563; 1450,396;108,29501
1079,15; 1524,521;  242,025; 1430,935;107,87163
1079,69; 1517,137;  239,333; 1407,012;109,43110
1080,23; 1536,060;  267,102; 1416,012;110,44887
1080,77; 1558,521;  297,794; 1427,704;111,57768
1081,31; 1459,752;  237,640; 1358,319;109,05100
1081,85; 1472,752;  259,794; 1358,319;110,41694
1082,39; 1455,906;  236,487; 1336,319;110,87316
1082,93; 1444,598;  253,871; 1328,088;110,84600
1083,47; 1392,521;  236,256; 1288,319;109,90453
1084,01; 1410,906;  254,102; 1324,396;108,08279
1084,55; 1369,290;  237,179; 1263,473;110,31062
1085,09; 1370,752;  260,871; 1277,396;109,18381
1085,63; 1360,060;  244,487; 1257,242;110,15223
1086,17; 1343,367;  238,640; 1217,473;112,86167
1086,71; 1311,290;  235,948; 1212,012;110,17135
1087,24; 1339,752;  271,948; 1237,319;110,61071
1087,78; 1312,213;  266,102; 1220,242;109,63916
1088,32; 1260,367;  222,640; 1171,704;109,34221
1088,86; 1292,675;  258,640; 1169,627;113,50712
1089,40; 1257,444;  255,333; 1165,935;110,04935
1089,94; 1240,444;  219,487; 1127,012;112,49913
1090,48; 1226,829;  255,871; 1129,088;111,19313
1091,02; 1227,137;  261,333; 1144,242;109,38876
1091,56; 1219,521;  247,333; 1114,704;112,08448
1092,10; 1171,752;  222,794; 1072,319;111,70450
1092,63; 1213,213;  267,871; 1112,550;111,91737
1093,17; 1191,829;  250,717; 1086,165;112,64752
1093,71; 1155,137;  245,717; 1063,935;111,14642
1094,25; 1165,983;  261,871; 1077,781;110,81026
1094,79; 1140,521;  235,871; 1044,935;111,81447
1095,33; 1119,290;  252,256; 1034,550;110,83229
1095,87; 1095,598;  249,410; 1020,781;109,69926
1096,40; 1066,983;  229,871;  982,396;111,24036
1096,94; 1097,598;  254,256;  983,781;115,60156
1097,48; 1095,444;  253,717;  995,088;113,53651
1098,02; 1037,137;  246,333;  950,242;112,34452
1098,56; 1039,598;  212,410;  918,704;117,11670
1099,10; 1008,137;  222,948;  916,319;113,24216
1099,63; 1014,983;  228,640;  913,627;114,79675
1100,17; 1024,598;  246,794;  931,627;113,57575
1100,71; 1045,060;  269,102;  952,704;113,51017

