
Integration time [ms]: 150,000
Averaging Nr. [scans]: 13
Smoothing Nr. [pixels]: 0
Data measured with spectrometer [name]: 2009305U1
Wave   ;Sample   ;Dark     ;Reference;Reflectance
[nm]   ;[counts] ;[counts] ;[counts] ;[%]

 175,72;  227,084;  215,188;  220,479;224,83220
 176,32;  245,613;  242,554;  241,291; 0,00000
 176,92;  291,269;  279,490;  268,998; 0,00000
 177,52;  289,527;  265,800;  266,735; 0,00000
 178,12;  266,973;  246,247;  248,356;982,79639
 178,72;  296,506;  272,088;  263,360; 0,00000
 179,32;  272,524;  262,400;  252,097; 0,00000
 179,92;  279,828;  259,638;  263,938;469,57062
 180,52;  263,165;  243,813;  271,262;70,50267
 181,12;  281,063;  267,178;  262,755; 0,00000
 181,73;  304,741;  282,641;  292,622;221,42537
 182,33;  419,655;  382,498;  382,817; 0,00000
 182,93;  292,864;  289,569;  288,341; 0,00000
 183,53;  260,463;  250,624;  238,373; 0,00000
 184,13;  255,471;  252,088;  236,699; 0,00000
 184,73;  302,963;  295,237;  296,980;443,26130
 185,33;  288,515;  240,512;  337,669;49,40786
 185,93;  298,480;  249,268;  350,717;48,50939
 186,53;  305,157;  261,660;  379,133;37,02735
 187,13;  319,688;  290,674;  391,969;28,64240
 187,73;  301,744;  256,347;  370,132;39,89718
 188,33;  284,174;  250,494;  367,092;28,88631
 188,93;  298,237;  261,470;  368,139;34,46839
 189,53;  294,321;  252,375;  383,047;32,10051
 190,13;  347,184;  301,960;  407,075;43,02361
 190,73;  275,452;  239,442;  369,315;27,72745
 191,34;  323,838;  284,386;  402,733;33,33601
 191,94;  302,038;  251,793;  377,914;39,83809
 192,54;  299,229;  259,224;  375,436;34,42454
 193,14;  309,287;  277,058;  390,727;28,35376
 193,74;  314,752;  273,671;  385,365;36,78047
 194,34;  310,874;  274,599;  383,153;33,41655
 194,94;  275,317;  252,981;  340,332;25,57073
 195,54;  240,864;  206,052;  313,539;32,38713
 196,14;  269,823;  237,756;  359,114;26,42311
 196,74;  270,892;  245,356;  355,112;23,26588
 197,34;  245,651;  206,073;  338,668;29,84871
 197,94;  275,220;  236,906;  357,137;31,86689
 198,54;  294,196;  247,987;  378,611;35,37517
 199,14;  272,839;  226,385;  359,116;34,99876
 199,74;  253,886;  205,309;  350,433;33,47313
 200,34;  251,292;  208,772;  369,807;26,40420
 200,94;  287,944;  251,686;  399,741;24,48939
 201,54;  278,405;  228,998;  396,220;29,54548
 202,14;  319,293;  256,545;  434,679;35,22510
 202,74;  262,988;  225,923;  424,368;18,67749
 203,34;  259,385;  213,090;  424,631;21,88487
 203,94;  234,297;  189,239;  428,495;18,83258
 204,54;  319,265;  251,368;  512,601;25,99111
 205,14;  279,905;  210,385;  505,075;23,59066
 205,74;  331,060;  246,781;  590,458;24,52277
 206,34;  285,157;  209,699;  576,705;20,56054
 206,94;  310,781;  231,697;  640,629;19,33932
 207,54;  274,259;  203,236;  645,641;16,05372
 208,14;  296,653;  209,469;  731,897;16,68820
 208,74;  301,698;  211,462;  763,933;16,33330
 209,34;  308,696;  215,617;  836,534;14,99059
 209,94;  336,360;  211,155;  910,089;17,91366
 210,54;  337,579;  221,548;  969,476;15,51365
 211,14;  357,573;  229,308; 1065,378;15,34144
 211,73;  369,359;  226,459; 1139,526;15,65057
 212,33;  396,820;  236,455; 1227,501;16,18138
 212,93;  381,681;  227,461; 1289,222;14,52496
 213,53;  356,745;  188,154; 1314,558;14,96721
 214,13;  402,012;  226,402; 1415,689;14,76596
 214,73;  378,985;  201,853; 1397,602;14,81350
 215,33;  369,052;  184,540; 1424,012;14,88636
 215,93;  421,635;  215,319; 1509,203;15,94548
 216,53;  390,653;  182,999; 1549,701;15,19379
 217,13;  445,768;  229,317; 1754,598;14,19086
 217,73;  458,729;  211,627; 1890,145;14,72143
 218,33;  440,779;  159,788; 2009,520;15,19087
 218,93;  516,008;  200,187; 2222,880;15,61388
 219,53;  562,210;  209,096; 2473,607;15,59339
 220,13;  552,904;  168,253; 2676,562;15,33508
 220,73;  615,300;  183,848; 2897,339;15,90025
 221,32;  665,314;  194,231; 3228,010;15,52793
 221,92;  736,367;  205,637; 3512,262;16,05051
 222,52;  759,166;  185,936; 3850,595;15,64212
 223,12;  822,999;  202,629; 4154,777;15,69704
 223,72;  893,277;  202,552; 4442,479;16,29096
 224,32;  954,518;  218,169; 4695,358;16,44670
 224,92;  959,880;  194,861; 4986,969;15,96414
 225,52; 1055,136;  216,466; 5204,946;16,81213
 226,12; 1054,325;  207,394; 5421,932;16,24172
 226,72; 1066,072;  167,085; 5674,397;16,32350
 227,31; 1125,125;  162,393; 5958,700;16,60940
 227,91; 1232,274;  206,080; 6259,781;16,95151
 228,51; 1253,717;  186,841; 6540,173;16,79239
 229,11; 1312,712;  198,008; 6808,640;16,86229
 229,71; 1351,996;  184,076; 7030,669;17,05840
 230,31; 1407,728;  171,095; 7295,540;17,35760
 230,91; 1444,108;  180,452; 7617,211;16,99202
 231,51; 1496,321;  179,089; 7715,141;17,47908
 232,10; 1532,571;  182,096; 8018,679;17,23296
 232,70; 1581,721;  188,676; 8177,307;17,43783
 233,30; 1638,110;  217,703; 8350,021;17,46620
 233,90; 1667,086;  187,857; 8449,862;17,90400
 234,50; 1675,848;  185,012; 8488,792;17,95370
 235,10; 1698,418;  188,938; 8539,815;18,07571
 235,70; 1751,754;  212,080; 8541,038;18,48579
 236,29; 1740,208;  208,692; 8462,720;18,55478
 236,89; 1711,745;  178,915; 8335,670;18,79216
 237,49; 1754,236;  202,086; 8284,122;19,20493
 238,09; 1710,311;  197,468; 8037,628;19,29607
 238,69; 1732,639;  236,987; 7870,431;19,59341
 239,29; 1669,692;  194,313; 7559,504;20,03178
 239,89; 1622,000;  198,377; 7327,213;19,96992
 240,48; 1567,057;  173,929; 6993,393;20,42870
 241,08; 1544,450;  197,158; 6689,547;20,75187
 241,68; 1519,186;  213,007; 6457,765;20,91641
 242,28; 1452,750;  177,010; 6197,802;21,18890
 242,88; 1459,674;  229,864; 5992,699;21,34037
 243,48; 1418,650;  221,009; 5756,805;21,63449
 244,07; 1383,635;  197,080; 5527,084;22,26181
 244,67; 1389,747;  209,777; 5455,762;22,49281
 245,27; 1348,513;  215,305; 5305,526;22,26245
 245,87; 1360,901;  215,324; 5221,882;22,88152
 246,47; 1349,536;  201,228; 5209,915;22,92633
 247,06; 1340,372;  189,313; 5239,232;22,79362
 247,66; 1359,168;  185,392; 5316,585;22,87530
 248,26; 1431,990;  213,076; 5425,383;23,38532
 248,86; 1456,630;  215,921; 5570,088;23,17278
 249,46; 1443,351;  168,166; 5675,054;23,15619
 250,05; 1533,271;  211,544; 6009,604;22,79601
 250,65; 1605,047;  171,688; 6240,863;23,61703
 251,25; 1678,445;  193,850; 6614,338;23,12277
 251,85; 1762,810;  184,223; 7093,629;22,84694
 252,44; 1858,060;  164,538; 7571,467;22,86401
 253,04; 2029,531;  199,232; 8174,570;22,94948
 253,64; 2108,801;  157,379; 8767,774;22,66355
 254,24; 2272,224;  200,082; 9478,595;22,33269
 254,84; 2445,966;  172,012;10257,439;22,54694
 255,43; 2612,781;  186,462;11031,142;22,37335
 256,03; 2766,249;  198,842;11853,495;22,02903
 256,63; 2973,414;  206,299;12771,742;22,02163
 257,23; 3083,674;  179,915;13544,725;21,72690
 257,82; 3302,996;  201,909;14379,225;21,87358
 258,42; 3371,166;  162,444;15139,603;21,42410
 259,02; 3624,933;  225,001;15947,289;21,62492
 259,62; 3691,891;  188,365;16612,532;21,33153
 260,21; 3796,302;  193,846;17115,046;21,28960
 260,81; 3850,461;  176,701;17634,760;21,04335
 261,41; 3949,938;  171,677;18020,259;21,16841
 262,01; 4026,640;  219,978;18522,165;20,79895
 262,60; 4050,135;  176,915;18934,571;20,64874
 263,20; 4092,531;  181,382;19289,783;20,46822
 263,80; 4133,043;  222,978;19399,422;20,38994
 264,40; 4095,721;  173,979;19628,751;20,15825
 264,99; 4173,748;  200,362;19835,163;20,23645
 265,59; 4156,819;  178,506;20062,065;20,00805
 266,19; 4136,244;  186,901;20270,509;19,66451
 266,78; 4186,878;  231,435;20329,672;19,68055
 267,38; 4170,326;  204,585;20445,829;19,59237
 267,98; 4141,972;  197,050;20384,383;19,54157
 268,58; 4105,764;  206,431;20423,055;19,28775
 269,17; 4117,276;  193,040;20511,147;19,31399
 269,77; 4075,784;  201,220;20362,507;19,21784
 270,37; 4028,151;  167,284;20290,728;19,18591
 270,96; 4011,446;  226,755;20181,184;18,96667
 271,56; 3962,621;  194,915;20013,660;19,01082
 272,16; 3887,501;  185,984;19871,963;18,80281
 272,75; 3861,069;  186,600;19777,177;18,75631
 273,35; 3841,598;  199,371;19738,407;18,64077
 273,95; 3819,885;  190,908;19719,110;18,58326
 274,54; 3801,212;  185,005;19740,631;18,49190
 275,14; 3839,219;  217,064;20026,308;18,28518
 275,74; 3811,075;  180,830;20116,163;18,21010
 276,33; 3892,441;  231,989;20438,846;18,11490
 276,93; 3939,641;  208,700;20738,010;18,17373
 277,53; 4046,486;  199,077;21133,268;18,37859
 278,12; 4083,181;  176,686;21528,804;18,29559
 278,72; 4269,487;  248,460;22106,429;18,39616
 279,32; 4297,488;  191,229;22551,898;18,36376
 279,91; 4425,751;  172,150;23104,134;18,54877
 280,51; 4540,414;  185,616;23531,169;18,65365
 281,11; 4635,805;  193,534;24182,668;18,51784
 281,70; 4705,924;  170,380;24554,707;18,60025
 282,30; 4867,468;  187,068;25101,891;18,78560
 282,90; 4991,509;  193,068;25471,615;18,98227
 283,49; 5117,722;  209,449;25919,417;19,09094
 284,09; 5249,730;  224,610;26278,145;19,28767
 284,69; 5398,637;  230,151;26511,766;19,66578
 285,28; 5445,375;  214,379;26817,597;19,66302
 285,88; 5662,620;  273,369;27067,764;20,11335
 286,47; 5686,231;  200,145;27123,605;20,37660
 287,07; 5817,826;  218,613;27237,735;20,72315
 287,67; 5972,958;  210,701;27300,344;21,27107
 288,26; 6034,602;  186,613;27252,028;21,60687
 288,86; 6238,765;  192,225;27300,806;22,30489
 289,46; 6418,922;  222,535;27496,000;22,71947
 290,05; 6606,167;  187,003;27544,021;23,46441
 290,65; 6808,044;  191,605;27630,259;24,11357
 291,24; 7085,606;  205,768;27853,230;24,88416
 291,84; 7296,491;  204,069;27929,357;25,58106
 292,44; 7488,069;  202,164;28065,074;26,14912
 293,03; 7804,902;  288,229;28195,881;26,93409
 293,63; 7916,332;  202,530;28307,225;27,44667
 294,22; 8141,355;  223,688;28387,324;28,11308
 294,82; 8333,803;  188,518;28425,575;28,84608
 295,41; 8348,001;  172,841;28193,322;29,17566
 296,01; 8530,355;  219,675;28287,726;29,60904
 296,61; 8596,932;  214,460;27993,795;30,17521
 297,20; 8570,508;  198,599;27694,641;30,44769
 297,80; 8673,739;  208,005;27639,821;30,86100
 298,39; 8581,964;  176,146;27317,860;30,97011
 298,99; 8656,392;  220,294;27123,112;31,35768
 299,58; 8622,315;  206,931;27088,830;31,30502
 300,18; 8651,888;  220,543;26797,466;31,72431
 300,78; 8568,035;  194,385;26575,916;31,74058
 301,37; 8571,555;  211,822;26507,070;31,79180
 301,97; 8626,437;  215,612;26593,456;31,88595
 302,56; 8651,872;  194,760;26490,617;32,16138
 303,16; 8596,507;  176,065;26455,659;32,04175
 303,75; 8631,051;  192,617;26478,159;32,10295
 304,35; 8739,018;  187,244;26585,111;32,39570
 304,94; 8760,827;  207,228;26706,435;32,27870
 305,54; 8709,160;  212,846;26657,780;32,12832
 306,13; 8677,816;  167,552;26586,556;32,21266
 306,73; 8609,111;  180,010;26378,951;32,17344
 307,33; 8663,225;  208,624;26409,320;32,26861
 307,92; 8680,233;  203,076;26474,040;32,26816
 308,52; 8763,248;  179,680;26876,137;32,15246
 309,11; 8867,806;  197,059;27248,000;32,05340
 309,71; 8972,882;  176,055;27509,283;32,18364
 310,30; 9034,204;  182,998;27618,826;32,26149
 310,90; 9212,512;  225,537;27993,749;32,36426
 311,49; 9179,613;  198,767;28160,223;32,11867
 312,09; 9145,912;  159,543;28215,855;32,02976
 312,68; 9361,284;  257,693;28657,328;32,05531
 313,28; 9325,156;  164,230;28712,194;32,08960
 313,87; 9355,033;  161,613;28832,961;32,06483
 314,47; 9430,750;  189,676;29113,451;31,94975
 315,06; 9447,599;  166,307;29214,398;31,95147
 315,66; 9470,758;  179,158;29361,855;31,83941
 316,25; 9358,790;  164,528;29280,108;31,57850
 316,85; 9343,201;  157,620;29352,905;31,46255
 317,44; 9394,308;  186,136;29534,562;31,37535
 318,04; 9370,917;  170,222;29532,389;31,33521
 318,63; 9300,430;  169,933;29578,915;31,04663
 319,22; 9353,139;  195,836;29797,747;30,93484
 319,82; 9359,843;  196,455;29891,121;30,85870
 320,41; 9321,706;  196,836;29750,807;30,87527
 321,01; 9276,197;  208,619;29829,089;30,61254
 321,60; 9266,464;  193,225;29950,561;30,49076
 322,20; 9228,161;  174,922;29912,787;30,44347
 322,79; 9212,688;  227,461;30027,131;30,15210
 323,39; 9173,753;  183,628;30205,612;29,94514
 323,98; 9086,852;  176,000;30053,010;29,82511
 324,58; 9068,413;  180,680;30076,409;29,72911
 325,17; 8984,884;  191,451;29827,512;29,67140
 325,76; 8928,193;  212,459;29796,562;29,46087
 326,36; 8811,085;  170,849;29455,889;29,50392
 326,95; 8701,339;  214,533;29256,851;29,22221
 327,55; 8598,927;  177,839;28950,184;29,26799
 328,14; 8459,660;  176,852;28655,813;29,08395
 328,74; 8375,671;  207,529;28357,685;29,01633
 329,33; 8212,938;  198,233;28001,182;28,82681
 329,92; 8040,196;  169,905;27578,517;28,71466
 330,52; 7892,239;  202,391;27071,145;28,62004
 331,11; 7749,245;  188,763;26659,448;28,56172
 331,71; 7583,674;  186,304;26110,904;28,53417
 332,30; 7467,442;  210,305;25744,973;28,42072
 332,89; 7363,654;  247,771;25406,195;28,28430
 333,49; 7192,505;  199,533;24820,277;28,40276
 334,08; 6993,530;  191,224;24576,143;27,89555
 334,68; 6893,335;  190,763;24130,573;27,99760
 335,27; 6772,675;  208,085;23804,817;27,81991
 335,86; 6707,553;  248,533;23590,986;27,67070
 336,46; 6581,296;  195,470;23334,180;27,59802
 337,05; 6498,375;  190,302;23243,981;27,36255
 337,65; 6453,193;  172,916;23123,537;27,36430
 338,24; 6471,971;  234,615;23170,426;27,19483
 338,83; 6410,195;  207,693;23017,364;27,19243
 339,43; 6358,796;  183,990;22994,932;27,06949
 340,02; 6380,069;  191,527;22898,048;27,25447
 340,61; 6353,741;  189,691;22949,126;27,08349
 341,21; 6344,517;  228,298;22993,608;26,86640
 341,80; 6329,430;  189,147;22920,753;27,01210
 342,40; 6351,464;  194,700;23004,928;26,99124
 342,99; 6350,116;  183,848;23084,502;26,92616
 343,58; 6368,784;  182,387;23200,182;26,87658
 344,18; 6392,167;  207,157;23328,944;26,74971
 344,77; 6459,342;  180,219;23705,233;26,69126
 345,36; 6530,954;  173,764;23848,774;26,85190
 345,96; 6589,038;  213,772;24153,803;26,63015
 346,55; 6632,912;  177,090;24409,667;26,64109
 347,14; 6697,037;  185,546;24665,512;26,59927
 347,74; 6795,042;  163,021;25014,474;26,68665
 348,33; 6987,873;  187,943;25613,001;26,74499
 348,92; 7078,492;  202,872;26127,374;26,52170
 349,52; 7211,152;  167,946;26485,427;26,76246
 350,11; 7254,651;  194,526;26767,472;26,56884
 350,70; 7300,937;  182,845;26777,542;26,76508
 351,29; 7238,008;  171,588;26590,436;26,74765
 351,89; 7209,718;  198,443;26669,498;26,48657
 352,48; 7248,363;  157,845;26661,035;26,75345
 353,07; 7246,976;  203,855;26551,755;26,73124
 353,67; 7198,887;  202,796;26569,638;26,53367
 354,26; 7183,280;  192,007;26357,553;26,71938
 354,85; 7122,313;  196,543;26287,028;26,54520
 355,45; 7087,869;  165,300;26074,910;26,71815
 356,04; 7077,052;  183,856;26035,901;26,66403
 356,63; 7090,267;  217,841;25887,445;26,77262
 357,22; 6998,500;  188,284;25684,067;26,71115
 357,82; 6971,194;  197,749;25575,023;26,69099
 358,41; 7015,330;  215,997;25518,235;26,87246
 359,00; 6891,577;  174,451;25263,127;26,77354
 359,60; 6884,959;  189,923;25297,155;26,66577
 360,19; 6898,790;  218,395;25075,980;26,87467
 360,78; 6862,708;  207,378;24984,224;26,86109
 361,37; 6806,678;  184,070;24777,234;26,92865
 361,97; 6793,882;  186,534;24738,514;26,91167
 362,56; 6743,592;  186,603;24484,037;26,98635
 363,15; 6767,910;  254,147;24243,626;27,15258
 363,74; 6617,040;  196,446;23906,963;27,07910
 364,34; 6608,133;  206,759;23626,308;27,33347
 364,93; 6474,800;  186,217;23303,501;27,20295
 365,52; 6382,091;  166,840;22934,755;27,29829
 366,11; 6337,973;  182,067;22673,476;27,37003
 366,71; 6289,216;  180,451;22356,055;27,54723
 367,30; 6216,316;  185,379;22033,539;27,60386
 367,89; 6219,639;  224,851;21824,824;27,75369
 368,48; 6138,749;  202,985;21518,905;27,84663
 369,07; 6032,706;  197,999;21141,542;27,85922
 369,67; 6033,268;  219,909;20889,256;28,12551
 370,26; 5919,031;  182,845;20734,330;27,91129
 370,85; 5908,233;  194,994;20510,791;28,12215
 371,44; 5912,427;  194,611;20207,808;28,57023
 372,03; 5839,068;  178,759;20081,656;28,43963
 372,63; 5772,705;  158,764;19817,902;28,55640
 373,22; 5749,654;  186,383;19522,554;28,77132
 373,81; 5652,298;  167,379;19288,135;28,68568
 374,40; 5637,980;  191,083;19059,700;28,86749
 374,99; 5589,928;  187,531;18840,191;28,96315
 375,59; 5536,366;  173,236;18550,554;29,18342
 376,18; 5576,726;  211,916;18469,943;29,38329
 376,77; 5527,567;  204,689;18300,759;29,41456
 377,36; 5516,583;  228,609;18219,592;29,39235
 377,95; 5505,387;  198,067;18053,613;29,72365
 378,55; 5475,812;  184,388;17895,089;29,87699
 379,14; 5493,725;  204,071;17767,705;30,11708
 379,73; 5464,711;  195,298;17690,555;30,11909
 380,32; 5508,663;  199,611;17766,247;30,22236
 380,91; 5509,725;  164,755;17609,970;30,63860
 381,50; 5513,254;  198,372;17563,585;30,60649
 382,10; 5502,432;  188,765;17476,863;30,73598
 382,69; 5521,536;  174,455;17450,659;30,95055
 383,28; 5586,158;  216,450;17362,704;31,31709
 383,87; 5536,596;  182,219;17265,777;31,34228
 384,46; 5558,223;  164,518;17255,544;31,55869
 385,05; 5632,935;  214,987;17254,467;31,79644
 385,64; 5632,588;  198,220;17195,168;31,97261
 386,24; 5629,821;  168,826;17099,217;32,25558
 386,83; 5727,367;  208,901;17211,441;32,45672
 387,42; 5781,759;  201,682;17266,572;32,69917
 388,01; 5823,875;  198,663;17429,401;32,64638
 388,60; 5929,831;  201,827;17664,243;32,80190
 389,19; 5998,563;  178,192;17864,311;32,90926
 389,78; 6138,909;  182,040;18052,781;33,33308
 390,37; 6340,158;  259,822;18453,798;33,41950
 390,96; 6411,201;  199,364;18560,701;33,83107
 391,56; 6468,271;  199,650;18717,151;33,85242
 392,15; 6546,699;  190,658;18977,386;33,83261
 392,74; 6656,130;  161,637;19111,362;34,27223
 393,33; 6803,179;  193,187;19398,293;34,41789
 393,92; 6957,843;  193,707;19700,617;34,67559
 394,51; 7028,404;  175,341;19822,392;34,88088
 395,10; 7183,816;  218,765;19999,641;35,21104
 395,69; 7266,741;  206,845;20137,443;35,42240
 396,28; 7301,732;  216,911;20258,067;35,35136
 396,87; 7394,779;  210,125;20373,845;35,63159
 397,46; 7518,446;  215,959;20493,534;36,01262
 398,06; 7600,265;  225,483;20622,499;36,15618
 398,65; 7612,288;  208,757;20636,641;36,24228
 399,24; 7739,202;  219,366;20796,444;36,54472
 399,83; 7765,231;  187,238;20856,256;36,66354
 400,42; 7870,140;  240,577;21012,739;36,72975
 401,01; 7884,230;  215,524;21087,386;36,74184
 401,60; 8004,754;  223,145;21138,279;37,20563
 402,19; 7997,600;  233,166;21078,168;37,24842
 402,78; 8044,430;  249,617;21127,738;37,33484
 403,37; 8059,071;  218,919;20935,742;37,84437
 403,96; 8079,712;  231,669;20779,155;38,19467
 404,55; 8036,837;  238,637;20751,190;38,01672
 405,14; 8064,818;  205,924;20620,601;38,49629
 405,73; 8065,272;  236,656;20497,890;38,63839
 406,32; 8105,875;  238,578;20450,859;38,92335
 406,91; 8044,933;  235,874;20268,697;38,98132
 407,50; 8017,587;  241,828;20153,636;39,05099
 408,09; 7974,188;  210,334;19893,949;39,44323
 408,68; 7967,030;  232,157;19816,876;39,49443
 409,27; 7928,705;  215,571;19595,694;39,79920
 409,86; 7897,184;  228,948;19514,892;39,76075
 410,45; 7914,097;  267,392;19435,618;39,89261
 411,04; 7913,962;  268,759;19411,397;39,93808
 411,63; 7842,192;  245,684;19123,996;40,23934
 412,22; 7872,556;  258,831;18952,364;40,72919
 412,81; 7797,108;  258,318;18779,386;40,70386
 413,40; 7756,525;  260,273;18463,100;41,18180
 413,99; 7692,586;  312,186;18207,738;41,24153
 414,58; 7553,518;  237,039;17843,012;41,55680
 415,17; 7447,385;  254,626;17692,703;41,24744
 415,76; 7438,932;  236,598;17545,422;41,61076
 416,35; 7400,623;  233,227;17356,860;41,85675
 416,94; 7418,421;  269,219;17355,646;41,84141
 417,53; 7514,619;  246,858;17606,897;41,86489
 418,12; 7591,243;  249,480;17644,479;42,20617
 418,71; 7740,689;  261,043;17986,133;42,19807
 419,30; 7773,778;  238,406;18005,533;42,41188
 419,89; 7903,569;  228,412;18178,779;42,75767
 420,48; 8034,364;  269,428;18472,722;42,65676
 421,07; 8089,812;  254,741;18550,845;42,82371
 421,66; 8101,655;  229,987;18514,429;43,05118
 422,25; 8144,670;  240,476;18497,099;43,29494
 422,84; 8145,958;  266,174;18497,313;43,22157
 423,43; 8143,839;  245,777;18308,137;43,72663
 424,02; 8027,672;  270,167;18092,491;43,52690
 424,60; 7876,679;  244,509;17609,339;43,95188
 425,19; 7837,850;  257,799;17462,204;44,05878
 425,78; 7779,410;  259,955;17419,886;43,81985
 426,37; 7775,453;  266,274;17259,831;44,18838
 426,96; 7711,961;  250,505;17090,302;44,30847
 427,55; 7685,391;  241,755;17017,382;44,37173
 428,14; 7623,367;  234,533;16879,419;44,39102
 428,73; 7615,359;  242,748;16650,264;44,93435
 429,32; 7619,035;  265,273;16662,877;44,84656
 429,91; 7643,447;  276,749;16661,836;44,95977
 430,50; 7574,451;  259,758;16514,311;45,00089
 431,08; 7540,355;  258,845;16352,858;45,24360
 431,67; 7546,615;  305,470;16345,268;45,14486
 432,26; 7508,461;  329,555;16180,310;45,29062
 432,85; 7364,045;  333,245;15898,595;45,16956
 433,44; 7286,382;  345,488;15564,569;45,60653
 434,03; 7198,080;  349,583;15259,863;45,93138
 434,62; 6972,250;  316,797;14931,104;45,54067
 435,21; 6952,942;  326,246;14753,191;45,93277
 435,79; 6890,444;  330,807;14661,855;45,77221
 436,38; 6885,367;  333,516;14506,325;46,22832
 436,97; 6836,956;  316,519;14432,759;46,19103
 437,56; 6765,352;  313,775;14244,313;46,31248
 438,15; 6729,770;  295,768;14219,147;46,21006
 438,74; 6778,624;  313,232;14148,550;46,73107
 439,33; 6770,002;  293,229;14180,539;46,63807
 439,91; 6805,927;  268,471;14231,229;46,82066
 440,50; 6866,446;  312,626;14286,734;46,89974
 441,09; 6905,669;  312,641;14376,108;46,88053
 441,68; 6909,536;  283,733;14340,004;47,13770
 442,27; 6905,319;  258,419;14375,504;47,08409
 442,86; 6882,275;  255,297;14364,834;46,96808
 443,44; 6951,178;  267,444;14369,365;47,39591
 444,03; 7070,316;  354,451;14469,857;47,57826
 444,62; 6966,535;  274,990;14353,817;47,52914
 445,21; 6946,292;  282,678;14146,289;48,06550
 445,80; 6908,629;  319,003;14134,127;47,69864
 446,39; 6847,769;  337,693;13924,745;47,91382
 446,97; 6702,978;  277,405;13697,551;47,88006
 447,56; 6613,041;  270,189;13550,324;47,76195
 448,15; 6588,458;  270,020;13335,577;48,35950
 448,74; 6465,722;  294,483;13213,992;47,76682
 449,33; 6432,471;  276,263;13066,916;48,13052
 449,91; 6378,145;  271,973;12833,667;48,60946
 450,50; 6272,280;  273,123;12610,616;48,62542
 451,09; 6283,348;  297,356;12567,923;48,78334
 451,68; 6248,628;  316,901;12512,451;48,63845
 452,26; 6207,772;  308,601;12451,768;48,58017
 452,85; 6120,707;  277,981;12334,253;48,46213
 453,44; 6190,788;  293,927;12352,326;48,90252
 454,03; 6118,511;  270,529;12310,949;48,56958
 454,61; 6136,543;  259,775;12317,578;48,73830
 455,20; 6251,941;  288,629;12445,746;49,05202
 455,79; 6272,451;  310,231;12439,780;49,15451
 456,38; 6297,823;  314,257;12505,552;49,08065
 456,97; 6327,592;  279,022;12522,450;49,40258
 457,55; 6327,057;  285,186;12567,924;49,18994
 458,14; 6332,963;  313,327;12592,761;49,02210
 458,73; 6301,197;  294,649;12528,638;49,09722
 459,31; 6340,426;  319,278;12473,229;49,54067
 459,90; 6413,579;  349,117;12643,486;49,32715
 460,49; 6479,638;  400,036;12683,135;49,49567
 461,08; 6451,222;  293,516;12746,522;49,44754
 461,66; 6500,694;  311,355;12823,436;49,46690
 462,25; 6562,361;  306,215;12877,176;49,76665
 462,84; 6592,208;  322,825;12931,928;49,72108
 463,43; 6553,553;  263,230;12869,014;49,90029
 464,01; 6573,851;  300,622;12926,646;49,68491
 464,60; 6626,513;  347,840;12897,896;50,02904
 465,19; 6431,822;  281,626;12640,527;49,76329
 465,77; 6464,581;  295,864;12610,536;50,09241
 466,36; 6442,103;  325,769;12550,362;50,03303
 466,95; 6314,662;  301,309;12293,583;50,14356
 467,53; 6200,131;  304,719;12035,312;50,25673
 468,12; 6090,134;  336,105;11752,659;50,40075
 468,71; 5968,754;  313,858;11643,245;49,91352
 469,29; 5880,025;  282,954;11378,346;50,44500
 469,88; 5763,614;  303,960;11143,652;50,36724
 470,47; 5863,259;  355,588;11224,241;50,67483
 471,06; 5802,388;  321,281;11254,536;50,13243
 471,64; 5829,476;  319,200;11284,244;50,25311
 472,23; 5821,647;  292,919;11278,622;50,32658
 472,81; 5897,416;  285,368;11343,323;50,75123
 473,40; 5942,203;  299,458;11486,102;50,44180
 473,99; 6124,611;  413,381;11748,645;50,38462
 474,57; 6067,843;  296,149;11798,268;50,17939
 475,16; 6158,755;  315,601;11923,885;50,33607
 475,75; 6278,155;  339,544;12057,435;50,67986
 476,33; 6280,726;  333,170;12091,432;50,58194
 476,92; 6292,164;  336,922;12165,496;50,34624
 477,51; 6356,727;  330,934;12189,260;50,81487
 478,09; 6387,620;  333,242;12269,654;50,72192
 478,68; 6393,283;  334,246;12203,151;51,04967
 479,27; 6409,118;  356,467;12234,690;50,95586
 479,85; 6344,089;  320,399;12195,204;50,72664
 480,44; 6391,466;  326,789;12298,005;50,66050
 481,02; 6886,318;  331,798;13413,795;50,10336
 481,61; 7781,601;  357,717;15182,380;50,07793
 482,20; 8461,223;  338,798;16240,922;51,07761
 482,78; 8819,576;  367,941;17006,318;50,79603
 483,37; 9086,571;  367,043;17398,314;51,19717
 483,95; 9286,602;  379,661;17674,875;51,49946
 484,54; 9381,385;  396,408;17882,667;51,38307
 485,13; 9303,054;  367,288;17786,909;51,29713
 485,71; 9227,930;  338,514;17598,029;51,50443
 486,30; 9150,823;  375,284;17381,423;51,60218
 486,88; 9052,606;  429,825;17060,881;51,84746
 487,47; 8703,004;  395,059;16442,339;51,77167
 488,05; 8353,162;  379,064;15657,027;52,19347
 488,64; 7781,065;  390,459;14677,259;51,73031
 489,23; 7040,206;  388,067;13084,321;52,39450
 489,81; 5986,551;  392,378;11198,707;51,76756
 490,40; 5578,565;  349,688;10533,634;51,34431
 490,98; 5466,926;  327,769;10288,186;51,59580
 491,57; 5419,772;  365,146;10244,758;51,16219
 492,15; 5356,563;  337,233;10192,175;50,93211
 492,74; 5339,108;  337,604;10155,486;50,94280
 493,32; 5330,300;  359,307;10022,383;51,44317
 493,91; 5247,591;  335,007; 9935,330;51,17103
 494,50; 5221,873;  339,180; 9968,010;50,70910
 495,08; 5162,862;  319,409; 9834,592;50,90236
 495,67; 5216,374;  348,006; 9843,693;51,26926
 496,25; 5142,289;  285,478; 9699,658;51,59037
 496,84; 5134,298;  305,312; 9702,085;51,38983
 497,42; 5090,727;  304,481; 9685,986;51,01789
 498,01; 5088,425;  335,930; 9634,058;51,11239
 498,59; 5054,021;  301,329; 9556,546;51,35149
 499,18; 5010,264;  280,855; 9491,296;51,34835
 499,76; 5012,040;  326,709; 9478,555;51,19547
 500,35; 4899,269;  303,031; 9312,453;51,01590
 500,93; 4896,521;  301,327; 9240,306;51,40625
 501,52; 4901,193;  299,560; 9194,572;51,73274
 502,10; 4843,708;  318,576; 9152,037;51,22717
 502,69; 4780,037;  300,891; 9029,198;51,31746
 503,27; 4684,233;  279,257; 8861,306;51,32779
 503,86; 4655,224;  288,503; 8797,288;51,32014
 504,44; 4587,582;  272,971; 8708,286;51,14938
 505,03; 4473,363;  252,817; 8508,634;51,12209
 505,61; 4464,035;  276,661; 8425,575;51,38567
 506,19; 4411,411;  296,817; 8268,267;51,61664
 506,78; 4292,079;  274,907; 8076,315;51,49290
 507,36; 4233,098;  280,970; 7987,981;51,27965
 507,95; 4160,721;  284,760; 7814,231;51,47721
 508,53; 4103,316;  282,446; 7747,608;51,18268
 509,12; 4013,949;  282,373; 7590,498;51,06065
 509,70; 3994,536;  300,607; 7523,310;51,14331
 510,29; 3932,450;  323,768; 7383,942;51,11322
 510,87; 3806,446;  283,138; 7199,757;50,93975
 511,46; 3722,821;  276,371; 7061,749;50,79230
 512,04; 3678,432;  279,225; 6948,436;50,96866
 512,62; 3593,637;  288,372; 6838,605;50,46027
 513,21; 3525,810;  269,461; 6689,776;50,71946
 513,79; 3465,550;  273,636; 6539,972;50,93749
 514,38; 3367,927;  259,705; 6423,167;50,42981
 514,96; 3360,308;  304,550; 6355,043;50,50428
 515,54; 3282,988;  261,939; 6225,250;50,66059
 516,13; 3232,565;  289,325; 6182,036;49,94714
 516,71; 3166,766;  270,488; 6008,011;50,47960
 517,30; 3079,768;  254,496; 5922,215;49,84849
 517,88; 3087,508;  286,110; 5885,770;50,02800
 518,46; 2979,905;  264,422; 5762,144;49,39288
 519,05; 2949,394;  272,120; 5726,291;49,08672
 519,63; 2952,588;  270,656; 5687,597;49,51008
 520,22; 2926,321;  288,130; 5642,304;49,27354
 520,80; 2858,083;  273,901; 5538,618;49,08492
 521,38; 2903,759;  313,968; 5568,410;49,28765
 521,97; 2810,110;  266,753; 5485,150;48,73828
 522,55; 2832,921;  274,753; 5459,027;49,34477
 523,13; 2822,098;  268,219; 5458,972;49,20054
 523,72; 2788,338;  274,729; 5441,238;48,65198
 524,30; 2871,120;  308,071; 5573,295;48,67881
 524,89; 2837,410;  249,908; 5574,926;48,59143
 525,47; 2912,601;  283,997; 5666,969;48,83184
 526,05; 2904,268;  255,383; 5674,180;48,88326
 526,64; 2971,333;  293,156; 5810,242;48,54334
 527,22; 3014,004;  276,996; 5914,534;48,54970
 527,80; 3054,577;  329,078; 6016,213;47,92394
 528,39; 3070,931;  276,468; 6128,932;47,74849
 528,97; 3133,911;  274,234; 6225,796;48,04918
 529,55; 3205,352;  285,450; 6379,362;47,91507
 530,14; 3315,554;  307,317; 6543,020;48,24214
 530,72; 3332,574;  271,388; 6616,652;48,24363
 531,30; 3393,085;  263,626; 6770,719;48,09303
 531,89; 3411,061;  281,934; 6826,791;47,81047
 532,47; 3472,802;  317,168; 6933,295;47,69610
 533,05; 3468,299;  305,385; 6997,434;47,26376
 533,63; 3478,427;  313,631; 6987,628;47,41980
 534,22; 3485,231;  282,247; 7078,289;47,13015
 534,80; 3537,876;  312,333; 7062,469;47,78486
 535,38; 3613,189;  395,474; 7241,848;46,99882
 535,97; 3520,873;  293,168; 7128,232;47,22274
 536,55; 3556,957;  351,565; 7245,824;46,49364
 537,13; 3530,098;  348,548; 7246,844;46,12080
 537,71; 3539,644;  387,393; 7261,991;45,85359
 538,30; 3572,138;  398,019; 7326,295;45,81398
 538,88; 3599,433;  438,572; 7411,922;45,32772
 539,46; 3655,148;  492,025; 7570,423;44,68700
 540,05; 3686,561;  502,722; 7642,116;44,59537
 540,63; 3771,259;  548,184; 7865,556;44,04689
 541,21; 3821,807;  584,574; 7964,837;43,86338
 541,79; 3865,707;  604,651; 8079,602;43,62645
 542,38; 3898,261;  632,259; 8208,878;43,10632
 542,96; 3981,519;  653,197; 8359,145;43,19160
 543,54; 4044,596;  680,573; 8532,256;42,84461
 544,12; 4074,628;  639,730; 8665,817;42,79667
 544,70; 4120,506;  621,121; 8719,558;43,21063
 545,29; 4178,551;  637,952; 8871,852;43,00026
 545,87; 4195,015;  624,267; 8862,217;43,34510
 546,45; 4170,002;  571,105; 8906,742;43,17483
 547,03; 4131,551;  557,264; 8973,646;42,46822
 547,62; 4186,664;  522,498; 9106,178;42,68759
 548,20; 4278,692;  523,734; 9180,871;43,37413
 548,78; 4273,809;  470,984; 9295,665;43,09306
 549,36; 4312,711;  466,059; 9464,290;42,74898
 549,94; 4353,341;  410,039; 9535,576;43,21172
 550,53; 4420,467;  426,594; 9788,909;42,65902
 551,11; 4458,532;  391,295; 9900,834;42,77007
 551,69; 4550,771;  407,904;10197,041;42,32106
 552,27; 4594,419;  350,206;10408,567;42,19587
 552,85; 4724,331;  368,910;10748,132;41,96288
 553,44; 4806,327;  372,289;10951,144;41,91416
 554,02; 4954,726;  388,753;11263,525;41,98683
 554,60; 5010,512;  328,296;11506,415;41,88734
 555,18; 5172,841;  349,674;11870,363;41,86527
 555,76; 5280,045;  347,446;12109,951;41,93494
 556,34; 5405,538;  353,226;12480,324;41,66135
 556,93; 5544,420;  342,905;12777,771;41,83008
 557,51; 5600,455;  317,842;13084,107;41,37947
 558,09; 5738,462;  352,982;13410,418;41,24454
 558,67; 5871,950;  335,078;13798,625;41,12491
 559,25; 5962,263;  349,613;13959,655;41,23903
 559,83; 6037,938;  338,006;14293,909;40,84244
 560,41; 6155,654;  322,608;14516,084;41,09667
 561,00; 6241,897;  332,848;14828,245;40,76500
 561,58; 6284,844;  320,223;15079,368;40,41305
 562,16; 6349,413;  331,757;15335,880;40,10669
 562,74; 6449,145;  302,215;15613,263;40,14703
 563,32; 6572,660;  303,544;15972,823;40,00896
 563,90; 6676,577;  333,771;16341,127;39,62432
 564,48; 6793,770;  331,145;16693,153;39,49775
 565,06; 6944,520;  331,847;17211,007;39,17655
 565,65; 7197,677;  325,246;17793,346;39,34275
 566,23; 7401,086;  379,694;18389,521;38,98645
 566,81; 7599,985;  315,690;18996,107;38,99428
 567,39; 7836,095;  335,316;19804,026;38,52735
 567,97; 8057,586;  352,538;20317,282;38,59327
 568,55; 8354,489;  360,775;21009,957;38,71202
 569,13; 8538,541;  330,387;21647,612;38,50480
 569,71; 8795,059;  323,756;22400,409;38,37222
 570,29; 9142,823;  365,828;23327,182;38,22508
 570,87; 9333,818;  371,985;23935,767;38,03223
 571,45; 9501,395;  359,001;24428,606;37,98315
 572,03; 9593,293;  323,087;24853,943;37,78998
 572,61; 9757,508;  331,082;25450,138;37,52699
 573,20; 9962,318;  344,381;26139,742;37,28553
 573,78;10147,672;  319,621;26708,325;37,24340
 574,36;10248,699;  338,619;27108,506;37,01951
 574,94;10420,876;  405,551;27449,476;37,03355
 575,52;10379,387;  353,485;27645,023;36,73630
 576,10;10520,464;  398,019;28039,620;36,62033
 576,68;10697,104;  381,318;28622,898;36,52695
 577,26;10818,895;  402,721;29190,050;36,18319
 577,84;10899,698;  397,158;29650,114;35,90249
 578,42;10977,221;  457,554;29946,016;35,67384
 579,00;10958,453;  403,391;29943,058;35,73183
 579,58;11005,474;  450,397;30223,681;35,45150
 580,16;10867,231;  413,094;30249,042;35,03873
 580,74;10849,933;  418,787;30444,152;34,74111
 581,32;10841,424;  412,091;30498,733;34,66433
 581,90;10729,864;  435,632;30401,376;34,35333
 582,48;10742,704;  412,863;30496,467;34,33711
 583,06;10682,017;  419,167;30621,582;33,98023
 583,64;10708,084;  423,858;30735,702;33,92808
 584,22;10556,336;  433,949;30613,298;33,54077
 584,80;10405,369;  442,400;30388,107;33,27011
 585,38;10240,817;  450,687;30007,495;33,12310
 585,96;10222,924;  413,469;30018,699;33,13420
 586,54;10212,038;  442,332;30063,222;32,98249
 587,12;10126,966;  405,020;30251,414;32,57327
 587,70;10152,704;  443,701;30345,886;32,46921
 588,28;10072,073;  418,712;30312,712;32,29197
 588,86;10064,662;  421,637;30467,146;32,09473
 589,44;10020,112;  408,957;30493,173;31,94750
 590,02;10060,768;  417,493;30671,402;31,87448
 590,59; 9982,440;  399,562;30822,556;31,49880
 591,17;10033,794;  407,585;31054,046;31,41051
 591,75; 9961,739;  381,424;31076,923;31,21081
 592,33; 9975,270;  395,343;31267,066;31,03140
 592,91;10010,395;  347,043;31531,203;30,98802
 593,49;10064,453;  363,049;31783,725;30,87586
 594,07;10086,778;  378,434;31958,598;30,74191
 594,65;10055,929;  404,025;31987,686;30,55980
 595,23;10054,378;  390,646;32329,116;30,25734
 595,81;10055,533;  370,572;32459,149;30,18196
 596,39;10041,059;  369,111;32497,639;30,10392
 596,97;10039,295;  365,966;32645,890;29,96701
 597,55;10003,239;  369,951;32691,334;29,80469
 598,12; 9919,531;  351,898;32612,219;29,65759
 598,70; 9854,860;  350,122;32803,474;29,28738
 599,28; 9883,511;  364,969;32862,904;29,28968
 599,86; 9844,281;  360,122;32915,758;29,13216
 600,44; 9798,407;  331,587;33037,184;28,94557
 601,02; 9811,464;  377,139;33020,826;28,90092
 601,60; 9738,182;  355,962;33006,281;28,73546
 602,18; 9665,544;  332,744;33049,806;28,52579
 602,75; 9640,138;  343,340;33109,962;28,37277
 603,33; 9596,919;  358,969;33127,909;28,19118
 603,91; 9526,347;  338,134;33133,246;28,01702
 604,49; 9522,486;  360,046;33224,969;27,87908
 605,07; 9420,692;  378,039;33230,914;27,52469
 605,65; 9462,653;  374,819;33248,965;27,64432
 606,23; 9400,797;  431,407;33476,889;27,14256
 606,80; 9367,961;  474,417;33416,572;26,99746
 607,38; 9265,699;  516,978;33518,600;26,50997
 607,96; 9299,979;  556,648;33506,445;26,53531
 608,54; 9261,014;  622,280;33558,960;26,22831
 609,12; 9220,534;  628,417;33625,156;26,03929
 609,70; 9176,572;  656,044;33647,739;25,82628
 610,27; 9147,152;  675,339;33675,248;25,67223
 610,85; 9173,070;  685,659;33716,330;25,69554
 611,43; 9047,617;  686,892;33632,279;25,37753
 612,01; 8895,919;  648,191;33568,405;25,05369
 612,59; 8879,252;  644,967;33567,852;25,01082
 613,16; 8823,591;  609,565;33459,918;25,00438
 613,74; 8702,415;  578,892;33408,954;24,74416
 614,32; 8646,955;  554,281;33422,056;24,62191
 614,90; 8551,541;  502,502;33273,877;24,56119
 615,48; 8450,789;  471,259;33054,221;24,48989
 616,05; 8380,717;  438,179;32926,097;24,44767
 616,63; 8307,568;  443,637;32834,665;24,27811
 617,21; 8261,371;  429,108;32742,823;24,23820
 617,79; 8145,567;  418,881;32679,879;23,95055
 618,36; 8115,361;  428,500;32573,986;23,91272
 618,94; 7939,450;  363,952;32275,992;23,73868
 619,52; 7933,507;  387,561;32069,831;23,81757
 620,10; 7832,362;  378,418;32049,207;23,53571
 620,67; 7724,757;  388,868;31949,480;23,24381
 621,25; 7736,863;  406,885;31821,933;23,33270
 621,83; 7617,078;  384,029;31799,033;23,02418
 622,41; 7617,960;  426,567;31726,240;22,97594
 622,98; 7515,663;  388,713;31547,692;22,87286
 623,56; 7477,085;  404,712;31554,060;22,70472
 624,14; 7402,923;  374,043;31362,247;22,68244
 624,72; 7311,261;  371,875;31258,023;22,46763
 625,29; 7311,274;  350,635;31386,490;22,42773
 625,87; 7283,668;  408,342;31330,961;22,23397
 626,45; 7195,733;  357,402;31101,220;22,24294
 627,02; 7118,590;  362,036;31175,184;21,92750
 627,60; 7080,040;  344,894;31019,903;21,95646
 628,18; 7056,688;  338,956;31175,387;21,78505
 628,76; 7030,827;  339,868;31230,110;21,66043
 629,33; 7011,318;  368,796;31201,272;21,54392
 629,91; 6954,132;  359,341;31118,361;21,44019
 630,49; 6947,581;  365,409;31239,431;21,31945
 631,06; 6956,927;  359,254;31299,876;21,32366
 631,64; 6929,359;  358,788;31355,099;21,19791
 632,22; 6852,359;  330,322;31264,697;21,08346
 632,79; 6912,779;  346,629;31474,896;21,09385
 633,37; 6892,989;  321,807;31596,496;21,01118
 633,95; 6832,189;  342,017;31637,780;20,73818
 634,52; 6812,972;  324,644;31690,973;20,68565
 635,10; 6781,766;  320,724;31667,549;20,61147
 635,68; 6775,448;  330,091;31915,276;20,40627
 636,25; 6739,114;  317,238;31834,906;20,37548
 636,83; 6742,520;  302,945;32052,341;20,28251
 637,41; 6724,557;  332,474;32104,205;20,11878
 637,98; 6765,954;  348,319;32258,561;20,11152
 638,56; 6739,537;  322,389;32377,897;20,01886
 639,13; 6660,788;  304,251;32338,478;19,84295
 639,71; 6760,447;  372,869;32592,004;19,82542
 640,29; 6555,840;  281,716;32365,494;19,55544
 640,86; 6629,369;  302,716;32565,116;19,60999
 641,44; 6576,822;  299,640;32562,892;19,45614
 642,02; 6572,275;  340,178;32522,360;19,36505
 642,59; 6558,728;  308,794;32650,213;19,32486
 643,17; 6491,874;  297,333;32690,374;19,12306
 643,74; 6490,942;  303,949;32609,919;19,15124
 644,32; 6429,856;  336,180;32589,080;18,89342
 644,89; 6398,156;  323,488;32565,702;18,84073
 645,47; 6456,839;  334,104;32622,478;18,96266
 646,05; 6393,138;  335,719;32581,101;18,78538
 646,62; 6309,053;  317,028;32513,338;18,61091
 647,20; 6325,275;  320,413;32730,345;18,52785
 647,77; 6286,574;  286,567;32492,967;18,62986
 648,35; 6237,719;  289,721;32429,974;18,50638
 648,92; 6213,557;  316,106;32526,289;18,30928
 649,50; 6168,548;  282,029;32395,450;18,33040
 650,08; 6093,540;  268,184;32366,533;18,14846
 650,65; 6144,223;  294,722;32543,771;18,13852
 651,23; 6176,830;  281,415;33137,470;17,94316
 651,80; 6357,745;  275,108;34054,631;18,00688
 652,38; 6417,736;  288,339;34323,022;18,00927
 652,95; 6451,497;  264,955;34635,568;17,99951
 653,53; 6456,027;  303,340;34898,728;17,78470
 654,10; 6550,018;  329,494;35072,581;17,90435
 654,68; 6455,010;  278,725;34911,204;17,83379
 655,25; 6443,693;  276,187;35018,441;17,75218
 655,83; 6398,531;  272,264;35090,602;17,59494
 656,40; 6436,215;  310,649;35009,532;17,65349
 656,98; 6376,898;  284,265;34912,923;17,59419
 657,55; 6309,044;  287,035;34826,853;17,43498
 658,13; 6278,266;  296,881;34522,168;17,47651
 658,70; 6208,796;  317,035;34403,867;17,28456
 659,28; 6057,402;  288,882;33560,951;17,33743
 659,85; 5944,548;  308,267;32841,573;17,32465
 660,43; 5909,154;  306,960;32853,041;17,21312
 661,00; 5890,915;  281,729;32952,510;17,16881
 661,58; 5882,599;  273,345;33228,824;17,02070
 662,15; 5904,052;  275,422;33454,677;16,96430
 662,73; 6016,428;  356,884;33745,761;16,95039
 663,30; 5979,958;  291,808;33857,691;16,94622
 663,88; 5954,103;  292,731;33903,083;16,84413
 664,45; 5976,248;  285,347;34175,397;16,79225
 665,03; 6017,778;  288,040;34530,019;16,73308
 665,60; 6177,769;  396,886;34964,488;16,72341
 666,17; 6067,915;  294,810;34975,495;16,64646
 666,75; 6087,522;  289,733;35309,655;16,55569
 667,32; 6211,590;  312,656;35575,047;16,72868
 667,90; 6182,735;  294,195;35801,361;16,58409
 668,47; 6214,727;  311,042;35999,445;16,54231
 669,05; 6232,718;  292,658;36347,067;16,47527
 669,62; 6204,017;  265,889;36383,151;16,44125
 670,19; 6245,547;  263,505;36453,619;16,52949
 670,77; 6286,077;  288,505;36581,165;16,52558
 671,34; 6193,530;  286,428;36534,941;16,29612
 671,92; 6287,444;  273,506;36886,332;16,42577
 672,49; 6242,513;  295,814;36856,339;16,26535
 673,06; 6227,427;  251,583;36952,500;16,28255
 673,64; 6240,342;  272,045;36951,738;16,27139
 674,21; 6193,256;  274,123;36813,514;16,19932
 674,79; 6272,478;  296,738;37093,982;16,23964
 675,36; 6293,777;  291,893;37220,450;16,25269
 675,93; 6177,384;  265,047;37085,227;16,05733
 676,51; 6311,068;  286,355;37235,003;16,30564
 677,08; 6296,905;  291,355;37252,779;16,24816
 677,65; 6263,128;  284,663;37355,401;16,12718
 678,23; 6299,811;  289,356;37561,331;16,12594
 678,80; 6281,726;  268,510;37709,338;16,06058
 679,38; 6317,102;  285,818;37781,422;16,08531
 679,95; 6360,786;  303,434;37963,659;16,08421
 680,52; 6351,546;  276,434;38211,204;16,01463
 681,10; 6452,307;  298,050;38670,288;16,03831
 681,67; 6466,452;  292,435;38820,603;16,02468
 682,24; 6424,674;  263,666;38932,148;15,93289
 682,82; 6478,281;  275,513;39466,463;15,82704
 683,39; 6616,273;  324,129;39703,239;15,97838
 683,96; 6583,110;  275,283;39872,246;15,93008
 684,54; 6645,255;  268,283;40194,483;15,97190
 685,11; 6726,170;  313,591;40477,798;15,96590
 685,68; 6743,546;  282,207;40934,728;15,89407
 686,25; 6734,153;  261,438;40875,581;15,93710
 686,83; 6766,067;  280,746;41017,126;15,92022
 687,40; 6825,982;  264,208;41466,594;15,92571
 687,97; 6926,588;  301,978;41810,524;15,95963
 688,55; 6869,041;  257,824;41807,762;15,91150
 689,12; 6893,879;  248,517;42017,923;15,90964
 689,69; 6895,870;  257,440;42093,930;15,86756
 690,26; 6949,016;  281,133;42157,706;15,92270
 690,84; 6975,622;  264,057;42381,943;15,93519
 691,41; 7030,998;  289,134;42524,258;15,96270
 691,98; 7088,836;  281,903;42827,957;15,99898
 692,56; 7076,212;  274,058;42806,502;15,99286
 693,13; 7142,203;  330,673;42714,432;16,07109
 693,70; 7143,964;  292,212;42904,285;16,07937
 694,27; 7168,032;  272,367;42973,677;16,14860
 694,84; 7153,408;  271,521;43106,991;16,06586
 695,42; 7322,477;  400,983;43370,460;16,10793
 695,99; 7267,930;  280,906;43445,313;16,18700
 696,56; 7223,690;  278,983;43232,704;16,16788
 697,13; 7303,374;  299,676;43615,326;16,16898
 697,71; 7285,904;  283,292;43615,026;16,16047
 698,28; 7355,280;  273,985;43863,032;16,24558
 698,85; 7313,656;  248,062;43878,193;16,19430
 699,42; 7344,263;  254,216;44076,046;16,17926
 699,99; 7388,716;  296,601;44189,284;16,15785
 700,57; 7413,707;  288,063;44125,983;16,25452
 701,14; 7443,852;  274,294;44322,221;16,27672
 701,71; 7499,459;  299,987;44557,458;16,26725
 702,28; 7482,143;  275,603;44645,773;16,24186
 702,85; 7490,750;  283,295;44649,780;16,24527
 703,43; 7565,972;  295,219;44844,863;16,32056
 704,00; 7626,656;  325,527;45020,947;16,33530
 704,57; 7562,339;  304,758;45102,493;16,20078
 705,14; 7673,331;  320,451;45352,730;16,32802
 705,71; 7679,707;  326,759;45290,429;16,35309
 706,28; 7684,006;  302,913;45240,205;16,42532
 706,86; 7759,690;  327,529;45448,674;16,47157
 707,43; 7789,912;  353,760;45320,450;16,53702
 708,00; 7769,596;  334,606;45440,303;16,48348
 708,57; 7733,510;  291,453;45358,156;16,51343
 709,14; 7800,732;  331,761;45527,855;16,52570
 709,71; 7806,647;  299,300;45504,016;16,60744
 710,28; 7905,484;  298,377;45703,253;16,75394
 710,86; 7872,399;  304,839;45778,568;16,64161
 711,43; 7943,006;  331,609;45822,729;16,73161
 712,00; 7914,382;  296,609;45865,889;16,71690
 712,57; 7985,527;  318,456;46026,589;16,77398
 713,14; 7972,826;  294,148;46230,672;16,71584
 713,71; 7953,664;  302,379;46040,371;16,72851
 714,28; 7974,732;  293,995;46111,686;16,76369
 714,85; 7962,031;  277,688;45911,539;16,83913
 715,42; 8013,330;  282,073;46095,084;16,87568
 716,00; 8100,091;  361,689;46206,553;16,87954
 716,57; 8084,159;  287,612;46315,483;16,93875
 717,14; 8137,458;  274,228;46198,951;17,12200
 717,71; 8121,911;  262,920;46300,035;17,07099
 718,28; 8225,056;  308,613;46364,349;17,18883
 718,85; 8125,894;  268,921;46459,126;17,01004
 719,42; 8220,347;  288,614;46622,825;17,11852
 719,99; 8236,261;  262,691;46393,908;17,28454
 720,56; 8317,407;  296,153;46576,223;17,33198
 721,13; 8298,013;  267,615;46737,691;17,28079
 721,70; 8306,159;  264,308;46617,852;17,34895
 722,27; 8331,381;  284,847;46621,474;17,36539
 722,84; 8462,526;  354,616;46798,943;17,45727
 723,41; 8399,825;  262,001;46742,642;17,50799
 723,98; 8474,278;  272,463;46954,880;17,56939
 724,55; 8491,500;  311,925;47063,348;17,49589
 725,12; 8463,184;  250,387;46897,124;17,60637
 725,69; 8558,560;  266,080;47142,669;17,69003
 726,27; 8562,244;  272,695;47213,138;17,65972
 726,84; 8653,928;  285,388;47495,991;17,72597
 727,41; 8682,765;  296,004;47541,536;17,75144
 727,98; 8742,526;  293,696;47700,389;17,82202
 728,55; 8758,133;  314,620;47645,550;17,83931
 729,12; 8806,355;  271,313;47822,864;17,94903
 729,69; 8820,885;  306,313;47947,179;17,87241
 730,26; 8925,568;  299,390;48127,340;18,03585
 730,82; 8867,175;  294,237;47955,423;17,98725
 731,39; 8957,705;  292,545;48067,123;18,13760
 731,96; 8974,235;  280,776;48395,668;18,06813
 732,53; 9055,688;  301,315;48442,829;18,18467
 733,10; 9092,064;  302,469;48711,528;18,15692
 733,67; 9155,825;  307,777;48760,150;18,26133
 734,24; 9121,508;  288,701;48586,388;18,28826
 734,81; 9216,269;  313,778;48567,010;18,44952
 735,38; 9182,568;  291,932;48318,171;18,51204
 735,95; 9184,713;  294,009;48242,100;18,54235
 736,52; 9223,089;  317,318;48396,954;18,52296
 737,09; 9202,158;  307,164;48069,576;18,62342
 737,66; 9266,918;  351,626;48290,660;18,59715
 738,23; 9309,141;  286,703;48407,436;18,74958
 738,80; 9417,978;  366,934;48591,212;18,76865
 739,37; 9424,969;  332,242;48861,295;18,73667
 739,94; 9423,115;  304,089;48849,225;18,78463
 740,51; 9649,414;  428,705;48874,771;19,03294
 741,07; 9515,098;  297,244;48782,393;19,01171
 741,64; 9610,243;  321,167;49082,708;19,05000
 742,21; 9632,465;  302,475;49031,484;19,14669
 742,78; 9586,995;  281,706;48813,644;19,17354
 743,35; 9710,140;  305,553;49085,420;19,27965
 743,92; 9782,978;  337,784;49148,120;19,35081
 744,49; 9835,046;  331,400;49156,588;19,46464
 745,06; 9814,807;  296,939;49014,056;19,53701
 745,63; 9861,490;  279,939;49085,448;19,63211
 746,19; 9934,636;  295,632;49147,301;19,73117
 746,76; 9877,704;  303,247;49104,769;19,61918
 747,33; 9937,542;  289,325;49209,238;19,72247
 747,90;10028,302;  326,787;49408,937;19,76587
 748,47;10032,986;  301,018;49263,021;19,87657
 749,04;10033,900;  298,787;49227,181;19,89665
 749,61;10102,276;  339,711;49185,034;19,98669
 750,17;10150,037;  319,480;49256,733;20,08808
 750,74;10146,875;  306,635;49264,740;20,09931
 751,31;10129,789;  288,250;49170,901;20,13299
 751,88;10164,858;  279,712;49005,677;20,28722
 752,45;10225,618;  297,867;49168,915;20,31418
 753,02;10238,225;  322,405;49078,922;20,33742
 753,58;10246,678;  291,637;48933,159;20,46614
 754,15;10261,592;  296,791;49114,243;20,41238
 754,72;10336,507;  290,407;48939,558;20,65010
 755,29;10279,575;  271,868;48745,564;20,64564
 755,86;10352,105;  290,561;48750,648;20,76254
 756,42;10398,789;  305,638;48728,040;20,84397
 756,99;10379,165;  256,947;48723,970;20,88475
 757,56;10440,772;  265,408;48671,746;21,02073
 758,13;10467,148;  224,640;48700,983;21,12888
 758,70;10539,985;  253,640;48780,759;21,19711
 759,26;10576,746;  239,256;48715,920;21,32467
 759,83;10683,814;  252,487;48888,927;21,44756
 760,40;10612,729;  234,718;48684,242;21,42025
 760,97;10691,182;  226,565;48706,479;21,58547
 761,53;10668,019;  215,334;48427,025;21,68081
 762,10;10625,703;  223,565;48321,570;21,62696
 762,67;10723,925;  248,643;48432,346;21,74030
 763,24;10644,840;  210,489;47911,353;21,87455
 763,80;10744,062;  246,720;48206,513;21,88780
 764,37;10750,669;  243,644;48058,751;21,97428
 764,94;10656,506;  230,644;47657,143;21,98320
 765,50;10683,498;  244,798;47523,842;22,07891
 766,07;10798,951;  280,106;47698,310;22,18314
 766,64;10777,480;  248,953;47436,548;22,31207
 767,21;10736,010;  258,492;47355,478;22,24669
 767,77;10768,079;  270,261;47229,946;22,35496
 768,34;10792,839;  270,723;47227,414;22,40813
 768,91;10849,754;  283,262;47136,806;22,55217
 769,47;10860,668;  288,647;47056,351;22,60539
 770,04;10860,737;  285,032;46943,281;22,66631
 770,61;10860,036;  264,571;46750,596;22,79280
 771,18;10871,335;  268,417;46718,372;22,82654
 771,74;10921,788;  274,649;46763,994;22,90232
 772,31;10928,241;  271,880;46478,924;23,06220
 772,88;10940,386;  255,419;46361,316;23,17484
 773,44;10894,454;  258,265;46194,015;23,15449
 774,01;10999,215;  270,419;46241,791;23,33799
 774,58;10913,283;  260,727;46018,182;23,28048
 775,14;10987,275;  257,036;46164,958;23,37339
 775,71;11002,805;  269,036;46036,888;23,45264
 776,27;11090,719;  337,344;46061,895;23,51773
 776,84;11171,941;  357,037;46080,671;23,65277
 777,41;11066,779;  280,652;45804,909;23,69314
 777,97;11041,847;  255,191;45614,377;23,78053
 778,54;11049,531;  290,192;45686,076;23,70113
 779,11;11149,984;  312,654;45612,468;23,92356
 779,67;11123,591;  262,808;45550,475;23,98177
 780,24;11094,274;  277,577;45405,482;23,96898
 780,80;11150,266;  301,501;45367,719;24,07294
 781,37;11175,334;  297,886;45390,418;24,12250
 781,94;11137,633;  275,040;45170,041;24,19555
 782,50;11152,855;  295,117;45089,586;24,23902
 783,07;11160,693;  306,118;45220,362;24,16733
 783,63;11183,454;  268,887;44976,523;24,41320
 784,20;11222,676;  300,272;44876,068;24,50299
 784,77;11181,129;  277,350;44634,383;24,58185
 785,33;11207,428;  258,119;44567,697;24,71093
 785,90;11217,419;  268,427;44473,627;24,76856
 786,46;11219,641;  302,120;44433,942;24,73843
 787,03;11219,325;  277,043;44239,410;24,89011
 787,59;11265,163;  271,582;44248,648;24,99844
 788,16;11313,077;  275,736;44091,655;25,19025
 788,73;11280,838;  296,352;44037,738;25,11234
 789,29;11271,675;  264,660;43706,130;25,33758
 789,86;11366,898;  300,122;43598,521;25,55932
 790,42;11233,351;  278,200;43481,528;25,35719
 790,99;11283,727;  288,431;43204,689;25,62035
 791,55;11260,949;  261,893;43134,926;25,65495
 792,12;11367,248;  304,278;43164,010;25,81204
 792,68;11280,932;  283,124;42800,325;25,86673
 793,25;11273,769;  297,355;42716,255;25,87623
 793,81;11298,837;  364,509;42423,185;25,99779
 794,38;11127,752;  248,433;42185,730;25,94187
 794,94;11175,513;  267,356;42107,121;26,07127
 795,51;11123,889;  282,126;41776,513;26,12826
 796,07;11057,649;  281,742;41575,904;26,09547
 796,64;11133,410;  298,896;41758,757;26,13254
 797,20;11090,555;  284,050;41297,303;26,34881
 797,77;11004,777;  254,666;41018,848;26,37146
 798,33;11034,538;  281,589;40894,547;26,47664
 798,90;11036,068;  286,667;40832,477;26,51174
 799,46;10913,059;  270,975;40449,484;26,48701
 800,03;10927,435;  282,744;40276,722;26,61573
 800,59;10924,427;  279,976;40139,498;26,70491
 801,15;10878,880;  299,822;39957,889;26,67568
 801,72;10817,640;  280,053;39624,050;26,78321
 802,28;10857,170;  303,823;39468,903;26,94581
 802,85;10745,623;  281,900;39307,756;26,81228
 803,41;10776,615;  281,824;39066,147;27,05936
 803,98;10690,837;  271,670;38765,000;27,06746
 804,54;10719,982;  265,363;38508,700;27,33710
 805,11;10651,358;  288,594;38290,553;27,26903
 805,67;10652,888;  303,825;38261,713;27,26459
 806,23;10561,572;  278,441;37936,874;27,30632
 806,80;10648,255;  298,749;37801,958;27,59632
 807,36;10635,401;  310,211;37747,811;27,57973
 807,93;10609,854;  299,673;37529,433;27,69338
 808,49;10510,768;  274,289;37105,594;27,79288
 809,05;10454,683;  266,058;36940,216;27,78148
 809,62;10464,751;  289,674;37012,223;27,70798
 810,18;10514,665;  285,444;36835,537;27,98686
 810,74;10441,965;  244,752;36658,160;28,00401
 811,31;10452,417;  254,983;36472,090;28,15640
 811,87;10444,486;  274,675;36309,020;28,22255
 812,44;10439,939;  289,676;36316,334;28,17431
 813,00;10399,622;  227,215;36096,341;28,35979
 813,56;10424,075;  272,600;36022,886;28,39551
 814,13;10404,067;  267,062;36034,355;28,34155
 814,69;10398,058;  258,216;35852,054;28,48763
 815,25;10319,819;  237,062;35378,138;28,69223
 815,82;10323,195;  286,140;35501,991;28,50153
 816,38;10371,032;  312,371;35347,767;28,71000
 816,94;10237,639;  245,679;34971,927;28,77351
 817,51;10162,861;  238,833;34844,550;28,67743
 818,07;10158,545;  248,526;34625,864;28,82719
 818,63;10099,998;  272,680;34424,486;28,77540
 819,20;10144,759;  263,757;34377,955;28,96448
 819,76;10067,673;  248,142;34073,654;29,02996
 820,32;10121,665;  289,912;33980,045;29,18288
 820,89;10078,887;  282,989;33777,668;29,24613
 821,45; 9939,417;  263,451;33545,905;29,07227
 822,01; 9941,870;  279,451;33308,066;29,25469
 822,57; 9962,477;  276,144;33174,688;29,44304
 823,14; 9885,006;  235,375;32918,157;29,52512
 823,70; 9863,767;  253,222;32686,933;29,63135
 824,26; 9863,066;  243,914;32646,017;29,68681
 824,82; 9879,134;  279,146;32444,023;29,84618
 825,39; 9768,587;  248,608;32203,876;29,79158
 825,95; 9802,579;  273,839;32293,422;29,75910
 826,51; 9730,724;  266,224;31911,659;29,90795
 827,08; 9825,869;  296,455;31878,820;30,17321
 827,64; 9793,553;  286,994;31826,750;30,14151
 828,20; 9805,468;  250,840;31507,065;30,56872
 828,76; 9855,074;  292,379;31589,225;30,55482
 829,32; 9812,912;  279,764;31423,386;30,61027
 829,89; 9740,673;  239,534;31270,547;30,61820
 830,45; 9804,741;  252,072;31196,784;30,87012
 831,01; 9730,271;  261,381;31125,483;30,67930
 831,57; 9767,416;  265,919;30932,721;30,98300
 832,14; 9811,638;  240,766;30991,959;31,12358
 832,70; 9706,399;  250,689;30643,042;31,11213
 833,26; 9724,160;  227,305;30700,357;31,16476
 833,82; 9750,766;  257,075;30612,518;31,27509
 834,38; 9767,450;  250,229;30609,294;31,34886
 834,95; 9749,980;  244,306;30531,301;31,38533
 835,51; 9662,971;  217,999;30342,308;31,35332
 836,07; 9768,117;  256,769;30411,468;31,54184
 836,63; 9794,416;  274,307;30450,475;31,54843
 837,19; 9754,022;  264,308;30212,174;31,68745
 837,75; 9690,168;  222,693;29986,720;31,80845
 838,32; 9820,775;  278,309;30004,650;32,10104
 838,88; 9760,612;  276,232;30080,964;31,82173
 839,44; 9847,911;  264,079;30048,048;32,17782
 840,00; 9822,441;  265,540;30022,055;32,11700
 840,56; 9701,202;  250,079;29731,139;32,05829
 841,12; 9738,655;  240,464;29633,299;32,31465
 841,68; 9680,108;  223,003;29514,383;32,28631
 842,25; 9679,714;  246,003;29460,544;32,29115
 842,81; 9681,321;  241,927;29272,397;32,51547
 843,37; 9691,543;  228,312;29221,788;32,63918
 843,93; 9656,381;  255,082;29200,257;32,47968
 844,49; 9745,372;  270,159;29312,725;32,62526
 845,05; 9718,825;  220,467;29036,116;32,96250
 845,61; 9736,432;  261,929;29094,893;32,85997
 846,17; 9760,270;  250,391;29014,669;33,06142
 846,73; 9754,107;  257,314;28998,599;33,04234
 847,29; 9704,945;  231,392;28851,836;33,10065
 847,86; 9737,090;  235,930;28749,997;33,32096
 848,42; 9672,389;  242,315;28535,850;33,32943
 848,98; 9741,611;  255,470;28524,318;33,55687
 849,54; 9733,218;  233,316;28599,094;33,49072
 850,10; 9753,825;  264,163;28442,255;33,67745
 850,66; 9731,893;  221,778;28355,416;33,80336
 851,22; 9737,731;  228,625;28210,115;33,98356
 851,78; 9786,645;  290,702;28217,660;34,00278
 852,34; 9711,406;  260,087;28014,590;34,05328
 852,90; 9710,859;  237,472;27983,905;34,14272
 853,46; 9655,235;  237,396;27849,219;34,10799
 854,02; 9717,457;  249,704;27811,611;34,35086
 854,58; 9645,756;  252,166;27578,618;34,37545
 855,14; 9641,363;  230,781;27487,625;34,52557
 855,70; 9627,431;  196,166;27297,093;34,80053
 856,26; 9618,577;  254,244;27355,946;34,55256
 856,82; 9568,799;  237,244;27212,337;34,59323
 857,38; 9662,252;  280,552;27159,037;34,90412
 857,94; 9602,782;  249,399;27043,274;34,90866
 858,50; 9585,542;  268,168;26904,512;34,97993
 859,06; 9525,226;  242,938;26705,134;35,07754
 859,62; 9565,910;  253,092;26737,833;35,16296
 860,18; 9560,132;  247,323;26514,763;35,45381
 860,74; 9485,046;  218,016;26433,847;35,34899
 861,30; 9408,269;  219,555;26280,546;35,25850
 861,86; 9538,414;  306,863;26342,630;35,45719
 862,42; 9387,636;  244,556;26090,791;35,37490
 862,98; 9463,012;  278,556;26173,567;35,46805
 863,54; 9356,850;  242,787;25882,343;35,54688
 864,10; 9426,149;  233,403;25940,042;35,76020
 864,66; 9282,140;  217,326;25771,895;35,47238
 865,22; 9297,516;  234,019;25662,440;35,64318
 865,78; 9283,508;  234,173;25584,139;35,69762
 866,34; 9267,961;  236,635;25510,146;35,73435
 866,90; 9271,029;  248,020;25380,538;35,90173
 867,45; 9236,328;  248,559;25201,545;36,01881
 868,01; 9238,550;  239,482;25106,398;36,18892
 868,57; 9163,465;  233,252;24991,251;36,07001
 869,13; 9130,302;  211,637;24794,258;36,28037
 869,69; 9109,140;  233,253;24831,880;36,08286
 870,25; 9082,747;  220,792;24571,810;36,39254
 870,81; 9147,661;  238,715;24521,201;36,68877
 871,37; 9152,729;  246,638;24551,670;36,64299
 871,93; 9100,336;  257,177;24388,369;36,64618
 872,49; 9054,943;  284,178;24150,145;36,75009
 873,04; 8965,319;  225,332;24047,613;36,68829
 873,60; 8889,157;  232,871;23972,928;36,46278
 874,16; 8900,994;  248,563;23913,704;36,56192
 874,72; 8856,840;  223,256;23804,473;36,61212
 875,28; 8849,302;  237,410;23708,088;36,69213
 875,84; 8888,379;  242,640;23689,242;36,87416
 876,40; 8833,840;  232,333;23593,396;36,81985
 876,95; 8868,917;  248,717;23622,781;36,87934
 877,51; 8886,456;  269,948;23549,165;37,01373
 878,07; 8872,071;  275,794;23591,012;36,86981
 878,63; 8865,763;  242,948;23618,704;36,88786
 879,19; 8934,533;  261,025;23546,088;37,24923
 879,75; 8900,456;  222,948;23617,704;37,09168
 880,30; 8946,225;  229,871;23613,165;37,27599
 880,86; 9034,379;  277,640;23716,858;37,35935
 881,42; 9002,994;  217,640;23774,550;37,29417
 881,98; 9093,917;  242,179;23716,088;37,70884
 882,54; 9109,379;  238,871;23823,781;37,61095
 883,09; 9165,456;  255,179;23929,242;37,63729
 883,65; 9147,840;  218,871;24018,704;37,51694
 884,21; 9302,148;  280,640;24265,319;37,61363
 884,77; 9298,456;  239,256;24217,242;37,78132
 885,32; 9360,687;  241,256;24401,012;37,74637
 885,88; 9418,302;  266,717;24534,088;37,71148
 886,44; 9464,917;  248,640;24535,242;37,94799
 887,00; 9485,687;  264,948;24578,319;37,92456
 887,56; 9544,225;  231,871;24675,319;38,09755
 888,11; 9560,917;  243,102;24671,012;38,14414
 888,67; 9621,917;  270,102;24860,858;38,02980
 889,23; 9680,687;  246,948;24911,242;38,24856
 889,79; 9587,302;  232,640;24793,704;38,08736
 890,34; 9612,533;  252,333;24768,627;38,17951
 890,90; 9760,071;  320,948;24949,396;38,32610
 891,46; 9635,610;  233,640;24796,242;38,27758
 892,01; 9655,302;  258,025;24716,781;38,42091
 892,57; 9671,840;  284,871;24676,550;38,48431
 893,13; 9591,687;  243,640;24536,858;38,48007
 893,69; 9589,456;  233,717;24473,242;38,59704
 894,24; 9598,763;  239,025;24411,781;38,72020
 894,80; 9521,763;  242,871;24292,088;38,58293
 895,36; 9523,379;  248,563;24192,935;38,73485
 895,91; 9453,148;  242,025;24023,473;38,73239
 896,47; 9453,994;  265,563;24004,396;38,70633
 897,03; 9396,071;  235,410;23702,242;39,03663
 897,58; 9373,302;  248,948;23622,242;39,03752
 898,14; 9324,610;  247,410;23505,012;39,02896
 898,70; 9243,840;  207,487;23365,012;39,02124
 899,25; 9334,071;  248,256;23391,550;39,25895
 899,81; 9267,148;  248,948;23139,473;39,39709
 900,37; 9207,840;  220,256;23087,704;39,30296
 900,92; 9209,763;  235,102;23001,858;39,42003
 901,48; 9170,763;  231,179;22901,242;39,43343
 902,03; 9118,071;  233,948;22727,242;39,49676
 902,59; 9101,071;  228,640;22640,935;39,58734
 903,15; 9158,610;  265,794;22522,088;39,95641
 903,70; 9056,302;  247,717;22346,935;39,85926
 904,26; 9031,994;  237,487;22253,012;39,94685
 904,82; 9051,148;  236,487;22129,550;40,26235
 905,37; 9017,917;  244,717;22079,012;40,18083
 905,93; 8980,302;  229,794;21959,165;40,27041
 906,48; 8981,225;  246,563;21878,242;40,37903
 907,04; 9019,148;  255,640;21869,319;40,54612
 907,60; 8949,763;  251,102;21732,088;40,49470
 908,15; 8916,071;  213,717;21611,473;40,66947
 908,71; 8906,071;  256,487;21535,165;40,64907
 909,26; 8881,917;  228,640;21460,473;40,75615
 909,82; 8820,148;  251,948;21342,858;40,62509
 910,37; 8838,610;  285,333;21254,704;40,78938
 910,93; 8724,533;  225,563;21091,165;40,73196
 911,48; 8684,302;  232,640;20980,319;40,73546
 912,04; 8706,840;  223,487;20878,550;41,07155
 912,60; 8692,610;  242,717;20890,165;40,92463
 913,15; 8653,379;  235,410;20724,858;41,08441
 913,71; 8539,610;  218,794;20510,012;41,00698
 914,26; 8558,687;  209,948;20441,627;41,26567
 914,82; 8554,840;  245,025;20484,858;41,05674
 915,37; 8518,917;  224,102;20368,165;41,17747
 915,93; 8588,379;  279,871;20235,473;41,63496
 916,48; 8457,379;  221,717;20105,858;41,41824
 917,04; 8498,994;  260,948;20131,858;41,45782
 917,59; 8439,917;  269,102;20002,781;41,40543
 918,15; 8341,071;  209,640;19871,781;41,35578
 918,70; 8313,456;  233,871;19762,165;41,37373
 919,26; 8315,533;  237,948;19733,781;41,43237
 919,81; 8215,763;  212,487;19522,704;41,44581
 920,37; 8253,302;  229,563;19471,473;41,69928
 920,92; 8219,071;  244,948;19407,012;41,61411
 921,48; 8123,071;  222,717;19216,319;41,59482
 922,03; 8168,994;  227,102;19219,781;41,81555
 922,59; 8143,302;  236,025;19062,550;42,00072
 923,14; 8092,456;  234,563;18943,858;41,99994
 923,69; 8076,610;  250,487;18905,242;41,95243
 924,25; 8076,379;  265,948;18959,012;41,78251
 924,80; 7990,071;  232,948;18715,396;41,97021
 925,36; 7939,533;  225,640;18660,165;41,84481
 925,91; 7922,610;  226,640;18544,473;42,01354
 926,47; 7918,225;  209,025;18432,935;42,30267
 927,02; 7950,225;  302,025;18374,550;42,31949
 927,57; 7843,763;  229,563;18252,088;42,24824
 928,13; 7849,533;  216,640;18183,165;42,48397
 928,68; 7813,148;  231,871;18135,396;42,34516
 929,24; 7721,610;  207,871;18005,781;42,21697
 929,79; 7726,302;  215,794;17916,319;42,43099
 930,34; 7610,763;  225,256;17735,550;42,17809
 930,90; 7638,610;  213,794;17690,550;42,48395
 931,45; 7668,379;  228,333;17672,781;42,64994
 932,01; 7640,225;  235,871;17613,012;42,60974
 932,56; 7637,379;  250,256;17513,858;42,79016
 933,11; 7638,456;  262,025;17461,012;42,88875
 933,67; 7504,379;  226,333;17286,781;42,66035
 934,22; 7520,763;  236,410;17246,396;42,82398
 934,77; 7482,533;  260,102;17118,550;42,84161
 935,33; 7411,379;  231,333;17036,858;42,72432
 935,88; 7439,302;  242,563;16950,473;43,07384
 936,43; 7432,302;  229,871;16902,550;43,19900
 936,99; 7349,763;  230,640;16818,858;42,91675
 937,54; 7299,533;  210,948;16606,858;43,23386
 938,09; 7326,225;  240,025;16608,781;43,29101
 938,65; 7294,302;  238,640;16465,165;43,48227
 939,20; 7268,379;  205,717;16430,781;43,52933
 939,75; 7232,840;  223,179;16375,088;43,39835
 940,31; 7162,994;  211,410;16279,088;43,26440
 940,86; 7169,840;  243,487;16250,165;43,27165
 941,41; 7241,533;  327,179;16196,550;43,57043
 941,96; 7106,763;  224,487;16048,627;43,49226
 942,52; 7100,687;  225,333;15960,550;43,69405
 943,07; 7026,994;  197,563;15889,935;43,52071
 943,62; 7049,917;  219,717;15817,627;43,78920
 944,18; 6977,763;  218,410;15789,550;43,40950
 944,73; 7025,840;  230,410;15655,550;44,05426
 945,28; 6931,917;  195,487;15512,319;43,98057
 945,83; 6948,148;  218,563;15551,704;43,88915
 946,39; 6978,610;  224,717;15482,627;44,26486
 946,94; 6934,840;  243,871;15402,396;44,13998
 947,49; 6892,994;  214,333;15289,242;44,30316
 948,04; 6905,148;  264,717;15276,165;44,23578
 948,59; 6866,379;  247,256;15223,781;44,19665
 949,15; 6822,071;  208,333;15119,627;44,35389
 949,70; 6777,302;  214,487;15011,396;44,35261
 950,25; 6747,456;  245,487;15015,858;44,02035
 950,80; 6694,994;  185,487;14819,781;44,48119
 951,36; 6668,225;  190,256;14725,396;44,56764
 951,91; 6706,763;  238,487;14784,396;44,46801
 952,46; 6638,071;  214,256;14584,627;44,70181
 953,01; 6645,763;  230,487;14627,781;44,55891
 953,56; 6623,302;  196,256;14525,242;44,85346
 954,11; 6606,071;  232,256;14467,935;44,77353
 954,67; 6601,917;  215,948;14382,627;45,07739
 955,22; 6529,302;  201,256;14264,088;44,99837
 955,77; 6554,071;  251,794;14274,473;44,94346
 956,32; 6546,456;  280,410;14215,550;44,96579
 956,87; 6454,687;  213,717;14053,704;45,09375
 957,42; 6423,379;  220,640;14057,704;44,82699
 957,98; 6362,225;  217,025;13983,781;44,63797
 958,53; 6420,302;  253,640;13925,473;45,10486
 959,08; 6362,456;  210,487;13833,088;45,16002
 959,63; 6341,763;  221,410;13750,550;45,23831
 960,18; 6331,302;  229,333;13698,242;45,30411
 960,73; 6319,225;  225,794;13595,165;45,57754
 961,28; 6237,533;  194,717;13558,935;45,21638
 961,83; 6210,917;  243,563;13552,704;44,83651
 962,39; 6189,225;  193,717;13406,473;45,37666
 962,94; 6151,533;  215,717;13334,396;45,24705
 963,49; 6101,687;  222,333;13209,935;45,26897
 964,04; 6130,687;  239,256;13179,088;45,52942
 964,59; 6039,225;  200,410;13092,627;45,28946
 965,14; 6112,148;  246,794;13022,165;45,91142
 965,69; 5997,763;  222,179;13002,627;45,19078
 966,24; 5968,917;  220,410;12831,858;45,58166
 966,79; 5965,994;  241,871;12844,012;45,42183
 967,34; 5892,763;  198,025;12718,319;45,48406
 967,89; 5909,994;  213,948;12664,165;45,75058
 968,44; 5899,917;  220,717;12575,935;45,96601
 968,99; 5878,456;  232,871;12557,242;45,80830
 969,55; 5836,840;  227,102;12495,165;45,72636
 970,10; 5805,610;  230,717;12388,165;45,85578
 970,65; 5781,456;  250,487;12346,165;45,72682
 971,20; 5746,917;  210,871;12218,396;46,10481
 971,75; 5676,148;  201,256;12104,858;45,99358
 972,30; 5670,071;  225,179;12015,012;46,18295
 972,85; 5644,610;  217,410;11930,165;46,33581
 973,40; 5569,917;  221,563;11846,012;46,00953
 973,95; 5588,225;  233,410;11772,550;46,40567
 974,50; 5564,610;  264,948;11781,858;46,01635
 975,05; 5489,840;  227,256;11666,781;46,00352
 975,60; 5479,840;  239,179;11612,858;46,07710
 976,15; 5423,302;  217,333;11461,935;46,29750
 976,70; 5430,148;  230,487;11430,935;46,42369
 977,25; 5418,917;  231,333;11404,627;46,42843
 977,80; 5325,533;  224,410;11276,242;46,15635
 978,35; 5281,225;  243,333;11107,627;46,37110
 978,89; 5234,148;  208,102;11148,704;45,93939
 979,44; 5256,071;  231,487;11065,781;46,37667
 979,99; 5161,533;  216,256;10927,627;46,16848
 980,54; 5154,994;  253,256;10890,319;46,08169
 981,09; 5135,379;  249,102;10741,012;46,57185
 981,64; 5091,610;  240,025;10708,627;46,34415
 982,19; 5085,379;  270,871;10618,627;46,52707
 982,74; 5004,687;  241,563;10489,627;46,47827
 983,29; 4908,994;  219,563;10385,473;46,12898
 983,84; 4942,071;  233,717;10296,165;46,79134
 984,39; 5006,148;  319,102;10307,858;46,92322
 984,94; 4786,763;  208,179;10120,319;46,19168
 985,49; 4833,763;  249,948;10133,396;46,37871
 986,03; 4799,071;  251,871;10024,242;46,53118
 986,58; 4750,763;  274,717; 9890,088;46,55095
 987,13; 4682,379;  229,948; 9816,088;46,44654
 987,68; 4652,225;  248,948; 9749,319;46,34847
 988,23; 4643,456;  246,025; 9683,242;46,59669
 988,78; 4575,225;  228,871; 9494,704;46,90732
 989,33; 4585,994;  248,102; 9504,781;46,86230
 989,88; 4539,456;  264,410; 9475,935;46,40975
 990,42; 4468,456;  229,102; 9278,473;46,84694
 990,97; 4426,610;  236,256; 9180,781;46,84825
 991,52; 4437,148;  252,256; 9134,396;47,11581
 992,07; 4385,840;  268,871; 9053,319;46,86657
 992,62; 4336,225;  241,563; 8985,396;46,82914
 993,17; 4318,994;  249,563; 8873,627;47,18693
 993,71; 4260,379;  253,871; 8832,165;46,70518
 994,26; 4203,302;  228,179; 8657,627;47,15757
 994,81; 4240,687;  259,025; 8668,088;47,34964
 995,36; 4148,763;  232,563; 8522,473;47,24056
 995,91; 4107,917;  237,563; 8455,627;47,09569
 996,45; 4118,533;  243,179; 8373,858;47,66335
 997,00; 4015,148;  217,487; 8263,704;47,19810
 997,55; 4044,302;  251,871; 8234,396;47,50916
 998,10; 4017,840;  264,410; 8132,627;47,70370
 998,65; 3957,687;  240,179; 8035,858;47,68677
 999,19; 3916,148;  263,179; 7956,781;47,48061
 999,74; 3896,225;  284,256; 7858,396;47,68817
1000,29; 3818,840;  246,179; 7781,704;47,41092
1000,84; 3790,840;  237,333; 7691,473;47,67160
1001,38; 3752,379;  246,948; 7579,550;47,80610
1001,93; 3740,456;  249,410; 7537,396;47,90138
1002,48; 3671,379;  221,871; 7430,012;47,85572
1003,03; 3651,687;  249,179; 7421,319;47,44062
1003,57; 3625,687;  250,717; 7304,550;47,84589
1004,12; 3648,763;  291,102; 7280,935;48,03636
1004,67; 3554,225;  224,179; 7171,165;47,93512
1005,22; 3478,148;  236,948; 6994,550;47,96376
1005,76; 3434,225;  222,948; 6888,165;48,17963
1006,31; 3411,840;  249,794; 6891,088;47,61190
1006,86; 3374,610;  228,794; 6761,627;48,15393
1007,40; 3337,610;  219,410; 6674,704;48,30454
1007,95; 3292,917;  239,794; 6621,781;47,83970
1008,50; 3243,379;  245,487; 6498,935;47,93983
1009,04; 3241,763;  238,102; 6397,627;48,76450
1009,59; 3185,302;  247,025; 6274,242;48,75014
1010,14; 3125,917;  223,025; 6222,550;48,38537
1010,68; 3110,379;  234,025; 6131,781;48,77031
1011,23; 3047,533;  219,871; 6052,012;48,48411
1011,78; 3014,379;  250,717; 5950,319;48,48868
1012,32; 3029,302;  266,871; 5913,781;48,91934
1012,87; 2993,148;  274,871; 5889,858;48,41110
1013,42; 2879,687;  221,102; 5740,781;48,16557
1013,96; 2931,763;  261,640; 5758,242;48,57771
1014,51; 2850,533;  203,717; 5606,012;48,99428
1015,06; 2869,456;  219,717; 5662,319;48,68514
1015,60; 2914,456;  272,179; 5740,935;48,31587
1016,15; 2859,533;  226,102; 5627,319;48,75625
1016,69; 2876,840;  239,871; 5663,781;48,61750
1017,24; 2879,379;  217,102; 5685,319;48,68638
1017,79; 2917,148;  266,563; 5739,627;48,42963
1018,33; 2895,302;  226,948; 5693,242;48,81468
1018,88; 2929,379;  249,333; 5761,012;48,62486
1019,42; 2914,456;  233,025; 5770,012;48,42762
1019,97; 2900,917;  225,948; 5754,781;48,38217
1020,51; 2962,456;  255,256; 5836,165;48,50822
1021,06; 2914,917;  206,948; 5776,088;48,62455
1021,61; 2882,533;  200,410; 5772,550;48,13452
1022,15; 2858,687;  192,717; 5701,550;48,39445
1022,70; 2883,994;  228,640; 5763,935;47,97132
1023,24; 2846,225;  224,025; 5684,165;48,02441
1023,79; 2834,763;  227,179; 5666,627;47,93840
1024,33; 2823,840;  238,948; 5616,858;48,06500
1024,88; 2824,994;  245,717; 5539,781;48,72017
1025,42; 2784,840;  238,025; 5430,396;49,04918
1025,97; 2718,763;  224,717; 5373,473;48,43978
1026,51; 2655,994;  199,717; 5253,473;48,60300
1027,06; 2651,610;  218,871; 5263,935;48,22018
1027,60; 2597,456;  248,794; 5150,627;47,91395
1028,15; 2619,456;  240,333; 5074,012;49,21972
1028,69; 2495,225;  192,563; 4948,165;48,41998
1029,24; 2484,610;  212,717; 4956,935;47,88761
1029,78; 2460,994;  216,410; 4814,242;48,81832
1030,33; 2416,302;  203,487; 4750,473;48,66554
1030,87; 2400,302;  211,717; 4681,781;48,96093
1031,42; 2354,379;  205,333; 4610,319;48,78667
1031,96; 2355,917;  237,871; 4558,396;49,02289
1032,51; 2281,840;  210,333; 4446,473;48,90083
1033,05; 2279,225;  222,333; 4430,319;48,88068
1033,60; 2214,379;  196,256; 4324,319;48,88789
1034,14; 2214,840;  220,487; 4284,550;49,07290
1034,69; 2210,456;  225,794; 4253,012;49,28121
1035,23; 2167,071;  215,717; 4170,935;49,33620
1035,77; 2137,456;  226,717; 4135,627;48,88162
1036,32; 2075,994;  202,410; 4010,704;49,19748
1036,86; 2080,302;  230,410; 4020,781;48,80504
1037,41; 2066,225;  233,563; 3938,012;49,47192
1037,95; 1997,687;  196,640; 3880,088;48,89566
1038,50; 1991,148;  210,102; 3841,165;49,05026
1039,04; 1998,302;  244,025; 3798,858;49,34907
1039,58; 1925,917;  206,179; 3747,550;48,56137
1040,13; 1928,379;  213,794; 3663,396;49,70384
1040,67; 1952,840;  247,487; 3654,627;50,05235
1041,21; 1923,917;  256,333; 3602,396;49,83721
1041,76; 1843,533;  199,256; 3531,396;49,34597
1042,30; 1859,225;  220,410; 3501,627;49,94535
1042,85; 1810,610;  218,487; 3417,242;49,77320
1043,39; 1788,917;  199,025; 3393,704;49,76689
1043,93; 1784,840;  239,410; 3357,396;49,56502
1044,48; 1760,302;  240,717; 3283,242;49,94485
1045,02; 1734,687;  222,948; 3254,396;49,86853
1045,56; 1748,917;  250,179; 3221,550;50,43929
1046,11; 1692,225;  227,487; 3185,088;49,52453
1046,65; 1696,763;  232,948; 3123,088;50,64859
1047,19; 1636,225;  201,410; 3051,935;50,33513
1047,74; 1600,917;  193,871; 3027,935;49,64766
1048,28; 1616,302;  223,179; 2986,858;50,40828
1048,82; 1629,071;  251,871; 2970,858;50,65123
1049,37; 1592,763;  230,333; 2917,704;50,69753
1049,91; 1576,456;  223,410; 2884,396;50,84754
1050,45; 1560,071;  242,410; 2825,088;51,01918
1050,99; 1541,610;  239,179; 2803,396;50,79253
1051,54; 1490,994;  223,025; 2753,550;50,10696
1052,08; 1508,763;  250,563; 2738,627;50,56945
1052,62; 1462,225;  242,948; 2697,858;49,66688
1053,16; 1453,225;  214,871; 2638,473;51,09560
1053,71; 1457,917;  239,256; 2646,550;50,62371
1054,25; 1419,763;  251,025; 2571,088;50,37528
1054,79; 1421,148;  240,717; 2542,012;51,29421
1055,33; 1344,148;  202,794; 2457,319;50,62503
1055,88; 1363,302;  242,948; 2469,396;50,32023
1056,42; 1358,456;  242,487; 2443,319;50,70668
1056,96; 1349,917;  250,487; 2416,473;50,75889
1057,50; 1325,610;  232,102; 2400,858;50,42097
1058,05; 1297,917;  237,487; 2347,781;50,25038
1058,59; 1298,840;  258,410; 2354,473;49,63737
1059,13; 1222,071;  217,640; 2245,396;49,53411
1059,67; 1262,071;  242,948; 2226,473;51,37939
1060,21; 1238,148;  235,410; 2203,858;50,94056
1060,76; 1223,763;  248,563; 2202,704;49,90430
1061,30; 1225,840;  262,717; 2154,473;50,91160
1061,84; 1197,225;  238,487; 2115,627;51,07441
1062,38; 1145,456;  214,333; 2065,704;50,29370
1062,92; 1194,225;  279,871; 2090,550;50,49785
1063,46; 1150,687;  242,794; 2016,781;51,17808
1064,01; 1106,840;  227,025; 2003,012;49,53953
1064,55; 1124,148;  238,640; 1966,704;51,24278
1065,09; 1074,225;  210,717; 1935,165;50,07444
1065,63; 1124,994;  271,871; 1934,473;51,31253
1066,17; 1103,994;  269,102; 1929,012;50,29746
1066,71; 1101,610;  255,640; 1907,165;51,22352
1067,25; 1063,917;  228,563; 1847,781;51,58998
1067,80; 1060,148;  251,410; 1848,704;50,63178
1068,34; 1073,148;  257,563; 1832,165;51,79624
1068,88; 1011,302;  226,717; 1773,858;50,71192
1069,42; 1041,225;  258,640; 1788,627;51,14977
1069,96; 1004,379;  234,179; 1733,473;51,37084
1070,50; 1051,840;  281,717; 1758,242;52,15781
1071,04;  966,917;  229,948; 1700,627;50,11082
1071,58;  961,533;  239,563; 1671,704;50,41190
1072,12;  976,994;  245,871; 1657,935;51,77693
1072,66;  952,302;  244,410; 1647,858;50,43951
1073,21;  964,994;  256,640; 1653,165;50,72260
1073,75;  949,071;  244,410; 1600,473;51,96376
1074,29;  927,994;  242,794; 1596,319;50,62337
1074,83;  940,533;  258,487; 1562,781;52,29235
1075,37;  933,610;  257,179; 1563,396;51,78547
1075,91;  925,840;  252,640; 1546,627;52,02527
1076,45;  894,225;  244,717; 1531,781;50,46431
1076,99;  908,456;  252,179; 1488,165;53,09742
1077,53;  874,148;  244,794; 1476,319;51,10362
1078,07;  877,840;  248,871; 1480,550;51,06601
1078,61;  852,610;  240,563; 1450,396;50,58932
1079,15;  841,379;  242,025; 1430,935;50,41206
1079,69;  845,687;  239,333; 1407,012;51,92813
1080,23;  859,533;  267,102; 1416,012;51,56461
1080,77;  900,148;  297,794; 1427,704;53,30991
1081,31;  821,379;  237,640; 1358,319;52,08793
1081,85;  844,917;  259,794; 1358,319;53,26443
1082,39;  814,687;  236,487; 1336,319;52,57163
1082,93;  824,917;  253,871; 1328,088;53,15928
1083,47;  772,225;  236,256; 1288,319;50,94457
1084,01;  803,917;  254,102; 1324,396;51,37049
1084,55;  779,533;  237,179; 1263,473;52,84584
1085,09;  789,917;  260,871; 1277,396;52,04458
1085,63;  772,840;  244,487; 1257,242;52,16992
1086,17;  768,456;  238,640; 1217,473;54,12727
1086,71;  736,610;  235,948; 1212,012;51,29395
1087,24;  760,533;  271,948; 1237,319;50,61106
1087,78;  759,687;  266,102; 1220,242;51,73082
1088,32;  727,225;  222,640; 1171,704;53,16658
1088,86;  745,148;  258,640; 1169,627;53,40449
1089,40;  722,917;  255,333; 1165,935;51,34896
1089,94;  689,917;  219,487; 1127,012;51,83667
1090,48;  709,994;  255,871; 1129,088;52,00573
1091,02;  719,994;  261,333; 1144,242;51,94887
1091,56;  693,533;  247,333; 1114,704;51,44280
1092,10;  661,225;  222,794; 1072,319;51,60893
1092,63;  702,610;  267,871; 1112,550;51,46790
1093,17;  691,840;  250,717; 1086,165;52,80078
1093,71;  672,302;  245,717; 1063,935;52,13586
1094,25;  680,687;  261,871; 1077,781;51,33110
1094,79;  656,148;  235,871; 1044,935;51,94610
1095,33;  656,533;  252,256; 1034,550;51,67837
1095,87;  651,994;  249,410; 1020,781;52,19078
1096,40;  631,379;  229,871;  982,396;53,35473
1096,94;  638,610;  254,256;  983,781;52,68549
1097,48;  652,917;  253,717;  995,088;53,84617
1098,02;  626,148;  246,333;  950,242;53,95798
1098,56;  591,456;  212,410;  918,704;53,66689
1099,10;  591,840;  222,948;  916,319;53,20272
1099,63;  593,994;  228,640;  913,627;53,33738
1100,17;  611,225;  246,794;  931,627;53,21457
1100,71;  631,071;  269,102;  952,704;52,95029

