
Integration time [ms]: 120,000
Averaging Nr. [scans]: 13
Smoothing Nr. [pixels]: 0
Data measured with spectrometer [name]: 2009305U1
Wave   ;Sample   ;Dark     ;Reference;Reflectance
[nm]   ;[counts] ;[counts] ;[counts] ;[%]

 175,72;  195,558;  201,512;  199,491; 0,00000
 176,32;  224,758;  221,199;  212,550; 0,00000
 176,92;  238,914;  245,280;  254,322;-70,39961
 177,52;  254,780;  253,358;  260,409;20,17255
 178,12;  228,654;  244,892;  224,959; 0,00000
 178,72;  257,280;  273,506;  247,387; 0,00000
 179,32;  256,439;  241,430;  241,198; 0,00000
 179,92;  248,413;  248,894;  247,263; 0,00000
 180,52;  239,994;  242,285;  245,788;-65,38272
 181,12;  255,336;  251,894;  257,379;62,76561
 181,73;  273,471;  276,202;  268,023; 0,00000
 182,33;  338,046;  346,590;  343,466; 0,00000
 182,93;  266,888;  263,511;  256,848; 0,00000
 183,53;  231,630;  233,505;  227,330; 0,00000
 184,13;  240,784;  241,198;  224,331; 0,00000
 184,73;  272,906;  273,581;  270,199; 0,00000
 185,33;  255,863;  236,856;  347,928;17,11191
 185,93;  272,406;  232,929;  360,275;31,00010
 186,53;  277,754;  250,008;  370,527;23,02196
 187,13;  299,164;  277,782;  403,811;16,96633
 187,73;  269,126;  233,468;  361,558;27,83815
 188,33;  269,655;  241,389;  359,975;23,83611
 188,93;  276,097;  240,843;  369,692;27,36048
 189,53;  285,544;  248,838;  386,335;26,69550
 190,13;  324,419;  270,522;  407,653;39,30352
 190,73;  254,011;  222,989;  363,567;22,06742
 191,34;  293,180;  265,457;  381,617;23,86664
 191,94;  261,235;  232,310;  364,763;21,83774
 192,54;  280,135;  254,631;  391,145;18,68273
 193,14;  290,999;  253,166;  376,882;30,58030
 193,74;  282,164;  257,781;  375,464;20,71915
 194,34;  270,653;  252,859;  382,171;13,76043
 194,94;  248,722;  218,320;  347,243;23,58137
 195,54;  222,286;  204,241;  322,294;15,28548
 196,14;  253,438;  228,937;  355,834;19,30805
 196,74;  248,862;  218,625;  346,543;23,63822
 197,34;  224,317;  200,093;  344,774;16,74261
 197,94;  258,157;  232,320;  381,923;17,27001
 198,54;  262,042;  224,552;  375,559;24,82662
 199,14;  247,799;  204,018;  389,324;23,62610
 199,74;  233,075;  203,326;  375,347;17,29423
 200,34;  222,168;  201,019;  383,586;11,58451
 200,94;  258,463;  230,016;  427,501;14,40449
 201,54;  248,448;  217,479;  429,071;14,63628
 202,14;  274,542;  240,251;  466,350;15,16649
 202,74;  265,102;  210,710;  459,937;21,82433
 203,34;  233,308;  190,791;  481,234;14,63886
 203,94;  206,234;  171,020;  475,081;11,58133
 204,54;  293,430;  242,090;  582,444;15,08431
 205,14;  251,095;  200,018;  579,895;13,44559
 205,74;  286,985;  245,560;  683,880; 9,45093
 206,34;  263,330;  209,943;  681,206;11,32861
 206,94;  275,653;  208,019;  752,636;12,41863
 207,54;  248,588;  191,558;  771,104; 9,84046
 208,14;  277,207;  199,866;  858,760;11,73805
 208,74;  282,121;  195,018;  906,023;12,25077
 209,34;  281,268;  201,711;  996,328;10,01203
 209,94;  299,318;  205,480; 1109,160;10,38400
 210,54;  298,819;  211,021; 1209,143; 8,79639
 211,14;  312,687;  213,479; 1312,499; 9,02691
 211,73;  330,944;  200,786; 1433,780;10,55624
 212,33;  338,186;  230,939; 1519,477; 8,32313
 212,93;  336,568;  208,325; 1611,900; 9,13682
 213,53;  315,783;  182,249; 1697,970; 8,80996
 214,13;  339,152;  202,100; 1782,234; 8,67343
 214,73;  329,927;  189,327; 1795,735; 8,75239
 215,33;  308,318;  174,249; 1837,160; 8,06230
 215,93;  358,101;  198,637; 1949,900; 9,10565
 216,53;  327,617;  169,402; 2013,887; 8,57775
 217,13;  385,931;  206,405; 2232,891; 8,85896
 217,73;  389,885;  191,329; 2402,254; 8,98069
 218,33;  378,067;  157,485; 2591,692; 9,06177
 218,93;  436,639;  174,797; 2886,942; 9,65444
 219,53;  464,344;  175,947; 3191,484; 9,56372
 220,13;  451,568;  157,948; 3467,827; 8,87103
 220,73;  533,487;  186,864; 3842,130; 9,48283
 221,32;  570,737;  189,864; 4271,254; 9,33194
 221,92;  629,802;  190,640; 4672,637; 9,79837
 222,52;  639,012;  169,791; 5042,586; 9,62941
 223,12;  701,766;  175,253; 5514,348; 9,86148
 223,72;  771,274;  198,407; 5901,217;10,04535
 224,32;  800,513;  189,099; 6288,760;10,02373
 224,92;  828,413;  178,638; 6640,364;10,05575
 225,52;  911,468;  195,711; 6994,044;10,52842
 226,12;  938,796;  191,867; 7306,209;10,49893
 226,72;  946,085;  154,482; 7687,237;10,50881
 227,31; 1009,369;  148,943; 8023,841;10,92618
 227,91; 1109,841;  194,480; 8427,499;11,11817
 228,51; 1144,540;  183,632; 8706,693;11,27421
 229,11; 1203,034;  181,559; 9166,289;11,36902
 229,71; 1244,883;  178,325; 9438,942;11,51713
 230,31; 1291,944;  166,869; 9906,091;11,55200
 230,91; 1376,943;  159,246;10204,894;12,12164
 231,51; 1424,785;  170,175;10481,780;12,16697
 232,10; 1506,398;  176,024;10826,242;12,49152
 232,70; 1571,038;  186,244;11015,710;12,78728
 233,30; 1650,962;  197,790;11317,984;13,06786
 233,90; 1684,323;  172,790;11467,280;13,38293
 234,50; 1738,697;  175,560;11626,275;13,65100
 235,10; 1816,951;  174,638;11729,133;14,21363
 235,70; 1849,553;  193,326;11706,278;14,38577
 236,29; 1912,171;  192,556;11676,625;14,97392
 236,89; 1911,501;  172,785;11580,327;15,24181
 237,49; 1937,862;  187,405;11434,087;15,56420
 238,09; 1934,176;  181,020;11204,514;15,90382
 238,69; 1991,408;  227,860;11035,857;16,31706
 239,29; 1942,869;  171,327;10697,859;16,82930
 239,89; 1928,985;  181,169;10381,954;17,13413
 240,48; 1921,692;  167,020; 9954,194;17,92828
 241,08; 1870,707;  177,019; 9594,471;17,98457
 241,68; 1875,434;  194,020; 9331,758;18,40077
 242,28; 1808,143;  168,405; 8986,266;18,59563
 242,88; 1821,659;  208,100; 8678,565;19,04924
 243,48; 1816,815;  205,636; 8361,064;19,75592
 244,07; 1757,280;  191,942; 8148,949;19,67245
 244,67; 1744,223;  199,482; 7940,191;19,95607
 245,27; 1716,252;  200,171; 7793,088;19,96704
 245,87; 1694,967;  199,253; 7737,987;19,84038
 246,47; 1698,352;  188,479; 7689,023;20,13018
 247,06; 1693,395;  185,942; 7727,661;19,98819
 247,66; 1713,184;  182,328; 7768,595;20,17932
 248,26; 1750,725;  209,248; 7906,940;20,02518
 248,86; 1766,983;  201,402; 8078,377;19,87541
 249,46; 1756,201;  149,714; 8307,680;19,69225
 250,05; 1850,984;  193,173; 8677,379;19,53996
 250,65; 1880,098;  173,247; 9030,588;19,27046
 251,25; 1928,780;  177,019; 9467,161;18,85613
 251,85; 2027,951;  189,015; 9988,514;18,76561
 252,44; 2068,329;  143,864;10546,704;18,49942
 253,04; 2237,641;  194,864;11352,822;18,30780
 253,64; 2296,701;  147,401;12055,582;18,04894
 254,24; 2460,322;  192,558;12927,971;17,80676
 254,84; 2514,431;  171,252;13820,373;17,16725
 255,43; 2647,818;  181,941;14767,718;16,90604
 256,03; 2818,763;  180,863;15696,728;17,00131
 256,63; 2956,247;  193,554;16767,623;16,66877
 257,23; 3020,658;  175,631;17555,791;16,36940
 257,82; 3177,615;  194,091;18593,883;16,21499
 258,42; 3236,411;  148,628;19303,396;16,12018
 259,02; 3385,506;  187,095;20217,524;15,96776
 259,62; 3406,064;  180,474;20905,530;15,56372
 260,21; 3468,495;  176,018;21397,210;15,51504
 260,81; 3496,012;  183,020;21859,316;15,28394
 261,41; 3543,407;  165,629;22316,779;15,24877
 262,01; 3605,206;  209,704;22792,793;15,03560
 262,60; 3599,735;  165,015;23085,791;14,98518
 263,20; 3609,348;  169,248;23412,405;14,80049
 263,80; 3645,456;  197,934;23608,879;14,72611
 264,40; 3627,821;  162,781;23727,832;14,70415
 264,99; 3645,779;  194,242;23877,656;14,57365
 265,59; 3605,492;  172,239;24027,550;14,39199
 266,19; 3650,656;  165,011;24178,902;14,51512
 266,78; 3693,536;  203,548;24297,649;14,48482
 267,38; 3678,377;  192,778;24237,800;14,49614
 267,98; 3619,320;  169,548;24292,695;14,30067
 268,58; 3667,277;  180,932;24307,019;14,45052
 269,17; 3638,349;  170,391;24399,131;14,31341
 269,77; 3635,316;  188,399;24120,273;14,40304
 270,37; 3567,029;  162,242;24045,512;14,25595
 270,96; 3598,757;  210,091;23894,377;14,30766
 271,56; 3557,608;  181,169;23691,150;14,36173
 272,16; 3526,818;  175,244;23525,677;14,35337
 272,75; 3519,230;  176,475;23352,229;14,42350
 273,35; 3525,831;  180,245;23348,414;14,44044
 273,95; 3507,199;  180,013;23285,637;14,39990
 274,54; 3513,080;  164,019;23315,311;14,46598
 275,14; 3576,450;  187,476;23758,339;14,37781
 275,74; 3562,622;  160,398;23657,502;14,47934
 276,33; 3674,435;  201,553;24154,371;14,49884
 276,93; 3717,888;  183,712;24514,177;14,52572
 277,53; 3832,910;  178,941;24900,571;14,78045
 278,12; 3911,701;  160,016;25430,466;14,84614
 278,72; 4091,375;  214,248;25914,612;15,08588
 279,32; 4139,917;  179,863;26536,575;15,02484
 279,91; 4297,417;  167,709;27307,017;15,21670
 280,51; 4416,991;  180,941;27799,266;15,33782
 281,11; 4592,086;  177,555;28464,159;15,60644
 281,70; 4662,286;  161,324;28836,451;15,69640
 282,30; 4817,685;  176,477;29518,458;15,81764
 282,90; 4976,035;  170,938;29818,863;16,20719
 283,49; 5118,184;  189,091;30415,207;16,30740
 284,09; 5262,940;  204,555;30866,778;16,49712
 284,69; 5449,298;  206,402;31146,650;16,94523
 285,28; 5555,816;  191,401;31558,601;17,10199
 285,88; 5710,399;  232,013;31728,390;17,39370
 286,47; 5811,604;  186,861;31824,686;17,77854
 287,07; 6028,256;  210,402;31791,321;18,42205
 287,67; 6187,739;  199,636;32007,834;18,82566
 288,26; 6314,032;  169,171;31899,594;19,36584
 288,86; 6551,128;  176,785;31882,141;20,10494
 289,46; 6809,125;  192,863;32052,140;20,76714
 290,05; 6991,657;  170,942;32196,984;21,29740
 290,65; 7269,112;  188,784;32344,440;22,01892
 291,24; 7596,110;  192,556;32352,787;23,02084
 291,84; 7854,862;  200,938;32580,777;23,63793
 292,44; 8125,231;  196,867;32640,157;24,43761
 293,03; 8457,560;  256,248;32849,358;25,16272
 293,63; 8680,243;  174,477;32925,390;25,97108
 294,22; 9022,867;  200,555;33076,049;26,83553
 294,82; 9212,056;  189,243;33104,218;27,41249
 295,41; 9281,132;  165,785;32908,297;27,83948
 296,01; 9492,753;  212,551;32686,836;28,57708
 296,61; 9591,744;  206,325;32537,411;29,02909
 297,20; 9608,288;  191,090;32091,719;29,52041
 297,80; 9675,069;  195,404;31997,421;29,80838
 298,39; 9700,412;  178,092;31571,514;30,33221
 298,99; 9762,627;  213,706;31440,312;30,57944
 299,58; 9755,407;  197,635;31207,783;30,82143
 300,18; 9740,299;  215,865;31104,844;30,83441
 300,78; 9735,379;  173,710;30729,345;31,29265
 301,37; 9762,436;  201,472;30658,100;31,39206
 301,97; 9800,332;  193,401;30676,282;31,51582
 302,56; 9770,631;  182,246;30575,123;31,54813
 303,16; 9801,658;  176,322;30471,674;31,77166
 303,75; 9811,545;  177,941;30534,120;31,73523
 304,35; 9899,709;  171,176;30659,435;31,90911
 304,94; 9964,105;  185,940;30708,284;32,03609
 305,54; 9978,660;  209,864;30672,870;32,06774
 306,13; 9913,120;  160,253;30605,371;32,03426
 306,73; 9864,273;  170,252;30354,101;32,11659
 307,33; 9873,469;  206,866;30324,314;32,09635
 307,92; 9926,198;  196,479;30346,292;32,27124
 308,52; 9996,477;  174,014;30812,738;32,05898
 309,11;10174,360;  183,474;31203,371;32,20799
 309,71;10197,679;  163,319;31495,068;32,02617
 310,30;10335,863;  176,017;31757,740;32,17002
 310,90;10502,863;  204,171;32043,125;32,34620
 311,49;10485,659;  190,479;32128,484;32,23489
 312,09;10503,245;  158,865;32331,009;32,15322
 312,68;10657,783;  234,172;32723,200;32,08348
 313,28;10653,121;  158,325;32845,677;32,10660
 313,87;10662,771;  154,248;32912,156;32,07935
 314,47;10706,453;  174,090;33149,610;31,93995
 315,06;10668,256;  165,171;33314,514;31,68414
 315,66;10759,784;  171,865;33454,317;31,81232
 316,25;10632,323;  148,938;33378,007;31,54884
 316,85;10564,995;  146,635;33532,461;31,20594
 317,44;10670,784;  172,243;33705,198;31,30813
 318,04;10572,751;  158,784;33647,644;31,09681
 318,63;10504,131;  155,867;33596,991;30,94473
 319,22;10506,362;  180,092;33702,142;30,80441
 319,82;10459,593;  179,016;33828,797;30,55169
 320,41;10393,543;  182,476;33770,386;30,40102
 321,01;10287,995;  190,942;33883,499;29,96820
 321,60;10286,290;  183,862;33903,799;29,95981
 322,20;10193,587;  162,248;33831,910;29,79340
 322,79;10125,883;  198,633;33872,789;29,48032
 323,39;10067,524;  179,175;34013,573;29,22573
 323,98; 9966,968;  167,402;33858,947;29,08613
 324,58; 9874,027;  168,630;33785,705;28,87044
 325,17; 9817,031;  179,553;33535,823;28,89255
 325,76; 9692,932;  205,325;33377,275;28,60130
 326,36; 9476,653;  155,788;33036,290;28,34770
 326,95; 9315,855;  190,401;32724,659;28,04876
 327,55; 9190,216;  165,554;32417,916;27,98140
 328,14; 8985,065;  167,404;32030,919;27,67322
 328,74; 8870,816;  204,169;31661,792;27,55023
 329,33; 8720,122;  193,403;31268,024;27,43949
 329,92; 8489,364;  155,705;30722,142;27,26409
 330,52; 8245,257;  177,712;30098,516;26,96300
 331,11; 8079,993;  178,708;29689,305;26,77440
 331,71; 7852,955;  177,786;29022,017;26,60903
 332,30; 7679,105;  192,248;28705,746;26,25724
 332,89; 7551,533;  235,095;28132,768;26,22598
 333,49; 7350,559;  179,016;27643,626;26,11194
 334,08; 7143,359;  183,862;27169,564;25,78957
 334,68; 6960,316;  186,170;26835,774;25,41931
 335,27; 6866,381;  187,559;26430,808;25,44968
 335,86; 6789,224;  241,631;26203,074;25,22045
 336,46; 6639,846;  186,636;25928,733;25,06870
 337,05; 6563,970;  179,401;25778,908;24,94020
 337,65; 6449,866;  163,016;25564,972;24,74947
 338,24; 6457,318;  228,633;25589,506;24,56021
 338,83; 6373,695;  196,941;25472,772;24,43739
 339,43; 6244,789;  166,784;25438,086;24,05102
 340,02; 6211,373;  186,476;25332,993;23,95917
 340,61; 6177,167;  170,479;25374,162;23,83258
 341,21; 6120,662;  212,630;25346,715;23,50605
 341,80; 6088,336;  173,246;25255,245;23,58301
 342,40; 6111,788;  172,097;25342,704;23,59773
 342,99; 6037,303;  177,941;25471,460;23,16546
 343,58; 6044,353;  170,865;25561,332;23,13265
 344,18; 6036,118;  182,634;25696,599;22,94228
 344,77; 6059,800;  176,784;26033,553;22,75233
 345,36; 6084,009;  162,939;26380,735;22,58416
 345,96; 6152,145;  204,326;26616,574;22,51917
 346,55; 6159,605;  169,637;26825,421;22,47155
 347,14; 6213,131;  156,174;27196,760;22,39950
 347,74; 6272,787;  157,332;27578,821;22,30169
 348,33; 6372,852;  174,024;28150,584;22,15722
 348,92; 6466,838;  187,410;28749,194;21,98542
 349,52; 6586,353;  155,640;29158,874;22,17240
 350,11; 6567,111;  173,168;29463,286;21,82970
 350,70; 6588,671;  164,864;29521,798;21,88174
 351,29; 6495,436;  164,087;29300,791;21,72980
 351,89; 6525,041;  195,628;29250,711;21,78419
 352,48; 6468,867;  151,864;29360,896;21,62688
 353,07; 6423,758;  182,405;29213,458;21,49888
 353,67; 6454,999;  199,795;29146,121;21,60967
 354,26; 6365,681;  188,251;28885,881;21,52592
 354,85; 6308,645;  180,404;28763,055;21,44042
 355,45; 6232,316;  152,477;28639,273;21,34266
 356,04; 6254,216;  176,021;28553,034;21,41943
 356,63; 6202,013;  198,324;28385,968;21,29901
 357,22; 6169,686;  188,318;28191,994;21,35922
 357,82; 6128,602;  176,012;28067,568;21,34191
 358,41; 6075,532;  198,017;27969,921;21,16353
 359,00; 6031,493;  173,630;27826,053;21,18390
 359,60; 6039,075;  198,018;27648,231;21,27873
 360,19; 6020,258;  197,636;27542,401;21,29337
 360,78; 5994,920;  178,785;27398,652;21,36724
 361,37; 5972,659;  183,554;27161,445;21,45870
 361,97; 5955,701;  186,401;27118,390;21,42174
 362,56; 5893,207;  172,399;26785,603;21,49613
 363,15; 5910,201;  211,093;26548,562;21,63878
 363,74; 5851,280;  190,013;26205,677;21,76099
 364,34; 5817,896;  203,015;25822,217;21,91669
 364,93; 5675,034;  176,091;25512,324;21,70387
 365,52; 5614,070;  149,708;25132,843;21,87220
 366,11; 5605,120;  173,169;24783,021;22,07226
 366,71; 5535,823;  171,476;24407,988;22,13333
 367,30; 5521,755;  179,247;24198,801;22,24233
 367,89; 5546,818;  219,173;23879,603;22,51711
 368,48; 5500,988;  186,167;23540,877;22,75695
 369,07; 5417,440;  185,864;23131,721;22,79966
 369,67; 5397,888;  212,167;22924,597;22,83208
 370,26; 5353,071;  183,018;22669,306;22,99203
 370,85; 5355,597;  181,478;22457,183;23,22764
 371,44; 5296,401;  171,632;22193,432;23,27135
 372,03; 5276,446;  158,630;22027,261;23,40255
 372,63; 5280,528;  159,478;21668,803;23,80851
 373,22; 5252,467;  171,710;21405,850;23,92731
 373,81; 5185,509;  155,862;21170,678;23,93381
 374,40; 5179,307;  172,097;20888,579;24,17018
 374,99; 5186,374;  176,400;20668,033;24,44888
 375,59; 5199,849;  154,635;20345,542;24,98756
 376,18; 5243,016;  195,631;20266,047;25,14838
 376,77; 5227,771;  193,247;20052,040;25,35161
 377,36; 5261,024;  205,939;19965,666;25,58277
 377,95; 5240,685;  190,784;19732,573;25,84155
 378,55; 5259,072;  168,403;19580,268;26,22452
 379,14; 5294,936;  183,939;19507,160;26,45002
 379,73; 5366,624;  185,015;19470,081;26,86850
 380,32; 5396,251;  194,094;19425,511;27,05031
 380,91; 5424,115;  177,783;19313,210;27,41685
 381,50; 5466,561;  192,322;19221,087;27,71719
 382,10; 5479,405;  169,786;19092,742;28,05914
 382,69; 5529,209;  162,939;19120,028;28,30746
 383,28; 5609,077;  195,245;19106,653;28,62733
 383,87; 5627,362;  176,937;18953,642;29,02759
 384,46; 5673,322;  162,166;18903,505;29,40641
 385,05; 5733,934;  208,322;18907,889;29,54941
 385,64; 5832,427;  177,784;18813,867;30,34245
 386,24; 5839,306;  161,396;18762,612;30,52440
 386,83; 5994,317;  201,011;18865,772;31,03874
 387,42; 6069,135;  194,092;18923,759;31,36758
 388,01; 6184,616;  174,471;19126,266;31,71280
 388,60; 6343,079;  188,551;19373,269;32,08037
 389,19; 6476,180;  172,391;19646,200;32,37060
 389,78; 6636,288;  178,622;19849,485;32,82858
 390,37; 6866,655;  227,857;20258,055;33,14395
 390,96; 6979,148;  181,704;20458,456;33,52334
 391,56; 7095,283;  192,774;20523,559;33,95102
 392,15; 7281,688;  177,931;20739,570;34,54859
 392,74; 7362,873;  151,078;20933,005;34,70224
 393,33; 7562,809;  173,005;21164,476;35,20384
 393,92; 7770,683;  189,615;21608,063;35,39504
 394,51; 7925,882;  159,235;21818,243;35,85874
 395,10; 8137,868;  198,840;22044,152;36,34202
 395,69; 8276,091;  190,918;22120,418;36,86894
 396,28; 8369,266;  194,838;22189,504;37,16550
 396,87; 8509,136;  195,371;22324,821;37,56878
 397,46; 8616,453;  198,521;22329,900;38,03618
 398,06; 8784,239;  212,978;22606,175;38,27618
 398,65; 8893,979;  195,199;22641,155;38,75433
 399,24; 9068,835;  206,197;22847,928;39,14294
 399,83; 9082,557;  176,874;22898,357;39,19499
 400,42; 9275,217;  230,784;22948,142;39,81288
 401,01; 9352,850;  191,384;23138,718;39,92388
 401,60; 9480,663;  209,362;23137,113;40,43703
 402,19; 9551,526;  222,730;23101,727;40,77450
 402,78; 9662,463;  221,166;23070,874;41,31912
 403,37; 9705,660;  210,141;22913,996;41,82337
 403,96; 9704,207;  208,882;22778,485;42,07130
 404,55; 9745,194;  217,080;22743,460;42,29758
 405,14; 9803,084;  190,513;22565,888;42,96049
 405,73; 9830,882;  202,710;22466,845;43,24521
 406,32; 9875,794;  221,379;22454,057;43,42444
 406,91; 9836,120;  207,429;22127,436;43,92649
 407,50; 9865,603;  216,800;22012,747;44,26880
 408,09; 9804,147;  204,021;21738,668;44,57991
 408,68; 9870,905;  218,707;21635,850;45,06763
 409,27; 9788,260;  193,485;21390,379;45,26501
 409,86; 9882,839;  205,198;21306,757;45,86221
 410,45; 9886,653;  237,677;21200,866;46,02819
 411,04; 9932,568;  241,925;21221,334;46,19121
 411,63; 9846,795;  231,641;20944,345;46,42153
 412,22; 9761,562;  236,277;20802,971;46,31413
 412,81; 9759,039;  234,516;20450,983;47,11270
 413,40; 9656,976;  244,679;20195,611;47,17723
 413,99; 9555,143;  279,984;19937,270;47,18434
 414,58; 9449,287;  214,524;19483,573;47,92537
 415,17; 9387,009;  233,362;19283,468;48,05037
 415,76; 9356,484;  223,969;19133,124;48,29679
 416,35; 9297,518;  217,896;18974,143;48,40852
 416,94; 9391,724;  251,278;19000,514;48,75103
 417,53; 9569,236;  225,055;19243,159;49,13309
 418,12; 9638,379;  220,595;19221,924;49,56382
 418,71; 9844,061;  238,833;19617,461;49,56609
 419,30; 9908,522;  222,673;19761,265;49,57291
 419,89;10029,681;  219,751;19971,037;49,66730
 420,48;10213,503;  250,448;20167,682;50,02228
 421,07;10305,781;  247,604;20196,168;50,42056
 421,66;10320,119;  199,762;20268,993;50,42723
 422,25;10309,358;  218,540;20259,425;50,35116
 422,84;10346,167;  248,234;20187,562;50,64330
 423,43;10269,469;  225,692;19973,210;50,86096
 424,02;10129,900;  253,463;19707,696;50,76755
 424,60; 9996,576;  215,165;19334,463;51,15989
 425,19; 9909,646;  232,390;19005,418;51,54872
 425,78; 9854,585;  237,160;19006,272;51,24070
 426,37; 9841,745;  244,856;18871,316;51,52288
 426,96; 9768,329;  233,856;18769,570;51,43839
 427,55; 9688,856;  235,246;18637,105;51,37312
 428,14; 9644,731;  213,172;18382,967;51,90790
 428,73; 9635,462;  236,937;18213,369;52,28249
 429,32; 9601,640;  241,394;18143,109;52,28687
 429,91; 9596,778;  256,860;18142,988;52,21878
 430,50; 9551,445;  240,632;17964,362;52,53303
 431,08; 9461,397;  247,635;17870,955;52,28165
 431,67; 9480,783;  273,407;17823,534;52,46330
 432,26; 9399,912;  287,948;17615,023;52,58801
 432,85; 9232,811;  297,024;17301,011;52,55113
 433,44; 9061,110;  300,874;16903,047;52,76560
 434,03; 8860,140;  310,495;16637,180;52,36608
 434,62; 8681,514;  276,182;16162,249;52,91009
 435,21; 8562,088;  281,332;15997,996;52,68775
 435,79; 8497,600;  280,185;15882,140;52,66914
 436,38; 8410,242;  270,728;15784,194;52,46741
 436,97; 8347,208;  272,960;15701,062;52,33468
 437,56; 8253,912;  274,198;15551,265;52,23329
 438,15; 8222,965;  257,196;15449,290;52,43364
 438,74; 8238,889;  290,659;15442,983;52,45551
 439,33; 8209,046;  274,811;15442,946;52,30857
 439,91; 8213,936;  245,815;15472,393;52,33035
 440,50; 8223,606;  289,200;15605,574;51,80342
 441,09; 8287,862;  276,819;15659,090;52,07972
 441,68; 8243,069;  266,209;15677,926;51,75841
 442,27; 8206,641;  252,207;15670,096;51,59224
 442,86; 8224,347;  235,601;15642,646;51,85125
 443,44; 8241,038;  243,291;15701,914;51,73648
 444,03; 8256,539;  305,216;15825,397;51,23216
 444,62; 8205,758;  243,063;15663,045;51,63881
 445,21; 8091,296;  253,523;15482,621;51,46578
 445,80; 8050,349;  287,759;15389,535;51,40184
 446,39; 7921,114;  291,835;15146,455;51,35964
 446,97; 7767,264;  248,918;14866,687;51,43292
 447,56; 7671,590;  239,999;14691,545;51,42419
 448,15; 7570,745;  247,764;14566,312;51,14332
 448,74; 7488,541;  266,841;14357,672;51,25106
 449,33; 7355,566;  258,306;14256,533;50,70114
 449,91; 7230,881;  250,619;14023,731;50,68035
 450,50; 7153,950;  244,695;13803,188;50,95887
 451,09; 7097,704;  259,926;13706,835;50,85018
 451,68; 7036,809;  283,159;13573,119;50,81768
 452,26; 6972,622;  268,546;13522,450;50,58190
 452,85; 6889,802;  251,775;13362,693;50,62976
 453,44; 6878,045;  269,244;13456,357;50,11560
 454,03; 6815,038;  251,778;13392,582;49,94565
 454,61; 6789,718;  238,782;13351,848;49,95732
 455,20; 6873,400;  278,477;13600,882;49,50250
 455,79; 6865,413;  274,242;13506,194;49,81254
 456,38; 6859,553;  274,865;13545,807;49,61733
 456,97; 6881,794;  254,172;13677,966;49,37220
 457,55; 6836,154;  250,790;13719,801;48,89270
 458,14; 6813,790;  278,325;13681,117;48,76197
 458,73; 6806,058;  268,791;13565,445;49,16475
 459,31; 6770,630;  294,410;13669,695;48,41930
 459,90; 6770,728;  300,100;13697,551;48,29746
 460,49; 6858,801;  344,330;13805,663;48,39395
 461,08; 6821,789;  260,335;13828,968;48,35751
 461,66; 6826,514;  276,026;13975,022;47,81729
 462,25; 6871,063;  270,414;14009,876;48,04154
 462,84; 6881,693;  294,797;14024,690;47,97485
 463,43; 6792,900;  242,265;14013,759;47,56663
 464,01; 6790,794;  266,652;14025,206;47,41881
 464,60; 6768,876;  314,033;13975,976;47,24689
 465,19; 6596,522;  241,499;13733,917;47,10070
 465,77; 6599,565;  268,732;13729,017;47,03343
 466,36; 6508,297;  293,265;13695,803;46,37205
 466,95; 6331,389;  283,342;13323,196;46,38125
 467,53; 6235,090;  275,581;13083,319;46,53054
 468,12; 6059,010;  296,120;12866,395;45,84538
 468,71; 5964,987;  279,038;12633,958;46,02174
 469,29; 5807,587;  261,428;12342,184;45,90904
 469,88; 5691,619;  275,045;12127,432;45,70028
 470,47; 5733,148;  328,818;12229,929;45,41030
 471,06; 5639,122;  278,665;12186,954;45,01450
 471,64; 5707,067;  288,741;12260,388;45,25966
 472,23; 5654,391;  250,518;12323,055;44,76171
 472,81; 5704,043;  251,283;12394,417;44,90406
 473,40; 5736,253;  267,672;12552,716;44,51413
 473,99; 5793,045;  362,979;12725,882;43,92226
 474,57; 5792,741;  274,825;12820,076;43,98410
 475,16; 5875,066;  285,130;12932,891;44,19704
 475,75; 5894,485;  297,674;13070,680;43,81749
 476,33; 5912,333;  297,139;13171,991;43,61366
 476,92; 5917,899;  311,903;13213,309;43,45260
 477,51; 5889,502;  293,984;13278,805;43,09276
 478,09; 5908,240;  288,291;13275,982;43,27135
 478,68; 5850,737;  288,062;13291,385;42,77888
 479,27; 5846,062;  316,444;13321,123;42,52022
 479,85; 5803,006;  287,831;13243,096;42,57092
 480,44; 5834,215;  277,602;13393,009;42,36707
 481,02; 6345,040;  287,604;14666,346;42,12772
 481,61; 7095,720;  319,218;16569,878;41,69985
 482,20; 7474,559;  297,681;17747,567;41,12851
 482,78; 7846,407;  322,755;18507,451;41,37354
 483,37; 7982,558;  312,993;18978,300;41,08995
 483,95; 8148,197;  335,532;19266,004;41,27031
 484,54; 8168,662;  338,449;19486,310;40,89341
 485,13; 8047,691;  305,536;19397,099;40,55276
 485,71; 7958,656;  272,150;19138,312;40,74229
 486,30; 7850,317;  326,765;18930,796;40,44044
 486,88; 7742,168;  355,536;18571,338;40,55068
 487,47; 7438,864;  325,536;17831,802;40,63304
 488,05; 7080,315;  318,384;16987,605;40,56537
 488,64; 6578,033;  320,387;15830,389;40,34587
 489,23; 5839,581;  322,462;14141,046;39,92536
 489,81; 4974,455;  327,078;12024,368;39,73037
 490,40; 4718,079;  280,463;11439,873;39,76568
 490,98; 4562,502;  268,696;11223,893;39,19424
 491,57; 4508,297;  302,924;11098,327;38,95522
 492,15; 4450,210;  272,927;11014,824;38,88776
 492,74; 4403,719;  303,077;10928,884;38,59135
 493,32; 4327,879;  299,234;10838,889;38,22369
 493,91; 4301,992;  285,005;10775,716;38,29089
 494,50; 4254,988;  293,396;10735,679;37,93799
 495,08; 4226,288;  282,241;10689,213;37,89812
 495,67; 4202,857;  301,005;10627,918;37,78334
 496,25; 4125,971;  256,700;10524,515;37,68349
 496,84; 4082,399;  258,312;10530,419;37,22787
 497,42; 4031,398;  257,701;10495,421;36,86072
 498,01; 4047,211;  286,698;10407,287;37,15706
 498,59; 3944,610;  259,240;10379,835;36,41456
 499,18; 3960,662;  269,544;10311,897;36,75550
 499,76; 3941,798;  278,316;10290,813;36,58909
 500,35; 3851,216;  283,089;10102,755;36,33654
 500,93; 3801,502;  261,317;10069,165;36,09543
 501,52; 3757,168;  263,779; 9965,845;36,00665
 502,10; 3732,479;  278,015; 9976,118;35,62000
 502,69; 3641,865;  261,016; 9804,159;35,42699
 503,27; 3598,192;  250,088; 9641,627;35,65022
 503,86; 3556,983;  264,093; 9570,102;35,38456
 504,44; 3451,246;  238,633; 9449,888;34,87704
 505,03; 3398,873;  232,479; 9228,933;35,19602
 505,61; 3325,784;  250,247; 9104,580;34,73482
 506,19; 3290,923;  273,094; 8988,688;34,62562
 506,78; 3221,548;  228,714; 8840,696;34,75199
 507,36; 3128,457;  251,402; 8679,378;34,13697
 507,95; 3106,250;  255,177; 8473,778;34,69049
 508,53; 3044,248;  245,098; 8408,738;34,28802
 509,12; 3004,407;  259,023; 8260,549;34,31076
 509,70; 2937,523;  281,024; 8140,453;33,80015
 510,29; 2905,032;  278,564; 7994,517;34,03945
 510,87; 2808,995;  243,098; 7805,649;33,92898
 511,46; 2762,822;  244,945; 7671,794;33,90236
 512,04; 2715,720;  250,794; 7550,706;33,76651
 512,62; 2643,330;  263,176; 7395,587;33,37096
 513,21; 2545,544;  239,872; 7234,157;32,96508
 513,79; 2525,836;  243,340; 7115,999;33,21125
 514,38; 2454,619;  230,107; 6978,813;32,96206
 514,96; 2448,080;  275,106; 6923,851;32,68247
 515,54; 2382,362;  230,339; 6737,992;33,06912
 516,13; 2339,782;  251,877; 6674,087;32,51068
 516,71; 2302,495;  247,803; 6503,060;32,84744
 517,30; 2239,089;  233,652; 6428,666;32,37179
 517,88; 2241,369;  248,575; 6335,499;32,73894
 518,46; 2185,524;  244,345; 6248,000;32,33329
 519,05; 2159,148;  243,116; 6226,851;32,02067
 519,63; 2131,890;  249,192; 6157,145;31,86718
 520,22; 2118,277;  267,503; 6077,610;31,85438
 520,80; 2068,189;  259,965; 6038,374;31,29276
 521,38; 2098,664;  280,578; 6006,033;31,75443
 521,97; 2050,813;  239,967; 5950,841;31,70873
 522,55; 2050,086;  263,736; 5929,785;31,52725
 523,13; 2022,710;  228,584; 5929,905;31,46860
 523,72; 2032,958;  241,191; 5911,755;31,59769
 524,30; 2067,638;  263,509; 6050,986;31,17298
 524,89; 2036,263;  240,891; 6035,681;30,98252
 525,47; 2068,342;  260,894; 6164,415;30,61644
 526,05; 2064,773;  227,741; 6194,477;30,78789
 526,64; 2113,135;  265,819; 6338,966;30,41778
 527,22; 2147,361;  252,356; 6417,886;30,73548
 527,80; 2187,689;  282,511; 6548,897;30,40314
 528,39; 2180,721;  246,128; 6602,414;30,43590
 528,97; 2227,016;  239,512; 6747,446;30,53972
 529,55; 2268,887;  262,892; 6939,378;30,04567
 530,14; 2339,641;  277,667; 7121,913;30,12711
 530,72; 2363,832;  243,973; 7210,238;30,43035
 531,30; 2367,552;  237,975; 7355,600;29,91977
 531,89; 2404,991;  260,898; 7447,665;29,83390
 532,47; 2436,799;  292,053; 7530,800;29,62869
 533,05; 2450,027;  279,203; 7550,182;29,85601
 533,63; 2472,419;  282,438; 7635,303;29,78405
 534,22; 2441,530;  245,284; 7642,128;29,69166
 534,80; 2470,686;  275,749; 7724,630;29,46667
 535,38; 2561,422;  352,899; 7852,188;29,44976
 535,97; 2467,484;  255,746; 7740,989;29,54798
 536,55; 2500,840;  316,057; 7821,669;29,10866
 537,13; 2492,645;  290,898; 7754,453;29,49997
 537,71; 2519,194;  323,282; 7822,689;29,28114
 538,30; 2557,581;  328,208; 7883,154;29,50878
 538,88; 2569,141;  344,597; 7967,205;29,18350
 539,46; 2659,113;  389,441; 8096,267;29,45015
 540,05; 2688,664;  385,673; 8211,543;29,42792
 540,63; 2763,745;  429,596; 8406,237;29,26229
 541,21; 2808,276;  434,213; 8534,120;29,30976
 541,79; 2866,407;  452,444; 8582,262;29,69271
 542,38; 2899,752;  476,442; 8769,241;29,22186
 542,96; 2923,658;  467,446; 8876,581;29,20886
 543,54; 2979,684;  490,521; 9123,785;28,83224
 544,12; 3015,323;  459,291; 9238,797;29,11362
 544,70; 3002,336;  461,447; 9347,881;28,59289
 545,29; 3009,502;  477,519; 9473,770;28,14487
 545,87; 3063,946;  452,829; 9488,723;28,89716
 546,45; 3014,725;  425,596; 9536,073;28,41925
 547,03; 3015,260;  420,828; 9637,226;28,15018
 547,62; 3032,284;  404,137; 9765,278;28,07508
 548,20; 3101,374;  413,292; 9891,246;28,36141
 548,78; 3088,050;  392,836;10060,088;27,87984
 549,36; 3117,111;  374,528;10210,310;27,88373
 549,94; 3129,031;  343,753;10412,344;27,66304
 550,53; 3194,568;  352,219;10608,769;27,71253
 551,11; 3223,685;  329,453;10775,983;27,70521
 551,69; 3275,481;  340,220;11044,802;27,42060
 552,27; 3278,995;  310,987;11325,520;26,94628
 552,85; 3414,332;  325,222;11587,113;27,42976
 553,44; 3463,038;  314,297;11953,504;27,05288
 554,02; 3581,658;  340,682;12253,815;27,20507
 554,60; 3609,816;  285,299;12545,471;27,11640
 555,18; 3695,627;  315,066;12856,375;26,95540
 555,76; 3767,054;  310,529;13212,705;26,79025
 556,34; 3849,514;  325,840;13628,052;26,48938
 556,93; 3968,511;  302,759;13992,664;26,77705
 557,51; 4016,352;  290,224;14276,241;26,64181
 558,09; 4119,323;  318,143;14647,224;26,52773
 558,67; 4214,369;  313,149;15002,596;26,55798
 559,25; 4297,614;  325,456;15302,449;26,52174
 559,83; 4330,112;  313,227;15565,507;26,33629
 560,41; 4424,867;  305,993;15866,382;26,47025
 561,00; 4529,161;  311,611;16247,069;26,46645
 561,58; 4529,675;  308,223;16362,632;26,29466
 562,16; 4590,797;  289,991;16682,192;26,23690
 562,74; 4636,539;  287,759;17089,101;25,88352
 563,32; 4778,220;  277,612;17470,945;26,17647
 563,90; 4855,534;  306,534;17862,948;25,91076
 564,48; 4966,144;  301,761;18178,943;26,09126
 565,06; 5068,096;  302,380;18780,613;25,79097
 565,65; 5243,594;  305,692;19330,865;25,95457
 566,23; 5416,196;  351,534;20141,125;25,59255
 566,81; 5567,491;  289,456;20751,272;25,79456
 567,39; 5754,493;  318,305;21604,736;25,53828
 567,97; 5955,088;  319,149;22213,455;25,74157
 568,55; 6108,589;  333,304;22974,360;25,50802
 569,13; 6278,957;  309,842;23613,083;25,61496
 569,71; 6460,905;  305,145;24433,785;25,51225
 570,29; 6738,146;  340,990;25481,751;25,44536
 570,87; 6844,901;  346,991;26167,051;25,16613
 571,45; 7017,507;  324,303;26694,088;25,38210
 572,03; 7066,763;  295,459;27136,987;25,22697
 572,61; 7205,993;  289,919;27850,062;25,09447
 573,20; 7346,522;  315,071;28368,133;25,06483
 573,78; 7499,000;  306,535;29036,297;25,03489
 574,36; 7596,881;  309,996;29503,814;24,96037
 574,94; 7706,725;  352,383;29871,776;24,91359
 575,52; 7715,892;  294,233;30180,785;24,83277
 576,10; 7939,214;  346,231;30610,137;25,08924
 576,68; 7932,267;  331,844;31160,162;24,65403
 577,26; 8143,386;  352,234;31792,070;24,78114
 577,84; 8222,800;  348,842;32277,312;24,66124
 578,42; 8286,983;  392,769;32563,944;24,53816
 579,00; 8233,858;  340,766;32509,957;24,53619
 579,58; 8289,552;  364,691;32854,920;24,39152
 580,16; 8266,141;  344,538;32755,446;24,44116
 580,74; 8303,380;  335,846;32984,373;24,40396
 581,32; 8261,267;  343,307;33087,970;24,18092
 581,90; 8252,929;  367,923;33034,379;24,13793
 582,48; 8252,076;  349,769;33169,952;24,07758
 583,06; 8243,171;  348,845;33181,614;24,04405
 583,64; 8242,240;  353,229;33345,303;23,91184
 584,22; 8155,373;  352,003;33247,410;23,72176
 584,80; 8100,206;  369,769;32963,440;23,71760
 585,38; 8008,179;  385,147;32557,731;23,69419
 585,96; 7996,862;  335,766;32663,459;23,69825
 586,54; 7928,927;  363,771;32778,225;23,33883
 587,12; 7951,868;  326,155;32751,272;23,51792
 587,70; 7986,563;  374,151;32963,386;23,35867
 588,28; 7946,361;  355,462;32981,941;23,26607
 588,86; 7961,096;  349,232;33043,117;23,28222
 589,44; 7938,433;  337,390;33174,941;23,14741
 590,02; 7965,790;  358,081;33308,542;23,08832
 590,59; 7990,254;  327,002;33514,311;23,09091
 591,17; 8010,616;  351,470;33732,535;22,94458
 591,75; 7991,891;  331,083;33799,479;22,88968
 592,33; 8055,125;  354,852;34047,903;22,85419
 592,91; 8039,919;  307,239;34165,224;22,83857
 593,49; 8070,420;  324,394;34518,360;22,65320
 594,07; 8076,285;  326,548;34697,678;22,54723
 594,65; 8080,969;  334,695;34735,900;22,51745
 595,23; 8131,324;  332,466;35090,617;22,43750
 595,81; 8135,240;  324,543;35238,191;22,37147
 596,39; 8121,456;  328,005;35383,183;22,23195
 596,97; 8172,742;  322,008;35552,136;22,28415
 597,55; 8116,885;  312,849;35481,166;22,19053
 598,12; 8118,105;  303,395;35399,242;22,26677
 598,70; 8001,608;  307,085;35628,684;21,78419
 599,28; 8102,412;  329,932;35659,433;21,99997
 599,86; 8057,339;  322,624;35731,011;21,84430
 600,44; 8013,301;  285,702;35848,685;21,72933
 601,02; 8044,084;  337,013;35935,156;21,65020
 601,60; 8022,411;  325,314;35956,316;21,60225
 602,18; 7984,582;  297,933;35921,865;21,57721
 602,75; 7957,309;  298,697;35998,033;21,45309
 603,33; 7909,281;  307,855;36005,675;21,29381
 603,91; 7955,214;  290,935;35983,836;21,47284
 604,49; 7924,000;  326,009;36083,150;21,24888
 605,07; 7900,537;  320,391;35985,225;21,25384
 605,65; 7890,159;  324,471;36170,922;21,10582
 606,23; 7942,307;  353,694;36241,261;21,14552
 606,80; 7954,671;  380,235;36263,021;21,10883
 607,38; 7922,264;  404,781;36236,475;20,97998
 607,96; 7927,767;  429,697;36349,185;20,87466
 608,54; 7919,828;  477,163;36332,295;20,75760
 609,12; 7909,398;  466,312;36359,385;20,73683
 609,70; 7889,323;  486,700;36421,042;20,60041
 610,27; 7916,713;  501,466;36465,158;20,61870
 610,85; 7866,746;  502,546;36530,061;20,44049
 611,43; 7811,135;  507,316;36395,486;20,35161
 612,01; 7754,691;  475,929;36255,186;20,34352
 612,59; 7720,388;  479,777;36266,767;20,23252
 613,16; 7695,858;  445,464;36210,037;20,27256
 613,74; 7622,085;  442,393;36050,885;20,16286
 614,32; 7599,536;  412,779;36131,111;20,12064
 614,90; 7563,765;  394,007;36059,147;20,10298
 615,48; 7454,435;  362,542;35804,826;20,00970
 616,05; 7396,373;  349,695;35701,679;19,93291
 616,63; 7384,926;  353,386;35618,147;19,93928
 617,21; 7276,009;  354,619;35485,498;19,70173
 617,79; 7273,271;  344,005;35331,822;19,80480
 618,36; 7223,130;  353,006;35311,290;19,65235
 618,94; 7091,478;  294,696;35040,501;19,56145
 619,52; 7034,631;  331,156;34843,615;19,42335
 620,10; 6974,609;  324,236;34672,683;19,36150
 620,67; 6957,192;  323,617;34598,896;19,35382
 621,25; 6920,014;  339,007;34507,810;19,26028
 621,83; 6855,259;  313,927;34420,392;19,17916
 622,41; 6863,066;  363,850;34426,565;19,08015
 622,98; 6736,023;  334,078;34223,695;18,89058
 623,56; 6737,603;  339,385;34215,524;18,88709
 624,14; 6704,219;  303,315;34047,836;18,96872
 624,72; 6606,751;  326,080;33994,061;18,65473
 625,29; 6639,176;  295,462;34100,503;18,76559
 625,87; 6631,371;  355,774;33979,757;18,66405
 626,45; 6550,026;  297,462;33809,735;18,65753
 627,02; 6495,983;  308,313;33852,870;18,44612
 627,60; 6449,628;  304,009;33678,925;18,41388
 628,18; 6406,859;  281,928;33700,231;18,32807
 628,76; 6392,261;  287,925;33778,161;18,22721
 629,33; 6370,354;  316,080;33869,401;18,04374
 629,91; 6372,917;  308,466;33853,375;18,07860
 630,49; 6358,854;  331,618;33886,073;17,96255
 631,06; 6367,050;  317,386;34101,517;17,90682
 631,64; 6365,341;  314,308;34034,585;17,94479
 632,22; 6289,279;  274,922;33913,707;17,87923
 632,79; 6343,698;  306,384;34171,763;17,82739
 633,37; 6284,837;  289,775;34302,682;17,62584
 633,95; 6293,483;  296,077;34337,733;17,61785
 634,52; 6244,232;  289,927;34440,378;17,43551
 635,10; 6248,709;  294,312;34418,964;17,44896
 635,68; 6271,060;  298,845;34673,059;17,37411
 636,25; 6228,516;  287,689;34640,478;17,29358
 636,83; 6241,492;  263,232;34768,623;17,32558
 637,41; 6181,713;  283,460;34887,808;17,04483
 637,98; 6249,190;  307,383;35030,585;17,11192
 638,56; 6228,254;  289,919;35169,731;17,02513
 639,13; 6221,226;  292,847;35134,913;17,01500
 639,71; 6283,492;  330,617;35319,738;17,01350
 640,29; 6127,731;  257,079;35092,692;16,85244
 640,86; 6150,798;  265,310;35297,411;16,80027
 641,44; 6158,173;  274,925;35331,515;16,78215
 642,02; 6161,779;  308,002;35358,003;16,70122
 642,59; 6194,231;  280,002;35430,876;16,82527
 643,17; 6089,529;  269,310;35392,903;16,57068
 643,74; 6109,519;  270,772;35402,006;16,61982
 644,32; 6092,663;  303,310;35371,033;16,50906
 644,89; 6048,653;  297,541;35389,060;16,38889
 645,47; 6058,951;  309,849;35470,625;16,35090
 646,05; 5998,249;  301,849;35303,421;16,27470
 646,62; 5973,086;  287,849;35205,986;16,28161
 647,20; 5978,230;  287,003;35506,628;16,15925
 647,77; 5897,297;  267,234;35296,885;16,07228
 648,35; 5898,903;  253,619;35186,373;16,16043
 648,92; 5873,124;  289,234;35328,169;15,93624
 649,50; 5790,806;  254,388;35151,581;15,86494
 650,08; 5751,950;  252,388;35160,300;15,75449
 650,65; 5774,325;  269,465;35202,942;15,75812
 651,23; 5866,623;  253,542;36062,891;15,67490
 651,80; 5958,691;  251,773;36938,764;15,55570
 652,38; 6067,373;  275,773;37435,406;15,58573
 652,95; 6062,056;  239,697;37559,433;15,60129
 653,53; 6106,508;  268,697;37840,844;15,53760
 654,10; 6127,498;  304,081;38124,025;15,39774
 654,68; 6079,334;  263,159;37958,205;15,42955
 655,25; 6019,401;  257,082;38055,232;15,24498
 655,83; 6029,392;  250,620;38175,259;15,23751
 656,40; 6039,228;  290,082;38101,208;15,20491
 656,98; 5967,988;  252,928;38027,312;15,12946
 657,55; 5929,055;  260,928;37820,031;15,09122
 658,13; 5863,122;  253,159;37434,904;15,08795
 658,70; 5824,728;  268,621;37326,161;14,99319
 659,28; 5623,026;  249,006;36566,496;14,79733
 659,85; 5492,708;  283,236;35688,138;14,71398
 660,43; 5447,775;  268,852;35701,395;14,61629
 661,00; 5461,073;  262,160;35813,806;14,62355
 661,58; 5467,448;  251,237;36078,448;14,55936
 662,15; 5465,516;  243,698;36365,398;14,45618
 662,73; 5566,814;  315,622;36611,810;14,46761
 663,30; 5506,573;  262,776;36802,298;14,35103
 663,88; 5529,256;  267,545;36925,247;14,35363
 664,45; 5510,092;  257,314;37175,428;14,22819
 665,03; 5568,159;  262,237;37603,993;14,20909
 665,60; 5680,765;  335,007;37907,097;14,22800
 666,17; 5572,601;  270,545;38021,508;14,04482
 666,75; 5639,899;  264,392;38341,073;14,11758
 667,32; 5697,274;  288,776;38603,177;14,11610
 667,90; 5687,265;  256,930;38909,973;14,04892
 668,47; 5743,409;  284,161;39173,692;14,03783
 669,05; 5721,322;  261,931;39432,180;13,93760
 669,62; 5757,620;  241,469;39505,976;14,04870
 670,19; 5702,456;  242,238;39631,849;13,86208
 670,77; 5741,216;  256,546;39816,260;13,86428
 671,34; 5687,052;  259,316;39699,517;13,76194
 671,92; 5736,812;  248,470;40033,544;13,79498
 672,49; 5709,725;  271,239;39993,494;13,69128
 673,06; 5677,408;  236,162;40100,213;13,64951
 673,64; 5633,860;  248,008;40062,239;13,52745
 674,21; 5632,004;  237,008;40063,189;13,54635
 674,79; 5641,840;  269,393;40230,216;13,44429
 675,36; 5656,061;  271,086;40409,396;13,41605
 675,93; 5580,282;  243,932;40181,808;13,36163
 676,51; 5633,734;  267,163;40467,296;13,34964
 677,08; 5613,955;  267,624;40425,169;13,31339
 677,65; 5599,561;  255,701;40680,426;13,21928
 678,23; 5653,243;  250,317;40745,914;13,34201
 678,80; 5617,234;  257,009;40924,864;13,18049
 679,38; 5592,378;  250,702;40990,583;13,11166
 679,95; 5629,522;  268,163;41280,917;13,07242
 680,52; 5634,205;  249,240;41520,636;13,04769
 681,10; 5688,349;  269,241;41869,355;13,02667
 681,67; 5695,416;  260,318;42213,228;12,95524
 682,24; 5665,329;  231,856;42269,870;12,92514
 682,82; 5745,473;  249,241;42750,897;12,93181
 683,39; 5812,694;  284,087;43084,770;12,91710
 683,96; 5769,377;  259,626;43252,181;12,81559
 684,54; 5789,752;  232,010;43589,669;12,81836
 685,11; 5893,819;  282,780;43841,311;12,88161
 685,68; 5871,732;  246,780;44291,492;12,77101
 686,25; 5866,646;  234,857;44404,826;12,75027
 686,83; 5888,867;  237,857;44571,776;12,74647
 687,40; 5893,396;  228,396;44861,418;12,69240
 687,97; 6000,463;  282,703;45281,445;12,70649
 688,55; 5921,992;  238,704;45162,395;12,65098
 689,12; 5942,136;  221,396;45552,190;12,61999
 689,69; 5952,049;  233,088;45532,986;12,62467
 690,26; 5917,193;  260,165;45717,628;12,44466
 690,84; 5935,183;  237,396;45881,886;12,48297
 691,41; 5935,789;  263,012;45934,759;12,42076
 691,98; 5948,779;  262,627;46237,170;12,36804
 692,56; 5946,308;  251,166;46279,812;12,37304
 693,13; 5998,452;  300,166;46257,916;12,39897
 693,70; 5994,443;  270,935;46541,942;12,36953
 694,27; 5979,356;  245,782;46613,431;12,36546
 694,84; 5950,192;  242,859;46674,457;12,29192
 695,42; 5984,260;  291,013;46828,715;12,23362
 695,99; 5971,711;  262,936;47115,126;12,18465
 696,56; 5933,163;  252,013;46926,460;12,17186
 697,13; 6007,615;  262,090;47242,256;12,22968
 697,71; 5976,067;  243,552;47309,360;12,17979
 698,28; 5962,749;  270,782;47530,079;12,04412
 698,85; 5933,047;  222,936;47753,567;12,01354
 699,42; 5943,422;  229,013;47842,978;12,00154
 699,99; 5985,643;  261,090;47875,620;12,02270
 700,57; 5961,095;  249,937;47885,955;11,98916
 701,14; 5967,547;  250,014;48169,751;11,93148
 701,71; 5957,999;  272,014;48305,854;11,83746
 702,28; 5939,681;  249,399;48287,035;11,84547
 702,85; 6001,826;  262,629;48388,523;11,92538
 703,43; 6038,354;  279,014;48638,780;11,90936
 704,00; 6031,575;  272,168;48834,807;11,85975
 704,57; 5995,796;  258,707;48799,757;11,81905
 705,14; 6049,248;  284,784;49084,245;11,81256
 705,71; 6044,392;  293,707;49164,195;11,76719
 706,28; 6009,767;  261,015;49017,452;11,79076
 706,86; 6075,527;  282,399;49233,171;11,83460
 707,43; 6081,055;  298,784;49271,121;11,80722
 708,00; 6041,200;  285,246;49246,378;11,75617
 708,57; 6003,959;  260,015;49139,867;11,75115
 709,14; 6019,565;  282,785;49256,893;11,71390
 709,71; 6034,017;  266,554;49312,535;11,75930
 710,28; 6047,084;  277,939;49610,101;11,69449
 710,86; 6001,613;  270,708;49686,358;11,59735
 711,43; 6045,218;  291,400;49737,077;11,63664
 712,00; 6054,132;  255,093;49697,027;11,72899
 712,57; 6048,353;  280,554;49915,669;11,62040
 713,14; 6081,266;  267,862;50000,926;11,68921
 713,71; 6102,795;  276,016;49852,184;11,75318
 714,28; 6052,631;  262,093;50000,826;11,64191
 714,85; 6028,621;  258,786;49703,006;11,66938
 715,42; 6066,535;  267,017;49866,341;11,69274
 716,00; 6102,217;  321,709;49940,290;11,64989
 716,57; 6101,823;  267,171;50156,471;11,69520
 717,14; 6045,352;  256,017;50054,344;11,62556
 717,71; 6060,650;  242,479;50061,755;11,67855
 718,28; 6122,025;  295,171;50305,936;11,65120
 718,85; 6081,246;  248,863;50184,501;11,67980
 719,42; 6141,928;  271,863;50341,374;11,72383
 719,99; 6089,611;  246,556;50109,477;11,71824
 720,56; 6132,293;  273,556;50417,273;11,68389
 721,13; 6156,591;  267,095;50545,146;11,71385
 721,70; 6111,351;  253,787;50378,019;11,68609
 722,27; 6154,495;  277,864;50422,045;11,71947
 722,84; 6220,716;  312,941;50632,072;11,74061
 723,41; 6159,553;  248,172;50657,099;11,72685
 723,98; 6199,081;  274,018;50880,125;11,70820
 724,55; 6208,995;  292,941;50961,691;11,67594
 725,12; 6160,447;  222,711;50831,563;11,73260
 725,69; 6225,821;  255,326;51149,590;11,73117
 726,27; 6234,504;  265,788;51061,463;11,75044
 726,84; 6254,494;  263,480;51428,490;11,70920
 727,41; 6295,946;  282,404;51393,055;11,76573
 727,98; 6302,552;  277,404;51691,081;11,71896
 728,55; 6320,465;  305,711;51564,493;11,73409
 729,12; 6300,302;  250,173;51743,673;11,74931
 729,69; 6351,369;  287,250;51817,238;11,76814
 730,26; 6343,974;  286,096;52034,342;11,70644
 730,82; 6334,272;  263,020;52043,830;11,72491
 731,39; 6367,263;  267,558;51979,241;11,79560
 731,96; 6406,253;  250,558;52324,960;11,82096
 732,53; 6427,397;  261,943;52469,141;11,80959
 733,10; 6470,772;  280,174;52563,245;11,84054
 733,67; 6494,916;  280,251;52780,348;11,83744
 734,24; 6448,983;  259,943;52431,682;11,86282
 734,81; 6532,281;  294,867;52566,017;11,93281
 735,38; 6495,964;  268,713;52309,351;11,96613
 735,95; 6492,570;  257,405;52283,147;11,98477
 736,52; 6506,868;  285,636;52395,020;11,93879
 737,09; 6528,012;  282,713;51982,047;12,08004
 737,66; 6584,233;  311,867;52209,919;12,08594
 738,23; 6573,223;  269,559;52286,562;12,11847
 738,80; 6664,367;  319,867;52606,204;12,13414
 739,37; 6663,280;  302,252;52781,307;12,12108
 739,94; 6705,732;  274,098;52811,334;12,24205
 740,51; 6784,492;  375,098;52843,899;12,21563
 741,07; 6684,174;  266,175;52773,156;12,22313
 741,64; 6761,395;  298,791;52949,414;12,27451
 742,21; 6780,386;  272,560;53037,671;12,33358
 742,78; 6749,145;  245,099;52830,083;12,36864
 743,35; 6765,828;  259,561;53133,725;12,30519
 743,92; 6886,587;  306,561;53225,521;12,43416
 744,49; 6854,270;  299,022;53091,163;12,41709
 745,06; 6864,722;  253,330;53061,189;12,51971
 745,63; 6840,866;  255,484;53097,370;12,46243
 746,19; 6879,164;  267,792;53121,012;12,50893
 746,76; 6862,770;  279,023;53099,500;12,46438
 747,33; 6841,991;  252,484;53153,065;12,45640
 747,90; 6906,519;  283,946;53275,553;12,49740
 748,47; 6952,663;  284,638;53170,272;12,60839
 749,04; 6942,500;  292,715;53214,068;12,56541
 749,61; 7017,567;  297,485;53260,018;12,68837
 750,17; 7046,634;  292,562;53317,122;12,73763
 750,74; 7023,701;  282,485;53193,379;12,74070
 751,31; 7003,615;  262,331;53076,406;12,76418
 751,88; 7021,451;  262,331;52928,971;12,83378
 752,45; 7085,134;  264,178;53116,921;12,90559
 753,02; 7067,278;  276,255;52916,255;12,90088
 753,58; 7069,191;  249,255;52853,743;12,96455
 754,15; 7120,797;  260,486;52920,232;13,02762
 754,72; 7141,864;  256,794;52779,104;13,10885
 755,29; 7140,239;  253,332;52663,131;13,14050
 755,86; 7186,691;  275,948;52730,312;13,17477
 756,42; 7191,143;  283,486;52687,646;13,18150
 756,99; 7185,056;  247,256;52578,211;13,25755
 757,56; 7219,508;  255,717;52596,699;13,30466
 758,13; 7170,344;  218,256;52606,264;13,27038
 758,70; 7297,335;  257,025;52636,676;13,44093
 759,26; 7272,094;  241,948;52640,779;13,41661
 759,83; 7310,161;  247,102;52669,960;13,47324
 760,40; 7320,767;  229,948;52620,910;13,53443
 760,97; 7303,065;  228,949;52609,398;13,50526
 761,53; 7304,055;  203,564;52253,424;13,64171
 762,10; 7308,199;  203,641;52222,374;13,65769
 762,67; 7356,113;  236,795;52118,093;13,72232
 763,24; 7283,103;  186,488;51786,351;13,75317
 763,80; 7390,939;  219,565;51965,070;13,85893
 764,37; 7406,699;  230,026;51731,712;13,93483
 764,94; 7343,074;  204,411;51406,892;13,94203
 765,50; 7388,756;  220,026;51299,303;14,03452
 766,07; 7473,362;  253,180;51445,869;14,10393
 766,64; 7421,352;  231,950;51087,741;14,13684
 767,21; 7442,497;  236,181;50986,614;14,19952
 767,77; 7456,102;  248,335;50996,487;14,20301
 768,34; 7512,093;  247,258;50969,898;14,32267
 768,91; 7508,621;  270,796;50862,310;14,30640
 769,47; 7574,227;  257,873;50778,798;14,48183
 770,04; 7606,448;  252,797;50701,440;14,57651
 770,61; 7557,207;  243,951;50486,082;14,55602
 771,18; 7565,121;  236,643;50285,878;14,64254
 771,74; 7654,573;  254,797;50438,674;14,74533
 772,31; 7643,871;  248,797;50360,547;14,75717
 772,88; 7663,861;  229,797;50082,420;14,91208
 773,44; 7664,697;  234,490;49810,292;14,98757
 774,01; 7741,072;  263,490;50006,934;15,03230
 774,58; 7677,755;  230,567;49695,192;15,05558
 775,14; 7788,207;  228,413;49696,680;15,28211
 775,71; 7750,889;  230,721;49701,476;15,20124
 776,27; 7840,956;  286,029;49646,426;15,30565
 776,84; 7897,947;  317,336;49721,760;15,34399
 777,41; 7862,014;  249,413;49535,402;15,44577
 777,97; 7830,235;  227,183;49192,275;15,52749
 778,54; 7885,148;  248,952;49280,763;15,57396
 779,11; 7921,292;  260,414;49250,636;15,63757
 779,67; 7959,283;  234,568;49115,201;15,80322
 780,24; 7953,888;  250,952;48940,305;15,82058
 780,80; 7970,263;  269,106;48981,639;15,80940
 781,37; 7966,792;  258,106;48864,358;15,85945
 781,94; 7982,398;  243,799;48654,154;15,98542
 782,50; 8028,388;  254,876;48648,411;16,06312
 783,07; 8071,609;  282,799;48633,207;16,10909
 783,63; 8073,522;  248,876;48433,388;16,23892
 784,20; 8106,205;  274,569;48404,876;16,27174
 784,77; 8056,503;  249,569;48210,210;16,27779
 785,33; 8080,801;  229,569;47997,314;16,43626
 785,90; 8134,714;  259,030;47979,418;16,50381
 786,46; 8165,858;  269,723;47962,137;16,55638
 787,03; 8161,233;  243,185;47820,317;16,64255
 787,59; 8180,916;  253,262;47613,575;16,73902
 788,16; 8233,137;  262,569;47580,140;16,84484
 788,73; 8240,127;  268,646;47407,859;16,91051
 789,29; 8186,271;  249,339;47130,270;16,92998
 789,86; 8233,415;  265,262;47082,143;17,01983
 790,42; 8225,175;  256,031;46916,631;17,07896
 790,99; 8238,396;  265,878;46610,042;17,20285
 791,55; 8208,694;  252,955;46643,915;17,14933
 792,12; 8308,838;  287,186;46581,865;17,32737
 792,68; 8254,444;  261,493;46247,045;17,38144
 793,25; 8252,742;  258,340;46114,457;17,43367
 793,81; 8275,194;  317,494;45823,022;17,48733
 794,38; 8200,876;  226,186;45530,279;17,60258
 794,94; 8243,636;  252,801;45352,383;17,71820
 795,51; 8266,857;  264,955;45283,794;17,77456
 796,07; 8225,847;  259,032;44913,052;17,84120
 796,64; 8286,914;  284,725;45032,078;17,88305
 797,20; 8226,520;  265,187;44527,490;17,98671
 797,77; 8151,895;  231,725;44303,747;17,97097
 798,33; 8203,347;  253,033;44218,466;18,08310
 798,90; 8236,568;  270,725;44059,647;18,19146
 799,46; 8204,481;  255,264;43645,750;18,32018
 800,03; 8185,702;  254,495;43524,700;18,32949
 800,59; 8218,539;  270,187;43439,111;18,41221
 801,15; 8163,452;  280,187;43181,523;18,37534
 801,72; 8202,442;  272,803;42796,626;18,64752
 802,28; 8145,279;  290,341;42493,730;18,61210
 802,85; 8168,884;  255,495;42387,526;18,78236
 803,41; 8210,028;  258,034;42256,783;18,93388
 803,98; 8157,403;  255,957;41894,271;18,97638
 804,54; 8123,240;  259,265;41637,683;19,00502
 805,11; 8155,999;  271,880;41452,017;19,14544
 805,67; 8188,220;  282,573;41346,582;19,25201
 806,23; 8090,595;  268,265;40968,070;19,21958
 806,80; 8125,662;  295,727;40853,482;19,30564
 807,36; 8175,576;  304,881;40805,970;19,43329
 807,93; 8183,335;  311,266;40573,996;19,55175
 808,49; 8100,556;  265,727;40234,869;19,60219
 809,05; 8137,547;  260,958;40080,511;19,78071
 809,62; 8174,152;  290,958;39962,923;19,87094
 810,18; 8190,143;  286,958;39885,257;19,95839
 810,74; 8126,441;  254,112;39606,745;20,00458
 811,31; 8155,046;  264,728;39439,233;20,14146
 811,87; 8167,652;  278,113;39278,568;20,22935
 812,44; 8245,796;  299,113;39262,441;20,39529
 813,00; 8212,709;  218,190;38951,929;20,63968
 813,56; 8276,546;  276,882;39049,263;20,63238
 814,13; 8244,690;  270,421;38924,136;20,63002
 814,69; 8261,372;  253,498;38703,547;20,82670
 815,25; 8211,517;  225,575;38397,189;20,92115
 815,82; 8302,507;  267,806;38317,601;21,11628
 816,38; 8331,420;  299,421;38136,858;21,22765
 816,94; 8215,411;  248,037;37880,423;21,17159
 817,51; 8198,785;  228,883;37702,527;21,26802
 818,07; 8188,622;  241,037;37444,169;21,36268
 818,63; 8177,535;  261,575;37173,426;21,44558
 819,20; 8224,526;  247,960;37149,684;21,61570
 819,76; 8179,823;  229,345;36804,634;21,73730
 820,32; 8189,737;  280,037;36709,430;21,71241
 820,89; 8174,881;  274,576;36515,456;21,79943
 821,45; 8151,410;  248,191;36236,560;21,96048
 822,01; 8124,323;  267,038;35931,971;22,03084
 822,57; 8166,698;  252,422;35891,075;22,20700
 823,14; 8161,457;  234,961;35693,024;22,35457
 823,70; 8133,679;  246,807;35475,205;22,38782
 824,26; 8085,746;  236,500;35221,385;22,43611
 824,82; 8175,351;  272,807;35145,874;22,66088
 825,39; 8046,342;  252,961;34875,131;22,50980
 825,95; 8152,101;  271,038;34881,850;22,77052
 826,51; 8136,476;  259,577;34639,108;22,91160
 827,08; 8233,236;  290,962;34616,057;23,13839
 827,64; 8109,764;  282,808;34478,622;22,88864
 828,20; 8071,139;  240,116;34191,957;23,06509
 828,76; 8165,591;  275,270;34216,676;23,24689
 829,32; 8149,197;  271,501;34001,472;23,35518
 829,89; 8140,879;  234,270;33849,114;23,52118
 830,45; 8199,408;  245,270;33728,987;23,75524
 831,01; 8195,475;  254,116;33610,321;23,80774
 831,57; 8234,235;  249,963;33503,348;24,01040
 832,14; 8216,687;  245,501;33475,990;23,98757
 832,70; 8258,677;  233,347;33291,786;24,27619
 833,26; 8276,898;  218,732;33152,120;24,46807
 833,82; 8227,273;  245,886;33166,070;24,24466
 834,38; 8281,263;  230,040;33100,173;24,49404
 834,95; 8300,100;  226,425;32988,123;24,64364
 835,51; 8260,090;  206,886;32768,150;24,73247
 836,07; 8315,003;  243,117;32961,946;24,67046
 836,63; 8380,609;  258,502;32956,972;24,83941
 837,19; 8366,291;  242,887;32804,076;24,94812
 837,75; 8298,359;  221,810;32524,333;25,00284
 838,32; 8383,810;  260,810;32631,283;25,09386
 838,88; 8441,724;  259,195;32610,156;25,29300
 839,44; 8432,637;  251,503;32576,875;25,30871
 840,00; 8546,243;  248,964;32456,055;25,76227
 840,56; 8460,387;  227,580;32188,390;25,75907
 841,12; 8469,223;  227,811;32166,724;25,80367
 841,68; 8452,368;  217,426;31963,674;25,93989
 842,25; 8487,512;  231,196;31944,239;26,03445
 842,81; 8515,656;  217,657;31771,497;26,29790
 843,37; 8546,492;  210,427;31769,677;26,41402
 843,93; 8562,252;  235,350;31579,473;26,56607
 844,49; 8630,242;  250,658;31675,884;26,66515
 845,05; 8572,848;  208,273;31486,296;26,74266
 845,61; 8684,530;  253,196;31507,091;26,97691
 846,17; 8663,444;  229,119;31398,349;27,05978
 846,73; 8697,511;  235,427;31257,222;27,27787
 847,29; 8673,116;  217,504;31191,864;27,29875
 847,86; 8661,876;  220,658;31153,583;27,28878
 848,42; 8704,251;  213,966;30923,379;27,64717
 848,98; 8690,318;  230,197;30905,790;27,57932
 849,54; 8730,078;  222,274;30828,509;27,79762
 850,10; 8753,760;  237,582;30765,382;27,89647
 850,66; 8729,058;  209,966;30678,332;27,96045
 851,22; 8728,125;  213,659;30518,666;28,09591
 851,78; 8805,346;  266,428;30616,770;28,13450
 852,34; 8792,644;  235,044;30297,719;28,46587
 852,90; 8791,250;  223,428;30377,131;28,41383
 853,46; 8764,625;  210,121;30114,542;28,60615
 854,02; 8807,615;  237,813;30187,799;28,61371
 854,58; 8764,682;  228,813;29974,287;28,69636
 855,14; 8801,750;  219,967;29817,006;28,99541
 855,70; 8737,663;  194,352;29699,879;28,95495
 856,26; 8808,499;  243,968;29589,675;29,18496
 856,82; 8816,105;  221,429;29404,471;29,45093
 857,38; 8827,942;  249,199;29331,113;29,49855
 857,94; 8790,855;  227,353;29186,832;29,57064
 858,50; 8805,230;  239,814;29025,782;29,75552
 859,06; 8753,220;  220,199;28933,116;29,71841
 859,62; 8846,903;  238,430;28864,758;30,07187
 860,18; 8766,201;  222,276;28747,323;29,95236
 860,74; 8766,114;  201,276;28634,042;30,12313
 861,30; 8766,797;  201,584;28365,454;30,41206
 861,86; 8850,325;  268,353;28454,250;30,44775
 862,42; 8809,239;  223,738;28274,969;30,60650
 862,98; 8846,537;  252,046;28264,688;30,68076
 863,54; 8840,527;  231,969;28067,484;30,92653
 864,10; 8859,517;  232,200;28206,510;30,84014
 864,66; 8780,969;  207,046;27932,152;30,92476
 865,22; 8848,113;  219,739;27739,487;31,35339
 865,78; 8840,180;  227,969;27645,821;31,41096
 866,34; 8872,863;  213,354;27626,848;31,58849
 866,90; 8879,238;  236,124;27490,028;31,71331
 867,45; 8832,228;  239,354;27341,440;31,70558
 868,01; 8828,757;  225,739;27232,082;31,85555
 868,57; 8818,439;  225,893;26969,493;32,12936
 869,13; 8767,968;  208,662;26934,135;32,02677
 869,69; 8785,651;  217,893;26801,546;32,22942
 870,25; 8782,256;  208,586;26640,342;32,43701
 870,81; 8830,478;  219,740;26626,292;32,60834
 871,37; 8814,083;  233,586;26559,242;32,59367
 871,93; 8837,073;  249,817;26362,653;32,88519
 872,49; 8822,987;  256,586;26190,680;33,03143
 873,04; 8764,823;  204,432;26031,860;33,14457
 873,60; 8778,967;  213,586;25933,733;33,30222
 874,16; 8774,188;  234,356;25797,913;33,40628
 874,72; 8830,419;  223,817;25830,067;33,61133
 875,28; 8837,958;  231,663;25778,221;33,68866
 875,84; 8827,342;  234,202;25667,913;33,78642
 876,40; 8911,727;  228,125;25611,606;34,20966
 876,95; 8897,265;  235,125;25590,913;34,16238
 877,51; 8953,958;  255,894;25615,144;34,29937
 878,07; 9062,727;  266,817;25631,683;34,67753
 878,63; 9058,881;  226,279;25529,837;34,90656
 879,19; 9110,265;  239,587;25609,837;34,96489
 879,75; 9101,650;  226,894;25590,913;34,98955
 880,30; 9171,035;  228,510;25692,837;35,11785
 880,86; 9273,419;  261,125;25717,837;35,40243
 881,42; 9275,804;  210,510;25776,760;35,45805
 881,98; 9377,727;  239,663;25787,683;35,76819
 882,54; 9435,419;  213,587;25850,144;35,97142
 883,09; 9513,804;  230,740;25999,144;36,02498
 883,65; 9558,650;  210,433;26016,837;36,22441
 884,21; 9642,265;  248,433;26269,913;36,10030
 884,77; 9778,419;  216,202;26242,298;36,74088
 885,32; 9864,650;  221,587;26528,375;36,65618
 885,88; 9940,419;  263,279;26510,221;36,86959
 886,44;10040,804;  228,048;26652,067;37,13574
 887,00;10079,419;  239,817;26610,837;37,31218
 887,56;10192,727;  222,510;26860,913;37,42798
 888,11;10214,342;  222,587;26790,683;37,60810
 888,67;10361,881;  258,125;26926,683;37,88640
 889,23;10351,265;  236,971;27053,529;37,71660
 889,79;10284,419;  214,587;26875,452;37,77009
 890,34;10362,496;  237,433;26747,990;38,19257
 890,90;10471,265;  291,279;26971,452;38,15562
 891,46;10394,881;  228,433;26860,452;38,17378
 892,01;10464,112;  255,587;26844,221;38,39432
 892,57;10476,727;  268,048;26720,913;38,59196
 893,13;10457,265;  232,433;26593,452;38,78770
 893,69;10488,573;  232,971;26556,529;38,95979
 894,24;10497,573;  233,279;26495,683;39,08361
 894,80;10467,804;  243,510;26349,298;39,16486
 895,36;10450,112;  236,202;26191,067;39,35258
 895,91;10430,573;  237,202;25984,913;39,58943
 896,47;10414,035;  233,279;25899,221;39,66640
 897,03;10359,650;  235,125;25723,067;39,72280
 897,58;10331,342;  237,740;25563,452;39,85516
 898,14;10359,188;  244,971;25493,606;40,05847
 898,70;10290,342;  197,202;25278,298;40,24202
 899,25;10326,419;  237,279;25276,375;40,29355
 899,81;10271,342;  260,125;25169,990;40,18977
 900,37;10178,727;  209,894;24990,990;40,22757
 900,92;10279,804;  223,817;24877,144;40,78957
 901,48;10200,650;  225,202;24830,067;40,54258
 902,03;10212,804;  216,740;24665,298;40,88611
 902,59;10217,188;  222,817;24518,760;41,13597
 903,15;10156,265;  240,279;24468,606;40,92724
 903,70;10115,650;  233,048;24214,913;41,20865
 904,26;10156,804;  219,048;24031,375;41,73366
 904,82;10205,112;  233,510;24006,452;41,94517
 905,37;10139,727;  233,663;23972,298;41,72971
 905,93;10075,496;  214,433;23819,760;41,77474
 906,48;10219,265;  240,125;23769,606;42,41122
 907,04;10172,188;  251,510;23645,606;42,40676
 907,60;10071,804;  236,740;23532,760;42,21779
 908,15;10166,958;  218,971;23387,913;42,93673
 908,71;10128,958;  244,510;23342,298;42,79392
 909,26;10112,112;  222,125;23162,529;43,11165
 909,82;10177,342;  244,971;23169,529;43,32634
 910,37;10139,573;  275,971;23008,760;43,38932
 910,93;10104,188;  221,279;22888,375;43,60025
 911,48;10071,650;  213,048;22676,683;43,88694
 912,04;10024,419;  211,433;22603,837;43,82284
 912,60;10095,265;  228,048;22626,760;44,05261
 913,15;10045,188;  229,587;22401,606;44,27022
 913,71; 9991,265;  215,510;22328,298;44,20861
 914,26; 9995,419;  202,356;22266,683;44,38415
 914,82;10022,573;  238,356;22156,298;44,64022
 915,37; 9988,496;  214,740;22051,837;44,75758
 915,93;10012,958;  263,202;21895,837;45,06966
 916,48; 9962,650;  214,356;21806,683;45,14703
 917,04; 9987,881;  237,356;21696,990;45,43658
 917,59;10040,342;  252,587;21692,067;45,65295
 918,15; 9962,958;  199,048;21446,606;45,95309
 918,70; 9904,112;  220,433;21361,221;45,80567
 919,26; 9925,035;  241,817;21277,990;46,03127
 919,81; 9886,265;  209,971;21143,683;46,22350
 920,37; 9898,265;  216,048;21059,298;46,45253
 920,92; 9893,496;  235,894;20977,683;46,56109
 921,48; 9819,958;  211,510;20813,990;46,63734
 922,03; 9841,112;  221,048;20771,529;46,81187
 922,59; 9832,573;  214,817;20617,144;47,14048
 923,14; 9772,804;  216,510;20545,606;47,00796
 923,69; 9755,804;  246,663;20456,760;47,05144
 924,25; 9720,035;  243,587;20415,144;46,97926
 924,80; 9638,881;  225,663;20189,529;47,15128
 925,36; 9655,958;  217,433;20156,837;47,33604
 925,91; 9640,496;  219,125;20050,990;47,50623
 926,47; 9636,727;  206,125;19991,683;47,66407
 927,02; 9585,035;  268,279;19934,606;47,37415
 927,57; 9488,265;  224,279;19800,529;47,32258
 928,13; 9512,419;  212,356;19681,067;47,76928
 928,68; 9451,265;  218,433;19598,144;47,64174
 929,24; 9386,265;  193,971;19391,375;47,88301
 929,79; 9383,342;  211,356;19328,606;47,97754
 930,34; 9386,112;  222,202;19228,913;48,21407
 930,90; 9430,650;  205,202;19188,298;48,59823
 931,45; 9394,035;  236,740;19168,913;48,36895
 932,01; 9389,727;  231,971;18996,837;48,80267
 932,56; 9302,265;  245,279;18908,606;48,52825
 933,11; 9365,804;  245,125;18958,837;48,73795
 933,67; 9297,958;  212,587;18668,067;49,22858
 934,22; 9321,419;  214,510;18660,606;49,37039
 934,77; 9339,188;  247,048;18559,990;49,64871
 935,33; 9282,188;  230,202;18435,529;49,72164
 935,88; 9277,112;  225,587;18334,837;49,98288
 936,43; 9292,650;  216,433;18327,760;50,11349
 936,99; 9284,035;  226,510;18243,529;50,27205
 937,54; 9191,188;  205,356;18022,452;50,43377
 938,09; 9248,419;  235,048;18008,683;50,71203
 938,65; 9226,727;  225,817;17898,529;50,93112
 939,20; 9179,342;  204,817;17772,144;51,08646
 939,75; 9116,342;  206,510;17744,375;50,80340
 940,31; 9128,419;  203,587;17573,298;51,38158
 940,86; 9188,650;  224,125;17603,606;51,58109
 941,41; 9183,342;  286,587;17557,529;51,51286
 941,96; 9113,035;  213,279;17417,144;51,73114
 942,52; 9102,958;  213,125;17275,452;52,10211
 943,07; 9075,265;  200,279;17200,221;52,20598
 943,62; 8991,727;  213,971;17139,452;51,86119
 944,18; 8973,112;  211,279;17057,683;52,01011
 944,73; 8995,881;  230,510;16915,913;52,53317
 945,28; 8877,727;  187,587;16754,606;52,45446
 945,83; 8908,958;  221,510;16834,990;52,29156
 946,39; 8909,419;  215,817;16783,760;52,47243
 946,94; 8873,188;  243,433;16695,529;52,45384
 947,49; 8872,035;  213,125;16522,144;53,09277
 948,04; 8861,650;  246,587;16587,067;52,72222
 948,59; 8860,342;  237,663;16487,990;53,06157
 949,15; 8775,188;  203,202;16344,837;53,10482
 949,70; 8724,342;  208,048;16280,760;52,98605
 950,25; 8795,573;  225,817;16192,067;53,67419
 950,80; 8685,419;  185,279;16082,144;53,47054
 951,36; 8687,188;  191,587;16048,990;53,57499
 951,91; 8757,265;  240,048;16009,144;54,01208
 952,46; 8641,496;  209,894;15846,837;53,92104
 953,01; 8700,496;  223,125;15849,683;54,24977
 953,56; 8664,188;  203,125;15675,683;54,68432
 954,11; 8672,265;  221,356;15641,606;54,80397
 954,67; 8670,112;  220,202;15635,298;54,81581
 955,22; 8594,188;  197,356;15487,375;54,91708
 955,77; 8637,881;  247,433;15479,298;55,08484
 956,32; 8616,112;  262,894;15393,990;55,20563
 956,87; 8523,035;  199,433;15202,837;55,47809
 957,42; 8511,342;  213,433;15174,913;55,46182
 957,98; 8468,573;  196,971;15054,298;55,67355
 958,53; 8512,265;  236,971;15057,144;55,83804
 959,08; 8444,188;  207,510;14928,375;55,95241
 959,63; 8401,496;  204,356;14827,221;56,05701
 960,18; 8381,265;  227,510;14860,913;55,72016
 960,73; 8398,958;  217,740;14716,683;56,42630
 961,28; 8358,650;  190,356;14725,837;56,19556
 961,83; 8385,881;  241,740;14676,221;56,42143
 962,39; 8372,265;  198,125;14546,606;56,96868
 962,94; 8331,419;  223,433;14431,375;57,06658
 963,49; 8278,342;  217,356;14314,144;57,18314
 964,04; 8302,112;  229,125;14290,990;57,41050
 964,59; 8269,419;  199,817;14133,683;57,91359
 965,14; 8278,958;  223,971;14116,760;57,97962
 965,69; 8246,727;  220,279;13972,144;58,36625
 966,24; 8217,188;  207,587;13906,221;58,47007
 966,79; 8183,265;  229,356;13815,067;58,54614
 967,34; 8120,112;  189,587;13751,913;58,47466
 967,89; 8110,958;  205,125;13685,298;58,64786
 968,44; 8113,958;  208,817;13601,375;59,02637
 968,99; 8149,727;  224,356;13525,375;59,58469
 969,55; 8078,188;  231,510;13440,144;59,40568
 970,10; 8095,496;  218,356;13398,990;59,76298
 970,65; 8028,573;  236,279;13325,913;59,53027
 971,20; 7978,035;  219,279;13229,990;59,63360
 971,75; 7933,650;  197,202;13056,375;60,16287
 972,30; 7945,573;  224,048;13061,529;60,14829
 972,85; 7884,573;  199,894;12985,606;60,10365
 973,40; 7870,496;  204,279;12812,375;60,80392
 973,95; 7859,804;  224,663;12747,375;60,97034
 974,50; 7850,496;  236,202;12711,067;61,03709
 975,05; 7748,265;  223,971;12613,144;60,73282
 975,60; 7769,804;  228,663;12567,221;61,11849
 976,15; 7729,188;  210,971;12453,990;61,40820
 976,70; 7680,573;  215,433;12393,298;61,30089
 977,25; 7674,881;  221,817;12368,683;61,35792
 977,80; 7591,496;  209,587;12175,375;61,69179
 978,35; 7564,804;  226,663;12041,990;62,10696
 978,89; 7570,573;  192,894;11987,913;62,54910
 979,44; 7494,112;  218,663;11960,298;61,96282
 979,99; 7442,958;  208,125;11796,990;62,42917
 980,54; 7449,881;  248,048;11723,298;62,75970
 981,09; 7430,342;  231,356;11622,606;63,19751
 981,64; 7347,804;  231,279;11538,144;62,93986
 982,19; 7379,804;  255,202;11498,298;63,36868
 982,74; 7286,342;  228,817;11351,683;63,45060
 983,29; 7255,496;  214,510;11230,990;63,91321
 983,84; 7222,265;  230,202;11147,144;64,04782
 984,39; 7262,958;  285,587;11146,913;64,24050
 984,94; 7131,573;  199,817;10968,913;64,36711
 985,49; 7105,419;  236,433;10933,760;64,21218
 986,03; 7075,265;  242,125;10804,683;64,69210
 986,58; 7054,188;  262,433;10762,144;64,68517
 987,13; 6994,650;  230,433;10642,990;64,96211
 987,68; 6941,035;  239,971;10511,606;65,23853
 988,23; 6918,035;  237,202;10474,683;65,25856
 988,78; 6843,496;  212,048;10357,606;65,36307
 989,33; 6792,419;  232,663;10238,913;65,55658
 989,88; 6808,573;  256,740;10210,837;65,82047
 990,42; 6706,958;  219,971;10051,529;65,98127
 990,97; 6605,496;  215,817; 9980,375;65,43746
 991,52; 6625,342;  234,587; 9879,606;66,25965
 992,07; 6581,342;  256,356; 9817,990;66,14964
 992,62; 6498,188;  227,279; 9652,837;66,53091
 993,17; 6461,881;  234,663; 9613,606;66,39573
 993,71; 6437,881;  237,125; 9541,837;66,64103
 994,26; 6384,650;  214,817; 9332,298;67,67037
 994,81; 6395,804;  245,894; 9338,837;67,63388
 995,36; 6325,650;  218,279; 9251,067;67,61335
 995,91; 6262,727;  239,125; 9189,990;67,29631
 996,45; 6234,881;  233,202; 9011,760;68,36748
 997,00; 6136,804;  203,587; 8903,837;68,19594
 997,55; 6175,881;  235,740; 8908,683;68,49049
 998,10; 6104,573;  257,740; 8742,144;68,91271
 998,65; 6054,881;  228,894; 8716,375;68,64212
 999,19; 6031,804;  245,971; 8583,760;69,39289
 999,74; 5989,112;  258,125; 8456,529;69,90369
1000,29; 5943,958;  237,971; 8412,144;69,80506
1000,84; 5843,265;  224,817; 8274,683;69,79555
1001,38; 5773,958;  226,971; 8192,452;69,63781
1001,93; 5776,804;  242,740; 8116,375;70,28601
1002,48; 5664,804;  214,048; 8007,529;69,93994
1003,03; 5695,496;  227,433; 8016,913;70,19805
1003,57; 5607,650;  238,894; 7882,067;70,24250
1004,12; 5610,958;  253,894; 7826,837;70,73953
1004,67; 5570,342;  215,125; 7711,913;71,43349
1005,22; 5419,881;  220,048; 7555,606;70,88531
1005,76; 5397,727;  220,433; 7414,375;71,96741
1006,31; 5351,958;  242,125; 7449,221;70,90002
1006,86; 5303,573;  219,817; 7317,298;71,62761
1007,40; 5198,496;  207,740; 7144,990;71,94141
1007,95; 5177,573;  224,894; 7136,529;71,65713
1008,50; 5080,112;  231,125; 7002,375;71,61139
1009,04; 5051,112;  226,048; 6930,221;71,97105
1009,59; 4976,958;  237,202; 6744,452;72,83808
1010,14; 4920,419;  212,202; 6733,837;72,19382
1010,68; 4828,804;  228,510; 6620,606;71,96848
1011,23; 4774,188;  217,587; 6503,144;72,49320
1011,78; 4734,342;  240,510; 6459,067;72,26487
1012,32; 4687,188;  235,356; 6345,529;72,85935
1012,87; 4658,804;  248,817; 6359,606;72,16723
1013,42; 4590,188;  211,279; 6181,221;73,34928
1013,96; 4635,727;  251,356; 6237,683;73,23975
1014,51; 4549,188;  193,356; 6133,990;73,32268
1015,06; 4556,727;  190,433; 6112,683;73,72695
1015,60; 4639,265;  261,971; 6182,529;73,93382
1016,15; 4634,881;  211,663; 6103,683;75,07133
1016,69; 4627,573;  223,971; 6141,221;74,41974
1017,24; 4676,188;  206,663; 6155,760;75,12948
1017,79; 4751,496;  252,510; 6210,683;75,50950
1018,33; 4719,573;  210,202; 6184,144;75,48401
1018,88; 4785,804;  239,125; 6253,144;75,60134
1019,42; 4792,573;  226,356; 6207,144;76,34808
1019,97; 4808,496;  220,433; 6235,990;76,26996
1020,51; 4844,496;  241,740; 6264,683;76,42039
1021,06; 4842,881;  200,894; 6266,990;76,52346
1021,61; 4815,958;  191,663; 6230,298;76,57847
1022,15; 4762,112;  183,817; 6167,221;76,51655
1022,70; 4812,112;  215,971; 6163,529;77,27778
1023,24; 4784,112;  209,433; 6095,221;77,72415
1023,79; 4763,265;  222,125; 6073,913;77,60261
1024,33; 4774,650;  210,971; 6024,067;78,50685
1024,88; 4714,727;  227,971; 5955,606;78,33523
1025,42; 4621,958;  231,202; 5841,298;78,26525
1025,97; 4595,881;  204,894; 5774,529;78,83796
1026,51; 4504,188;  179,894; 5629,837;79,34569
1027,06; 4519,727;  213,125; 5637,221;79,39760
1027,60; 4421,650;  226,740; 5533,837;79,04341
1028,15; 4385,188;  234,587; 5460,837;79,41836
1028,69; 4266,496;  181,971; 5319,837;79,49848
1029,24; 4264,881;  206,663; 5267,144;80,19430
1029,78; 4192,265;  197,587; 5167,837;80,37179
1030,33; 4089,035;  198,663; 5079,144;79,71287
1030,87; 4087,112;  202,587; 5057,452;80,01303
1031,42; 4007,650;  197,817; 4960,683;79,99035
1031,96; 3986,881;  224,663; 4901,606;80,44182
1032,51; 3923,112;  202,433; 4813,452;80,69103
1033,05; 3906,727;  218,202; 4808,067;80,36238
1033,60; 3787,419;  182,587; 4654,990;80,60168
1034,14; 3756,035;  204,663; 4608,298;80,64636
1034,69; 3707,650;  219,048; 4554,913;80,45918
1035,23; 3681,188;  214,202; 4500,375;80,88769
1035,77; 3632,496;  205,817; 4471,990;80,32208
1036,32; 3567,112;  193,125; 4362,144;80,92998
1036,86; 3559,035;  211,894; 4334,452;81,19087
1037,41; 3520,188;  223,202; 4236,375;82,15411
1037,95; 3438,419;  189,587; 4174,529;81,52772
1038,50; 3410,958;  198,663; 4157,529;81,14179
1039,04; 3412,342;  233,740; 4081,221;82,61515
1039,58; 3337,419;  208,279; 4001,221;82,49902
1040,13; 3308,188;  215,279; 3957,837;82,64160
1040,67; 3316,727;  240,356; 3947,760;82,97912
1041,21; 3242,881;  238,356; 3861,683;82,92172
1041,76; 3177,804;  196,202; 3760,913;83,64217
1042,30; 3151,112;  209,125; 3751,990;83,03975
1042,85; 3103,727;  208,663; 3672,837;83,57156
1043,39; 3084,265;  207,125; 3601,067;84,77281
1043,93; 3033,804;  230,279; 3597,298;83,26430
1044,48; 3005,342;  218,125; 3540,683;83,88770
1045,02; 2977,650;  210,663; 3463,606;85,06104
1045,56; 2960,650;  232,048; 3443,452;84,96602
1046,11; 2924,881;  213,125; 3377,221;85,70396
1046,65; 2875,958;  224,971; 3354,452;84,71011
1047,19; 2839,881;  207,740; 3292,529;85,32645
1047,74; 2804,419;  191,433; 3190,683;87,12133
1048,28; 2784,188;  227,125; 3204,221;85,89119
1048,82; 2757,958;  240,587; 3187,221;85,43208
1049,37; 2743,650;  229,817; 3143,221;86,28507
1049,91; 2695,419;  219,663; 3081,683;86,50381
1050,45; 2686,496;  229,663; 3053,606;87,00010
1050,99; 2629,188;  216,510; 2996,298;86,79361
1051,54; 2590,035;  204,817; 2944,913;87,04867
1052,08; 2565,804;  237,663; 2923,144;86,69362
1052,62; 2529,573;  229,971; 2882,606;86,69124
1053,16; 2494,496;  206,356; 2792,529;88,47592
1053,71; 2473,727;  223,356; 2806,529;87,11655
1054,25; 2430,650;  231,971; 2730,913;87,98438
1054,79; 2403,573;  229,510; 2711,529;87,59253
1055,33; 2365,804;  201,817; 2645,298;88,56164
1055,88; 2359,727;  228,356; 2639,375;88,40125
1056,42; 2337,419;  237,125; 2618,837;88,18424
1056,96; 2299,496;  237,202; 2571,221;88,35807
1057,50; 2277,419;  226,356; 2537,913;88,73079
1058,05; 2232,881;  223,740; 2460,144;89,83800
1058,59; 2228,727;  247,048; 2464,298;89,37553
1059,13; 2144,112;  196,587; 2409,452;88,00919
1059,67; 2178,112;  234,125; 2404,144;89,58384
1060,21; 2149,727;  223,048; 2344,452;90,82094
1060,76; 2137,419;  230,202; 2317,683;91,36455
1061,30; 2098,881;  244,971; 2319,837;89,35084
1061,84; 2074,727;  217,894; 2237,990;91,91804
1062,38; 2010,342;  208,587; 2203,067;90,33708
1062,92; 2057,496;  260,971; 2210,067;92,17221
1063,46; 2008,881;  241,433; 2156,221;92,30514
1064,01; 1971,112;  220,740; 2121,144;92,10522
1064,55; 1942,342;  223,433; 2093,606;91,91179
1065,09; 1901,804;  204,433; 2045,529;92,19351
1065,63; 1917,419;  250,125; 2056,067;92,32267
1066,17; 1899,650;  263,663; 2060,837;91,03111
1066,71; 1897,342;  249,894; 2006,298;93,79666
1067,25; 1831,265;  230,740; 1953,606;92,89902
1067,80; 1838,419;  242,817; 1958,375;93,00777
1068,34; 1829,342;  254,510; 1951,221;92,81676
1068,88; 1766,727;  229,048; 1903,837;91,81332
1069,42; 1792,112;  252,740; 1889,375;94,05711
1069,96; 1735,265;  220,740; 1840,298;93,51473
1070,50; 1746,265;  256,587; 1869,298;92,37107
1071,04; 1685,112;  224,817; 1803,144;92,52166
1071,58; 1669,188;  224,356; 1769,606;93,50155
1072,12; 1665,265;  225,663; 1773,298;93,01950
1072,66; 1660,804;  235,125; 1747,990;94,23699
1073,21; 1655,188;  239,125; 1765,144;92,79460
1073,75; 1627,112;  230,817; 1712,375;94,24501
1074,29; 1577,804;  238,202; 1679,144;92,96708
1074,83; 1596,265;  244,433; 1689,529;93,54621
1075,37; 1565,342;  245,510; 1648,913;94,04511
1075,91; 1553,496;  237,202; 1627,990;94,64374
1076,45; 1545,112;  236,587; 1608,067;95,40965
1076,99; 1533,342;  247,279; 1602,606;94,88954
1077,53; 1496,419;  220,740; 1562,683;95,06212
1078,07; 1480,958;  236,971; 1546,221;95,01520
1078,61; 1466,419;  234,356; 1534,375;94,77271
1079,15; 1449,650;  239,817; 1521,452;94,39763
1079,69; 1414,419;  225,279; 1493,760;93,74524
1080,23; 1446,727;  246,894; 1498,529;95,86126
1080,77; 1452,342;  278,125; 1493,683;96,59906
1081,31; 1375,496;  225,433; 1443,529;94,41483
1081,85; 1380,342;  241,740; 1454,529;93,88298
1082,39; 1356,573;  223,510; 1427,683;94,09473
1082,93; 1356,342;  245,125; 1411,375;95,28123
1083,47; 1308,496;  211,587; 1373,837;94,37811
1084,01; 1323,727;  252,433; 1388,067;94,33441
1084,55; 1303,188;  223,971; 1349,683;95,86979
1085,09; 1290,265;  247,817; 1349,913;94,58776
1085,63; 1268,881;  233,587; 1336,837;93,84040
1086,17; 1255,265;  226,279; 1303,375;95,53340
1086,71; 1240,419;  229,433; 1295,990;94,78967
1087,24; 1267,727;  265,587; 1307,683;96,16583
1087,78; 1232,881;  248,971; 1271,683;96,20598
1088,32; 1187,727;  222,894; 1227,221;96,06759
1088,86; 1208,727;  257,894; 1252,837;95,56662
1089,40; 1194,573;  239,971; 1227,683;96,64785
1089,94; 1143,650;  216,202; 1186,837;95,55069
1090,48; 1154,112;  243,202; 1199,529;95,25086
1091,02; 1153,650;  247,202; 1188,375;96,31046
1091,56; 1131,573;  241,202; 1174,067;95,44476
1092,10; 1099,804;  212,663; 1143,913;95,26340
1092,63; 1132,035;  251,202; 1158,913;97,03883
1093,17; 1109,650;  249,356; 1147,221;95,81550
1093,71; 1068,496;  224,817; 1111,298;95,17170
1094,25; 1096,958;  257,202; 1133,913;95,78473
1094,79; 1059,265;  232,279; 1094,375;95,92741
1095,33; 1051,958;  240,125; 1072,144;97,57379
1095,87; 1040,650;  242,125; 1068,913;96,58154
1096,40; 1002,035;  222,510; 1035,452;95,88934
1096,94; 1012,342;  241,894; 1056,144;94,62058
1097,48; 1015,727;  242,971; 1044,683;96,38826
1098,02;  987,265;  235,356; 1022,529;95,52024
1098,56;  949,035;  209,279;  972,913;96,87300
1099,10;  937,419;  219,356;  981,990;94,15563
1099,63;  943,573;  212,048;  975,913;95,76622
1100,17;  961,727;  234,971;  974,221;98,30988
1100,71;  971,881;  248,740;  995,837;96,79348

