
Integration time [ms]: 140,000
Averaging Nr. [scans]: 13
Smoothing Nr. [pixels]: 0
Data measured with spectrometer [name]: 2009305U1
Wave   ;Sample   ;Dark     ;Reference;Reflectance
[nm]   ;[counts] ;[counts] ;[counts] ;[%]

 175,72;  204,669;  197,081;  203,819;112,61842
 176,32;  222,213;  234,611;  221,840; 0,00000
 176,92;  272,025;  260,463;  248,366; 0,00000
 177,52;  276,062;  252,849;  264,548;198,40574
 178,12;  242,398;  235,765;  234,842; 0,00000
 178,72;  268,929;  256,148;  251,111; 0,00000
 179,32;  255,126;  250,688;  248,021; 0,00000
 179,92;  254,910;  249,153;  249,941; 0,00000
 180,52;  251,769;  239,086;  237,936; 0,00000
 181,12;  268,722;  250,307;  255,232;373,93840
 181,73;  279,429;  265,846;  270,384;299,33377
 182,33;  380,262;  341,851;  340,937; 0,00000
 182,93;  276,330;  264,541;  271,352;173,09253
 183,53;  249,430;  245,377;  228,843; 0,00000
 184,13;  247,054;  241,763;  221,425; 0,00000
 184,73;  293,538;  278,530;  272,227; 0,00000
 185,33;  271,697;  246,710;  345,523;25,28720
 185,93;  289,365;  241,935;  357,625;40,99748
 186,53;  295,061;  249,477;  374,956;36,32833
 187,13;  306,705;  273,407;  407,180;24,89176
 187,73;  287,881;  238,013;  363,666;39,68691
 188,33;  279,068;  232,548;  366,445;34,74301
 188,93;  294,066;  248,383;  371,966;36,96551
 189,53;  290,381;  251,067;  382,841;29,83434
 190,13;  331,274;  280,438;  398,909;42,90983
 190,73;  278,638;  222,832;  350,893;43,57784
 191,34;  300,255;  255,457;  386,677;34,13968
 191,94;  277,782;  239,237;  361,243;31,59281
 192,54;  297,163;  248,950;  397,013;32,56268
 193,14;  302,268;  258,021;  384,916;34,86861
 193,74;  291,731;  262,482;  381,845;24,50420
 194,34;  288,452;  251,023;  400,067;25,11254
 194,94;  257,998;  217,483;  351,489;30,23371
 195,54;  227,026;  203,865;  336,245;17,49636
 196,14;  274,154;  233,024;  358,658;32,73794
 196,74;  254,535;  222,478;  349,094;25,31785
 197,34;  237,799;  193,490;  345,653;29,11928
 197,94;  273,149;  221,099;  378,090;33,15448
 198,54;  279,452;  234,947;  384,917;29,67591
 199,14;  256,151;  217,954;  383,418;23,08515
 199,74;  237,883;  194,877;  387,307;22,34895
 200,34;  229,081;  193,031;  401,683;17,27742
 200,94;  283,849;  229,335;  437,443;26,19514
 201,54;  255,326;  204,029;  434,675;22,24041
 202,14;  294,199;  251,802;  480,046;18,57536
 202,74;  262,929;  208,030;  480,689;20,13444
 203,34;  238,191;  196,882;  492,696;13,96434
 203,94;  217,011;  170,495;  505,568;13,88241
 204,54;  290,085;  241,792;  591,311;13,81703
 205,14;  243,680;  197,261;  585,215;11,96500
 205,74;  297,881;  239,651;  674,687;13,38511
 206,34;  263,612;  202,571;  708,954;12,05421
 206,94;  271,220;  210,340;  768,765;10,90220
 207,54;  236,350;  185,033;  792,029; 8,45429
 208,14;  263,615;  203,957;  888,433; 8,71596
 208,74;  272,264;  206,338;  953,982; 8,81786
 209,34;  274,212;  196,954; 1039,106; 9,17387
 209,94;  290,662;  212,415; 1149,894; 8,34649
 210,54;  281,555;  206,727; 1247,902; 7,18690
 211,14;  306,660;  213,646; 1348,501; 8,19615
 211,73;  310,697;  198,952; 1476,686; 8,74559
 212,33;  319,810;  222,335; 1592,554; 7,11382
 212,93;  305,955;  209,184; 1676,819; 6,59366
 213,53;  295,226;  179,646; 1727,947; 7,46500
 214,13;  326,293;  198,192; 1834,824; 7,82709
 214,73;  315,430;  193,341; 1840,046; 7,41416
 215,33;  305,277;  164,492; 1866,510; 8,27166
 215,93;  336,398;  206,266; 2001,657; 7,24812
 216,53;  322,174;  163,337; 2084,069; 8,26959
 217,13;  376,969;  217,035; 2314,280; 7,62593
 217,73;  384,246;  188,420; 2494,050; 8,49338
 218,33;  356,625;  144,270; 2691,102; 8,33802
 218,93;  429,671;  181,661; 2994,184; 8,81808
 219,53;  452,049;  185,116; 3330,068; 8,48767
 220,13;  449,732;  166,040; 3591,561; 8,28171
 220,73;  501,817;  187,108; 4012,672; 8,22649
 221,32;  529,187;  179,876; 4429,982; 8,21887
 221,92;  584,604;  195,578; 4825,768; 8,40194
 222,52;  602,354;  169,498; 5269,360; 8,48761
 223,12;  640,780;  183,575; 5679,643; 8,31877
 223,72;  692,819;  199,652; 6101,839; 8,35567
 224,32;  723,264;  191,191; 6554,682; 8,36135
 224,92;  745,245;  176,114; 6866,968; 8,50610
 225,52;  790,721;  201,032; 7247,116; 8,36903
 226,12;  830,997;  183,419; 7537,880; 8,80524
 226,72;  838,080;  167,649; 7837,451; 8,74118
 227,31;  886,522;  154,495; 8203,968; 9,09410
 227,91;  921,284;  188,339; 8625,468; 8,68714
 228,51;  992,661;  172,720; 8981,580; 9,30814
 229,11; 1013,357;  182,880; 9368,756; 9,04080
 229,71; 1046,973;  177,876; 9637,139; 9,18778
 230,31; 1128,543;  176,884;10065,384; 9,62389
 230,91; 1143,868;  161,103;10372,615; 9,62409
 231,51; 1189,611;  173,420;10616,029; 9,73120
 232,10; 1263,260;  174,962;10995,277;10,05792
 232,70; 1292,375;  188,407;11122,990;10,09611
 233,30; 1337,896;  196,727;11476,682;10,11678
 233,90; 1379,107;  172,420;11555,430;10,60077
 234,50; 1409,063;  189,420;11655,364;10,63709
 235,10; 1432,399;  168,652;11693,199;10,96569
 235,70; 1488,927;  198,262;11707,222;11,21444
 236,29; 1500,945;  194,338;11607,308;11,44844
 236,89; 1491,016;  158,872;11444,198;11,80421
 237,49; 1543,218;  185,881;11391,139;12,11340
 238,09; 1562,150;  179,187;11120,646;12,63966
 238,69; 1585,347;  221,409;10818,470;12,87091
 239,29; 1554,031;  171,032;10494,509;13,39663
 239,89; 1559,112;  189,257;10103,066;13,81765
 240,48; 1532,285;  173,802; 9770,779;14,15532
 241,08; 1526,432;  177,570; 9364,744;14,68200
 241,68; 1538,393;  188,341; 9083,012;15,17821
 242,28; 1517,788;  174,727; 8712,295;15,73118
 242,88; 1508,332;  214,192; 8337,943;15,93032
 243,48; 1513,486;  209,111; 8103,481;16,52285
 244,07; 1500,418;  188,108; 7845,523;17,13777
 244,67; 1530,155;  194,341; 7690,750;17,81939
 245,27; 1528,313;  191,490; 7530,916;18,21426
 245,87; 1535,520;  202,884; 7458,960;18,36580
 246,47; 1549,717;  187,798; 7436,553;18,78831
 247,06; 1584,175;  184,263; 7455,460;19,25284
 247,66; 1599,519;  187,649; 7555,873;19,16160
 248,26; 1677,673;  212,568; 7680,641;19,61825
 248,86; 1760,488;  201,106; 7868,793;20,33706
 249,46; 1740,110;  156,343; 8101,678;19,93329
 250,05; 1879,821;  201,802; 8430,847;20,39142
 250,65; 1921,732;  176,105; 8844,471;20,13789
 251,25; 2051,901;  177,493; 9331,092;20,47728
 251,85; 2152,621;  177,026; 9884,611;20,35105
 252,44; 2280,321;  153,799;10554,268;20,44641
 253,04; 2453,048;  185,492;11353,288;20,30442
 253,64; 2600,294;  144,412;12087,516;20,56318
 254,24; 2797,474;  195,802;13045,727;20,24660
 254,84; 2992,879;  173,574;14034,524;20,33991
 255,43; 3146,641;  180,030;15045,326;19,95662
 256,03; 3433,105;  187,413;16072,260;20,43263
 256,63; 3590,688;  190,642;17220,869;19,96478
 257,23; 3755,546;  174,642;18166,850;19,90253
 257,82; 3968,054;  193,254;19243,619;19,81484
 258,42; 4095,168;  153,638;20118,650;19,74219
 259,02; 4307,384;  196,954;21122,503;19,64312
 259,62; 4414,796;  173,790;21796,406;19,61375
 260,21; 4520,639;  183,876;22550,086;19,38980
 260,81; 4569,457;  177,419;22905,102;19,32462
 261,41; 4658,954;  162,792;23587,657;19,19397
 262,01; 4735,393;  207,789;23994,236;19,03439
 262,60; 4730,546;  166,719;24425,389;18,81318
 263,20; 4828,417;  163,567;24821,055;18,91859
 263,80; 4838,114;  209,174;25043,990;18,63891
 264,40; 4807,359;  166,405;25239,989;18,50934
 264,99; 4820,149;  191,250;25431,708;18,33920
 265,59; 4809,870;  176,169;25605,691;18,22174
 266,19; 4828,384;  168,943;25812,187;18,17025
 266,78; 4820,627;  221,248;25975,170;17,85894
 267,38; 4738,165;  190,786;25997,705;17,62078
 267,98; 4689,321;  172,710;25978,025;17,50264
 268,58; 4687,761;  177,785;26034,684;17,44206
 269,17; 4630,093;  175,628;26085,884;17,19190
 269,77; 4571,970;  197,410;25844,659;17,05664
 270,37; 4490,100;  176,019;25854,077;16,80065
 270,96; 4469,429;  221,716;25602,955;16,73564
 271,56; 4379,592;  175,949;25349,925;16,69837
 272,16; 4315,538;  181,715;25145,809;16,55908
 272,75; 4243,165;  191,946;25096,713;16,26684
 273,35; 4182,788;  182,562;25035,671;16,09547
 273,95; 4177,512;  189,715;24966,679;16,09478
 274,54; 4116,618;  173,340;25053,063;15,84937
 275,14; 4217,318;  197,793;25343,861;15,98470
 275,74; 4119,799;  152,869;25507,341;15,64588
 276,33; 4190,094;  212,025;25910,204;15,47996
 276,93; 4192,452;  190,649;26261,769;15,34956
 277,53; 4261,907;  175,722;26814,351;15,33932
 278,12; 4330,175;  158,642;27387,763;15,32011
 278,72; 4498,549;  216,106;27988,096;15,42000
 279,32; 4507,190;  181,029;28549,303;15,25000
 279,91; 4605,818;  164,336;29371,059;15,20705
 280,51; 4698,438;  188,953;29890,695;15,18256
 281,11; 4804,799;  181,490;30547,268;15,22539
 281,70; 4892,026;  162,105;31015,482;15,33032
 282,30; 4978,438;  175,026;31746,694;15,21431
 282,90; 5076,716;  174,103;32130,623;15,34151
 283,49; 5227,442;  193,024;32712,714;15,48114
 284,09; 5316,620;  214,874;33211,913;15,46122
 284,69; 5406,737;  207,798;33434,190;15,64701
 285,28; 5542,273;  202,181;33932,332;15,83181
 285,88; 5638,201;  236,253;34031,738;15,98423
 286,47; 5711,908;  183,103;34098,196;16,30190
 287,07; 5834,535;  210,798;34243,030;16,52474
 287,67; 5959,640;  204,342;34370,788;16,84488
 288,26; 6026,015;  178,798;34287,119;17,14308
 288,86; 6207,496;  184,874;34383,599;17,61066
 289,46; 6337,666;  190,413;34516,222;17,90855
 290,05; 6565,323;  179,955;34534,818;18,58651
 290,65; 6738,366;  189,487;34816,717;18,91251
 291,24; 6998,135;  196,029;34910,872;19,59423
 291,84; 7262,996;  197,180;35008,177;20,29765
 292,44; 7476,259;  184,573;35080,267;20,89566
 293,03; 7750,202;  252,491;35246,054;21,42597
 293,63; 7906,158;  182,565;35508,371;21,86388
 294,22; 8185,578;  211,413;35593,164;22,53751
 294,82; 8337,736;  177,021;35582,640;23,04921
 295,41; 8396,949;  163,643;35298,405;23,43350
 296,01; 8586,736;  215,561;35158,028;23,95702
 296,61; 8640,932;  203,568;34944,318;24,28665
 297,20; 8635,402;  195,715;34480,052;24,61674
 297,80; 8703,378;  200,033;34402,783;24,86158
 298,39; 8682,929;  168,411;33969,303;25,19022
 298,99; 8764,679;  204,793;33798,515;25,48061
 299,58; 8758,655;  200,111;33582,784;25,63768
 300,18; 8783,335;  204,955;33451,261;25,80251
 300,78; 8700,583;  171,184;33057,809;25,93577
 301,37; 8734,154;  194,173;32877,731;26,12929
 301,97; 8776,570;  197,182;32990,431;26,16205
 302,56; 8820,723;  189,026;32861,194;26,41911
 303,16; 8867,033;  166,256;32815,977;26,64886
 303,75; 8909,328;  187,416;32784,149;26,75701
 304,35; 9025,654;  175,959;33124,858;26,85885
 304,94; 9043,715;  178,644;33105,237;26,92374
 305,54; 9122,187;  209,722;33044,982;27,14297
 306,13; 9123,204;  155,421;33021,762;27,28561
 306,73; 9028,229;  171,265;32771,505;27,16840
 307,33; 9099,619;  193,957;32694,989;27,40117
 307,92; 9167,221;  199,337;32762,075;27,54033
 308,52; 9364,483;  180,024;33222,765;27,79569
 309,11; 9562,522;  186,637;33689,494;27,98533
 309,71; 9687,634;  157,020;33947,516;28,20501
 310,30; 9755,364;  176,106;34240,786;28,12079
 310,90;10029,210;  205,260;34613,094;28,55149
 311,49;10079,332;  199,183;34723,322;28,61809
 312,09;10171,816;  152,186;34891,282;28,84252
 312,68;10390,303;  222,569;35358,332;28,93842
 313,28;10500,606;  167,030;35445,383;29,29155
 313,87;10530,977;  158,260;35482,624;29,36420
 314,47;10674,182;  172,407;35766,332;29,50440
 315,06;10821,424;  161,184;35912,859;29,81746
 315,66;10931,970;  174,494;36127,282;29,92112
 316,25;10937,834;  141,794;36005,441;30,10302
 316,85;10949,635;  150,878;35966,836;30,15068
 317,44;11124,928;  168,330;36237,755;30,37641
 318,04;11175,428;  152,872;36230,491;30,55234
 318,63;11229,085;  161,112;36280,092;30,64310
 319,22;11330,470;  180,102;36416,394;30,77127
 319,82;11462,752;  187,873;36494,191;31,05487
 320,41;11449,405;  197,949;36261,068;31,19934
 321,01;11539,976;  190,878;36456,852;31,29407
 321,60;11618,514;  182,797;36482,996;31,50318
 322,20;11640,905;  159,337;36571,112;31,53257
 322,79;11755,819;  216,030;36549,370;31,76088
 323,39;11819,420;  174,728;36623,764;31,94787
 323,98;11821,726;  153,876;36616,289;31,99966
 324,58;11869,032;  170,332;36426,891;32,26644
 325,17;11923,451;  187,025;36348,373;32,45572
 325,76;11977,226;  195,798;36153,252;32,76491
 326,36;11834,870;  169,724;35699,397;32,83212
 326,95;11905,141;  191,335;35357,823;33,30957
 327,55;11764,232;  161,719;35091,742;33,21645
 328,14;11672,121;  168,033;34607,960;33,40335
 328,74;11680,606;  198,872;34168,228;33,80027
 329,33;11573,657;  193,724;33869,410;33,79273
 329,92;11460,514;  168,330;33150,530;34,23721
 330,52;11291,988;  184,187;32550,067;34,31948
 331,11;11205,523;  174,489;32121,430;34,52924
 331,71;11067,357;  174,874;31477,521;34,79732
 332,30;10978,254;  197,490;31019,544;34,97743
 332,89;10819,395;  238,262;30481,254;34,98706
 333,49;10693,073;  180,566;29973,642;35,28507
 334,08;10606,376;  182,488;29489,539;35,56785
 334,68;10449,867;  182,642;29021,148;35,60249
 335,27;10462,609;  193,726;28710,478;36,01000
 335,86;10407,677;  226,258;28479,661;36,03608
 336,46;10282,524;  188,111;28171,899;36,07236
 337,05;10334,658;  172,720;27966,486;36,56193
 337,65;10354,031;  158,950;27795,428;36,88994
 338,24;10380,927;  232,492;27831,526;36,77098
 338,83;10399,601;  195,338;27745,283;37,03914
 339,43;10458,979;  171,564;27672,631;37,40733
 340,02;10451,130;  180,640;27600,614;37,45623
 340,61;10495,414;  182,414;27641,118;37,55822
 341,21;10627,991;  208,949;27675,305;37,93384
 341,80;10629,510;  186,181;27538,748;38,18044
 342,40;10718,124;  182,495;27675,132;38,32164
 342,99;10837,626;  183,262;27868,100;38,48447
 343,58;10956,580;  174,108;28001,487;38,74771
 344,18;11067,939;  192,186;28147,588;38,90394
 344,77;11263,100;  171,794;28437,928;39,23885
 345,36;11504,294;  162,258;28805,439;39,59768
 345,96;11628,138;  201,493;29093,585;39,54939
 346,55;11867,950;  174,497;29223,570;40,25413
 347,14;12041,000;  159,341;29667,279;40,26597
 347,74;12329,372;  148,578;30171,451;40,57171
 348,33;12587,781;  176,424;30768,649;40,57030
 348,92;12940,223;  193,811;31400,558;40,84505
 349,52;13233,580;  157,502;31883,031;41,21626
 350,11;13362,742;  169,178;32140,673;41,26665
 350,70;13457,308;  169,645;32232,509;41,44253
 351,29;13442,684;  157,171;31918,379;41,82937
 351,89;13487,204;  186,022;31928,675;41,90318
 352,48;13568,971;  155,722;31910,669;42,23987
 353,07;13632,283;  183,573;31801,004;42,53575
 353,67;13635,515;  199,427;31765,092;42,56552
 354,26;13582,625;  182,187;31667,328;42,56115
 354,85;13560,664;  179,571;31457,829;42,78081
 355,45;13529,286;  169,950;31208,087;43,04168
 356,04;13561,565;  171,419;31168,720;43,19778
 356,63;13508,055;  201,489;30960,706;43,26042
 357,22;13483,071;  180,788;30796,084;43,44979
 357,82;13478,677;  185,944;30579,961;43,73470
 358,41;13458,532;  196,029;30498,628;43,76688
 359,00;13396,989;  176,410;30190,681;44,04764
 359,60;13472,917;  183,030;30179,016;44,30555
 360,19;13372,655;  192,804;30031,095;44,17093
 360,78;13360,934;  164,950;29841,406;44,46617
 361,37;13334,820;  171,181;29687,064;44,59849
 361,97;13298,106;  184,951;29551,653;44,65314
 362,56;13176,385;  172,332;29184,889;44,82215
 363,15;13133,307;  212,488;28976,195;44,92056
 363,74;13024,692;  175,254;28608,732;45,19123
 364,34;12832,863;  206,333;28270,281;44,99200
 364,93;12698,545;  168,562;27857,921;45,25198
 365,52;12463,985;  150,566;27387,276;45,20891
 366,11;12411,307;  179,487;27112,960;45,41494
 366,71;12173,163;  173,102;26698,933;45,23915
 367,30;12052,505;  177,258;26340,264;45,38946
 367,89;12014,846;  219,109;26224,968;45,35800
 368,48;11866,155;  174,408;25810,125;45,60726
 369,07;11656,846;  187,722;25344,586;45,59044
 369,67;11580,179;  200,408;25102,933;45,69725
 370,26;11430,002;  182,261;24744,748;45,79235
 370,85;11332,283;  184,874;24478,919;45,88536
 371,44;11225,663;  187,490;24266,896;45,84072
 372,03;11171,027;  153,025;24062,561;46,08204
 372,63;10973,267;  153,412;23692,608;45,96527
 373,22;10851,046;  172,337;23420,583;45,93340
 373,81;10702,273;  152,412;23062,639;46,04870
 374,40;10638,361;  167,725;22910,779;46,03883
 374,99;10465,566;  174,488;22573,718;45,94389
 375,59;10345,311;  158,494;22260,755;46,08948
 376,18;10363,346;  198,411;22139,084;46,32919
 376,77;10263,627;  189,413;21899,025;46,40439
 377,36;10241,946;  209,412;21854,695;46,34975
 377,95;10085,164;  187,026;21565,018;46,30060
 378,55; 9966,053;  173,032;21366,314;46,20814
 379,14; 9977,397;  184,873;21366,646;46,23090
 379,73; 9916,474;  183,795;21236,719;46,22958
 380,32; 9903,655;  191,644;21267,548;46,08111
 380,91; 9818,264;  160,562;21179,281;45,94810
 381,50; 9860,270;  190,563;21058,778;46,33701
 382,10; 9810,732;  169,874;20941,933;46,41262
 382,69; 9783,752;  151,643;20917,114;46,38522
 383,28; 9773,986;  198,333;20870,355;46,32180
 383,87; 9662,351;  177,486;20678,411;46,26554
 384,46; 9604,919;  150,636;20740,173;45,91790
 385,05; 9651,799;  204,486;20678,267;46,14347
 385,64; 9691,384;  179,025;20658,114;46,44913
 386,24; 9619,687;  167,944;20603,933;46,25048
 386,83; 9665,192;  195,866;20628,691;46,34369
 387,42; 9717,385;  191,872;20801,585;46,21857
 388,01; 9789,841;  188,324;20925,393;46,30122
 388,60; 9910,260;  173,175;21252,338;46,19294
 389,19;10007,664;  176,397;21404,738;46,31199
 389,78;10084,018;  169,552;21683,508;46,08388
 390,37;10350,144;  229,711;22195,143;46,07436
 390,96;10422,695;  172,174;22320,127;46,28202
 391,56;10387,855;  181,934;22492,692;45,74440
 392,15;10520,755;  172,553;22695,193;45,94578
 392,74;10561,562;  143,851;22945,836;45,68774
 393,33;10759,111;  174,010;23240,121;45,89027
 393,92;10949,011;  190,463;23660,080;45,84032
 394,51;10952,965;  154,010;23826,930;45,61733
 395,10;11151,631;  203,608;24066,630;45,87861
 395,69;11196,006;  184,302;24247,584;45,76144
 396,28;11146,684;  191,451;24287,123;45,46556
 396,87;11231,712;  186,212;24447,336;45,52757
 397,46;11256,260;  189,899;24490,919;45,53867
 398,06;11392,203;  205,969;24684,087;45,69891
 398,65;11335,457;  185,338;24838,035;45,22880
 399,24;11420,791;  198,797;25032,860;45,18791
 399,83;11397,103;  167,158;25029,785;45,16798
 400,42;11454,588;  208,291;25099,344;45,18208
 401,01;11513,693;  177,344;25231,159;45,24800
 401,60;11493,930;  198,696;25310,087;44,98052
 402,19;11450,523;  207,747;25236,337;44,91973
 402,78;11445,159;  218,707;25226,022;44,89267
 403,37;11387,781;  202,284;25137,253;44,85867
 403,96;11289,587;  198,701;24934,171;44,83798
 404,55;11262,365;  206,190;24889,484;44,79214
 405,14;11193,620;  186,145;24710,874;44,88317
 405,73;11098,463;  196,323;24577,738;44,71496
 406,32;11073,814;  208,826;24468,232;44,78670
 406,91;10900,741;  200,631;24197,755;44,58913
 407,50;10884,359;  192,072;24033,678;44,84718
 408,09;10631,224;  162,441;23742,142;44,39744
 408,68;10676,975;  187,892;23590,428;44,82028
 409,27;10489,390;  177,214;23386,360;44,43152
 409,86;10411,590;  185,015;23239,923;44,35747
 410,45;10377,465;  210,657;23215,862;44,19351
 411,04;10321,865;  209,762;23111,499;44,15431
 411,63;10145,632;  200,567;22790,980;44,02339
 412,22;10023,135;  200,984;22670,135;43,71394
 412,81; 9926,187;  213,764;22455,484;43,66759
 413,40; 9743,812;  217,087;22002,697;43,72944
 413,99; 9676,472;  254,390;21715,993;43,90204
 414,58; 9437,907;  180,008;21335,860;43,76046
 415,17; 9271,611;  196,380;21054,604;43,50913
 415,76; 9174,357;  186,290;20930,860;43,32732
 416,35; 9063,557;  175,758;20737,712;43,22449
 416,94; 9098,435;  207,447;20746,252;43,28873
 417,53; 9146,243;  178,150;21056,226;42,95460
 418,12; 9156,601;  178,384;21052,863;43,01050
 418,71; 9234,488;  204,626;21536,770;42,32984
 419,30; 9262,215;  188,077;21545,550;42,48695
 419,89; 9336,378;  182,541;21704,751;42,53205
 420,48; 9492,538;  206,087;21991,785;42,62636
 421,07; 9505,440;  205,474;22166,685;42,34724
 421,66; 9506,614;  173,558;22142,252;42,48343
 422,25; 9472,965;  186,340;22144,171;42,29300
 422,84; 9465,773;  217,266;22038,904;42,38227
 423,43; 9343,396;  197,722;21862,632;42,21423
 424,02; 9222,529;  219,647;21576,070;42,15538
 424,60; 8950,159;  188,971;21067,541;41,96259
 425,19; 8835,150;  204,809;20801,105;41,90240
 425,78; 8734,810;  211,887;20780,481;41,43659
 426,37; 8678,879;  219,200;20585,138;41,53837
 426,96; 8599,995;  202,431;20496,950;41,37849
 427,55; 8495,558;  188,516;20280,923;41,34418
 428,14; 8370,672;  188,982;20065,496;41,16260
 428,73; 8309,206;  208,051;19903,625;41,13186
 429,32; 8272,209;  214,661;19891,866;40,94865
 429,91; 8261,882;  230,283;19874,621;40,88506
 430,50; 8158,674;  213,210;19769,430;40,62883
 431,08; 8113,831;  223,522;19500,603;40,93104
 431,67; 8079,207;  277,296;19490,256;40,60755
 432,26; 8015,110;  274,992;19358,390;40,55944
 432,85; 7847,544;  302,452;18926,094;40,51351
 433,44; 7676,807;  312,381;18522,494;40,44141
 434,03; 7531,451;  331,082;18160,105;40,38566
 434,62; 7328,416;  281,459;17722,847;40,40365
 435,21; 7226,395;  289,914;17554,043;40,17857
 435,79; 7150,084;  289,925;17378,034;40,14580
 436,38; 7068,890;  290,317;17208,148;40,06762
 436,97; 6951,715;  284,395;17220,967;39,36641
 437,56; 6915,588;  272,484;16941,263;39,85357
 438,15; 6829,508;  250,481;16859,248;39,61177
 438,74; 6834,824;  271,020;16942,368;39,37177
 439,33; 6787,996;  241,942;16881,839;39,33951
 439,91; 6735,043;  199,947;16938,542;39,04208
 440,50; 6766,528;  258,332;16997,658;38,87967
 441,09; 6779,864;  253,801;17118,420;38,69677
 441,68; 6798,750;  240,577;17168,086;38,74269
 442,27; 6776,950;  225,420;17144,009;38,72386
 442,86; 6720,036;  191,204;17112,530;38,58346
 443,44; 6721,746;  217,509;17197,844;38,30453
 444,03; 6806,673;  276,896;17191,868;38,60353
 444,62; 6695,048;  216,589;17054,896;38,47453
 445,21; 6619,766;  228,279;16845,945;38,46200
 445,80; 6559,122;  254,210;16801,655;38,10203
 446,39; 6471,045;  275,440;16524,882;38,12811
 446,97; 6316,975;  203,987;16304,467;37,96774
 447,56; 6202,755;  217,840;16131,909;37,60770
 448,15; 6132,542;  212,218;15961,760;37,59045
 448,74; 6054,211;  222,450;15695,416;37,69000
 449,33; 5988,881;  215,839;15480,305;37,82013
 449,91; 5864,428;  210,078;15213,895;37,68608
 450,50; 5784,666;  207,538;15086,317;37,48378
 451,09; 5747,519;  219,462;14979,044;37,45403
 451,68; 5721,514;  242,542;14845,480;37,51965
 452,26; 5646,049;  233,853;14740,387;37,30867
 452,85; 5578,197;  218,928;14642,204;37,15709
 453,44; 5559,907;  226,169;14647,764;36,98438
 454,03; 5503,488;  199,471;14657,355;36,68598
 454,61; 5515,384;  194,093;14573,070;37,00743
 455,20; 5606,092;  228,558;14771,537;36,97684
 455,79; 5550,931;  238,090;14806,113;36,46920
 456,38; 5577,296;  236,872;14920,411;36,37015
 456,97; 5559,101;  221,408;14942,356;36,25917
 457,55; 5588,585;  212,874;14946,166;36,48683
 458,14; 5564,793;  233,484;14954,814;36,21486
 458,73; 5518,293;  221,567;14861,702;36,17948
 459,31; 5547,031;  242,497;14940,169;36,09098
 459,90; 5571,794;  261,032;15035,983;35,94437
 460,49; 5620,751;  299,107;15048,842;36,07959
 461,08; 5560,852;  207,192;15191,738;35,72787
 461,66; 5585,548;  230,727;15266,447;35,61400
 462,25; 5625,036;  219,195;15307,662;35,82764
 462,84; 5650,098;  247,655;15421,737;35,60310
 463,43; 5561,308;  200,279;15284,644;35,54030
 464,01; 5560,408;  226,975;15341,219;35,28746
 464,60; 5573,964;  257,661;15251,151;35,45741
 465,19; 5430,719;  197,823;15002,548;35,34612
 465,77; 5429,869;  214,211;15061,685;35,12825
 466,36; 5390,857;  240,049;14849,309;35,25715
 466,95; 5277,517;  207,280;14519,762;35,42528
 467,53; 5138,859;  225,599;14213,484;35,12511
 468,12; 5052,029;  240,831;13996,491;34,97614
 468,71; 4908,677;  217,977;13729,183;34,71710
 469,29; 4807,940;  205,986;13493,274;34,63426
 469,88; 4737,422;  207,912;13231,302;34,77981
 470,47; 4821,070;  269,379;13386,009;34,70168
 471,06; 4736,947;  228,303;13264,704;34,58504
 471,64; 4754,070;  224,147;13405,699;34,36562
 472,23; 4712,473;  202,544;13446,570;34,05255
 472,81; 4763,605;  201,846;13505,381;34,28983
 473,40; 4773,705;  210,159;13677,501;33,88602
 473,99; 4921,571;  304,390;13894,600;33,97432
 474,57; 4861,366;  209,697;14013,422;33,69865
 475,16; 4950,326;  228,078;14158,216;33,89951
 475,75; 4965,927;  224,163;14286,155;33,72043
 476,33; 4989,500;  244,784;14370,560;33,58907
 476,92; 4988,674;  242,699;14411,579;33,49577
 477,51; 5000,946;  230,782;14479,251;33,47844
 478,09; 5005,447;  238,320;14533,140;33,34863
 478,68; 4964,451;  240,014;14420,314;33,31690
 479,27; 4966,949;  249,779;14513,492;33,07112
 479,85; 4957,122;  237,476;14434,976;33,24280
 480,44; 4958,350;  223,401;14615,350;32,89998
 481,02; 5383,091;  231,713;16142,905;32,37582
 481,61; 6036,030;  256,403;18264,367;32,09484
 482,20; 6397,448;  250,405;19414,074;32,07654
 482,78; 6642,209;  277,400;20264,721;31,84423
 483,37; 6853,157;  258,488;20747,086;32,18702
 483,95; 6917,493;  299,720;21081,843;31,84358
 484,54; 6983,861;  305,018;21298,907;31,81327
 485,13; 6898,069;  273,187;21100,958;31,80792
 485,71; 6839,142;  256,801;20917,707;31,85892
 486,30; 6779,489;  302,493;20633,211;31,85817
 486,88; 6649,643;  330,033;20240,907;31,73949
 487,47; 6405,797;  304,804;19509,756;31,76781
 488,05; 6155,112;  290,268;18601,641;32,02843
 488,64; 5727,551;  297,349;17261,837;32,00923
 489,23; 5120,150;  304,653;15238,909;32,24464
 489,81; 4429,709;  295,424;13068,934;32,36608
 490,40; 4159,736;  255,271;12502,990;31,87911
 490,98; 4111,500;  238,504;12249,740;32,24478
 491,57; 4054,674;  269,808;12106,298;31,97626
 492,15; 4003,006;  246,736;12053,578;31,81435
 492,74; 3947,952;  249,653;12022,455;31,41393
 493,32; 3915,055;  278,811;11861,282;31,39437
 493,91; 3892,187;  242,738;11749,176;31,71658
 494,50; 3840,921;  259,747;11680,085;31,35787
 495,08; 3804,015;  231,516;11638,858;31,31754
 495,67; 3831,557;  259,891;11607,716;31,47445
 496,25; 3711,544;  205,665;11542,039;30,92592
 496,84; 3708,506;  208,891;11521,000;30,93689
 497,42; 3689,950;  209,206;11425,072;31,03411
 498,01; 3680,100;  238,123;11394,589;30,85186
 498,59; 3628,811;  203,437;11319,840;30,81369
 499,18; 3616,133;  203,816;11272,830;30,82766
 499,76; 3598,439;  229,358;11177,361;30,77347
 500,35; 3523,947;  224,826;11015,751;30,57310
 500,93; 3488,457;  213,205;10951,070;30,50189
 501,52; 3459,762;  205,360;10845,286;30,58670
 502,10; 3468,856;  220,214;10830,609;30,61754
 502,69; 3372,070;  202,601;10675,757;30,26278
 503,27; 3282,030;  180,439;10466,241;30,15409
 503,86; 3275,801;  206,985;10372,642;30,18807
 504,44; 3207,052;  176,603;10250,440;30,08237
 505,03; 3103,831;  163,065;10040,489;29,77261
 505,61; 3082,428;  191,986; 9874,627;29,85179
 506,19; 3023,897;  207,218; 9750,431;29,51499
 506,78; 2915,308;  174,994; 9540,415;29,25991
 507,36; 2903,136;  192,295; 9344,010;29,62112
 507,95; 2857,693;  189,997; 9246,345;29,45665
 508,53; 2776,941;  201,994; 9129,043;28,84433
 509,12; 2720,984;  193,073; 8927,645;28,94145
 509,70; 2722,783;  209,766; 8789,334;29,29072
 510,29; 2707,113;  218,154; 8653,756;29,50542
 510,87; 2597,845;  174,532; 8462,098;29,24034
 511,46; 2531,979;  186,456; 8282,157;28,97245
 512,04; 2505,224;  187,460; 8181,615;28,99324
 512,62; 2454,865;  203,764; 8014,815;28,81943
 513,21; 2401,683;  174,539; 7827,604;29,10133
 513,79; 2364,416;  184,241; 7732,277;28,88400
 514,38; 2279,084;  169,776; 7548,308;28,58710
 514,96; 2317,272;  214,699; 7464,709;29,00097
 515,54; 2226,739;  176,855; 7369,431;28,50001
 516,13; 2219,889;  187,317; 7234,639;28,84176
 516,71; 2146,908;  176,398; 7094,046;28,48526
 517,30; 2115,068;  171,324; 6958,079;28,64025
 517,88; 2089,056;  193,170; 6899,021;28,27211
 518,46; 2041,030;  175,710; 6742,971;28,40332
 519,05; 2033,416;  182,867; 6721,363;28,30236
 519,63; 2018,242;  206,173; 6676,107;28,00753
 520,22; 2015,208;  210,102; 6603,941;28,23195
 520,80; 1973,856;  183,795; 6537,952;28,17149
 521,38; 1996,670;  220,022; 6531,402;28,14992
 521,97; 1943,549;  178,875; 6467,728;28,06035
 522,55; 1943,981;  197,260; 6458,119;27,89907
 523,13; 1913,170;  183,185; 6432,989;27,68064
 523,72; 1913,019;  184,479; 6388,991;27,85940
 524,30; 1955,948;  206,341; 6582,805;27,43852
 524,89; 1928,813;  189,414; 6575,124;27,23893
 525,47; 1950,351;  200,727; 6685,436;26,98077
 526,05; 1913,587;  167,112; 6771,847;26,44277
 526,64; 1970,619;  203,653; 6835,545;26,64347
 527,22; 1987,302;  198,727; 6988,960;26,34041
 527,80; 2062,809;  251,191; 7112,801;26,40223
 528,39; 2033,863;  194,270; 7204,615;26,24113
 528,97; 2050,768;  193,038; 7390,061;25,81248
 529,55; 2095,344;  198,569; 7495,164;25,99534
 530,14; 2133,538;  224,425; 7812,298;25,16005
 530,72; 2156,731;  183,653; 7861,180;25,69938
 531,30; 2140,263;  181,887; 7971,540;25,14074
 531,89; 2173,013;  191,195; 8061,595;25,18065
 532,47; 2250,274;  228,504; 8171,669;25,45295
 533,05; 2213,154;  222,037; 8198,220;24,96328
 533,63; 2233,308;  223,043; 8336,382;24,77728
 534,22; 2216,646;  198,428; 8342,452;24,78157
 534,80; 2264,560;  222,894; 8403,259;24,95813
 535,38; 2352,326;  313,734; 8528,160;24,81721
 535,97; 2231,102;  217,120; 8458,195;24,43834
 536,55; 2283,680;  267,741; 8502,089;24,48207
 537,13; 2296,069;  261,349; 8495,411;24,71101
 537,71; 2335,651;  315,579; 8555,785;24,51483
 538,30; 2368,993;  340,507; 8646,652;24,42151
 538,88; 2400,799;  372,590; 8708,147;24,33201
 539,46; 2479,146;  422,048; 8971,804;24,06032
 540,05; 2489,711;  439,665; 9114,787;23,63132
 540,63; 2571,857;  488,820; 9330,054;23,56048
 541,21; 2600,087;  538,437; 9439,513;23,16180
 541,79; 2632,606;  573,668; 9600,723;22,80852
 542,38; 2683,602;  614,280; 9743,775;22,66633
 542,96; 2705,582;  606,902; 9906,223;22,56810
 543,54; 2741,218;  639,360;10095,013;22,22858
 544,12; 2750,477;  611,900;10252,232;22,18364
 544,70; 2755,239;  590,595;10357,583;22,16286
 545,29; 2775,497;  586,819;10525,714;22,02134
 545,87; 2773,529;  566,130;10556,415;22,09546
 546,45; 2728,128;  506,588;10534,025;22,15462
 547,03; 2738,769;  486,205;10646,538;22,17018
 547,62; 2719,378;  455,592;10800,048;21,88406
 548,20; 2752,713;  455,902;10952,800;21,88086
 548,78; 2759,437;  407,449;11073,659;22,05084
 549,36; 2772,931;  370,217;11304,129;21,97488
 549,94; 2760,060;  336,516;11405,839;21,89424
 550,53; 2801,239;  345,831;11677,433;21,66867
 551,11; 2795,209;  305,374;11797,210;21,66612
 551,69; 2836,545;  313,525;12128,966;21,35359
 552,27; 2824,312;  279,675;12369,412;21,04790
 552,85; 2924,631;  279,604;12751,475;21,20794
 553,44; 2954,573;  273,140;13086,643;20,92662
 554,02; 3050,804;  290,987;13480,185;20,92483
 554,60; 3000,386;  233,528;13763,018;20,45057
 555,18; 3144,450;  261,448;14173,800;20,72261
 555,76; 3157,968;  242,295;14462,234;20,50411
 556,34; 3263,899;  253,070;14866,510;20,60315
 556,93; 3280,702;  225,756;15284,445;20,28693
 557,51; 3307,343;  217,531;15617,113;20,06425
 558,09; 3409,211;  245,602;16082,221;19,97655
 558,67; 3454,284;  236,226;16426,286;19,87675
 559,25; 3507,619;  258,609;16666,037;19,80207
 559,83; 3544,367;  214,921;16993,469;19,84347
 560,41; 3598,161;  221,145;17400,971;19,65687
 561,00; 3661,919;  227,611;17683,538;19,67417
 561,58; 3689,293;  212,914;17989,402;19,55605
 562,16; 3718,931;  212,758;18261,204;19,42645
 562,74; 3762,603;  195,526;18692,333;19,28483
 563,32; 3872,020;  193,613;19079,426;19,47709
 563,90; 3929,217;  214,072;19466,181;19,29734
 564,48; 4007,114;  226,067;19901,124;19,21746
 565,06; 4101,425;  218,764;20537,681;19,10860
 565,65; 4232,925;  221,309;21240,800;19,08522
 566,23; 4402,641;  260,842;22011,763;19,04195
 566,81; 4510,580;  218,994;22754,994;19,04325
 567,39; 4678,153;  235,460;23700,246;18,93345
 567,97; 4786,903;  250,918;24318,992;18,84648
 568,55; 4962,557;  251,613;25219,110;18,86831
 569,13; 5064,931;  224,303;25916,981;18,84050
 569,71; 5231,430;  209,373;26911,699;18,80756
 570,29; 5466,884;  260,448;28004,969;18,76564
 570,87; 5577,087;  257,296;28729,295;18,68429
 571,45; 5704,052;  238,918;29329,969;18,78631
 572,03; 5732,217;  217,999;29771,336;18,65853
 572,61; 5856,584;  205,612;30543,095;18,62703
 573,20; 5961,498;  239,993;31231,506;18,46152
 573,78; 6126,030;  219,305;31828,860;18,68652
 574,36; 6145,974;  234,612;32399,579;18,37826
 574,94; 6295,127;  294,385;32748,427;18,48997
 575,52; 6248,599;  250,236;33061,711;18,28129
 576,10; 6377,429;  301,157;33593,940;18,25102
 576,68; 6465,649;  281,769;34153,419;18,25680
 577,26; 6557,423;  292,239;34892,217;18,10748
 577,84; 6673,025;  311,304;35452,142;18,10350
 578,42; 6736,609;  349,233;35755,067;18,04046
 579,00; 6706,424;  297,536;35772,602;18,06590
 579,58; 6742,792;  338,077;36015,903;17,95153
 580,16; 6653,105;  324,772;36090,318;17,69394
 580,74; 6666,243;  303,618;36231,544;17,70941
 581,32; 6646,777;  316,770;36322,216;17,58069
 581,90; 6627,440;  333,618;36343,687;17,47795
 582,48; 6619,730;  331,387;36447,444;17,41149
 583,06; 6592,707;  334,539;36544,632;17,28294
 583,64; 6572,492;  331,462;36582,867;17,21597
 584,22; 6511,558;  323,699;36523,201;17,09377
 584,80; 6422,360;  334,002;36136,362;17,00547
 585,38; 6287,734;  348,146;35679,221;16,81123
 585,96; 6249,920;  319,844;35873,545;16,67921
 586,54; 6226,397;  355,006;35939,474;16,49987
 587,12; 6160,605;  313,927;36093,586;16,34079
 587,70; 6146,981;  339,614;36168,695;16,20853
 588,28; 6102,181;  319,850;36153,927;16,13640
 588,86; 6105,467;  327,620;36439,131;16,00001
 589,44; 6025,556;  306,780;36329,348;15,87554
 590,02; 6084,613;  315,086;36647,400;15,87988
 590,59; 6040,656;  292,929;36772,690;15,75593
 591,17; 6055,644;  286,862;36858,564;15,77390
 591,75; 5985,120;  288,397;37096,783;15,47670
 592,33; 6012,983;  295,088;37415,946;15,40346
 592,91; 6014,336;  254,938;37624,099;15,41217
 593,49; 6007,605;  263,787;37908,140;15,25812
 594,07; 6108,095;  274,248;38079,894;15,43115
 594,65; 6068,487;  281,776;38159,002;15,27755
 595,23; 6079,159;  267,316;38560,979;15,17704
 595,81; 5996,996;  275,164;38610,471;14,92575
 596,39; 6059,422;  259,241;38711,600;15,08407
 596,97; 6065,624;  261,861;39036,847;14,96780
 597,55; 6043,170;  255,469;38806,033;15,01327
 598,12; 5987,596;  234,557;38909,786;14,87525
 598,70; 6002,045;  232,323;39015,491;14,87687
 599,28; 5988,613;  257,477;39200,100;14,71687
 599,86; 5988,024;  243,477;39273,461;14,71829
 600,44; 5972,361;  212,555;39254,842;14,75274
 601,02; 5977,764;  273,793;39370,786;14,58928
 601,60; 5948,323;  239,397;39430,337;14,56695
 602,18; 5896,170;  218,403;39296,888;14,52914
 602,75; 5880,858;  225,702;39463,860;14,41239
 603,33; 5917,864;  242,708;39353,814;14,51034
 603,91; 5841,497;  235,021;39445,292;14,29849
 604,49; 5888,337;  264,093;39537,102;14,32089
 605,07; 5827,465;  262,936;39525,817;14,17249
 605,65; 5815,106;  271,633;39634,798;14,08290
 606,23; 5861,363;  340,005;39866,454;13,96877
 606,80; 5849,223;  388,394;39782,915;13,86190
 607,38; 5869,289;  434,251;39871,482;13,78149
 607,96; 5868,790;  487,394;39911,131;13,65014
 608,54; 5906,702;  557,094;39968,777;13,57366
 609,12; 5867,868;  574,241;40163,678;13,37131
 609,70; 5882,176;  607,015;40068,683;13,36781
 610,27; 5798,151;  610,932;40125,400;13,12739
 610,85; 5866,232;  634,092;40300,883;13,19023
 611,43; 5836,497;  621,708;40242,211;13,16184
 612,01; 5685,191;  597,704;39943,372;12,93023
 612,59; 5711,166;  580,938;40054,249;12,99670
 613,16; 5650,808;  549,622;39988,992;12,93425
 613,74; 5622,816;  524,631;39814,500;12,97583
 614,32; 5584,550;  474,248;39803,016;12,99380
 614,90; 5560,405;  429,860;39679,132;13,07169
 615,48; 5460,796;  371,931;39243,390;13,09152
 616,05; 5433,669;  347,160;39289,603;13,06161
 616,63; 5389,696;  350,158;39086,815;13,00974
 617,21; 5384,218;  338,855;38965,043;13,06203
 617,79; 5315,769;  321,934;38882,181;12,95073
 618,36; 5302,753;  329,089;38839,334;12,91517
 618,94; 5157,578;  280,239;38496,380;12,76251
 619,52; 5157,672;  307,005;38298,617;12,76773
 620,10; 5126,764;  281,702;38199,539;12,77779
 620,67; 5130,418;  293,082;38077,578;12,80244
 621,25; 5091,774;  309,782;37920,057;12,71459
 621,83; 5044,126;  290,931;37899,583;12,63857
 622,41; 5078,951;  332,085;37874,399;12,64404
 622,98; 5010,340;  298,312;37615,031;12,62712
 623,56; 4961,806;  292,619;37646,515;12,49987
 624,14; 4945,660;  285,476;37488,795;12,52626
 624,72; 4893,702;  295,547;37438,771;12,37953
 625,29; 4881,835;  272,388;37475,663;12,38990
 625,87; 4895,865;  302,857;37440,356;12,36758
 626,45; 4825,434;  276,003;37281,194;12,29404
 627,02; 4804,224;  285,780;37210,919;12,23677
 627,60; 4767,082;  260,555;37158,443;12,21351
 628,18; 4775,791;  240,702;37196,678;12,27160
 628,76; 4721,631;  254,466;37230,950;12,08110
 629,33; 4774,376;  282,161;37159,216;12,18160
 629,91; 4761,533;  253,702;37191,539;12,20383
 630,49; 4758,312;  276,468;37380,511;12,07913
 631,06; 4741,471;  263,236;37543,149;12,01246
 631,64; 4747,033;  264,157;37404,882;12,06997
 632,22; 4700,556;  233,693;37401,188;12,01820
 632,79; 4708,355;  256,924;37668,797;11,89844
 633,37; 4697,250;  240,858;37712,590;11,89268
 633,95; 4697,750;  236,464;37777,311;11,88382
 634,52; 4687,192;  222,777;37882,987;11,85446
 635,10; 4681,048;  225,009;37937,039;11,81596
 635,68; 4691,874;  232,386;38216,083;11,74053
 636,25; 4656,053;  227,536;38059,668;11,70570
 636,83; 4604,708;  208,928;38412,334;11,50625
 637,41; 4641,656;  226,923;38404,070;11,56381
 637,98; 4645,692;  255,461;38548,018;11,46497
 638,56; 4658,084;  233,535;38663,667;11,51323
 639,13; 4616,713;  216,158;38763,434;11,41599
 639,71; 4674,751;  264,621;38877,472;11,42140
 640,29; 4565,988;  196,005;38612,968;11,37514
 640,86; 4599,353;  213,160;38825,484;11,35957
 641,44; 4574,026;  221,006;38926,617;11,24648
 642,02; 4589,314;  247,468;38881,595;11,23837
 642,59; 4546,063;  218,852;38977,035;11,16464
 643,17; 4524,736;  226,006;39011,167;11,08344
 643,74; 4542,870;  208,622;39076,453;11,15125
 644,32; 4576,543;  247,084;38944,047;11,18811
 644,89; 4567,830;  241,238;39041,025;11,15107
 645,47; 4532,272;  238,776;39061,927;11,05911
 646,05; 4508,176;  242,853;38905,444;11,03217
 646,62; 4458,540;  235,238;38887,422;10,92643
 647,20; 4492,059;  236,623;39074,862;10,95682
 647,77; 4394,347;  204,469;38981,764;10,80498
 648,35; 4407,558;  206,085;38828,973;10,87820
 648,92; 4446,077;  231,700;38817,490;10,92209
 649,50; 4356,057;  202,854;38712,929;10,78472
 650,08; 4346,422;  208,239;38657,446;10,76273
 650,65; 4354,787;  209,316;38874,963;10,72133
 651,23; 4416,152;  205,393;39633,019;10,67972
 651,80; 4567,209;  202,009;40678,689;10,78448
 652,38; 4608,266;  210,855;41134,360;10,74544
 652,95; 4654,939;  187,855;41405,646;10,83776
 653,53; 4680,227;  221,163;41732,547;10,74178
 654,10; 4717,745;  245,471;41984,680;10,71480
 654,68; 4653,033;  204,856;41815,581;10,68998
 655,25; 4679,552;  200,625;41790,175;10,76936
 655,83; 4668,379;  199,626;42032,230;10,68246
 656,40; 4682,513;  225,318;41921,439;10,68971
 656,98; 4621,801;  219,318;41853,264;10,57426
 657,55; 4612,166;  207,395;41726,704;10,60897
 658,13; 4513,607;  199,549;41365,990;10,47955
 658,70; 4479,126;  228,088;40977,584;10,43212
 659,28; 4355,337;  206,780;40033,947;10,41640
 659,85; 4238,471;  215,704;39333,541;10,28372
 660,43; 4212,144;  228,396;39388,596;10,17295
 661,00; 4182,586;  208,242;39553,805;10,10112
 661,58; 4231,335;  198,012;39894,553;10,16039
 662,15; 4201,238;  189,781;40127,223;10,04435
 662,73; 4291,680;  248,320;40357,586;10,08086
 663,30; 4240,661;  205,628;40645,949; 9,97775
 663,88; 4271,795;  207,320;40831,620;10,00503
 664,45; 4243,621;  197,936;40975,368; 9,92138
 665,03; 4264,371;  200,936;41413,808; 9,85962
 665,60; 4411,428;  281,090;41853,632; 9,93525
 666,17; 4322,946;  203,936;41901,303; 9,87835
 666,75; 4321,773;  211,860;42365,897; 9,74975
 667,32; 4379,830;  216,552;42739,952; 9,79056
 667,90; 4381,118;  218,398;42874,546; 9,75878
 668,47; 4433,098;  228,783;43252,447; 9,77210
 669,05; 4438,309;  209,399;43443,041; 9,78153
 669,62; 4406,366;  178,399;43616,250; 9,73337
 670,19; 4411,193;  190,091;43634,998; 9,71599
 670,77; 4427,942;  208,861;43931,515; 9,64965
 671,34; 4424,846;  198,938;43758,955; 9,70135
 671,92; 4423,672;  182,784;44192,779; 9,63619
 672,49; 4437,576;  218,784;44260,604; 9,57906
 673,06; 4399,940;  181,246;44241,428; 9,57485
 673,64; 4457,151;  183,477;44118,868; 9,72718
 674,21; 4440,978;  184,477;44235,385; 9,66269
 674,79; 4484,804;  218,016;44420,825; 9,65275
 675,36; 4477,477;  212,401;44588,111; 9,61129
 675,93; 4433,457;  179,478;44356,474; 9,62940
 676,51; 4452,437;  215,401;44631,760; 9,53936
 677,08; 4474,648;  203,324;44729,431; 9,59285
 677,65; 4473,398;  213,940;44831,486; 9,54660
 678,23; 4456,455;  200,709;44974,388; 9,50502
 678,80; 4477,743;  195,863;45126,597; 9,52996
 679,38; 4489,262;  191,710;45311,344; 9,52479
 679,95; 4503,242;  205,479;45501,707; 9,48813
 680,52; 4507,222;  198,018;45801,532; 9,44928
 681,10; 4559,356;  205,556;46232,818; 9,45918
 681,67; 4595,029;  220,710;46508,719; 9,45022
 682,24; 4575,240;  180,480;46529,159; 9,48195
 682,82; 4595,836;  188,711;47185,984; 9,37741
 683,39; 4680,816;  234,711;47631,578; 9,38059
 683,96; 4671,258;  203,019;47804,095; 9,38684
 684,54; 4675,161;  183,019;48216,381; 9,35213
 685,11; 4748,988;  230,096;48502,436; 9,36124
 685,68; 4760,506;  197,711;49108,261; 9,32886
 686,25; 4749,102;  186,250;49164,470; 9,31608
 686,83; 4789,082;  192,327;49325,294; 9,35574
 687,40; 4803,832;  188,327;49621,888; 9,33678
 687,97; 4900,581;  236,789;50000,328; 9,37191
 688,55; 4844,792;  179,328;50098,614; 9,34602
 689,12; 4829,388;  172,636;50369,977; 9,27689
 689,69; 4874,983;  175,251;50383,571; 9,36047
 690,26; 4837,041;  200,021;50468,472; 9,22451
 690,84; 4873,790;  199,021;50841,297; 9,23096
 691,41; 4893,078;  205,790;50794,737; 9,26544
 691,98; 4978,674;  202,713;51033,407; 9,39582
 692,56; 4963,808;  185,560;51083,001; 9,38799
 693,13; 5006,404;  246,945;51135,518; 9,35271
 693,70; 4996,153;  204,483;51395,420; 9,36039
 694,27; 4934,979;  193,714;51474,783; 9,24564
 694,84; 4960,344;  190,791;51434,607; 9,30757
 695,42; 5096,094;  230,099;51684,586; 9,45689
 695,99; 5036,843;  188,945;51824,872; 9,38861
 696,56; 5011,131;  200,253;51850,312; 9,31437
 697,13; 5072,188;  211,561;52067,905; 9,37325
 697,71; 5072,938;  185,100;52116,807; 9,41205
 698,28; 5074,072;  189,023;52501,939; 9,33813
 698,85; 5091,745;  156,331;52550,917; 9,41970
 699,42; 5071,340;  170,562;52726,896; 9,32481
 699,99; 5126,321;  213,870;52798,105; 9,34206
 700,57; 5161,301;  205,331;52807,237; 9,42165
 701,14; 5152,820;  192,255;53056,062; 9,38367
 701,71; 5180,877;  206,024;53322,656; 9,36590
 702,28; 5212,395;  197,255;53261,788; 9,45102
 702,85; 5175,683;  199,332;53329,766; 9,36629
 703,43; 5248,202;  214,255;53586,898; 9,43170
 704,00; 5300,105;  231,640;53777,800; 9,46560
 704,57; 5247,547;  215,025;53776,009; 9,39587
 705,14; 5316,451;  235,948;54074,603; 9,43653
 705,71; 5330,431;  236,718;54125,043; 9,45235
 706,28; 5290,334;  202,564;53959,790; 9,46435
 706,86; 5381,161;  239,103;54341,384; 9,50433
 707,43; 5364,141;  258,641;54125,901; 9,47793
 708,00; 5370,660;  247,180;54242,418; 9,48876
 708,57; 5352,178;  205,103;54092,089; 9,55161
 709,14; 5389,466;  241,949;54293,375; 9,52337
 709,71; 5405,754;  208,257;54296,353; 9,60932
 710,28; 5472,273;  210,950;54545,101; 9,68327
 710,86; 5436,099;  232,335;54643,848; 9,56372
 711,43; 5498,772;  243,412;54685,673; 9,65309
 712,00; 5484,291;  222,412;54819,190; 9,63771
 712,57; 5543,271;  222,566;54899,707; 9,73113
 713,14; 5543,867;  213,951;55052,762; 9,71924
 713,71; 5556,616;  218,182;55019,894; 9,74136
 714,28; 5502,520;  206,643;55047,565; 9,65680
 714,85; 5499,269;  191,951;54755,082; 9,72693
 715,42; 5590,480;  219,874;54977,291; 9,80800
 716,00; 5664,691;  267,951;55006,115; 9,85919
 716,57; 5638,517;  201,798;55191,863; 9,88673
 717,14; 5606,113;  194,183;55119,764; 9,85321
 717,71; 5637,632;  188,490;55207,512; 9,90410
 718,28; 5691,304;  238,029;55314,875; 9,90121
 718,85; 5668,592;  194,337;55377,700; 9,92012
 719,42; 5739,650;  222,260;55494,832; 9,98215
 719,99; 5667,168;  187,337;55329,041; 9,93773
 720,56; 5729,226;  206,953;55571,712; 9,97435
 721,13; 5745,360;  194,184;55644,075;10,01116
 721,70; 5738,801;  191,030;55554,515;10,02063
 722,27; 5769,859;  215,569;55684,647;10,01331
 722,84; 5828,608;  252,184;55855,702;10,02890
 723,41; 5807,050;  191,800;55772,527;10,10287
 723,98; 5791,338;  210,262;56033,197; 9,99782
 724,55; 5885,934;  233,031;56014,407;10,13403
 725,12; 5845,606;  159,339;55984,616;10,18583
 725,69; 5897,740;  191,493;56118,133;10,20309
 726,27; 5952,720;  205,339;56277,419;10,24999
 726,84; 5992,162;  209,801;56627,936;10,24912
 727,41; 6024,219;  212,647;56478,529;10,32877
 727,98; 6089,507;  219,417;56958,046;10,34585
 728,55; 6104,795;  243,494;56741,178;10,37441
 729,12; 6126,853;  189,571;56814,157;10,48534
 729,69; 6165,448;  217,879;57157,674;10,44537
 730,26; 6195,275;  228,725;57229,191;10,46755
 730,82; 6176,870;  211,648;57098,631;10,48609
 731,39; 6220,927;  208,187;57208,917;10,54853
 731,96; 6286,677;  189,649;57489,049;10,64065
 732,53; 6335,196;  205,649;57640,950;10,67209
 733,10; 6341,714;  219,572;57724,467;10,64630
 733,67; 6433,310;  214,111;58045,676;10,75399
 734,24; 6351,752;  200,803;57614,501;10,71338
 734,81; 6424,040;  226,188;57749,172;10,77457
 735,38; 6409,635;  207,419;57442,612;10,83637
 735,95; 6421,000;  192,650;57304,051;10,90562
 736,52; 6493,058;  219,496;57439,184;10,96399
 737,09; 6428,192;  221,035;57242,701;10,88561
 737,66; 6525,480;  261,881;57374,064;10,96718
 738,23; 6506,460;  204,035;57433,811;11,01249
 738,80; 6655,209;  263,881;57840,790;11,10051
 739,37; 6604,420;  237,574;57930,614;11,03573
 739,94; 6605,939;  214,574;58074,900;11,04620
 740,51; 6779,381;  312,574;58103,879;11,18993
 741,07; 6659,438;  213,574;57991,703;11,15623
 741,64; 6747,495;  237,267;58268,835;11,21843
 742,21; 6771,168;  211,421;58293,737;11,29388
 742,78; 6767,148;  180,344;58081,177;11,37601
 743,35; 6801,513;  204,114;58288,540;11,35829
 743,92; 6873,186;  240,345;58522,210;11,38063
 744,49; 6874,089;  230,960;58336,035;11,43296
 745,06; 6917,531;  207,422;58380,936;11,53465
 745,63; 6899,588;  193,884;58430,299;11,51462
 746,19; 6937,184;  207,884;58406,278;11,56269
 746,76; 6930,548;  213,653;58389,641;11,54582
 747,33; 6976,529;  206,346;58423,235;11,62924
 747,90; 7061,817;  226,269;58546,059;11,72080
 748,47; 7063,566;  216,500;58436,038;11,76077
 749,04; 7060,931;  218,885;58470,170;11,74574
 749,61; 7142,834;  240,731;58499,148;11,84739
 750,17; 7115,892;  214,500;58562,742;11,82793
 750,74; 7138,103;  222,731;58449,797;11,87656
 751,31; 7141,468;  191,193;58276,930;11,96554
 751,88; 7196,371;  183,116;58253,985;12,07706
 752,45; 7226,659;  216,732;58452,809;12,03709
 753,02; 7274,793;  222,424;58293,711;12,14433
 753,58; 7256,619;  188,040;58078,612;12,21024
 754,15; 7333,369;  195,194;58341,283;12,27628
 754,72; 7329,811;  192,425;58068,261;12,33224
 755,29; 7339,637;  193,271;57992,009;12,36422
 755,86; 7379,540;  222,579;58115,295;12,36246
 756,42; 7459,444;  226,041;57913,889;12,53887
 756,99; 7399,193;  188,810;57909,944;12,49176
 757,56; 7407,712;  198,887;57999,000;12,47199
 758,13; 7455,538;  159,426;57848,978;12,64720
 758,70; 7544,288;  191,118;57841,879;12,75468
 759,26; 7553,960;  203,657;57988,627;12,72010
 759,83; 7609,172;  191,888;58103,452;12,80795
 760,40; 7607,690;  192,273;57989,661;12,83002
 760,97; 7632,747;  189,196;57999,331;12,87586
 761,53; 7607,420;  185,042;57568,771;12,93464
 762,10; 7628,862;  176,350;57421,827;13,01852
 762,67; 7671,919;  207,735;57577,267;13,01071
 763,24; 7607,592;  163,581;57120,784;13,06948
 763,80; 7648,341;  198,043;57205,377;13,06902
 764,37; 7611,014;  200,197;57207,740;12,99971
 764,94; 7623,917;  169,582;56641,026;13,20019
 765,50; 7637,513;  178,043;56777,389;13,17943
 766,07; 7704,493;  216,044;56808,445;13,23225
 766,64; 7674,089;  178,044;56465,654;13,31740
 767,21; 7668,761;  184,044;56384,632;13,31786
 767,77; 7707,434;  201,275;56244,841;13,39344
 768,34; 7714,952;  208,044;56327,743;13,37660
 768,91; 7753,394;  209,198;56068,414;13,50573
 769,47; 7767,374;  199,737;55932,854;13,57835
 770,04; 7798,816;  208,968;55977,832;13,60947
 770,61; 7820,797;  189,891;55571,964;13,77866
 771,18; 7871,392;  180,507;55593,866;13,87912
 771,74; 7900,449;  193,276;55699,690;13,88519
 772,31; 7874,199;  202,507;55510,361;13,87089
 772,88; 7968,795;  170,430;55212,878;14,16791
 773,44; 7901,467;  183,123;55087,318;14,05784
 774,01; 7996,217;  199,508;55125,450;14,19495
 774,58; 7979,966;  183,200;54726,121;14,29474
 775,14; 8050,177;  181,508;55017,714;14,34940
 775,71; 8012,311;  181,662;54916,539;14,30651
 776,27; 8106,599;  244,816;54818,671;14,40577
 776,84; 8133,349;  264,816;54861,265;14,41217
 777,41; 8128,944;  201,586;54616,090;14,56847
 777,97; 8075,386;  187,586;54353,068;14,56241
 778,54; 8112,674;  199,894;54385,431;14,60312
 779,11; 8156,501;  225,432;54499,025;14,61313
 779,67; 8203,019;  184,817;54350,388;14,80313
 780,24; 8134,461;  213,433;54090,905;14,70193
 780,80; 8228,134;  217,587;54197,498;14,83987
 781,37; 8243,652;  213,664;54208,400;14,87180
 781,94; 8204,094;  201,741;53796,609;14,93119
 782,50; 8251,305;  208,664;53743,126;15,02330
 783,07; 8313,209;  241,818;53884,258;15,04665
 783,63; 8302,958;  198,203;53730,621;15,13990
 784,20; 8356,784;  234,972;53479,138;15,25390
 784,77; 8259,534;  210,511;53402,886;15,13191
 785,33; 8287,437;  178,280;53155,325;15,30693
 785,90; 8320,494;  199,588;53079,612;15,35723
 786,46; 8318,013;  227,358;52997,975;15,33174
 787,03; 8302,301;  201,127;52863,338;15,38328
 787,59; 8377,897;  199,973;52762,316;15,55852
 788,16; 8403,954;  219,589;52688,525;15,59850
 788,73; 8449,319;  229,204;52542,119;15,71336
 789,29; 8357,453;  206,589;52175,251;15,68419
 789,86; 8444,049;  226,897;52111,999;15,83721
 790,42; 8446,567;  217,897;51965,900;15,90143
 790,99; 8415,009;  228,667;51531,494;15,95690
 791,55; 8427,451;  199,282;51644,549;15,99402
 792,12; 8451,124;  234,975;51530,143;16,01739
 792,68; 8449,796;  216,513;51311,506;16,11368
 793,25; 8428,007;  218,667;50991,715;16,16870
 793,81; 8524,141;  284,283;50603,540;16,37516
 794,38; 8413,045;  181,283;50464,134;16,37091
 794,94; 8432,794;  219,437;50388,035;16,37151
 795,51; 8485,851;  224,206;50023,013;16,59005
 796,07; 8429,062;  214,361;49814,530;16,56184
 796,64; 8498,043;  227,130;49898,970;16,65111
 797,20; 8451,869;  221,515;49432,179;16,72474
 797,77; 8359,311;  193,207;48988,389;16,73547
 798,33; 8398,291;  222,054;48935,982;16,78419
 798,90; 8420,810;  234,438;48860,576;16,83533
 799,46; 8398,329;  214,900;48353,939;16,99957
 800,03; 8393,232;  223,516;48267,379;17,00470
 800,59; 8391,212;  228,900;48037,050;17,07306
 801,15; 8411,269;  238,593;47861,567;17,16121
 801,72; 8304,942;  237,285;47476,468;17,07832
 802,28; 8328,768;  244,439;47208,985;17,21369
 802,85; 8291,364;  219,209;47118,502;17,21168
 803,41; 8306,960;  220,747;46763,249;17,37382
 803,98; 8226,401;  209,978;46479,382;17,32554
 804,54; 8235,459;  223,440;46224,283;17,41711
 805,11; 8219,285;  226,825;46029,108;17,44992
 805,67; 8234,342;  240,210;45898,394;17,50865
 806,23; 8167,169;  234,441;45549,526;17,50571
 806,80; 8198,841;  235,902;45351,658;17,65002
 807,36; 8170,745;  252,210;45273,021;17,58861
 807,93; 8216,802;  253,826;45070,769;17,76778
 808,49; 8071,474;  210,518;44567,363;17,72208
 809,05; 8043,839;  208,826;44491,110;17,69334
 809,62; 8094,358;  233,211;44386,243;17,80432
 810,18; 8088,646;  234,442;44230,759;17,85196
 810,74; 8050,549;  198,211;43959,892;17,94341
 811,31; 8021,606;  196,058;43819,870;17,93871
 811,87; 8038,817;  226,827;43606,387;18,00846
 812,44; 8115,875;  248,904;43622,827;18,13756
 813,00; 8053,855;  180,673;43488,036;18,17978
 813,56; 8098,604;  231,289;43385,168;18,23084
 814,13; 8103,123;  220,289;43392,300;18,25913
 814,69; 8086,719;  227,443;43199,587;18,28923
 815,25; 8060,084;  199,443;42687,026;18,50103
 815,82; 8097,295;  241,828;42643,774;18,52619
 816,38; 8166,044;  259,290;42468,137;18,73246
 816,94; 8079,178;  208,752;42128,731;18,77488
 817,51; 8018,236;  204,136;42029,863;18,68252
 818,07; 8022,062;  209,367;41633,918;18,86006
 818,63; 8047,119;  238,752;41491,666;18,92804
 819,20; 8041,330;  230,368;41430,337;18,95866
 819,76; 7965,926;  204,368;40967,931;19,04043
 820,32; 8030,445;  236,522;40960,986;19,13818
 820,89; 7994,117;  235,291;40638,503;19,20349
 821,45; 7999,251;  218,061;40251,789;19,43659
 822,01; 7943,770;  235,599;40246,998;19,26494
 822,57; 7978,212;  240,907;40061,976;19,43018
 823,14; 7888,269;  191,753;39737,647;19,46224
 823,70; 7875,941;  214,138;39501,702;19,50185
 824,26; 7854,306;  212,138;39291,219;19,55565
 824,82; 7928,748;  241,062;39129,428;19,76860
 825,39; 7832,344;  198,985;38846,484;19,75124
 825,95; 7895,324;  232,216;38926,462;19,80426
 826,51; 7878,535;  236,216;38433,440;20,00752
 827,08; 7907,900;  266,524;38515,496;19,97799
 827,64; 7906,880;  243,755;38292,397;20,14034
 828,20; 7828,553;  216,678;38005,683;20,14309
 828,76; 7869,302;  240,371;38030,739;20,18750
 829,32; 7857,436;  251,986;37792,948;20,25907
 829,89; 7843,340;  201,448;37665,772;20,39778
 830,45; 7847,397;  220,294;37632,212;20,38683
 831,01; 7823,223;  226,064;37410,575;20,43098
 831,57; 7861,665;  222,448;37370,400;20,56430
 832,14; 7853,876;  218,756;37297,763;20,59149
 832,70; 7843,395;  207,987;37078,126;20,70892
 833,26; 7826,606;  192,064;36960,027;20,76411
 833,82; 7847,509;  224,218;36906,621;20,78187
 834,38; 7851,720;  212,218;36907,676;20,81866
 834,95; 7824,085;  213,219;36740,501;20,83612
 835,51; 7797,835;  175,757;36547,787;20,95588
 836,07; 7893,815;  216,911;36722,150;21,02959
 836,63; 7916,565;  232,988;36602,667;21,12632
 837,19; 7904,237;  231,527;36407,184;21,20959
 837,75; 7848,525;  185,681;36134,008;21,31627
 838,32; 7910,890;  233,835;36273,217;21,30185
 838,88; 7922,486;  232,758;36188,427;21,38669
 839,44; 7916,927;  221,758;36158,636;21,41301
 840,00; 7952,985;  227,297;36141,999;21,51121
 840,56; 7867,657;  209,605;35800,285;21,51702
 841,12; 7890,330;  206,528;35837,263;21,56509
 841,68; 7828,464;  188,144;35643,011;21,54943
 842,25; 7841,521;  206,067;35633,297;21,55250
 842,81; 7807,809;  197,836;35362,352;21,64106
 843,37; 7852,943;  184,606;35338,792;21,81344
 843,93; 7838,000;  215,221;35212,694;21,78094
 844,49; 7880,057;  220,991;35378,057;21,78528
 845,05; 7850,269;  180,299;35056,650;21,99189
 845,61; 7963,249;  218,914;35222,090;22,12466
 846,17; 7891,691;  200,299;34934,992;22,14325
 846,73; 7917,055;  212,299;35009,663;22,14178
 847,29; 7915,497;  192,915;34733,179;22,35820
 847,86; 7943,939;  203,453;34646,312;22,47341
 848,42; 7898,842;  203,684;34463,598;22,46111
 848,98; 7900,207;  213,531;34396,961;22,48656
 849,54; 7936,957;  197,377;34493,247;22,56709
 850,10; 7938,706;  209,608;34229,071;22,71964
 850,66; 7854,994;  198,762;34054,973;22,61397
 851,22; 7900,667;  190,993;33993,028;22,80831
 851,78; 7987,801;  238,455;34161,007;22,84423
 852,34; 7916,012;  211,378;33789,293;22,94554
 852,90; 7964,377;  208,763;33704,040;23,15435
 853,46; 7944,049;  189,147;33454,788;23,31205
 854,02; 7945,568;  214,917;33557,766;23,18533
 854,58; 7906,779;  201,917;33274,975;23,29649
 855,14; 7909,221;  194,148;33157,492;23,40501
 855,70; 7879,047;  173,610;33126,009;23,38354
 856,26; 7911,258;  214,918;32969,295;23,49714
 856,82; 7884,469;  205,072;32896,351;23,49066
 857,38; 7923,757;  236,072;32771,714;23,62850
 857,94; 7868,353;  215,918;32554,615;23,66340
 858,50; 7858,179;  213,687;32529,824;23,65534
 859,06; 7810,160;  217,149;32256,803;23,69879
 859,62; 7844,909;  222,072;32339,627;23,73418
 860,18; 7792,505;  218,150;32068,298;23,78122
 860,74; 7786,408;  174,227;31971,199;23,93996
 861,30; 7700,158;  193,611;31701,485;23,82435
 861,86; 7761,446;  254,765;31807,541;23,79087
 862,42; 7728,195;  211,381;31552,519;23,98386
 862,98; 7788,868;  232,227;31536,421;24,13939
 863,54; 7723,540;  208,458;31374,784;24,11283
 864,10; 7690,367;  209,535;31400,762;23,98377
 864,66; 7682,347;  191,459;31073,125;24,25675
 865,22; 7752,020;  210,151;30889,026;24,58326
 865,78; 7740,615;  213,690;30851,466;24,56747
 866,34; 7711,980;  192,074;30760,906;24,59991
 866,90; 7702,422;  218,305;30572,731;24,65577
 867,45; 7671,248;  217,075;30461,555;24,64639
 868,01; 7682,536;  217,998;30247,995;24,85694
 868,57; 7650,978;  207,229;30112,051;24,89147
 869,13; 7625,805;  197,768;29923,644;24,98845
 869,69; 7606,554;  216,999;29807,238;24,97295
 870,25; 7594,688;  184,460;29727,294;25,08300
 870,81; 7622,438;  204,691;29653,118;25,18894
 871,37; 7677,649;  218,076;29643,327;25,35092
 871,93; 7620,783;  221,922;29397,536;25,35974
 872,49; 7621,840;  244,538;29187,130;25,48943
 873,04; 7567,051;  198,692;29003,186;25,58059
 873,60; 7583,339;  193,923;28900,318;25,74136
 874,16; 7554,935;  213,615;28867,681;25,62052
 874,72; 7543,012;  205,692;28609,450;25,83221
 875,28; 7542,550;  208,846;28673,065;25,76464
 875,84; 7541,319;  214,231;28552,912;25,85543
 876,40; 7555,396;  201,923;28557,296;25,93326
 876,95; 7563,165;  220,692;28496,681;25,96717
 877,51; 7592,165;  237,308;28518,835;26,00587
 878,07; 7604,242;  247,923;28550,065;25,99209
 878,63; 7622,242;  209,615;28544,835;26,16047
 879,19; 7650,858;  221,769;28578,758;26,19844
 879,75; 7615,242;  201,462;28574,373;26,12978
 880,30; 7604,550;  209,077;28549,988;26,09469
 880,86; 7697,627;  255,308;28721,450;26,14446
 881,42; 7697,319;  197,385;28813,296;26,20897
 881,98; 7738,012;  220,615;28887,219;26,22353
 882,54; 7769,088;  194,231;28910,604;26,37818
 883,09; 7808,627;  218,538;29064,527;26,31246
 883,65; 7808,319;  216,077;29103,296;26,28236
 884,21; 7919,165;  245,231;29441,296;26,28414
 884,77; 7887,704;  205,000;29395,219;26,31945
 885,32; 7976,012;  209,462;29559,065;26,46220
 885,88; 8026,704;  244,385;29730,604;26,39307
 886,44; 8093,088;  215,154;29836,988;26,59503
 887,00; 8080,627;  232,308;29849,912;26,49883
 887,56; 8096,550;  208,846;30027,450;26,45229
 888,11; 8161,935;  209,769;30124,988;26,58234
 888,67; 8183,935;  237,231;30223,450;26,50119
 889,23; 8209,088;  223,154;30298,604;26,55300
 889,79; 8130,550;  199,769;30253,065;26,38905
 890,34; 8179,781;  216,846;30059,912;26,68270
 890,90; 8277,858;  274,231;30291,604;26,66332
 891,46; 8188,704;  202,538;30146,912;26,67000
 892,01; 8253,935;  231,769;30075,758;26,88034
 892,57; 8252,165;  245,846;30057,988;26,85590
 893,13; 8206,935;  210,385;29838,296;26,98992
 893,69; 8235,012;  199,692;29730,373;27,21007
 894,24; 8130,550;  217,615;29615,604;26,91659
 894,80; 8135,627;  217,000;29497,835;27,04372
 895,36; 8165,627;  220,462;29399,604;27,22892
 895,91; 8063,242;  218,462;29153,219;27,11196
 896,47; 8112,242;  227,538;29022,758;27,38199
 897,03; 8068,781;  211,462;28863,373;27,42337
 897,58; 8040,935;  208,692;28802,142;27,39174
 898,14; 8047,858;  231,846;28535,835;27,61452
 898,70; 7996,781;  197,769;28365,065;27,68818
 899,25; 8030,165;  221,231;28429,065;27,68357
 899,81; 8051,550;  229,923;28219,835;27,94445
 900,37; 7923,473;  192,385;27963,604;27,83849
 900,92; 7945,165;  211,923;28003,604;27,82575
 901,48; 7882,858;  206,692;27790,912;27,82810
 902,03; 7921,704;  203,462;27661,065;28,10967
 902,59; 7863,704;  218,308;27544,219;27,97856
 903,15; 7884,627;  230,077;27398,296;28,17465
 903,70; 7798,319;  221,000;27221,758;28,06336
 904,26; 7807,550;  217,154;27084,219;28,25168
 904,82; 7835,858;  217,538;27037,988;28,40489
 905,37; 7817,935;  221,462;26837,142;28,54134
 905,93; 7778,781;  216,308;26728,988;28,52398
 906,48; 7765,473;  221,846;26671,219;28,52100
 907,04; 7828,396;  237,308;26514,835;28,88814
 907,60; 7782,935;  216,692;26374,681;28,92517
 908,15; 7744,396;  201,231;26205,681;29,00721
 908,71; 7767,550;  237,538;26267,604;28,92813
 909,26; 7737,319;  205,385;25981,681;29,22039
 909,82; 7659,550;  228,462;25900,681;28,94603
 910,37; 7795,165;  253,923;25834,373;29,48049
 910,93; 7678,473;  204,692;25585,604;29,44646
 911,48; 7651,858;  210,462;25470,065;29,45967
 912,04; 7658,627;  209,231;25410,219;29,55994
 912,60; 7652,242;  208,846;25308,296;29,65561
 913,15; 7624,088;  223,692;25123,065;29,72121
 913,71; 7564,088;  207,769;25001,912;29,66959
 914,26; 7559,319;  198,692;24828,142;29,88547
 914,82; 7531,012;  215,692;24668,373;29,91623
 915,37; 7535,165;  199,923;24706,373;29,93188
 915,93; 7584,473;  262,385;24614,912;30,06706
 916,48; 7436,781;  198,308;24400,835;29,90792
 917,04; 7486,627;  231,077;24325,142;30,11343
 917,59; 7495,935;  247,000;24220,681;30,23705
 918,15; 7381,088;  182,308;23996,219;30,22931
 918,70; 7384,396;  209,000;23922,681;30,25847
 919,26; 7391,242;  216,077;23937,912;30,24709
 919,81; 7356,935;  200,923;23674,219;30,48575
 920,37; 7334,935;  215,923;23668,988;30,35429
 920,92; 7332,088;  229,538;23547,758;30,45923
 921,48; 7208,550;  198,308;23307,065;30,33587
 922,03; 7244,550;  206,231;23291,527;30,48832
 922,59; 7197,473;  209,077;23136,835;30,48007
 923,14; 7242,242;  209,231;23067,065;30,76849
 923,69; 7284,935;  225,769;22942,373;31,07492
 924,25; 7221,781;  236,154;22883,912;30,84467
 924,80; 7192,242;  211,462;22740,604;30,98556
 925,36; 7205,473;  202,538;22577,219;31,29848
 925,91; 7177,473;  212,769;22468,065;31,29459
 926,47; 7109,704;  191,308;22387,450;31,16936
 927,02; 7165,858;  271,923;22344,296;31,23332
 927,57; 7107,242;  204,846;22153,296;31,44822
 928,13; 7086,088;  204,538;22055,912;31,49253
 928,68; 7068,088;  218,231;22060,527;31,36052
 929,24; 7005,165;  186,615;21825,142;31,51116
 929,79; 7024,858;  215,615;21683,681;31,71801
 930,34; 7002,319;  215,769;21595,604;31,74276
 930,90; 7030,088;  206,923;21532,065;31,99587
 931,45; 7027,012;  221,462;21469,912;32,02845
 932,01; 7037,550;  219,923;21300,065;32,34147
 932,56; 7027,473;  237,000;21137,296;32,48984
 933,11; 7028,858;  231,692;21143,758;32,50356
 933,67; 6937,319;  207,154;21000,604;32,36676
 934,22; 6981,627;  218,385;20944,142;32,63206
 934,77; 6971,704;  244,692;20794,835;32,73462
 935,33; 6930,319;  233,923;20679,296;32,75262
 935,88; 6888,088;  227,308;20673,373;32,57732
 936,43; 6911,088;  207,615;20519,604;33,00254
 936,99; 6891,704;  220,462;20415,142;33,03465
 937,54; 6871,473;  197,769;20231,373;33,31255
 938,09; 6913,550;  223,923;20176,219;33,52811
 938,65; 6839,627;  225,000;20036,912;33,38712
 939,20; 6828,550;  194,077;19946,219;33,58863
 939,75; 6774,088;  206,308;19856,835;33,42292
 940,31; 6772,704;  188,385;19670,065;33,79749
 940,86; 6787,781;  222,692;19729,527;33,65532
 941,41; 6800,704;  293,846;19618,988;33,67043
 941,96; 6758,627;  209,154;19461,527;34,01904
 942,52; 6735,935;  214,846;19386,835;34,01363
 943,07; 6694,781;  190,692;19265,142;34,09843
 943,62; 6736,935;  208,077;19205,219;34,36758
 944,18; 6690,473;  200,077;19063,604;34,40712
 944,73; 6722,781;  219,692;18975,296;34,67278
 945,28; 6625,396;  188,000;18780,527;34,62357
 945,83; 6690,858;  205,308;18863,219;34,76032
 946,39; 6616,781;  199,308;18741,219;34,61063
 946,94; 6673,627;  237,231;18735,912;34,79381
 947,49; 6620,088;  212,231;18553,065;34,93766
 948,04; 6609,088;  239,923;18505,912;34,86899
 948,59; 6630,781;  227,615;18510,219;35,02327
 949,15; 6579,088;  203,846;18305,912;35,21831
 949,70; 6574,627;  199,462;18214,219;35,38857
 950,25; 6526,319;  219,462;18168,373;35,13783
 950,80; 6552,858;  177,385;18047,527;35,67668
 951,36; 6454,781;  179,308;17898,142;35,41696
 951,91; 6543,781;  222,769;17929,912;35,69752
 952,46; 6416,012;  192,846;17745,065;35,45515
 953,01; 6502,319;  220,846;17799,373;35,73379
 953,56; 6448,781;  191,615;17549,912;36,04712
 954,11; 6453,319;  225,615;17508,450;36,03404
 954,67; 6430,781;  204,385;17424,604;36,15747
 955,22; 6359,781;  193,692;17275,604;36,09718
 955,77; 6403,088;  229,000;17310,065;36,14580
 956,32; 6394,858;  250,692;17131,758;36,39679
 956,87; 6345,088;  194,000;17058,681;36,47320
 957,42; 6349,704;  216,615;16955,988;36,63870
 957,98; 6340,088;  200,231;16855,835;36,86362
 958,53; 6352,319;  239,538;16839,988;36,82298
 959,08; 6297,781;  194,231;16734,527;36,90109
 959,63; 6256,627;  204,692;16617,758;36,87266
 960,18; 6276,473;  218,231;16544,450;37,10744
 960,73; 6276,396;  214,923;16488,681;37,24692
 961,28; 6263,473;  179,846;16396,450;37,51480
 961,83; 6274,781;  237,308;16379,912;37,40086
 962,39; 6196,935;  200,846;16205,604;37,46441
 962,94; 6222,858;  214,846;16153,065;37,69563
 963,49; 6211,396;  210,846;15995,373;38,01539
 964,04; 6199,165;  221,846;15942,065;38,02313
 964,59; 6153,012;  189,077;15854,219;38,07137
 965,14; 6162,781;  224,538;15794,373;38,13941
 965,69; 6143,165;  211,231;15747,604;38,18095
 966,24; 6115,012;  194,077;15557,912;38,53813
 966,79; 6095,550;  231,308;15477,912;38,46261
 967,34; 6051,781;  186,923;15320,373;38,75427
 967,89; 6049,319;  196,538;15316,912;38,70791
 968,44; 6025,165;  206,846;15234,296;38,71794
 968,99; 6038,704;  215,923;15166,373;38,94719
 969,55; 6028,781;  209,385;15113,835;39,04469
 970,10; 5992,473;  213,923;14937,065;39,24808
 970,65; 5988,012;  225,462;14844,758;39,41742
 971,20; 5910,704;  200,923;14773,527;39,18161
 971,75; 5856,396;  187,308;14650,296;39,19721
 972,30; 5836,935;  220,308;14551,912;39,19050
 972,85; 5815,858;  207,846;14452,681;39,36874
 973,40; 5807,627;  199,231;14321,681;39,71263
 973,95; 5794,781;  213,308;14247,527;39,77046
 974,50; 5791,319;  230,462;14207,604;39,78537
 975,05; 5708,781;  220,462;14089,758;39,57172
 975,60; 5726,627;  226,385;13999,373;39,93500
 976,15; 5668,396;  200,154;13889,450;39,94539
 976,70; 5680,473;  205,692;13797,835;40,27901
 977,25; 5642,473;  224,231;13748,912;40,06189
 977,80; 5589,396;  213,462;13656,527;39,99039
 978,35; 5626,165;  221,231;13471,758;40,79034
 978,89; 5530,319;  187,308;13364,835;40,54639
 979,44; 5588,319;  207,154;13350,219;40,94300
 979,99; 5513,550;  199,000;13129,527;41,10080
 980,54; 5493,012;  236,692;13136,604;40,74694
 981,09; 5449,396;  224,769;13014,988;40,84861
 981,64; 5420,242;  217,846;12926,219;40,93676
 982,19; 5469,781;  251,308;12873,912;41,34229
 982,74; 5402,704;  232,231;12696,604;41,48201
 983,29; 5316,242;  198,077;12508,527;41,57578
 983,84; 5291,627;  224,846;12427,912;41,52056
 984,39; 5328,319;  276,615;12439,527;41,53367
 984,94; 5214,088;  183,615;12264,450;41,64011
 985,49; 5203,704;  234,154;12238,065;41,39942
 986,03; 5152,012;  235,385;12164,758;41,21446
 986,58; 5137,319;  258,692;11932,988;41,78947
 987,13; 5097,165;  218,077;11823,835;42,04024
 987,68; 5047,704;  233,154;11718,373;41,91953
 988,23; 5033,242;  228,077;11645,142;42,08757
 988,78; 5000,165;  210,077;11464,912;42,56027
 989,33; 4929,088;  230,077;11419,604;41,99473
 989,88; 4929,627;  244,615;11347,296;42,19712
 990,42; 4911,088;  219,000;11216,296;42,66584
 990,97; 4848,935;  221,615;11073,527;42,64059
 991,52; 4832,627;  240,538;10990,988;42,71531
 992,07; 4847,858;  247,077;10930,142;43,06611
 992,62; 4759,319;  221,615;10779,681;42,97855
 993,17; 4709,858;  237,231;10697,450;42,75844
 993,71; 4764,396;  237,077;10577,527;43,78261
 994,26; 4678,319;  216,231;10456,296;43,57480
 994,81; 4656,704;  247,077;10420,604;43,34413
 995,36; 4615,396;  213,538;10233,604;43,93043
 995,91; 4577,550;  227,923;10176,065;43,72301
 996,45; 4543,781;  222,769;10066,065;43,89801
 997,00; 4478,627;  195,154; 9899,219;44,14102
 997,55; 4471,319;  218,308; 9891,912;43,96512
 998,10; 4427,242;  255,308; 9752,681;43,92725
 998,65; 4418,627;  215,154; 9750,604;44,08259
 999,19; 4393,012;  244,154; 9541,373;44,62472
 999,74; 4349,704;  259,231; 9471,527;44,40232
1000,29; 4291,935;  229,462; 9424,219;44,18249
1000,84; 4223,627;  222,692; 9232,373;44,40706
1001,38; 4218,781;  229,769; 9152,835;44,70450
1001,93; 4228,704;  247,385; 9095,604;44,99571
1002,48; 4145,242;  216,538; 8909,296;45,19514
1003,03; 4163,088;  233,000; 8920,912;45,23629
1003,57; 4135,935;  228,462; 8786,835;45,65673
1004,12; 4104,319;  256,769; 8696,835;45,58673
1004,67; 4002,858;  214,077; 8553,450;45,43244
1005,22; 3952,012;  219,077; 8401,604;45,62080
1005,76; 3910,396;  208,385; 8273,450;45,90182
1006,31; 3918,396;  244,692; 8266,373;45,79718
1006,86; 3822,858;  221,308; 8105,988;45,67782
1007,40; 3801,473;  212,077; 7998,296;46,09935
1007,95; 3781,088;  225,615; 7913,988;46,24480
1008,50; 3727,396;  237,308; 7750,912;46,45026
1009,04; 3658,165;  233,385; 7671,988;46,04064
1009,59; 3654,858;  222,923; 7537,296;46,92042
1010,14; 3589,473;  220,615; 7397,142;46,94273
1010,68; 3533,088;  225,308; 7293,604;46,79743
1011,23; 3483,704;  218,077; 7215,988;46,66574
1011,78; 3469,858;  234,769; 7159,988;46,71460
1012,32; 3439,935;  236,077; 7001,219;47,35832
1012,87; 3424,781;  248,154; 6999,988;47,04835
1013,42; 3365,396;  211,538; 6881,988;47,28103
1013,96; 3400,781;  242,154; 6875,912;47,61445
1014,51; 3319,627;  191,615; 6780,681;47,47277
1015,06; 3309,858;  185,308; 6786,142;47,33568
1015,60; 3397,550;  261,769; 6838,373;47,68085
1016,15; 3331,242;  211,077; 6797,604;47,37194
1016,69; 3343,935;  217,462; 6876,142;46,95334
1017,24; 3327,781;  189,769; 6846,988;47,13697
1017,79; 3385,935;  251,846; 6870,373;47,35326
1018,33; 3351,550;  214,077; 6877,758;47,08318
1018,88; 3380,396;  233,385; 6961,835;46,77172
1019,42; 3355,704;  222,231; 6929,988;46,71417
1019,97; 3355,165;  212,385; 6988,450;46,38061
1020,51; 3406,858;  241,462; 7036,988;46,58058
1021,06; 3351,627;  205,692; 6958,681;46,58581
1021,61; 3349,012;  187,385; 6962,758;46,66351
1022,15; 3331,781;  184,154; 6949,373;46,52661
1022,70; 3346,012;  217,231; 6925,373;46,64154
1023,24; 3310,088;  210,615; 6920,758;46,19087
1023,79; 3266,396;  214,846; 6852,604;45,97260
1024,33; 3245,627;  212,538; 6797,988;46,05742
1024,88; 3236,781;  213,846; 6746,835;46,27185
1025,42; 3168,473;  217,000; 6606,527;46,19236
1025,97; 3168,396;  215,385; 6533,373;46,73974
1026,51; 3117,781;  176,769; 6354,142;47,60942
1027,06; 3101,858;  208,308; 6368,527;46,97154
1027,60; 3050,473;  219,077; 6236,373;47,05429
1028,15; 3030,704;  231,846; 6132,219;47,43527
1028,69; 2940,550;  188,538; 5998,219;47,36941
1029,24; 2916,858;  204,231; 5962,065;47,11193
1029,78; 2883,473;  195,462; 5833,758;47,67418
1030,33; 2825,473;  197,462; 5729,065;47,50903
1030,87; 2797,242;  211,231; 5635,527;47,67460
1031,42; 2726,550;  196,615; 5517,988;47,54289
1031,96; 2723,473;  218,077; 5494,142;47,48607
1032,51; 2688,473;  191,692; 5389,988;48,03075
1033,05; 2675,319;  213,231; 5353,835;47,89493
1033,60; 2611,550;  181,846; 5219,450;48,23134
1034,14; 2574,781;  211,385; 5188,296;47,48720
1034,69; 2594,858;  213,308; 5098,758;48,74781
1035,23; 2558,319;  214,692; 5024,065;48,73040
1035,77; 2533,396;  208,154; 4977,296;48,75598
1036,32; 2490,088;  188,462; 4854,527;49,32693
1036,86; 2470,858;  210,077; 4805,373;49,19772
1037,41; 2449,627;  211,615; 4732,912;49,49934
1037,95; 2365,088;  178,769; 4656,988;48,82117
1038,50; 2378,858;  199,308; 4592,758;49,60908
1039,04; 2337,396;  215,846; 4548,527;48,96622
1039,58; 2295,473;  193,154; 4476,450;49,08181
1040,13; 2285,396;  207,769; 4436,758;49,12822
1040,67; 2285,781;  232,769; 4388,835;49,39796
1041,21; 2281,781;  229,385; 4306,527;50,33909
1041,76; 2174,627;  189,385; 4192,681;49,59019
1042,30; 2196,473;  214,385; 4204,296;49,67750
1042,85; 2159,473;  203,538; 4092,604;50,29318
1043,39; 2114,935;  198,000; 4017,988;50,18169
1043,93; 2107,550;  216,385; 4009,142;49,86254
1044,48; 2082,012;  212,231; 3945,142;50,08907
1045,02; 2055,704;  207,308; 3880,527;50,32088
1045,56; 2051,935;  230,923; 3848,758;50,33429
1046,11; 2020,627;  216,231; 3797,758;50,38064
1046,65; 1993,396;  216,154; 3736,373;50,48669
1047,19; 1959,242;  199,385; 3659,296;50,86424
1047,74; 1922,319;  191,000; 3601,219;50,76856
1048,28; 1911,704;  212,000; 3561,988;50,73760
1048,82; 1910,858;  234,077; 3528,142;50,90308
1049,37; 1880,088;  217,385; 3480,604;50,95287
1049,91; 1850,088;  212,692; 3418,527;51,07550
1050,45; 1818,473;  227,308; 3382,527;50,42963
1050,99; 1807,319;  208,308; 3338,758;51,07929
1051,54; 1757,935;  195,538; 3245,219;51,23147
1052,08; 1773,935;  240,385; 3220,527;51,45895
1052,62; 1744,550;  228,231; 3212,219;50,81518
1053,16; 1712,473;  200,462; 3134,296;51,53704
1053,71; 1703,396;  213,077; 3099,527;51,63156
1054,25; 1688,242;  234,462; 3055,065;51,54147
1054,79; 1664,935;  221,615; 3020,758;51,56291
1055,33; 1620,319;  199,000; 2967,065;51,34703
1055,88; 1627,550;  215,308; 2937,219;51,88421
1056,42; 1608,242;  229,692; 2900,758;51,61049
1056,96; 1580,627;  229,692; 2841,527;51,72359
1057,50; 1593,781;  225,846; 2809,988;52,93573
1058,05; 1544,935;  219,154; 2786,527;51,63958
1058,59; 1545,858;  242,615; 2748,373;52,00991
1059,13; 1484,550;  202,231; 2660,296;52,16782
1059,67; 1484,165;  230,846; 2649,835;51,81171
1060,21; 1485,704;  219,462; 2590,296;53,40914
1060,76; 1458,088;  235,538; 2568,450;52,40447
1061,30; 1456,088;  247,385; 2558,373;52,30246
1061,84; 1434,088;  231,385; 2487,373;53,31161
1062,38; 1389,319;  207,615; 2438,604;52,96773
1062,92; 1446,165;  256,538; 2455,604;54,09693
1063,46; 1384,781;  232,308; 2379,065;53,68436
1064,01; 1350,396;  208,846; 2337,296;53,63293
1064,55; 1349,550;  225,077; 2326,296;53,51527
1065,09; 1303,012;  196,231; 2254,681;53,76768
1065,63; 1333,935;  253,538; 2286,604;53,14124
1066,17; 1328,627;  250,154; 2256,758;53,74619
1066,71; 1300,781;  241,231; 2234,988;53,14337
1067,25; 1273,088;  214,769; 2186,681;53,66971
1067,80; 1262,396;  237,077; 2163,912;53,21262
1068,34; 1280,704;  253,692; 2131,450;54,69351
1068,88; 1228,935;  223,077; 2079,450;54,18403
1069,42; 1242,704;  248,154; 2108,988;53,44645
1069,96; 1218,396;  225,385; 2047,065;54,51073
1070,50; 1229,550;  255,615; 2053,219;54,17960
1071,04; 1184,627;  212,615; 1982,988;54,90433
1071,58; 1175,088;  212,846; 1971,373;54,71866
1072,12; 1167,704;  222,769; 1929,527;55,36431
1072,66; 1157,242;  222,154; 1936,219;54,55384
1073,21; 1157,165;  241,846; 1918,912;54,57863
1073,75; 1127,627;  232,615; 1897,142;53,76972
1074,29; 1139,088;  233,846; 1859,296;55,69180
1074,83; 1144,704;  249,231; 1845,758;56,08882
1075,37; 1121,473;  245,923; 1837,296;55,01853
1075,91; 1103,858;  232,846; 1814,758;55,06070
1076,45; 1098,319;  228,923; 1791,065;55,65409
1076,99; 1073,473;  250,154; 1759,065;54,56378
1077,53; 1045,242;  219,077; 1720,296;55,03296
1078,07; 1064,473;  234,692; 1721,450;55,81143
1078,61; 1046,858;  237,538; 1690,988;55,68263
1079,15; 1026,858;  232,077; 1673,373;55,14347
1079,69; 1015,165;  233,462; 1650,604;55,16058
1080,23; 1020,396;  255,308; 1668,373;54,14388
1080,77; 1054,627;  275,615; 1641,758;57,02272
1081,31;  989,242;  219,615; 1592,065;56,07686
1081,85; 1007,704;  248,846; 1580,296;56,99483
1082,39;  965,704;  217,231; 1551,219;56,10791
1082,93;  970,858;  238,385; 1551,912;55,76384
1083,47;  930,550;  206,615; 1499,912;55,97594
1084,01;  948,627;  247,538; 1536,835;54,37761
1084,55;  926,627;  217,308; 1475,912;56,35762
1085,09;  932,242;  242,769; 1494,065;55,10071
1085,63;  928,396;  241,615; 1442,296;57,19928
1086,17;  905,242;  220,692; 1431,450;56,53898
1086,71;  891,704;  221,462; 1415,681;56,12389
1087,24;  914,627;  252,154; 1426,527;56,41079
1087,78;  910,165;  248,769; 1392,450;57,83049
1088,32;  859,781;  229,462; 1358,450;55,83044
1088,86;  878,165;  251,385; 1360,758;56,49865
1089,40;  859,858;  239,385; 1335,912;56,58530
1089,94;  831,704;  213,846; 1300,912;56,83722
1090,48;  844,319;  243,615; 1304,912;56,60096
1091,02;  853,319;  244,769; 1295,450;57,91959
1091,56;  827,935;  229,615; 1266,296;57,71490
1092,10;  801,088;  204,923; 1245,758;57,27763
1092,63;  842,396;  253,154; 1278,758;57,45321
1093,17;  805,935;  244,846; 1243,373;56,19162
1093,71;  781,165;  225,000; 1206,450;56,66772
1094,25;  795,088;  249,846; 1218,142;56,30946
1094,79;  769,165;  227,000; 1189,758;56,31379
1095,33;  776,242;  241,846; 1178,604;57,04743
1095,87;  764,473;  232,846; 1173,219;56,53362
1096,40;  733,473;  215,769; 1116,835;57,45464
1096,94;  750,781;  234,385; 1149,450;56,43271
1097,48;  750,088;  237,385; 1132,758;57,26148
1098,02;  730,627;  223,923; 1109,912;57,19080
1098,56;  698,088;  196,769; 1061,681;57,96191
1099,10;  696,396;  204,615; 1057,065;57,69028
1099,63;  695,396;  215,692; 1062,758;56,63127
1100,17;  712,396;  234,692; 1066,835;57,40651
1100,71;  741,858;  255,154; 1091,373;58,20290

