
Integration time [ms]: 140,000
Averaging Nr. [scans]: 13
Smoothing Nr. [pixels]: 0
Data measured with spectrometer [name]: 2009305U1
Wave   ;Sample   ;Dark     ;Reference;Reflectance
[nm]   ;[counts] ;[counts] ;[counts] ;[%]

 175,72;  205,106;  197,081;  203,819;119,10765
 176,32;  219,563;  234,611;  221,840; 0,00000
 176,92;  264,713;  260,463;  248,366; 0,00000
 177,52;  264,104;  252,849;  264,548;96,20472
 178,12;  239,629;  235,765;  234,842; 0,00000
 178,72;  271,050;  256,148;  251,111; 0,00000
 179,32;  265,081;  250,688;  248,021; 0,00000
 179,92;  253,915;  249,153;  249,941; 0,00000
 180,52;  254,277;  239,086;  237,936; 0,00000
 181,12;  263,237;  250,307;  255,232;262,56467
 181,73;  293,891;  265,846;  270,384;618,03762
 182,33;  376,071;  341,851;  340,937; 0,00000
 182,93;  274,486;  264,541;  271,352;146,01948
 183,53;  245,114;  245,377;  228,843; 0,00000
 184,13;  243,913;  241,763;  221,425; 0,00000
 184,73;  289,856;  278,530;  272,227; 0,00000
 185,33;  271,403;  246,710;  345,523;24,98887
 185,93;  295,825;  241,935;  357,625;46,58150
 186,53;  308,638;  249,477;  374,956;47,14827
 187,13;  329,151;  273,407;  407,180;41,67079
 187,73;  293,558;  238,013;  363,666;44,20538
 188,33;  287,973;  232,548;  366,445;41,39358
 188,93;  303,389;  248,383;  371,966;44,50940
 189,53;  303,621;  251,067;  382,841;39,88148
 190,13;  329,951;  280,438;  398,909;41,79324
 190,73;  269,550;  222,832;  350,893;36,48066
 191,34;  318,348;  255,457;  386,677;47,92800
 191,94;  305,207;  239,237;  361,243;54,07148
 192,54;  302,351;  248,950;  397,013;36,06636
 193,14;  305,270;  258,021;  384,916;37,23426
 193,74;  306,029;  262,482;  381,845;36,48300
 194,34;  301,500;  251,023;  400,067;33,86693
 194,94;  267,344;  217,483;  351,489;37,20794
 195,54;  247,756;  203,865;  336,245;33,15559
 196,14;  264,305;  233,024;  358,658;24,89820
 196,74;  266,911;  222,478;  349,094;35,09234
 197,34;  246,176;  193,490;  345,653;34,62482
 197,94;  278,578;  221,099;  378,090;36,61318
 198,54;  290,285;  234,947;  384,917;36,89923
 199,14;  264,444;  217,954;  383,418;28,09688
 199,74;  251,985;  194,877;  387,307;29,67757
 200,34;  258,545;  193,031;  401,683;31,39836
 200,94;  283,497;  229,335;  437,443;26,02581
 201,54;  277,935;  204,029;  434,675;32,04302
 202,14;  294,262;  251,802;  480,046;18,60278
 202,74;  280,765;  208,030;  480,689;26,67630
 203,34;  264,274;  196,882;  492,696;22,78191
 203,94;  245,277;  170,495;  505,568;22,31807
 204,54;  308,764;  241,792;  591,311;19,16133
 205,14;  266,270;  197,261;  585,215;17,78790
 205,74;  321,807;  239,651;  674,687;18,88476
 206,34;  285,778;  202,571;  708,954;16,43146
 206,94;  299,754;  210,340;  768,765;16,01177
 207,54;  276,173;  185,033;  792,029;15,01500
 208,14;  301,790;  203,957;  888,433;14,29311
 208,74;  304,358;  206,338;  953,982;13,11053
 209,34;  308,493;  196,954; 1039,106;13,24450
 209,94;  330,851;  212,415; 1149,894;12,63347
 210,54;  329,834;  206,727; 1247,902;11,82383
 211,14;  337,538;  213,646; 1348,501;10,91698
 211,73;  376,596;  198,952; 1476,686;13,90303
 212,33;  388,878;  222,335; 1592,554;12,15452
 212,93;  374,890;  209,184; 1676,819;11,29072
 213,53;  348,822;  179,646; 1727,947;10,92660
 214,13;  382,887;  198,192; 1834,824;11,28504
 214,73;  369,262;  193,341; 1840,046;10,68322
 215,33;  364,698;  164,492; 1866,510;11,76283
 215,93;  424,914;  206,266; 2001,657;12,17831
 216,53;  406,018;  163,337; 2084,069;12,63482
 217,13;  479,586;  217,035; 2314,280;12,51886
 217,73;  494,844;  188,420; 2494,050;13,29022
 218,33;  491,560;  144,270; 2691,102;13,63616
 218,93;  573,568;  181,661; 2994,184;13,93437
 219,53;  611,332;  185,116; 3330,068;13,55239
 220,13;  619,867;  166,040; 3591,561;13,24839
 220,73;  702,088;  187,108; 4012,672;13,46155
 221,32;  749,973;  179,876; 4429,982;13,41372
 221,92;  834,068;  195,578; 4825,768;13,78972
 222,52;  870,217;  169,498; 5269,360;13,73997
 223,12;  952,842;  183,575; 5679,643;13,99668
 223,72; 1032,460;  199,652; 6101,839;14,11016
 224,32; 1108,817;  191,191; 6554,682;14,42017
 224,92; 1155,238;  176,114; 6866,968;14,63377
 225,52; 1203,064;  201,032; 7247,116;14,22112
 226,12; 1255,024;  183,419; 7537,880;14,57082
 226,72; 1292,340;  167,649; 7837,451;14,66388
 227,31; 1350,531;  154,495; 8203,968;14,85856
 227,91; 1447,568;  188,339; 8625,468;14,92485
 228,51; 1482,358;  172,720; 8981,580;14,86728
 229,11; 1571,582;  182,880; 9368,756;15,11780
 229,71; 1589,770;  177,876; 9637,139;14,92605
 230,31; 1675,927;  176,884;10065,384;15,15945
 230,91; 1725,828;  161,103;10372,615;15,32315
 231,51; 1784,496;  173,420;10616,029;15,42790
 232,10; 1866,831;  174,962;10995,277;15,63604
 232,70; 1925,423;  188,407;11122,990;15,88552
 233,30; 1990,136;  196,727;11476,682;15,89908
 233,90; 2033,173;  172,420;11555,430;16,34676
 234,50; 2055,168;  189,420;11655,364;16,27208
 235,10; 2096,469;  168,652;11693,199;16,72792
 235,70; 2144,468;  198,262;11707,222;16,91035
 236,29; 2142,486;  194,338;11607,308;17,06960
 236,89; 2115,436;  158,872;11444,198;17,33723
 237,49; 2160,697;  185,881;11391,139;17,62401
 238,09; 2121,393;  179,187;11120,646;17,75089
 238,69; 2120,769;  221,409;10818,470;17,92346
 239,29; 2089,839;  171,032;10494,509;18,58683
 239,89; 2061,860;  189,257;10103,066;18,88884
 240,48; 1965,276;  173,802; 9770,779;18,66706
 241,08; 1943,867;  177,570; 9364,744;19,22568
 241,68; 1918,265;  188,341; 9083,012;19,44899
 242,28; 1840,763;  174,727; 8712,295;19,51417
 242,88; 1855,197;  214,192; 8337,943;20,20009
 243,48; 1805,386;  209,111; 8103,481;20,22042
 244,07; 1740,374;  188,108; 7845,523;20,27140
 244,67; 1801,026;  194,341; 7690,750;21,43273
 245,27; 1764,903;  191,490; 7530,916;21,43782
 245,87; 1802,105;  202,884; 7458,960;22,03976
 246,47; 1759,636;  187,798; 7436,553;21,68424
 247,06; 1795,896;  184,263; 7455,460;22,16462
 247,66; 1796,134;  187,649; 7555,873;21,83003
 248,26; 1883,631;  212,568; 7680,641;22,37609
 248,86; 1952,719;  201,106; 7868,793;22,84408
 249,46; 1969,493;  156,343; 8101,678;22,82031
 250,05; 2113,116;  201,802; 8430,847;23,22644
 250,65; 2150,658;  176,105; 8844,471;22,77883
 251,25; 2345,728;  177,493; 9331,092;23,68723
 251,85; 2482,416;  177,026; 9884,611;23,74833
 252,44; 2607,010;  153,799;10554,268;23,58750
 253,04; 2853,242;  185,492;11353,288;23,88788
 253,64; 2973,161;  144,412;12087,516;23,68521
 254,24; 3294,267;  195,802;13045,727;24,11271
 254,84; 3502,570;  173,574;14034,524;24,01708
 255,43; 3805,652;  180,030;15045,326;24,38984
 256,03; 4055,862;  187,413;16072,260;24,35308
 256,63; 4336,627;  190,642;17220,869;24,34486
 257,23; 4555,191;  174,642;18166,850;24,34692
 257,82; 4902,022;  193,254;19243,619;24,71747
 258,42; 5094,080;  153,638;20118,650;24,74550
 259,02; 5404,450;  196,954;21122,503;24,88583
 259,62; 5590,788;  173,790;21796,406;25,05246
 260,21; 5774,415;  183,876;22550,086;24,99547
 260,81; 5950,172;  177,419;22905,102;25,39966
 261,41; 6083,047;  162,792;23587,657;25,27338
 262,01; 6242,661;  207,789;23994,236;25,37105
 262,60; 6301,883;  166,719;24425,389;25,29061
 263,20; 6406,803;  163,567;24821,055;25,31984
 263,80; 6447,792;  209,174;25043,990;25,12045
 264,40; 6488,753;  166,405;25239,989;25,21518
 264,99; 6589,399;  191,250;25431,708;25,34878
 265,59; 6626,334;  176,169;25605,691;25,36487
 266,19; 6635,180;  168,943;25812,187;25,21614
 266,78; 6686,564;  221,248;25975,170;25,10420
 267,38; 6707,779;  190,786;25997,705;25,25289
 267,98; 6672,340;  172,710;25978,025;25,18717
 268,58; 6642,431;  177,785;26034,684;25,00163
 269,17; 6666,755;  175,628;26085,884;25,05235
 269,77; 6570,947;  197,410;25844,659;24,85076
 270,37; 6524,991;  176,019;25854,077;24,72528
 270,96; 6490,541;  221,716;25602,955;24,69866
 271,56; 6359,125;  175,949;25349,925;24,56178
 272,16; 6269,673;  181,715;25145,809;24,38686
 272,75; 6253,930;  191,946;25096,713;24,34066
 273,35; 6196,262;  182,562;25035,671;24,19697
 273,95; 6181,164;  189,715;24966,679;24,18153
 274,54; 6128,786;  173,340;25053,063;23,93694
 275,14; 6214,094;  197,793;25343,861;23,92541
 275,74; 6153,041;  152,869;25507,341;23,66514
 276,33; 6295,118;  212,025;25910,204;23,67130
 276,93; 6376,077;  190,649;26261,769;23,72521
 277,53; 6474,412;  175,722;26814,351;23,64495
 278,12; 6617,146;  158,642;27387,763;23,71910
 278,72; 6775,614;  216,106;27988,096;23,61915
 279,32; 6887,277;  181,029;28549,303;23,63996
 279,91; 7056,216;  164,336;29371,059;23,59690
 280,51; 7226,859;  188,953;29890,695;23,69526
 281,11; 7455,253;  181,490;30547,268;23,95382
 281,70; 7565,549;  162,105;31015,482;23,99557
 282,30; 7774,202;  175,026;31746,694;24,06960
 282,90; 7945,142;  174,103;32130,623;24,31754
 283,49; 8127,188;  193,024;32712,714;24,39803
 284,09; 8263,657;  214,874;33211,913;24,39244
 284,69; 8536,137;  207,798;33434,190;25,06543
 285,28; 8661,423;  202,181;33932,332;25,07917
 285,88; 8938,921;  236,253;34031,738;25,75098
 286,47; 9018,908;  183,103;34098,196;26,05272
 287,07; 9164,659;  210,798;34243,030;26,30994
 287,67; 9366,771;  204,342;34370,788;26,81704
 288,26; 9517,308;  178,798;34287,119;27,37898
 288,86; 9719,870;  184,874;34383,599;27,88115
 289,46; 9990,837;  190,413;34516,222;28,55118
 290,05;10268,494;  179,955;34534,818;29,36568
 290,65;10557,973;  189,487;34816,717;29,94316
 291,24;10838,015;  196,029;34910,872;30,65543
 291,84;11127,550;  197,180;35008,177;31,39919
 292,44;11398,013;  184,573;35080,267;32,13417
 293,03;11782,072;  252,491;35246,054;32,94772
 293,63;12044,564;  182,565;35508,371;33,57885
 294,22;12315,965;  211,413;35593,164;34,21129
 294,82;12509,739;  177,021;35582,640;34,83266
 295,41;12542,549;  163,643;35298,405;35,23264
 296,01;12736,448;  215,561;35158,028;35,83286
 296,61;12762,608;  203,568;34944,318;36,15074
 297,20;12708,477;  195,715;34480,052;36,49702
 297,80;12832,381;  200,033;34402,783;36,93372
 298,39;12756,108;  168,411;33969,303;37,24072
 298,99;12793,196;  204,793;33798,515;37,47249
 299,58;12839,254;  200,111;33582,784;37,86139
 300,18;12770,366;  204,955;33451,261;37,79491
 300,78;12734,692;  171,184;33057,809;38,20248
 301,37;12738,862;  194,173;32877,731;38,38226
 301,97;12837,259;  197,182;32990,431;38,54475
 302,56;12817,073;  189,026;32861,194;38,65078
 303,16;12832,607;  166,256;32815,977;38,79467
 303,75;12809,419;  187,416;32784,149;38,72168
 304,35;12995,203;  175,959;33124,858;38,90644
 304,94;12948,937;  178,644;33105,237;38,78413
 305,54;13046,127;  209,722;33044,982;39,09336
 306,13;12987,998;  155,421;33021,762;39,04474
 306,73;12927,723;  171,265;32771,505;39,12995
 307,33;12977,186;  193,957;32694,989;39,33176
 307,92;13008,728;  199,337;32762,075;39,33757
 308,52;13170,274;  180,024;33222,765;39,31347
 309,11;13401,706;  186,637;33689,494;39,44460
 309,71;13512,220;  157,020;33947,516;39,52354
 310,30;13659,240;  176,106;34240,786;39,58098
 310,90;13887,932;  205,260;34613,094;39,76615
 311,49;13918,559;  199,183;34723,322;39,73850
 312,09;13972,329;  152,186;34891,282;39,78268
 312,68;14168,515;  222,569;35358,332;39,69160
 313,28;14182,189;  167,030;35445,383;39,72736
 313,87;14299,926;  158,260;35482,624;40,03375
 314,47;14484,343;  172,407;35766,332;40,20893
 315,06;14465,520;  161,184;35912,859;40,01025
 315,66;14615,867;  174,494;36127,282;40,16760
 316,25;14566,520;  141,794;36005,441;40,22102
 316,85;14578,121;  150,878;35966,836;40,28161
 317,44;14665,522;  168,330;36237,755;40,19247
 318,04;14655,951;  152,872;36230,491;40,19966
 318,63;14675,589;  161,112;36280,092;40,18518
 319,22;14708,950;  180,102;36416,394;40,09474
 319,82;14704,764;  187,873;36494,191;39,98448
 320,41;14688,668;  197,949;36261,068;40,18155
 321,01;14722,798;  190,878;36456,852;40,07040
 321,60;14752,135;  182,797;36482,996;40,13570
 322,20;14694,560;  159,337;36571,112;39,91902
 322,79;14777,540;  216,030;36549,370;40,07754
 323,39;14828,114;  174,728;36623,764;40,20240
 323,98;14729,819;  153,876;36616,289;39,97526
 324,58;14660,294;  170,332;36426,891;39,96508
 325,17;14652,141;  187,025;36348,373;40,00159
 325,76;14672,114;  195,798;36153,252;40,25957
 326,36;14497,815;  169,724;35699,397;40,32711
 326,95;14383,776;  191,335;35357,823;40,35786
 327,55;14216,798;  161,719;35091,742;40,23782
 328,14;14094,641;  168,033;34607,960;40,43739
 328,74;13965,609;  198,872;34168,228;40,52693
 329,33;13828,080;  193,724;33869,410;40,48724
 329,92;13588,846;  168,330;33150,530;40,69018
 330,52;13358,533;  184,187;32550,067;40,70443
 331,11;13137,924;  174,489;32121,430;40,57802
 331,71;12860,216;  174,874;31477,521;40,52482
 332,30;12789,783;  197,490;31019,544;40,85481
 332,89;12605,630;  238,262;30481,254;40,89333
 333,49;12400,566;  180,566;29973,642;41,01624
 334,08;12102,625;  182,488;29489,539;40,67327
 334,68;12011,761;  182,642;29021,148;41,01849
 335,27;11810,628;  193,726;28710,478;40,73711
 335,86;11790,001;  226,258;28479,661;40,92867
 336,46;11676,306;  188,111;28171,899;41,05304
 337,05;11628,961;  172,720;27966,486;41,21875
 337,65;11584,628;  158,950;27795,428;41,34274
 338,24;11607,836;  232,492;27831,526;41,21646
 338,83;11570,879;  195,338;27745,283;41,29061
 339,43;11607,583;  171,564;27672,631;41,58391
 340,02;11536,801;  180,640;27600,614;41,41565
 340,61;11702,961;  182,414;27641,118;41,95590
 341,21;11695,685;  208,949;27675,305;41,82112
 341,80;11691,046;  186,181;27538,748;42,06137
 342,40;11735,037;  182,495;27675,132;42,02050
 342,99;11847,937;  183,262;27868,100;42,13380
 343,58;11946,234;  174,108;28001,487;42,30411
 344,18;12025,955;  192,186;28147,588;42,33089
 344,77;12242,434;  171,794;28437,928;42,70354
 345,36;12414,776;  162,258;28805,439;42,77639
 345,96;12661,351;  201,493;29093,585;43,12550
 346,55;12765,100;  174,497;29223,570;43,34253
 347,14;12968,405;  159,341;29667,279;43,40887
 347,74;13220,601;  148,578;30171,451;43,54021
 348,33;13561,104;  176,424;30768,649;43,75190
 348,92;13808,020;  193,811;31400,558;43,62585
 349,52;14102,642;  157,502;31883,031;43,95558
 350,11;14299,789;  169,178;32140,673;44,19753
 350,70;14382,747;  169,645;32232,509;44,32886
 351,29;14295,294;  157,171;31918,379;44,51381
 351,89;14306,379;  186,022;31928,675;44,48386
 352,48;14370,611;  155,722;31910,669;44,76433
 353,07;14368,671;  183,573;31801,004;44,86480
 353,67;14351,838;  199,427;31765,092;44,83483
 354,26;14277,886;  182,187;31667,328;44,76937
 354,85;14233,027;  179,571;31457,829;44,93043
 355,45;14262,746;  169,950;31208,087;45,40478
 356,04;14196,007;  171,419;31168,720;45,24455
 356,63;14195,762;  201,489;30960,706;45,49619
 357,22;14055,546;  180,788;30796,084;45,31969
 357,82;14058,773;  185,944;30579,961;45,64329
 358,41;14073,031;  196,029;30498,628;45,79476
 359,00;13989,141;  176,410;30190,681;46,02055
 359,60;13937,355;  183,030;30179,016;45,85389
 360,19;13930,962;  192,804;30031,095;46,04204
 360,78;13905,203;  164,950;29841,406;46,30018
 361,37;13819,975;  171,181;29687,064;46,24220
 361,97;13793,945;  184,951;29551,653;46,34158
 362,56;13653,612;  172,332;29184,889;46,46705
 363,15;13618,331;  212,488;28976,195;46,60680
 363,74;13442,520;  175,254;28608,732;46,66072
 364,34;13341,195;  206,333;28270,281;46,80333
 364,93;13147,082;  168,562;27857,921;46,87187
 365,52;12921,770;  150,566;27387,276;46,88967
 366,11;12848,315;  179,487;27112,960;47,03748
 366,71;12683,719;  173,102;26698,933;47,16390
 367,30;12534,198;  177,258;26340,264;47,23058
 367,89;12454,312;  219,109;26224,968;47,04787
 368,48;12304,295;  174,408;25810,125;47,31636
 369,07;12162,747;  187,722;25344,586;47,60142
 369,67;11991,885;  200,408;25102,933;47,35053
 370,26;11908,753;  182,261;24744,748;47,74147
 370,85;11792,981;  184,874;24478,919;47,78170
 371,44;11692,133;  187,490;24266,896;47,77794
 372,03;11527,292;  153,025;24062,561;47,57209
 372,63;11471,799;  153,412;23692,608;48,08315
 373,22;11309,143;  172,337;23420,583;47,90385
 373,81;11153,961;  152,412;23062,639;48,02025
 374,40;11071,968;  167,725;22910,779;47,94538
 374,99;10920,231;  174,488;22573,718;47,97372
 375,59;10823,016;  158,494;22260,755;48,25082
 376,18;10753,334;  198,411;22139,084;48,10665
 376,77;10688,296;  189,413;21899,025;48,36053
 377,36;10621,767;  209,412;21854,695;48,10450
 377,95;10587,572;  187,026;21565,018;48,65071
 378,55;10454,183;  173,032;21366,314;48,51137
 379,14;10450,901;  184,873;21366,646;48,46633
 379,73;10433,116;  183,795;21236,719;48,68360
 380,32;10447,350;  191,644;21267,548;48,66081
 380,91;10312,130;  160,562;21179,281;48,29775
 381,50;10345,462;  190,563;21058,778;48,66204
 382,10;10280,427;  169,874;20941,933;48,67381
 382,69;10294,380;  151,643;20917,114;48,84424
 383,28;10279,744;  198,333;20870,355;48,76839
 383,87;10249,781;  177,486;20678,411;49,13093
 384,46;10183,645;  150,636;20740,173;48,72868
 385,05;10225,672;  204,486;20678,267;48,94644
 385,64;10214,546;  179,025;20658,114;49,00374
 386,24;10203,716;  167,944;20603,933;49,10833
 386,83;10238,644;  195,866;20628,691;49,15022
 387,42;10279,782;  191,872;20801,585;48,94736
 388,01;10428,136;  188,324;20925,393;49,37926
 388,60;10509,256;  173,175;21252,338;49,03459
 389,19;10632,042;  176,397;21404,738;49,25324
 389,78;10763,069;  169,552;21683,508;49,24021
 390,37;11018,073;  229,711;22195,143;49,11518
 390,96;11133,346;  172,174;22320,127;49,49067
 391,56;11174,100;  181,934;22492,692;49,26846
 392,15;11312,551;  172,553;22695,193;49,46134
 392,74;11316,756;  143,851;22945,836;48,99970
 393,33;11585,911;  174,010;23240,121;49,47475
 393,92;11768,852;  190,463;23660,080;49,33352
 394,51;11807,002;  154,010;23826,930;49,22499
 395,10;11970,917;  203,608;24066,630;49,31190
 395,69;12032,606;  184,302;24247,584;49,23810
 396,28;12155,833;  191,451;24287,123;49,65366
 396,87;12182,649;  186,212;24447,336;49,44716
 397,46;12188,380;  189,899;24490,919;49,37439
 398,06;12241,500;  205,969;24684,087;49,16853
 398,65;12325,301;  185,338;24838,035;49,24395
 399,24;12400,092;  198,797;25032,860;49,13129
 399,83;12346,307;  167,158;25029,785;48,98577
 400,42;12449,588;  208,291;25099,344;49,17951
 401,01;12546,153;  177,344;25231,159;49,36897
 401,60;12592,582;  198,696;25310,087;49,35563
 402,19;12486,563;  207,747;25236,337;49,05916
 402,78;12515,555;  218,707;25226,022;49,17301
 403,37;12401,772;  202,284;25137,253;48,92522
 403,96;12369,596;  198,701;24934,171;49,20422
 404,55;12302,846;  206,190;24889,484;49,00746
 405,14;12243,869;  186,145;24710,874;49,16558
 405,73;12200,139;  196,323;24577,738;49,23347
 406,32;12177,609;  208,826;24468,232;49,33667
 406,91;12004,711;  200,631;24197,755;49,18956
 407,50;11900,568;  192,072;24033,678;49,10951
 408,09;11790,443;  162,441;23742,142;49,31361
 408,68;11768,139;  187,892;23590,428;49,48287
 409,27;11638,117;  177,214;23386,360;49,38098
 409,86;11598,938;  185,015;23239,923;49,50756
 410,45;11592,288;  210,657;23215,862;49,47416
 411,04;11518,617;  209,762;23111,499;49,37990
 411,63;11377,001;  200,567;22790,980;49,47424
 412,22;11225,205;  200,984;22670,135;49,06381
 412,81;11115,817;  213,764;22455,484;49,01623
 413,40;10973,380;  217,087;22002,697;49,37339
 413,99;10830,959;  254,390;21715,993;49,28136
 414,58;10540,014;  180,008;21335,860;48,96993
 415,17;10428,590;  196,380;21054,604;49,05600
 415,76;10303,944;  186,290;20930,860;48,77254
 416,35;10237,952;  175,758;20737,712;48,93598
 416,94;10238,053;  207,447;20746,252;48,83734
 417,53;10359,557;  178,150;21056,226;48,76602
 418,12;10425,766;  178,384;21052,863;49,09048
 418,71;10554,429;  204,626;21536,770;48,51741
 419,30;10597,929;  188,077;21545,550;48,74103
 419,89;10706,360;  182,541;21704,751;48,89748
 420,48;10910,452;  206,087;21991,785;49,13483
 421,07;10864,515;  205,474;22166,685;48,53576
 421,66;10866,475;  173,558;22142,252;48,67343
 422,25;10880,238;  186,340;22144,171;48,70198
 422,84;10881,959;  217,266;22038,904;48,87210
 423,43;10724,146;  197,722;21862,632;48,58743
 424,02;10571,440;  219,647;21576,070;48,47156
 424,60;10366,482;  188,971;21067,541;48,74621
 425,19;10250,840;  204,809;20801,105;48,77591
 425,78;10147,784;  211,887;20780,481;48,30615
 426,37;10091,212;  219,200;20585,138;48,47315
 426,96;10031,215;  202,431;20496,950;48,43073
 427,55; 9934,204;  188,516;20280,923;48,50433
 428,14; 9774,858;  188,982;20065,496;48,22715
 428,73; 9676,157;  208,051;19903,625;48,07225
 429,32; 9680,248;  214,661;19891,866;48,10433
 429,91; 9684,436;  230,283;19874,621;48,12661
 430,50; 9597,530;  213,210;19769,430;47,98637
 431,08; 9533,200;  223,522;19500,603;48,29402
 431,67; 9467,459;  277,296;19490,256;47,83314
 432,26; 9405,384;  274,992;19358,390;47,84469
 432,85; 9230,545;  302,452;18926,094;47,93956
 433,44; 9039,905;  312,381;18522,494;47,92680
 434,03; 8871,049;  331,082;18160,105;47,89925
 434,62; 8586,205;  281,459;17722,847;47,61517
 435,21; 8555,793;  289,914;17554,043;47,87892
 435,79; 8404,821;  289,925;17378,034;47,48855
 436,38; 8387,979;  290,317;17208,148;47,86466
 436,97; 8274,179;  284,395;17220,967;47,17474
 437,56; 8211,898;  272,484;16941,263;47,63045
 438,15; 8090,860;  250,481;16859,248;47,20627
 438,74; 8102,275;  271,020;16942,368;46,97433
 439,33; 8105,446;  241,942;16881,839;47,25693
 439,91; 8094,906;  199,947;16938,542;47,16620
 440,50; 8138,189;  258,332;16997,658;47,07392
 441,09; 8131,471;  253,801;17118,420;46,71122
 441,68; 8102,471;  240,577;17168,086;46,44448
 442,27; 8113,840;  225,420;17144,009;46,62576
 442,86; 8052,711;  191,204;17112,530;46,45917
 443,44; 8118,944;  217,509;17197,844;46,53286
 444,03; 8129,680;  276,896;17191,868;46,42505
 444,62; 8037,275;  216,589;17054,896;46,44580
 445,21; 7949,769;  228,279;16845,945;46,46555
 445,80; 7922,953;  254,210;16801,655;46,34397
 446,39; 7767,783;  275,440;16524,882;46,10831
 446,97; 7660,359;  203,987;16304,467;46,31149
 447,56; 7540,837;  217,840;16131,909;46,01587
 448,15; 7452,643;  212,218;15961,760;45,97229
 448,74; 7370,838;  222,450;15695,416;46,19921
 449,33; 7272,998;  215,839;15480,305;46,23260
 449,91; 7171,179;  210,078;15213,895;46,39554
 450,50; 7057,023;  207,538;15086,317;46,03527
 451,09; 6942,586;  219,462;14979,044;45,55091
 451,68; 6925,610;  242,542;14845,480;45,76523
 452,26; 6840,486;  233,853;14740,387;45,54246
 452,85; 6803,221;  218,928;14642,204;45,65047
 453,44; 6836,602;  226,169;14647,764;45,83705
 454,03; 6760,312;  199,471;14657,355;45,37899
 454,61; 6752,025;  194,093;14573,070;45,60778
 455,20; 6838,172;  228,558;14771,537;45,44883
 455,79; 6836,397;  238,090;14806,113;45,29309
 456,38; 6873,259;  236,872;14920,411;45,19610
 456,97; 6885,618;  221,408;14942,356;45,27025
 457,55; 6844,482;  212,874;14946,166;45,01104
 458,14; 6894,756;  233,484;14954,814;45,24912
 458,73; 6846,750;  221,567;14861,702;45,25356
 459,31; 6855,989;  242,497;14940,169;44,99687
 459,90; 6897,478;  261,032;15035,983;44,91687
 460,49; 6988,754;  299,107;15048,842;45,35436
 461,08; 6992,666;  207,192;15191,738;45,28314
 461,66; 7012,097;  230,727;15266,447;45,10173
 462,25; 7047,219;  219,195;15307,662;45,25327
 462,84; 7096,781;  247,655;15421,737;45,13700
 463,43; 7041,687;  200,279;15284,644;45,35430
 464,01; 7022,073;  226,975;15341,219;44,95824
 464,60; 7088,664;  257,661;15251,151;45,55979
 465,19; 6894,485;  197,823;15002,548;45,23328
 465,77; 6908,362;  214,211;15061,685;45,08612
 466,36; 6880,322;  240,049;14849,309;45,45250
 466,95; 6723,728;  207,280;14519,762;45,52982
 467,53; 6557,922;  225,599;14213,484;45,27005
 468,12; 6479,274;  240,831;13996,491;45,35182
 468,71; 6363,102;  217,977;13729,183;45,48169
 469,29; 6220,489;  205,986;13493,274;45,26509
 469,88; 6089,868;  207,912;13231,302;45,16456
 470,47; 6178,768;  269,379;13386,009;45,05264
 471,06; 6167,218;  228,303;13264,704;45,55640
 471,64; 6246,982;  224,147;13405,699;45,69140
 472,23; 6170,225;  202,544;13446,570;45,05942
 472,81; 6227,121;  201,846;13505,381;45,29078
 473,40; 6292,308;  210,159;13677,501;45,16221
 473,99; 6502,117;  304,390;13894,600;45,60435
 474,57; 6497,012;  209,697;14013,422;45,54795
 475,16; 6558,499;  228,078;14158,216;45,44407
 475,75; 6626,567;  224,163;14286,155;45,52985
 476,33; 6649,303;  244,784;14370,560;45,33923
 476,92; 6668,720;  242,699;14411,579;45,35306
 477,51; 6728,633;  230,782;14479,251;45,60386
 478,09; 6725,021;  238,320;14533,140;45,37798
 478,68; 6707,818;  240,014;14420,314;45,61119
 479,27; 6730,075;  249,779;14513,492;45,43204
 479,85; 6687,695;  237,476;14434,976;45,43208
 480,44; 6738,638;  223,401;14615,350;45,27001
 481,02; 7359,242;  231,713;16142,905;44,79569
 481,61; 8284,254;  256,403;18264,367;44,57945
 482,20; 8847,572;  250,405;19414,074;44,86180
 482,78; 9286,885;  277,400;20264,721;45,07600
 483,37; 9507,982;  258,488;20747,086;45,14459
 483,95; 9631,360;  299,720;21081,843;44,90224
 484,54; 9699,446;  305,018;21298,907;44,74840
 485,13; 9659,415;  273,187;21100,958;45,06592
 485,71; 9533,541;  256,801;20917,707;44,89997
 486,30; 9471,313;  302,493;20633,211;45,09836
 486,88; 9345,560;  330,033;20240,907;45,27941
 487,47; 8994,807;  304,804;19509,756;45,24876
 488,05; 8594,000;  290,268;18601,641;45,34741
 488,64; 8043,160;  297,349;17261,837;45,65897
 489,23; 7204,552;  304,653;15238,909;46,20182
 489,81; 6222,916;  295,424;13068,934;46,40456
 490,40; 5868,749;  255,271;12502,990;45,83284
 490,98; 5744,301;  238,504;12249,740;45,83872
 491,57; 5730,376;  269,808;12106,298;46,13334
 492,15; 5697,399;  246,736;12053,578;46,16529
 492,74; 5625,531;  249,653;12022,455;45,66354
 493,32; 5611,175;  278,811;11861,282;46,03823
 493,91; 5531,402;  242,738;11749,176;45,96265
 494,50; 5522,578;  259,747;11680,085;46,08297
 495,08; 5489,375;  231,516;11638,858;46,09189
 495,67; 5501,749;  259,891;11607,716;46,19262
 496,25; 5411,236;  205,665;11542,039;45,91919
 496,84; 5433,335;  208,891;11521,000;46,18453
 497,42; 5347,145;  209,206;11425,072;45,80956
 498,01; 5378,921;  238,123;11394,589;46,07909
 498,59; 5315,106;  203,437;11319,840;45,98312
 499,18; 5289,454;  203,816;11272,830;45,94482
 499,76; 5313,875;  229,358;11177,361;46,44241
 500,35; 5169,575;  224,826;11015,751;45,82322
 500,93; 5162,002;  213,205;10951,070;46,08734
 501,52; 5088,467;  205,360;10845,286;45,89418
 502,10; 5118,662;  220,214;10830,609;46,16650
 502,69; 5011,045;  202,601;10675,757;45,91208
 503,27; 4908,721;  180,439;10466,241;45,96901
 503,86; 4878,417;  206,985;10372,642;45,95307
 504,44; 4828,719;  176,603;10250,440;46,18018
 505,03; 4714,970;  163,065;10040,489;46,08393
 505,61; 4630,459;  191,986; 9874,627;45,83948
 506,19; 4580,713;  207,218; 9750,431;45,82833
 506,78; 4460,759;  174,994; 9540,415;45,76158
 507,36; 4390,574;  192,295; 9344,010;45,87423
 507,95; 4333,021;  189,997; 9246,345;45,74719
 508,53; 4263,408;  201,994; 9129,043;45,49560
 509,12; 4175,977;  193,073; 8927,645;45,59931
 509,70; 4159,515;  209,766; 8789,334;46,03668
 510,29; 4061,977;  218,154; 8653,756;45,56668
 510,87; 3950,829;  174,532; 8462,098;45,56582
 511,46; 3876,959;  186,456; 8282,157;45,58596
 512,04; 3819,177;  187,460; 8181,615;45,42966
 512,62; 3756,962;  203,764; 8014,815;45,48937
 513,21; 3686,582;  174,539; 7827,604;45,89067
 513,79; 3563,845;  184,241; 7732,277;44,77461
 514,38; 3555,530;  169,776; 7548,308;45,88655
 514,96; 3495,361;  214,699; 7464,709;45,25045
 515,54; 3388,934;  176,855; 7369,431;44,65825
 516,13; 3406,163;  187,317; 7234,639;45,67473
 516,71; 3314,552;  176,398; 7094,046;45,36447
 517,30; 3239,218;  171,324; 6958,079;45,20413
 517,88; 3228,961;  193,170; 6899,021;45,27077
 518,46; 3149,775;  175,710; 6742,971;45,28623
 519,05; 3131,192;  182,867; 6721,363;45,09179
 519,63; 3104,674;  206,173; 6676,107;44,79954
 520,22; 3066,286;  210,102; 6603,941;44,67087
 520,80; 3027,819;  183,795; 6537,952;44,75848
 521,38; 3049,705;  220,022; 6531,402;44,83463
 521,97; 2983,005;  178,875; 6467,728;44,58890
 522,55; 2976,099;  197,260; 6458,119;44,38431
 523,13; 2958,501;  183,185; 6432,989;44,40645
 523,72; 2929,518;  184,479; 6388,991;44,24263
 524,30; 3033,008;  206,341; 6582,805;44,32970
 524,89; 2967,385;  189,414; 6575,124;43,50293
 525,47; 3014,828;  200,727; 6685,436;43,39594
 526,05; 3041,230;  167,112; 6771,847;43,51602
 526,64; 3086,697;  203,653; 6835,545;43,47242
 527,22; 3099,420;  198,727; 6988,960;42,71861
 527,80; 3191,534;  251,191; 7112,801;42,85209
 528,39; 3157,822;  194,270; 7204,615;42,27398
 528,97; 3220,772;  193,038; 7390,061;42,06925
 529,55; 3279,156;  198,569; 7495,164;42,21951
 530,14; 3378,265;  224,425; 7812,298;41,56422
 530,72; 3404,082;  183,653; 7861,180;41,94618
 531,30; 3413,260;  181,887; 7971,540;41,48289
 531,89; 3486,143;  191,195; 8061,595;41,86507
 532,47; 3529,373;  228,504; 8171,669;41,55609
 533,05; 3532,146;  222,037; 8198,220;41,49992
 533,63; 3529,067;  223,043; 8336,382;40,74800
 534,22; 3538,819;  198,428; 8342,452;41,01646
 534,80; 3569,155;  222,894; 8403,259;40,90601
 535,38; 3650,931;  313,734; 8528,160;40,62605
 535,97; 3553,108;  217,120; 8458,195;40,48002
 536,55; 3604,477;  267,741; 8502,089;40,52217
 537,13; 3564,097;  261,349; 8495,411;40,11080
 537,71; 3611,487;  315,579; 8555,785;39,99789
 538,30; 3657,530;  340,507; 8646,652;39,93457
 538,88; 3663,826;  372,590; 8708,147;39,48430
 539,46; 3783,325;  422,048; 8971,804;39,31431
 540,05; 3772,790;  439,665; 9114,787;38,42165
 540,63; 3872,699;  488,820; 9330,054;38,27384
 541,21; 3897,033;  538,437; 9439,513;37,73247
 541,79; 3941,224;  573,668; 9600,723;37,30514
 542,38; 4031,410;  614,280; 9743,775;37,42956
 542,96; 4052,521;  606,902; 9906,223;37,05237
 543,54; 4111,750;  639,360;10095,013;36,72290
 544,12; 4153,820;  611,900;10252,232;36,74065
 544,70; 4161,838;  590,595;10357,583;36,56443
 545,29; 4210,126;  586,819;10525,714;36,45583
 545,87; 4190,301;  566,130;10556,415;36,27695
 546,45; 4161,538;  506,588;10534,025;36,44950
 547,03; 4158,612;  486,205;10646,538;36,14455
 547,62; 4176,005;  455,592;10800,048;35,96529
 548,20; 4242,008;  455,902;10952,800;36,06881
 548,78; 4248,933;  407,449;11073,659;36,01546
 549,36; 4269,143;  370,217;11304,129;35,65902
 549,94; 4296,841;  336,516;11405,839;35,77748
 550,53; 4352,588;  345,831;11677,433;35,35914
 551,11; 4355,878;  305,374;11797,210;35,24680
 551,69; 4518,675;  313,525;12128,966;35,59030
 552,27; 4496,330;  279,675;12369,412;34,87797
 552,85; 4637,875;  279,604;12751,475;34,94481
 553,44; 4686,268;  273,140;13086,643;34,44123
 554,02; 4802,822;  290,987;13480,185;34,20856
 554,60; 4825,007;  233,528;13763,018;33,93682
 555,18; 4961,718;  261,448;14173,800;33,78487
 555,76; 5038,150;  242,295;14462,234;33,72627
 556,34; 5150,145;  253,070;14866,510;33,51076
 556,93; 5264,995;  225,756;15284,445;33,46400
 557,51; 5349,265;  217,531;15617,113;33,32385
 558,09; 5417,704;  245,602;16082,221;32,65913
 558,67; 5524,946;  236,226;16426,286;32,66647
 559,25; 5605,677;  258,609;16666,037;32,58931
 559,83; 5678,673;  214,921;16993,469;32,56391
 560,41; 5752,426;  221,145;17400,971;32,19637
 561,00; 5864,909;  227,611;17683,538;32,29447
 561,58; 5915,072;  212,914;17989,402;32,07697
 562,16; 6002,938;  212,758;18261,204;32,08132
 562,74; 6084,959;  195,526;18692,333;31,84027
 563,32; 6207,824;  193,613;19079,426;31,84512
 563,90; 6321,813;  214,072;19466,181;31,72504
 564,48; 6386,630;  226,067;19901,124;31,31154
 565,06; 6595,991;  218,764;20537,681;31,38567
 565,65; 6805,986;  221,309;21240,800;31,32653
 566,23; 7019,892;  260,842;22011,763;31,07478
 566,81; 7235,212;  218,994;22754,994;31,13338
 567,39; 7475,178;  235,460;23700,246;30,85354
 567,97; 7670,865;  250,918;24318,992;30,82900
 568,55; 7887,818;  251,613;25219,110;30,58458
 569,13; 8140,705;  224,303;25916,981;30,81190
 569,71; 8353,089;  209,373;26911,699;30,49815
 570,29; 8631,818;  260,448;28004,969;30,17306
 570,87; 8857,857;  257,296;28729,295;30,20709
 571,45; 9015,094;  238,918;29329,969;30,16796
 572,03; 9063,085;  217,999;29771,336;29,92923
 572,61; 9231,410;  205,612;30543,095;29,75131
 573,20; 9483,194;  239,993;31231,506;29,82494
 573,78; 9619,151;  219,305;31828,860;29,73736
 574,36; 9786,412;  234,612;32399,579;29,69628
 574,94; 9871,608;  294,385;32748,427;29,51011
 575,52; 9855,609;  250,236;33061,711;29,27443
 576,10;10038,940;  301,157;33593,940;29,24893
 576,68;10165,102;  281,769;34153,419;29,17878
 577,26;10324,820;  292,239;34892,217;28,99592
 577,84;10395,133;  311,304;35452,142;28,69547
 578,42;10537,356;  349,233;35755,067;28,77527
 579,00;10485,171;  297,536;35772,602;28,71773
 579,58;10477,939;  338,077;36015,903;28,42063
 580,16;10370,126;  324,772;36090,318;28,08668
 580,74;10411,637;  303,618;36231,544;28,13416
 581,32;10339,763;  316,770;36322,216;27,83743
 581,90;10295,103;  333,618;36343,687;27,66306
 582,48;10276,608;  331,387;36447,444;27,53684
 583,06;10253,078;  334,539;36544,632;27,39164
 583,64;10148,106;  331,462;36582,867;27,07935
 584,22;10066,078;  323,699;36523,201;26,91302
 584,80; 9909,861;  334,002;36136,362;26,74645
 585,38; 9793,581;  348,146;35679,221;26,73407
 585,96; 9709,403;  319,844;35873,545;26,40951
 586,54; 9643,361;  355,006;35939,474;26,10227
 587,12; 9612,755;  313,927;36093,586;25,98915
 587,70; 9576,914;  339,614;36168,695;25,78157
 588,28; 9527,367;  319,850;36153,927;25,69486
 588,86; 9494,876;  327,620;36439,131;25,38596
 589,44; 9436,191;  306,780;36329,348;25,34359
 590,02; 9448,904;  315,086;36647,400;25,13965
 590,59; 9425,415;  292,929;36772,690;25,03439
 591,17; 9478,121;  286,862;36858,564;25,13216
 591,75; 9399,188;  288,397;37096,783;24,75194
 592,33; 9405,821;  295,088;37415,946;24,54343
 592,91; 9382,797;  254,938;37624,099;24,42618
 593,49; 9455,134;  263,787;37908,140;24,41627
 594,07; 9438,726;  274,248;38079,894;24,24103
 594,65; 9410,162;  281,776;38159,002;24,09993
 595,23; 9473,687;  267,316;38560,979;24,04150
 595,81; 9438,683;  275,164;38610,471;23,90360
 596,39; 9406,538;  259,241;38711,600;23,78865
 596,97; 9416,757;  261,861;39036,847;23,61031
 597,55; 9340,697;  255,469;38806,033;23,56704
 598,12; 9277,284;  234,557;38909,786;23,38118
 598,70; 9279,456;  232,323;39015,491;23,32747
 599,28; 9292,978;  257,477;39200,100;23,20209
 599,86; 9254,026;  243,477;39273,461;23,08622
 600,44; 9198,025;  212,555;39254,842;23,01471
 601,02; 9236,133;  273,793;39370,786;22,92335
 601,60; 9138,595;  239,397;39430,337;22,70728
 602,18; 9105,044;  218,403;39296,888;22,74049
 602,75; 9051,249;  225,702;39463,860;22,49226
 603,33; 9006,710;  242,708;39353,814;22,40796
 603,91; 8920,495;  235,021;39445,292;22,15102
 604,49; 8909,659;  264,093;39537,102;22,01402
 605,07; 8894,031;  262,936;39525,817;21,98284
 605,65; 8852,214;  271,633;39634,798;21,79850
 606,23; 8885,899;  340,005;39866,454;21,62070
 606,80; 8847,517;  388,394;39782,915;21,47284
 607,38; 8766,607;  434,251;39871,482;21,12815
 607,96; 8818,648;  487,394;39911,131;21,13258
 608,54; 8803,405;  557,094;39968,777;20,92352
 609,12; 8791,577;  574,241;40163,678;20,75639
 609,70; 8753,712;  607,015;40068,683;20,64458
 610,27; 8728,442;  610,932;40125,400;20,54313
 610,85; 8704,051;  634,092;40300,883;20,34437
 611,43; 8599,513;  621,708;40242,211;20,13555
 612,01; 8527,400;  597,704;39943,372;20,15392
 612,59; 8471,538;  580,938;40054,249;19,98971
 613,16; 8377,656;  549,622;39988,992;19,84827
 613,74; 8329,847;  524,631;39814,500;19,86572
 614,32; 8289,026;  474,248;39803,016;19,87038
 614,90; 8197,152;  429,860;39679,132;19,78965
 615,48; 8067,255;  371,931;39243,390;19,79685
 616,05; 7980,909;  347,160;39289,603;19,60264
 616,63; 7930,716;  350,158;39086,815;19,56947
 617,21; 7868,422;  338,855;38965,043;19,49343
 617,79; 7820,926;  321,934;38882,181;19,44747
 618,36; 7751,298;  329,089;38839,334;19,27334
 618,94; 7674,057;  280,239;38496,380;19,34737
 619,52; 7573,751;  307,005;38298,617;19,12724
 620,10; 7490,292;  281,702;38199,539;19,01108
 620,67; 7431,391;  293,082;38077,578;18,89217
 621,25; 7409,960;  309,782;37920,057;18,87829
 621,83; 7359,230;  290,931;37899,583;18,79434
 622,41; 7394,415;  332,085;37874,399;18,81165
 622,98; 7281,001;  298,312;37615,031;18,71196
 623,56; 7186,156;  292,619;37646,515;18,45467
 624,14; 7169,594;  285,476;37488,795;18,50404
 624,72; 7102,843;  295,547;37438,771;18,32715
 625,29; 7031,832;  272,388;37475,663;18,16895
 625,87; 7104,889;  302,857;37440,356;18,31580
 626,45; 6908,095;  276,003;37281,194;17,92206
 627,02; 6896,379;  285,780;37210,919;17,90271
 627,60; 6872,002;  260,555;37158,443;17,91823
 628,18; 6796,808;  240,702;37196,678;17,74031
 628,76; 6816,203;  254,466;37230,950;17,74570
 629,33; 6758,870;  282,161;37159,216;17,56298
 629,91; 6743,831;  253,702;37191,539;17,57041
 630,49; 6787,732;  276,468;37380,511;17,54867
 631,06; 6729,118;  263,236;37543,149;17,34415
 631,64; 6686,452;  264,157;37404,882;17,29179
 632,22; 6621,013;  233,693;37401,188;17,18523
 632,79; 6678,227;  256,924;37668,797;17,16381
 633,37; 6614,366;  240,858;37712,590;17,00884
 633,95; 6640,725;  236,464;37777,311;17,05945
 634,52; 6575,666;  222,777;37882,987;16,86897
 635,10; 6572,164;  225,009;37937,039;16,83058
 635,68; 6573,957;  232,386;38216,083;16,69551
 636,25; 6524,665;  227,536;38059,668;16,64492
 636,83; 6512,280;  208,928;38412,334;16,49945
 637,41; 6517,511;  226,923;38404,070;16,47736
 637,98; 6526,271;  255,461;38548,018;16,37605
 638,56; 6519,715;  233,535;38663,667;16,35742
 639,13; 6481,052;  216,158;38763,434;16,25249
 639,71; 6526,065;  264,621;38877,472;16,21596
 640,29; 6409,002;  196,005;38612,968;16,17253
 640,86; 6461,502;  213,160;38825,484;16,18225
 641,44; 6383,080;  221,006;38926,617;15,92036
 642,02; 6354,966;  247,468;38881,595;15,80856
 642,59; 6370,236;  218,852;38977,035;15,87119
 643,17; 6369,121;  226,006;39011,167;15,83883
 643,74; 6339,930;  208,622;39076,453;15,77476
 644,32; 6272,431;  247,084;38944,047;15,57059
 644,89; 6267,085;  241,238;39041,025;15,53062
 645,47; 6270,048;  238,776;39061,927;15,53525
 646,05; 6242,318;  242,853;38905,444;15,51749
 646,62; 6188,050;  235,238;38887,422;15,40097
 647,20; 6212,243;  236,623;39074,862;15,38592
 647,77; 6161,974;  204,469;38981,764;15,36339
 648,35; 6098,091;  206,085;38828,973;15,25522
 648,92; 6105,515;  231,700;38817,490;15,22274
 649,50; 6041,092;  202,854;38712,929;15,16029
 650,08; 6044,516;  208,239;38657,446;15,17919
 650,65; 6060,017;  209,316;38874,963;15,13152
 651,23; 6153,364;  205,393;39633,019;15,08580
 651,80; 6297,480;  202,009;40678,689;15,05922
 652,38; 6376,443;  210,855;41134,360;15,06613
 652,95; 6402,790;  187,855;41405,646;15,07828
 653,53; 6418,368;  221,163;41732,547;14,92893
 654,10; 6519,484;  245,471;41984,680;15,03146
 654,68; 6383,831;  204,856;41815,581;14,84948
 655,25; 6428,101;  200,625;41790,175;14,97366
 655,83; 6369,525;  199,626;42032,230;14,74902
 656,40; 6442,103;  225,318;41921,439;14,90974
 656,98; 6382,834;  219,318;41853,264;14,80406
 657,55; 6292,874;  207,395;41726,704;14,65698
 658,13; 6243,452;  199,549;41365,990;14,68162
 658,70; 6204,722;  228,088;40977,584;14,66677
 659,28; 6027,915;  206,780;40033,947;14,61599
 659,85; 5863,262;  215,704;39333,541;14,43730
 660,43; 5882,070;  228,396;39388,596;14,43730
 661,00; 5843,494;  208,242;39553,805;14,32246
 661,58; 5848,534;  198,012;39894,553;14,23429
 662,15; 5880,496;  189,781;40127,223;14,24907
 662,73; 5959,920;  248,320;40357,586;14,24010
 663,30; 5906,729;  205,628;40645,949;14,09757
 663,88; 5933,230;  207,320;40831,620;14,09479
 664,45; 5936,038;  197,936;40975,368;14,07176
 665,03; 5978,847;  200,936;41413,808;14,01967
 665,60; 6114,117;  281,090;41853,632;14,03096
 666,17; 6035,848;  203,936;41901,303;13,98628
 666,75; 6078,888;  211,860;42365,897;13,91807
 667,32; 6123,619;  216,552;42739,952;13,89133
 667,90; 6164,582;  218,398;42874,546;13,93980
 668,47; 6186,236;  228,783;43252,447;13,84692
 669,05; 6223,199;  209,399;43443,041;13,91000
 669,62; 6211,315;  178,399;43616,250;13,88862
 670,19; 6236,508;  190,091;43634,998;13,91744
 670,77; 6263,240;  208,861;43931,515;13,84724
 671,34; 6264,356;  198,938;43758,955;13,92428
 671,92; 6283,780;  182,784;44192,779;13,86275
 672,49; 6296,358;  218,784;44260,604;13,79955
 673,06; 6280,166;  181,246;44241,428;13,84225
 673,64; 6275,898;  183,477;44118,868;13,86677
 674,21; 6262,937;  184,477;44235,385;13,79872
 674,79; 6366,515;  218,016;44420,825;13,90975
 675,36; 6370,785;  212,401;44588,111;13,87783
 675,93; 6310,671;  179,478;44356,474;13,87870
 676,51; 6351,633;  215,401;44631,760;13,81525
 677,08; 6397,749;  203,324;44729,431;13,91190
 677,65; 6371,866;  213,940;44831,486;13,80158
 678,23; 6374,290;  200,709;44974,388;13,78841
 678,80; 6418,098;  195,863;45126,597;13,84851
 679,38; 6456,907;  191,710;45311,344;13,88574
 679,95; 6484,638;  205,479;45501,707;13,86243
 680,52; 6472,447;  198,018;45801,532;13,75865
 681,10; 6579,640;  205,556;46232,818;13,84850
 681,67; 6587,064;  220,710;46508,719;13,75379
 682,24; 6557,565;  180,480;46529,159;13,75894
 682,82; 6654,912;  188,711;47185,984;13,75867
 683,39; 6761,105;  234,711;47631,578;13,76967
 683,96; 6786,529;  203,019;47804,095;13,83059
 684,54; 6794,876;  183,019;48216,381;13,76514
 685,11; 6890,839;  230,096;48502,436;13,79826
 685,68; 6939,032;  197,711;49108,261;13,78296
 686,25; 6948,533;  186,250;49164,470;13,80671
 686,83; 6990,649;  192,327;49325,294;13,83658
 687,40; 7016,842;  188,327;49621,888;13,81352
 687,97; 7091,189;  236,789;50000,328;13,77394
 688,55; 7049,382;  179,328;50098,614;13,76233
 689,12; 7106,883;  172,636;50369,977;13,81397
 689,69; 7175,307;  175,251;50383,571;13,94202
 690,26; 7190,269;  200,021;50468,472;13,90584
 690,84; 7212,155;  199,021;50841,297;13,84838
 691,41; 7247,348;  205,790;50794,737;13,91916
 691,98; 7320,618;  202,713;51033,407;14,00316
 692,56; 7315,427;  185,560;51083,001;14,00830
 693,13; 7427,697;  246,945;51135,518;14,11074
 693,70; 7442,044;  204,483;51395,420;14,13836
 694,27; 7419,545;  193,714;51474,783;14,09064
 694,84; 7468,046;  190,791;51434,607;14,20123
 695,42; 7528,931;  230,099;51684,586;14,18503
 695,99; 7505,970;  188,945;51824,872;14,17042
 696,56; 7496,087;  200,253;51850,312;14,12551
 697,13; 7609,818;  211,561;52067,905;14,26683
 697,71; 7596,935;  185,100;52116,807;14,27227
 698,28; 7666,589;  189,023;52501,939;14,29392
 698,85; 7657,398;  156,331;52550,917;14,31649
 699,42; 7724,899;  170,562;52726,896;14,37379
 699,99; 7784,246;  213,870;52798,105;14,39666
 700,57; 7825,054;  205,331;52807,237;14,48564
 701,14; 7816,940;  192,255;53056,062;14,42326
 701,71; 7958,979;  206,024;53322,656;14,59610
 702,28; 7965,326;  197,255;53261,788;14,63891
 702,85; 7964,981;  199,332;53329,766;14,61620
 703,43; 8011,482;  214,255;53586,898;14,60903
 704,00; 8104,675;  231,640;53777,800;14,70327
 704,57; 8082,945;  215,025;53776,009;14,68965
 705,14; 8147,061;  235,948;54074,603;14,69411
 705,71; 8231,639;  236,718;54125,043;14,83609
 706,28; 8198,371;  202,564;53959,790;14,87392
 706,86; 8285,949;  239,103;54341,384;14,87339
 707,43; 8313,834;  258,641;54125,901;14,95378
 708,00; 8341,412;  247,180;54242,418;14,99064
 708,57; 8290,759;  205,103;54092,089;15,00484
 709,14; 8369,567;  241,949;54293,375;15,03682
 709,71; 8393,453;  208,257;54296,353;15,13308
 710,28; 8455,338;  210,950;54545,101;15,17349
 710,86; 8473,916;  232,335;54643,848;15,14676
 711,43; 8534,494;  243,412;54685,673;15,22913
 712,00; 8531,610;  222,412;54819,190;15,21921
 712,57; 8676,803;  222,566;54899,707;15,46211
 713,14; 8674,920;  213,951;55052,762;15,42880
 713,71; 8687,113;  218,182;55019,894;15,45377
 714,28; 8701,921;  206,643;55047,565;15,49076
 714,85; 8727,884;  191,951;54755,082;15,64414
 715,42; 8795,462;  219,874;54977,291;15,66105
 716,00; 8899,578;  267,951;55006,115;15,76894
 716,57; 8876,848;  201,798;55191,863;15,77567
 717,14; 8880,810;  194,183;55119,764;15,81527
 717,71; 8953,311;  188,490;55207,512;15,93053
 718,28; 9042,966;  238,029;55314,875;15,98664
 718,85; 9018,774;  194,337;55377,700;15,99112
 719,42; 9129,429;  222,260;55494,832;16,11499
 719,99; 9134,392;  187,337;55329,041;16,22557
 720,56; 9203,969;  206,953;55571,712;16,25044
 721,13; 9240,316;  194,184;55644,075;16,31407
 721,70; 9242,279;  191,030;55554,515;16,34877
 722,27; 9315,780;  215,569;55684,647;16,40592
 722,84; 9404,434;  252,184;55855,702;16,45984
 723,41; 9429,705;  191,800;55772,527;16,62070
 723,98; 9421,898;  210,262;56033,197;16,50153
 724,55; 9577,245;  233,031;56014,407;16,75149
 725,12; 9553,669;  159,339;55984,616;16,82809
 725,69; 9619,477;  191,493;56118,133;16,85777
 726,27; 9715,593;  205,339;56277,419;16,96077
 726,84; 9786,402;  209,801;56627,936;16,97433
 727,41; 9833,595;  212,647;56478,529;17,09908
 727,98; 9872,019;  219,417;56958,046;17,01240
 728,55;10011,751;  243,494;56741,178;17,28966
 729,12;10018,252;  189,571;56814,157;17,35762
 729,69;10113,829;  217,879;57157,674;17,37967
 730,26;10122,484;  228,725;57229,191;17,35733
 730,82;10217,293;  211,648;57098,631;17,58864
 731,39;10254,794;  208,187;57208,917;17,62540
 731,96;10330,448;  189,649;57489,049;17,69792
 732,53;10451,257;  205,649;57640,950;17,83852
 733,10;10544,989;  219,572;57724,467;17,95572
 733,67;10555,874;  214,111;58045,676;17,88256
 734,24;10579,144;  200,803;57614,501;18,07642
 734,81;10619,183;  226,188;57749,172;18,06755
 735,38;10653,146;  207,419;57442,612;18,25053
 735,95;10663,801;  192,650;57304,051;18,33461
 736,52;10774,455;  219,496;57439,184;18,44638
 737,09;10710,033;  221,035;57242,701;18,39476
 737,66;10897,919;  261,881;57374,064;18,62306
 738,23;10938,266;  204,035;57433,811;18,75637
 738,80;11117,459;  263,881;57840,790;18,85057
 739,37;11072,421;  237,574;57930,614;18,78016
 739,94;11152,076;  214,574;58074,900;18,90328
 740,51;11297,884;  312,574;58103,879;19,00859
 741,07;11240,308;  213,574;57991,703;19,08462
 741,64;11340,502;  237,267;58268,835;19,13309
 742,21;11366,541;  211,421;58293,737;19,20571
 742,78;11434,503;  180,344;58081,177;19,43696
 743,35;11542,620;  204,114;58288,540;19,52073
 743,92;11656,813;  240,345;58522,210;19,58837
 744,49;11687,775;  230,960;58336,035;19,71741
 745,06;11700,661;  207,422;58380,936;19,75682
 745,63;11712,700;  193,884;58430,299;19,77940
 746,19;11845,585;  207,884;58406,278;19,99660
 746,76;11879,548;  213,653;58389,641;20,05277
 747,33;11962,433;  206,346;58423,235;20,19360
 747,90;12071,780;  226,269;58546,059;20,31131
 748,47;12108,358;  216,500;58436,038;20,42589
 749,04;12157,705;  218,885;58470,170;20,49538
 749,61;12246,668;  240,731;58499,148;20,60807
 750,17;12326,784;  214,500;58562,742;20,75861
 750,74;12372,900;  222,731;58449,797;20,86687
 751,31;12422,478;  191,193;58276,930;21,05729
 751,88;12407,671;  183,116;58253,985;21,05110
 752,45;12604,480;  216,732;58452,809;21,27160
 753,02;12582,442;  222,424;58293,711;21,28422
 753,58;12722,020;  188,040;58078,612;21,65116
 754,15;12725,905;  195,194;58341,283;21,55039
 754,72;12762,714;  192,425;58068,261;21,71941
 755,29;12770,061;  193,271;57992,009;21,75963
 755,86;12911,639;  222,579;58115,295;21,91823
 756,42;13031,447;  226,041;57913,889;22,19775
 756,99;12987,640;  188,810;57909,944;22,17356
 757,56;13025,295;  198,887;57999,000;22,19097
 758,13;13059,411;  159,426;57848,978;22,36104
 758,70;13230,989;  191,118;57841,879;22,61873
 759,26;13254,028;  203,657;57988,627;22,58437
 759,83;13336,222;  191,888;58103,452;22,69725
 760,40;13385,107;  192,273;57989,661;22,82600
 760,97;13476,762;  189,196;57999,331;22,98484
 761,53;13443,801;  185,042;57568,771;23,10543
 762,10;13465,533;  176,350;57421,827;23,21438
 762,67;13517,188;  207,735;57577,267;23,19951
 763,24;13483,611;  163,581;57120,784;23,38603
 763,80;13637,420;  198,043;57205,377;23,57482
 764,37;13709,998;  200,197;57207,740;23,69827
 764,94;13624,806;  169,582;56641,026;23,82660
 765,50;13735,615;  178,043;56777,389;23,95358
 766,07;13845,193;  216,044;56808,445;24,08300
 766,64;13799,463;  178,044;56465,654;24,19968
 767,21;13803,810;  184,044;56384,632;24,23421
 767,77;13927,388;  201,275;56244,841;24,49186
 768,34;13926,119;  208,044;56327,743;24,44431
 768,91;13943,851;  209,198;56068,414;24,58798
 769,47;13945,275;  199,737;55932,854;24,66314
 770,04;14033,314;  208,968;55977,832;24,78865
 770,61;13964,507;  189,891;55571,964;24,87198
 771,18;13998,470;  180,507;55593,866;24,93616
 771,74;14151,048;  193,276;55699,690;25,14623
 772,31;14156,318;  202,507;55510,361;25,22935
 772,88;14086,511;  170,430;55212,878;25,28245
 773,44;14185,858;  183,123;55087,318;25,50394
 774,01;14218,513;  199,508;55125,450;25,52347
 774,58;14196,552;  183,200;54726,121;25,69234
 775,14;14334,361;  181,508;55017,714;25,80932
 775,71;14313,246;  181,662;54916,539;25,81824
 776,27;14410,670;  244,816;54818,671;25,95722
 776,84;14523,555;  264,816;54861,265;26,11661
 777,41;14544,979;  201,586;54616,090;26,35950
 777,97;14484,403;  187,586;54353,068;26,39470
 778,54;14545,058;  199,894;54385,431;26,47416
 779,11;14661,713;  225,432;54499,025;26,59909
 779,67;14637,983;  184,817;54350,388;26,68331
 780,24;14636,868;  213,433;54090,905;26,77081
 780,80;14720,985;  217,587;54197,498;26,86814
 781,37;14802,639;  213,664;54208,400;27,01926
 781,94;14759,063;  201,741;53796,609;27,16178
 782,50;14855,103;  208,664;53743,126;27,35890
 783,07;14950,065;  241,818;53884,258;27,41905
 783,63;14947,335;  198,203;53730,621;27,55178
 784,20;14978,913;  234,972;53479,138;27,69119
 784,77;14991,414;  210,511;53402,886;27,78763
 785,33;15058,068;  178,280;53155,325;28,08724
 785,90;15162,339;  199,588;53079,612;28,29566
 786,46;15187,532;  227,358;52997,975;28,34944
 787,03;15252,571;  201,127;52863,338;28,58111
 787,59;15314,533;  199,973;52762,316;28,75549
 788,16;15405,650;  219,589;52688,525;28,94296
 788,73;15488,535;  229,204;52542,119;29,16934
 789,29;15370,498;  206,589;52175,251;29,17895
 789,86;15566,075;  226,897;52111,999;29,56374
 790,42;15492,038;  217,897;51965,900;29,51639
 790,99;15457,154;  228,667;51531,494;29,68352
 791,55;15532,347;  199,282;51644,549;29,80462
 792,12;15603,771;  234,975;51530,143;29,96149
 792,68;15614,272;  216,513;51311,506;30,13555
 793,25;15613,234;  218,667;50991,715;30,32035
 793,81;15613,351;  284,283;50603,540;30,46362
 794,38;15487,775;  181,283;50464,134;30,44078
 794,94;15629,814;  219,437;50388,035;30,71718
 795,51;15554,776;  224,206;50023,013;30,78501
 796,07;15589,585;  214,361;49814,530;30,99833
 796,64;15675,855;  227,130;49898,970;31,10158
 797,20;15623,664;  221,515;49432,179;31,29840
 797,77;15590,703;  193,207;48988,389;31,55536
 798,33;15577,050;  222,054;48935,982;31,52075
 798,90;15643,089;  234,438;48860,576;31,68800
 799,46;15622,206;  214,900;48353,939;32,00584
 800,03;15642,476;  223,516;48267,379;32,09351
 800,59;15647,438;  228,900;48037,050;32,25086
 801,15;15635,400;  238,593;47861,567;32,33063
 801,72;15640,901;  237,285;47476,468;32,60771
 802,28;15561,479;  244,439;47208,985;32,61405
 802,85;15576,365;  219,209;47118,502;32,74496
 803,41;15567,635;  220,747;46763,249;32,97392
 803,98;15549,828;  209,978;46479,382;33,15333
 804,54;15504,483;  223,440;46224,283;33,21905
 805,11;15519,676;  226,825;46029,108;33,38884
 805,67;15540,331;  240,210;45898,394;33,51014
 806,23;15442,831;  234,441;45549,526;33,56143
 806,80;15508,255;  235,902;45351,658;33,85148
 807,36;15513,449;  252,210;45273,021;33,89819
 807,93;15525,026;  253,826;45070,769;34,07461
 808,49;15408,143;  210,518;44567,363;34,26219
 809,05;15417,105;  208,826;44491,110;34,34394
 809,62;15501,914;  233,211;44386,243;34,58132
 810,18;15478,414;  234,442;44230,759;34,64829
 810,74;15450,146;  198,211;43959,892;34,85226
 811,31;15496,032;  196,058;43819,870;35,07253
 811,87;15527,302;  226,827;43606,387;35,27116
 812,44;15482,726;  248,904;43622,827;35,12207
 813,00;15459,303;  180,673;43488,036;35,27952
 813,56;15590,420;  231,289;43385,168;35,59154
 814,13;15621,920;  220,289;43392,300;35,67504
 814,69;15611,037;  227,443;43199,587;35,79899
 815,25;15494,230;  199,443;42687,026;35,99825
 815,82;15547,500;  241,828;42643,774;36,09663
 816,38;15550,770;  259,290;42468,137;36,22814
 816,94;15443,733;  208,752;42128,731;36,34301
 817,51;15453,156;  204,136;42029,863;36,45847
 818,07;15516,811;  209,367;41633,918;36,95259
 818,63;15460,774;  238,752;41491,666;36,89926
 819,20;15500,659;  230,368;41430,337;37,06384
 819,76;15439,160;  204,368;40967,931;37,37355
 820,32;15486,353;  236,522;40960,986;37,44636
 820,89;15410,777;  235,291;40638,503;37,56010
 821,45;15394,970;  218,061;40251,789;37,91031
 822,01;15371,856;  235,599;40246,998;37,82986
 822,57;15372,741;  240,907;40061,976;37,99957
 823,14;15377,934;  191,753;39737,647;38,40141
 823,70;15321,128;  214,138;39501,702;38,45234
 824,26;15303,859;  212,138;39291,219;38,61841
 824,82;15332,437;  241,062;39129,428;38,80691
 825,39;15335,246;  198,985;38846,484;39,16492
 825,95;15443,516;  232,216;38926,462;39,31153
 826,51;15324,632;  236,216;38433,440;39,50134
 827,08;15444,210;  266,524;38515,496;39,68129
 827,64;15390,557;  243,755;38292,397;39,80905
 828,20;15433,058;  216,678;38005,683;40,26668
 828,76;15457,943;  240,371;38030,739;40,26839
 829,32;15467,367;  251,986;37792,948;40,53008
 829,89;15486,252;  201,448;37665,772;40,79829
 830,45;15569,984;  220,294;37632,212;41,02888
 831,01;15658,023;  226,064;37410,575;41,50104
 831,57;15612,140;  222,448;37370,400;41,42810
 832,14;15692,025;  218,756;37297,763;41,73054
 832,70;15678,141;  207,987;37078,126;41,95849
 833,26;15691,258;  192,064;36960,027;42,15407
 833,82;15675,220;  224,218;36906,621;42,12102
 834,38;15719,183;  212,218;36907,676;42,25854
 834,95;15707,453;  213,219;36740,501;42,41825
 835,51;15714,723;  175,757;36547,787;42,72229
 836,07;15761,762;  216,911;36722,150;42,58252
 836,63;15907,109;  232,988;36602,667;43,09667
 837,19;15875,995;  231,527;36407,184;43,24584
 837,75;15808,342;  185,681;36134,008;43,45866
 838,32;15911,381;  233,835;36273,217;43,50115
 838,88;16065,266;  232,758;36188,427;44,03341
 839,44;16037,690;  221,758;36158,636;44,01031
 840,00;16068,191;  227,297;36141,999;44,10699
 840,56;16060,154;  209,605;35800,285;44,53567
 841,12;16087,116;  206,528;35837,263;44,56991
 841,68;16086,002;  188,144;35643,011;44,83970
 842,25;16241,579;  206,067;35633,297;45,26324
 842,81;16111,465;  197,836;35362,352;45,25479
 843,37;16209,427;  184,606;35338,792;45,58439
 843,93;16257,390;  215,221;35212,694;45,83808
 844,49;16339,660;  220,991;35378,057;45,84759
 845,05;16219,391;  180,299;35056,650;45,98845
 845,61;16348,661;  218,914;35222,090;46,08081
 846,17;16351,470;  200,299;34934,992;46,49867
 846,73;16312,355;  212,299;35009,663;46,26804
 847,29;16261,318;  192,915;34733,179;46,52079
 847,86;16299,973;  203,453;34646,312;46,73398
 848,42;16312,397;  203,684;34463,598;47,01913
 848,98;16360,051;  213,531;34396,961;47,23493
 849,54;16365,014;  197,377;34493,247;47,14164
 850,10;16461,053;  209,608;34229,071;47,77102
 850,66;16409,785;  198,762;34054,973;47,88198
 851,22;16391,209;  190,993;33993,028;47,92675
 851,78;16490,633;  238,455;34161,007;47,90966
 852,34;16411,441;  211,378;33789,293;48,24619
 852,90;16471,327;  208,763;33704,040;48,55181
 853,46;16427,827;  189,147;33454,788;48,81517
 854,02;16564,174;  214,917;33557,766;49,03377
 854,58;16503,906;  201,917;33274,975;49,29084
 855,14;16502,945;  194,148;33157,492;49,47555
 855,70;16513,216;  173,610;33126,009;49,58548
 856,26;16552,178;  214,918;32969,295;49,87810
 856,82;16507,756;  205,072;32896,351;49,86860
 857,38;16589,180;  236,072;32771,714;50,26213
 857,94;16533,681;  215,918;32554,615;50,45894
 858,50;16574,643;  213,687;32529,824;50,62782
 859,06;16572,067;  217,149;32256,803;51,04586
 859,62;16606,337;  222,072;32339,627;51,01342
 860,18;16540,299;  218,150;32068,298;51,24670
 860,74;16537,646;  174,227;31971,199;51,46219
 861,30;16515,378;  193,611;31701,485;51,80218
 861,86;16639,187;  254,765;31807,541;51,92704
 862,42;16553,226;  211,381;31552,519;52,14184
 862,98;16609,958;  232,227;31536,421;52,31801
 863,54;16478,843;  208,458;31374,784;52,20502
 864,10;16559,113;  209,535;31400,762;52,41723
 864,66;16437,922;  191,459;31073,125;52,60876
 865,22;16465,115;  210,151;30889,026;52,98422
 865,78;16428,154;  213,690;30851,466;52,92311
 866,34;16418,271;  192,074;30760,906;53,08085
 866,90;16421,002;  218,305;30572,731;53,37837
 867,45;16369,811;  217,075;30461,555;53,40722
 868,01;16354,312;  217,998;30247,995;53,73398
 868,57;16284,428;  207,229;30112,051;53,76123
 869,13;16291,236;  197,768;29923,644;54,13959
 869,69;16378,199;  216,999;29807,238;54,61666
 870,25;16319,238;  184,460;29727,294;54,61486
 870,81;16334,277;  204,691;29653,118;54,77232
 871,37;16270,394;  218,076;29643,327;54,55287
 871,93;16328,125;  221,922;29397,536;55,20433
 872,49;16291,857;  244,538;29187,130;55,44534
 873,04;16135,589;  198,692;29003,186;55,32781
 873,60;16130,243;  193,923;28900,318;55,51488
 874,16;16200,821;  213,615;28867,681;55,79385
 874,72;16168,129;  205,692;28609,450;56,19833
 875,28;16108,975;  208,846;28673,065;55,86006
 875,84;16180,360;  214,231;28552,912;56,34041
 876,40;16173,821;  201,923;28557,296;56,32759
 876,95;16243,129;  220,692;28496,681;56,66446
 877,51;16243,283;  237,308;28518,835;56,59516
 878,07;16297,744;  247,923;28550,065;56,70886
 878,63;16288,437;  209,615;28544,835;56,74500
 879,19;16367,821;  221,769;28578,758;56,93853
 879,75;16423,283;  201,462;28574,373;57,17362
 880,30;16447,360;  209,077;28549,988;57,29626
 880,86;16563,821;  255,308;28721,450;57,29092
 881,42;16567,513;  197,385;28813,296;57,20639
 881,98;16686,744;  220,615;28887,219;57,44011
 882,54;16779,052;  194,231;28910,604;57,75389
 883,09;16751,744;  218,538;29064,527;57,31544
 883,65;16829,360;  216,077;29103,296;57,51084
 884,21;16988,821;  245,231;29441,296;57,34879
 884,77;17018,898;  205,000;29395,219;57,60114
 885,32;17126,667;  209,462;29559,065;57,64032
 885,88;17249,283;  244,385;29730,604;57,67066
 886,44;17320,590;  215,154;29836,988;57,74604
 887,00;17294,898;  232,308;29849,912;57,60962
 887,56;17457,975;  208,846;30027,450;57,84687
 888,11;17509,975;  209,769;30124,988;57,83078
 888,67;17634,283;  237,231;30223,450;58,01682
 889,23;17660,283;  223,154;30298,604;57,97795
 889,79;17640,437;  199,769;30253,065;58,03246
 890,34;17650,052;  216,846;30059,912;58,41627
 890,90;17829,129;  274,231;30291,604;58,48246
 891,46;17755,129;  202,538;30146,912;58,61732
 892,01;17824,129;  231,769;30075,758;58,94775
 892,57;17848,744;  245,846;30057,988;59,04607
 893,13;17716,590;  210,385;29838,296;59,08687
 893,69;17733,898;  199,692;29730,373;59,37623
 894,24;17692,898;  217,615;29615,604;59,44380
 894,80;17736,590;  217,000;29497,835;59,83296
 895,36;17736,667;  220,462;29399,604;60,02989
 895,91;17710,437;  218,462;29153,219;60,45316
 896,47;17727,744;  227,538;29022,758;60,77469
 897,03;17614,360;  211,462;28863,373;60,73905
 897,58;17622,360;  208,692;28802,142;60,90090
 898,14;17619,513;  231,846;28535,835;61,43186
 898,70;17568,898;  197,769;28365,065;61,67127
 899,25;17630,667;  221,231;28429,065;61,71844
 899,81;17525,283;  229,923;28219,835;61,79141
 900,37;17467,513;  192,385;27963,604;62,20515
 900,92;17509,360;  211,923;28003,604;62,23962
 901,48;17477,052;  206,692;27790,912;62,60956
 902,03;17445,360;  203,462;27661,065;62,79462
 902,59;17448,667;  218,308;27544,219;63,05502
 903,15;17399,283;  230,077;27398,296;63,19592
 903,70;17275,744;  221,000;27221,758;63,16395
 904,26;17222,360;  217,154;27084,219;63,29387
 904,82;17288,360;  217,538;27037,988;63,64853
 905,37;17294,821;  221,462;26837,142;64,14775
 905,93;17204,975;  216,308;26728,988;64,07752
 906,48;17238,590;  221,846;26671,219;64,33704
 907,04;17312,898;  237,308;26514,835;64,98173
 907,60;17123,975;  216,692;26374,681;64,63526
 908,15;17135,975;  201,231;26205,681;65,12249
 908,71;17196,513;  237,538;26267,604;65,15149
 909,26;17092,590;  205,385;25981,681;65,51448
 909,82;17004,360;  228,462;25900,681;65,34651
 910,37;17067,129;  253,923;25834,373;65,72678
 910,93;16978,052;  204,692;25585,604;66,08651
 911,48;16972,590;  210,462;25470,065;66,35943
 912,04;16996,052;  209,231;25410,219;66,61176
 912,60;17061,821;  208,846;25308,296;67,14480
 913,15;16988,513;  223,692;25123,065;67,33029
 913,71;16907,590;  207,769;25001,912;67,35390
 914,26;16871,667;  198,692;24828,142;67,69528
 914,82;16812,513;  215,692;24668,373;67,87322
 915,37;16795,283;  199,923;24706,373;67,71833
 915,93;16828,513;  262,385;24614,912;68,02632
 916,48;16699,206;  198,308;24400,835;68,17841
 917,04;16603,360;  231,077;24325,142;67,95152
 917,59;16639,206;  247,000;24220,681;68,37584
 918,15;16444,744;  182,308;23996,219;68,28965
 918,70;16494,513;  209,000;23922,681;68,67560
 919,26;16504,052;  216,077;23937,912;68,66237
 919,81;16440,975;  200,923;23674,219;69,18522
 920,37;16432,437;  215,923;23668,988;69,14454
 920,92;16389,437;  229,538;23547,758;69,30160
 921,48;16291,052;  198,308;23307,065;69,63916
 922,03;16293,590;  206,231;23291,527;69,68661
 922,59;16170,129;  209,077;23136,835;69,61454
 923,14;16139,744;  209,231;23067,065;69,69389
 923,69;16173,283;  225,769;22942,373;70,20201
 924,25;16149,513;  236,154;22883,912;70,26461
 924,80;16028,360;  211,462;22740,604;70,20639
 925,36;15970,821;  202,538;22577,219;70,47378
 925,91;15925,667;  212,769;22468,065;70,60296
 926,47;15981,513;  191,308;22387,450;71,13941
 927,02;15983,975;  271,923;22344,296;71,18424
 927,57;15898,898;  204,846;22153,296;71,50415
 928,13;15963,437;  204,538;22055,912;72,11857
 928,68;15958,821;  218,231;22060,527;72,06472
 929,24;15833,590;  186,615;21825,142;72,31072
 929,79;15749,283;  215,615;21683,681;72,35709
 930,34;15633,821;  215,769;21595,604;72,11493
 930,90;15683,283;  206,923;21532,065;72,57330
 931,45;15822,975;  221,462;21469,912;73,42424
 932,01;15744,821;  219,923;21300,065;73,64703
 932,56;15618,975;  237,000;21137,296;73,59692
 933,11;15613,975;  231,692;21143,758;73,55697
 933,67;15574,667;  207,154;21000,604;73,90555
 934,22;15540,667;  218,385;20944,142;73,92870
 934,77;15495,898;  244,692;20794,835;74,21460
 935,33;15448,513;  233,923;20679,296;74,41581
 935,88;15399,667;  227,308;20673,373;74,20675
 936,43;15420,437;  207,615;20519,604;74,89577
 936,99;15389,513;  220,462;20415,142;75,11410
 937,54;15305,821;  197,769;20231,373;75,41355
 938,09;15273,360;  223,923;20176,219;75,42709
 938,65;15290,513;  225,000;20036,912;76,04271
 939,20;15226,821;  194,077;19946,219;76,10691
 939,75;15186,437;  206,308;19856,835;76,23271
 940,31;15160,206;  188,385;19670,065;76,85077
 940,86;15157,744;  222,692;19729,527;76,56317
 941,41;15109,590;  293,846;19618,988;76,66564
 941,96;14943,513;  209,154;19461,527;76,53269
 942,52;14908,513;  214,846;19386,835;76,64133
 943,07;14913,667;  190,692;19265,142;77,18689
 943,62;14989,821;  208,077;19205,219;77,81036
 944,18;14910,975;  200,077;19063,604;77,98594
 944,73;14841,975;  219,692;18975,296;77,96221
 945,28;14689,744;  188,000;18780,527;77,99770
 945,83;14735,052;  205,308;18863,219;77,87444
 946,39;14831,360;  199,308;18741,219;78,91340
 946,94;14711,744;  237,231;18735,912;78,24619
 947,49;14712,129;  212,231;18553,065;79,05801
 948,04;14719,590;  239,923;18505,912;79,27119
 948,59;14652,052;  227,615;18510,219;78,89706
 949,15;14557,129;  203,846;18305,912;79,29086
 949,70;14506,744;  199,462;18214,219;79,41979
 950,25;14453,821;  219,462;18168,373;79,30486
 950,80;14528,052;  177,385;18047,527;80,30528
 951,36;14445,437;  179,308;17898,142;80,51392
 951,91;14494,283;  222,769;17929,912;80,59750
 952,46;14385,052;  192,846;17745,065;80,85704
 953,01;14478,590;  220,846;17799,373;81,10887
 953,56;14346,821;  191,615;17549,912;81,54721
 954,11;14418,052;  225,615;17508,450;82,11869
 954,67;14321,975;  204,385;17424,604;81,98264
 955,22;14205,437;  193,692;17275,604;82,02679
 955,77;14277,360;  229,000;17310,065;82,24522
 956,32;14177,052;  250,692;17131,758;82,49692
 956,87;14084,437;  194,000;17058,681;82,36406
 957,42;14107,437;  216,615;16955,988;82,98292
 957,98;14080,206;  200,231;16855,835;83,33517
 958,53;14037,052;  239,538;16839,988;83,11530
 959,08;13979,360;  194,231;16734,527;83,34270
 959,63;13923,052;  204,692;16617,758;83,58195
 960,18;13960,667;  218,231;16544,450;84,17403
 960,73;13921,052;  214,923;16488,681;84,22227
 961,28;13930,360;  179,846;16396,450;84,79281
 961,83;13842,667;  237,308;16379,912;84,28231
 962,39;13838,821;  200,846;16205,604;85,21201
 962,94;13835,975;  214,846;16153,065;85,46205
 963,49;13657,590;  210,846;15995,373;85,18940
 964,04;13655,821;  221,846;15942,065;85,45666
 964,59;13544,052;  189,077;15854,219;85,25282
 965,14;13586,360;  224,538;15794,373;85,81865
 965,69;13558,360;  211,231;15747,604;85,90891
 966,24;13448,667;  194,077;15557,912;86,27137
 966,79;13414,590;  231,308;15477,912;86,46701
 967,34;13303,513;  186,923;15320,373;86,67284
 967,89;13240,667;  196,538;15316,912;86,26856
 968,44;13247,360;  206,846;15234,296;86,77795
 968,99;13236,667;  215,923;15166,373;87,09266
 969,55;13139,437;  209,385;15113,835;86,75296
 970,10;12981,129;  213,923;14937,065;86,71522
 970,65;13028,744;  225,462;14844,758;87,57797
 971,20;12948,975;  200,923;14773,527;87,47958
 971,75;12849,744;  187,308;14650,296;87,55062
 972,30;12748,360;  220,308;14551,912;87,41556
 972,85;12702,898;  207,846;14452,681;87,71637
 973,40;12649,898;  199,231;14321,681;88,16223
 973,95;12543,513;  213,308;14247,527;87,85815
 974,50;12596,206;  230,462;14207,604;88,47119
 975,05;12438,975;  220,462;14089,758;88,09757
 975,60;12456,129;  226,385;13999,373;88,79514
 976,15;12303,590;  200,154;13889,450;88,41533
 976,70;12244,513;  205,692;13797,835;88,57192
 977,25;12321,360;  224,231;13748,912;89,44484
 977,80;12206,975;  213,462;13656,527;89,21710
 978,35;12056,590;  221,231;13471,758;89,31992
 978,89;12053,744;  187,308;13364,835;90,05056
 979,44;12021,898;  207,154;13350,219;89,89337
 979,99;11829,206;  199,000;13129,527;89,94379
 980,54;11827,360;  236,692;13136,604;89,85075
 981,09;11753,129;  224,769;13014,988;90,13418
 981,64;11667,052;  217,846;12926,219;90,09183
 982,19;11674,360;  251,308;12873,912;90,49679
 982,74;11512,975;  232,231;12696,604;90,50390
 983,29;11461,513;  198,077;12508,527;91,49492
 983,84;11404,129;  224,846;12427,912;91,61045
 984,39;11404,667;  276,615;12439,527;91,49168
 984,94;11217,437;  183,615;12264,450;91,33327
 985,49;11140,898;  234,154;12238,065;90,85992
 986,03;11111,283;  235,385;12164,758;91,16907
 986,58;11043,129;  258,692;11932,988;92,37762
 987,13;10915,667;  218,077;11823,835;92,17486
 987,68;10841,821;  233,154;11718,373;92,36800
 988,23;10857,667;  228,077;11645,142;93,10265
 988,78;10698,898;  210,077;11464,912;93,19392
 989,33;10691,667;  230,077;11419,604;93,49448
 989,88;10662,437;  244,615;11347,296;93,83158
 990,42;10567,283;  219,000;11216,296;94,09843
 990,97;10413,590;  221,615;11073,527;93,91871
 991,52;10331,513;  240,538;10990,988;93,86561
 992,07;10311,052;  247,077;10930,142;94,20494
 992,62;10270,821;  221,615;10779,681;95,18037
 993,17;10141,821;  237,231;10697,450;94,68817
 993,71;10074,590;  237,077;10577,527;95,13622
 994,26; 9931,898;  216,231;10456,296;94,87896
 994,81; 9949,360;  247,077;10420,604;95,36794
 995,36; 9797,975;  213,538;10233,604;95,65244
 995,91; 9774,975;  227,923;10176,065;95,96819
 996,45; 9727,513;  222,769;10066,065;96,56058
 997,00; 9662,667;  195,154; 9899,219;97,56234
 997,55; 9596,437;  218,308; 9891,912;96,94555
 998,10; 9499,513;  255,308; 9752,681;97,33434
 998,65; 9505,206;  215,154; 9750,604;97,42647
 999,19; 9366,590;  244,154; 9541,373;98,12005
 999,74; 9295,898;  259,231; 9471,527;98,09354
1000,29; 9207,590;  229,462; 9424,219;97,64400
1000,84; 9126,437;  222,692; 9232,373;98,82419
1001,38; 9085,667;  229,769; 9152,835;99,24726
1001,93; 8968,744;  247,385; 9095,604;98,56627
1002,48; 8838,975;  216,538; 8909,296;99,19104
1003,03; 8887,437;  233,000; 8920,912;99,61469
1003,57; 8804,437;  228,462; 8786,835;100,20567
1004,12; 8705,437;  256,769; 8696,835;100,10192
1004,67; 8628,898;  214,077; 8553,450;100,90472
1005,22; 8494,283;  219,077; 8401,604;101,13264
1005,76; 8322,744;  208,385; 8273,450;100,61121
1006,31; 8364,744;  244,692; 8266,373;101,22632
1006,86; 8212,283;  221,308; 8105,988;101,34811
1007,40; 8101,821;  212,077; 7998,296;101,32959
1007,95; 8066,744;  225,615; 7913,988;101,98684
1008,50; 7951,975;  237,308; 7750,912;102,67599
1009,04; 7861,590;  233,385; 7671,988;102,54889
1009,59; 7752,360;  222,923; 7537,296;102,94029
1010,14; 7627,667;  220,615; 7397,142;103,21221
1010,68; 7513,129;  225,308; 7293,604;103,10577
1011,23; 7403,513;  218,077; 7215,988;102,67973
1011,78; 7415,437;  234,769; 7159,988;103,68866
1012,32; 7299,437;  236,077; 7001,219;104,40815
1012,87; 7280,437;  248,154; 6999,988;104,15366
1013,42; 7176,360;  211,538; 6881,988;104,41306
1013,96; 7196,052;  242,154; 6875,912;104,82593
1014,51; 7115,590;  191,615; 6780,681;105,08281
1015,06; 7088,206;  185,308; 6786,142;104,57614
1015,60; 7174,129;  261,769; 6838,373;105,10531
1016,15; 7056,437;  211,077; 6797,604;103,92973
1016,69; 7095,283;  217,462; 6876,142;103,29105
1017,24; 7085,052;  189,769; 6846,988;103,57602
1017,79; 7120,975;  251,846; 6870,373;103,78637
1018,33; 7065,052;  214,077; 6877,758;102,81067
1018,88; 7123,360;  233,385; 6961,835;102,40063
1019,42; 7110,437;  222,231; 6929,988;102,69014
1019,97; 7086,898;  212,385; 6988,450;101,45288
1020,51; 7117,513;  241,462; 7036,988;101,18497
1021,06; 7059,437;  205,692; 6958,681;101,49202
1021,61; 7045,437;  187,385; 6962,758;101,22028
1022,15; 7002,129;  184,154; 6949,373;100,77981
1022,70; 7007,821;  217,231; 6925,373;101,22907
1023,24; 6977,437;  210,615; 6920,758;100,84467
1023,79; 6932,052;  214,846; 6852,604;101,19691
1024,33; 6881,513;  212,538; 6797,988;101,26833
1024,88; 6800,437;  213,846; 6746,835;100,82048
1025,42; 6695,052;  217,000; 6606,527;101,38547
1025,97; 6652,898;  215,385; 6533,373;101,89182
1026,51; 6461,898;  176,769; 6354,142;101,74436
1027,06; 6457,513;  208,308; 6368,527;101,44454
1027,60; 6384,821;  219,077; 6236,373;102,46702
1028,15; 6335,437;  231,846; 6132,219;103,44414
1028,69; 6185,667;  188,538; 5998,219;103,22648
1029,24; 6135,975;  204,231; 5962,065;103,02040
1029,78; 6024,513;  195,462; 5833,758;103,38322
1030,33; 5901,129;  197,462; 5729,065;103,11055
1030,87; 5880,744;  211,231; 5635,527;104,52072
1031,42; 5737,744;  196,615; 5517,988;104,12968
1031,96; 5728,744;  218,077; 5494,142;104,44653
1032,51; 5633,206;  191,692; 5389,988;104,67879
1033,05; 5618,052;  213,231; 5353,835;105,13981
1033,60; 5495,744;  181,846; 5219,450;105,48464
1034,14; 5436,744;  211,385; 5188,296;104,99201
1034,69; 5400,975;  213,308; 5098,758;106,18607
1035,23; 5296,744;  214,692; 5024,065;105,66974
1035,77; 5242,667;  208,154; 4977,296;105,56434
1036,32; 5200,898;  188,462; 4854,527;107,42320
1036,86; 5117,129;  210,077; 4805,373;106,78424
1037,41; 5058,513;  211,615; 4732,912;107,20152
1037,95; 4992,437;  178,769; 4656,988;107,49066
1038,50; 4950,667;  199,308; 4592,758;108,14644
1039,04; 4936,283;  215,846; 4548,527;108,94956
1039,58; 4844,052;  193,154; 4476,450;108,58222
1040,13; 4775,513;  207,769; 4436,758;108,01033
1040,67; 4759,667;  232,769; 4388,835;108,92269
1041,21; 4671,283;  229,385; 4306,527;108,94636
1041,76; 4597,821;  189,385; 4192,681;110,12017
1042,30; 4545,744;  214,385; 4204,296;108,55779
1042,85; 4483,975;  203,538; 4092,604;110,06337
1043,39; 4423,360;  198,000; 4017,988;110,61184
1043,93; 4395,744;  216,385; 4009,142;110,19316
1044,48; 4297,360;  212,231; 3945,142;109,43546
1045,02; 4276,283;  207,308; 3880,527;110,77409
1045,56; 4279,437;  230,923; 3848,758;111,90433
1046,11; 4206,437;  216,231; 3797,758;111,41074
1046,65; 4139,667;  216,154; 3736,373;111,45651
1047,19; 4090,513;  199,385; 3659,296;112,46325
1047,74; 4038,206;  191,000; 3601,219;112,81403
1048,28; 3969,283;  212,000; 3561,988;112,15808
1048,82; 3932,052;  234,077; 3528,142;112,26174
1049,37; 3873,513;  217,385; 3480,604;112,04055
1049,91; 3866,437;  212,692; 3418,527;113,97170
1050,45; 3820,129;  227,308; 3382,527;113,86914
1050,99; 3739,590;  208,308; 3338,758;112,80432
1051,54; 3667,590;  195,538; 3245,219;113,84968
1052,08; 3655,590;  240,385; 3220,527;114,59875
1052,62; 3608,283;  228,231; 3212,219;113,27296
1053,16; 3553,667;  200,462; 3134,296;114,29430
1053,71; 3513,360;  213,077; 3099,527;114,33708
1054,25; 3494,360;  234,462; 3055,065;115,57447
1054,79; 3434,667;  221,615; 3020,758;114,78702
1055,33; 3334,283;  199,000; 2967,065;113,26621
1055,88; 3323,513;  215,308; 2937,219;114,19202
1056,42; 3287,206;  229,692; 2900,758;114,46794
1056,96; 3305,052;  229,692; 2841,527;117,74710
1057,50; 3231,052;  225,846; 2809,988;116,29413
1058,05; 3180,129;  219,154; 2786,527;115,33092
1058,59; 3164,590;  242,615; 2748,373;116,61044
1059,13; 3043,821;  202,231; 2660,296;115,60272
1059,67; 3044,667;  230,846; 2649,835;116,32222
1060,21; 3012,206;  219,462; 2590,296;117,79583
1060,76; 2975,360;  235,538; 2568,450;117,44214
1061,30; 2937,283;  247,385; 2558,373;116,39600
1061,84; 2862,052;  231,385; 2487,373;116,60819
1062,38; 2819,590;  207,615; 2438,604;117,07703
1062,92; 2803,283;  256,538; 2455,604;115,81030
1063,46; 2761,129;  232,308; 2379,065;117,79723
1064,01; 2737,590;  208,846; 2337,296;118,80684
1064,55; 2694,975;  225,077; 2326,296;117,54595
1065,09; 2625,744;  196,231; 2254,681;118,02635
1065,63; 2661,744;  253,538; 2286,604;118,45196
1066,17; 2610,513;  250,154; 2256,758;117,62958
1066,71; 2587,590;  241,231; 2234,988;117,68529
1067,25; 2531,513;  214,769; 2186,681;117,48723
1067,80; 2516,513;  237,077; 2163,912;118,29954
1068,34; 2490,206;  253,692; 2131,450;119,10554
1068,88; 2422,437;  223,077; 2079,450;118,47616
1069,42; 2454,283;  248,154; 2108,988;118,55588
1069,96; 2379,667;  225,385; 2047,065;118,25797
1070,50; 2425,667;  255,615; 2053,219;120,71914
1071,04; 2330,590;  212,615; 1982,988;119,63439
1071,58; 2309,437;  212,846; 1971,373;119,22424
1072,12; 2283,129;  222,769; 1929,527;120,71776
1072,66; 2268,437;  222,154; 1936,219;119,38183
1073,21; 2276,129;  241,846; 1918,912;121,30014
1073,75; 2206,129;  232,615; 1897,142;118,56302
1074,29; 2165,129;  233,846; 1859,296;118,81526
1074,83; 2174,283;  249,231; 1845,758;120,57748
1075,37; 2125,667;  245,923; 1837,296;118,12090
1075,91; 2139,206;  232,846; 1814,758;120,50987
1076,45; 2080,590;  228,923; 1791,065;118,53384
1076,99; 2071,513;  250,154; 1759,065;120,70685
1077,53; 2021,206;  219,077; 1720,296;120,04435
1078,07; 2041,206;  234,692; 1721,450;121,50692
1078,61; 1984,744;  237,538; 1690,988;120,21093
1079,15; 1976,821;  232,077; 1673,373;121,05383
1079,69; 1941,360;  233,462; 1650,604;120,51705
1080,23; 1965,975;  255,308; 1668,373;121,06073
1080,77; 1964,744;  275,615; 1641,758;123,64223
1081,31; 1881,744;  219,615; 1592,065;121,10670
1081,85; 1897,898;  248,846; 1580,296;123,85384
1082,39; 1873,360;  217,231; 1551,219;124,14866
1082,93; 1875,206;  238,385; 1551,912;124,61268
1083,47; 1796,821;  206,615; 1499,912;122,95759
1084,01; 1806,975;  247,538; 1536,835;120,95255
1084,55; 1754,898;  217,308; 1475,912;122,16635
1085,09; 1767,744;  242,769; 1494,065;121,87163
1085,63; 1729,898;  241,615; 1442,296;123,95324
1086,17; 1726,513;  220,692; 1431,450;124,37015
1086,71; 1694,129;  221,462; 1415,681;123,31633
1087,24; 1705,667;  252,154; 1426,527;123,76931
1087,78; 1682,360;  248,769; 1392,450;125,34882
1088,32; 1615,975;  229,462; 1358,450;122,81024
1088,86; 1620,898;  251,385; 1360,758;123,44931
1089,40; 1592,590;  239,385; 1335,912;123,40835
1089,94; 1557,206;  213,846; 1300,912;123,57671
1090,48; 1545,206;  243,615; 1304,912;122,64158
1091,02; 1556,360;  244,769; 1295,450;124,83243
1091,56; 1507,975;  229,615; 1266,296;123,31275
1092,10; 1473,513;  204,923; 1245,758;121,88203
1092,63; 1506,052;  253,154; 1278,758;122,16199
1093,17; 1480,052;  244,846; 1243,373;123,70280
1093,71; 1447,437;  225,000; 1206,450;124,55413
1094,25; 1460,283;  249,846; 1218,142;125,00685
1094,79; 1416,667;  227,000; 1189,758;123,56871
1095,33; 1404,129;  241,846; 1178,604;124,07506
1095,87; 1375,898;  232,846; 1173,219;121,55303
1096,40; 1349,206;  215,769; 1116,835;125,78849
1096,94; 1342,437;  234,385; 1149,450;121,08992
1097,48; 1335,206;  237,385; 1132,758;122,61047
1098,02; 1311,129;  223,923; 1109,912;122,71105
1098,56; 1262,513;  196,769; 1061,681;123,22003
1099,10; 1260,206;  204,615; 1057,065;123,83018
1099,63; 1273,360;  215,692; 1062,758;124,86253
1100,17; 1260,437;  234,692; 1066,835;123,26548
1100,71; 1262,283;  255,154; 1091,373;120,43837

