
Integration time [ms]: 140,000
Averaging Nr. [scans]: 13
Smoothing Nr. [pixels]: 0
Data measured with spectrometer [name]: 2009305U1
Wave   ;Sample   ;Dark     ;Reference;Reflectance
[nm]   ;[counts] ;[counts] ;[counts] ;[%]

 175,72;  208,897;  197,081;  203,819;175,35815
 176,32;  242,180;  234,611;  221,840; 0,00000
 176,92;  271,064;  260,463;  248,366; 0,00000
 177,52;  274,071;  252,849;  264,548;181,39055
 178,12;  248,444;  235,765;  234,842; 0,00000
 178,72;  264,613;  256,148;  251,111; 0,00000
 179,32;  241,610;  250,688;  248,021; 0,00000
 179,92;  265,432;  249,153;  249,941; 0,00000
 180,52;  260,187;  239,086;  237,936; 0,00000
 181,12;  272,743;  250,307;  255,232;455,59835
 181,73;  296,594;  265,846;  270,384;677,61665
 182,33;  383,717;  341,851;  340,937; 0,00000
 182,93;  283,178;  264,541;  271,352;273,63742
 183,53;  247,589;  245,377;  228,843; 0,00000
 184,13;  246,213;  241,763;  221,425; 0,00000
 184,73;  294,398;  278,530;  272,227; 0,00000
 185,33;  296,170;  246,710;  345,523;50,05363
 185,93;  298,100;  241,935;  357,625;48,54764
 186,53;  320,121;  249,477;  374,956;56,29902
 187,13;  334,763;  273,407;  407,180;45,86594
 187,73;  296,997;  238,013;  363,666;46,94242
 188,33;  297,083;  232,548;  366,445;48,19778
 188,93;  305,459;  248,383;  371,966;46,18465
 189,53;  298,221;  251,067;  382,841;35,78401
 190,13;  351,996;  280,438;  398,909;60,40089
 190,73;  290,393;  222,832;  350,893;52,75707
 191,34;  324,639;  255,457;  386,677;52,72235
 191,94;  295,891;  239,237;  361,243;46,43524
 192,54;  314,379;  248,950;  397,013;44,18989
 193,14;  326,036;  258,021;  384,916;53,59898
 193,74;  315,059;  262,482;  381,845;44,04828
 194,34;  310,584;  251,023;  400,067;39,96191
 194,94;  275,143;  217,483;  351,489;43,02785
 195,54;  246,787;  203,865;  336,245;32,42340
 196,14;  281,224;  233,024;  358,658;38,36503
 196,74;  272,700;  222,478;  349,094;39,66480
 197,34;  245,742;  193,490;  345,653;34,33955
 197,94;  286,333;  221,099;  378,090;41,55281
 198,54;  287,347;  234,947;  384,917;34,94002
 199,14;  265,141;  217,954;  383,418;28,51815
 199,74;  268,880;  194,877;  387,307;38,45729
 200,34;  262,747;  193,031;  401,683;33,41234
 200,94;  293,074;  229,335;  437,443;30,62787
 201,54;  273,841;  204,029;  434,675;30,26809
 202,14;  335,343;  251,802;  480,046;36,60142
 202,74;  276,924;  208,030;  480,689;25,26745
 203,34;  275,761;  196,882;  492,696;26,66491
 203,94;  244,039;  170,495;  505,568;21,94857
 204,54;  305,552;  241,792;  591,311;18,24224
 205,14;  272,802;  197,261;  585,215;19,47166
 205,74;  331,590;  239,651;  674,687;21,13359
 206,34;  281,265;  202,571;  708,954;15,54032
 206,94;  301,043;  210,340;  768,765;16,24276
 207,54;  268,847;  185,033;  792,029;13,80813
 208,14;  293,145;  203,957;  888,433;13,03015
 208,74;  291,539;  206,338;  953,982;11,39591
 209,34;  303,267;  196,954; 1039,106;12,62392
 209,94;  321,450;  212,415; 1149,894;11,63058
 210,54;  332,936;  206,727; 1247,902;12,12179
 211,14;  335,048;  213,646; 1348,501;10,69760
 211,73;  327,315;  198,952; 1476,686;10,04617
 212,33;  360,335;  222,335; 1592,554;10,07138
 212,93;  365,983;  209,184; 1676,819;10,68382
 213,53;  353,278;  179,646; 1727,947;11,21436
 214,13;  386,174;  198,192; 1834,824;11,48594
 214,73;  365,497;  193,341; 1840,046;10,45456
 215,33;  353,834;  164,492; 1866,510;11,12456
 215,93;  408,588;  206,266; 2001,657;11,26895
 216,53;  374,166;  163,337; 2084,069;10,97649
 217,13;  450,336;  217,035; 2314,280;11,12420
 217,73;  457,220;  188,420; 2494,050;11,65842
 218,33;  451,518;  144,270; 2691,102;12,06394
 218,93;  508,205;  181,661; 2994,184;11,61037
 219,53;  550,949;  185,116; 3330,068;11,63240
 220,13;  558,220;  166,040; 3591,561;11,44875
 220,73;  609,697;  187,108; 4012,672;11,04646
 221,32;  672,692;  179,876; 4429,982;11,59539
 221,92;  709,663;  195,578; 4825,768;11,10289
 222,52;  749,099;  169,498; 5269,360;11,36504
 223,12;  801,548;  183,575; 5679,643;11,24391
 223,72;  882,133;  199,652; 6101,839;11,56319
 224,32;  927,720;  191,191; 6554,682;11,57430
 224,92;  942,889;  176,114; 6866,968;11,46005
 225,52; 1026,244;  201,032; 7247,116;11,71164
 226,12; 1049,566;  183,419; 7537,880;11,77717
 226,72; 1037,717;  167,649; 7837,451;11,34407
 227,31; 1095,655;  154,495; 8203,968;11,69219
 227,91; 1182,748;  188,339; 8625,468;11,78610
 228,51; 1207,385;  172,720; 8981,580;11,74573
 229,11; 1265,607;  182,880; 9368,756;11,78687
 229,71; 1287,721;  177,876; 9637,139;11,73289
 230,31; 1358,698;  176,884;10065,384;11,95139
 230,91; 1397,758;  161,103;10372,615;12,11040
 231,51; 1422,081;  173,420;10616,029;11,95737
 232,10; 1500,118;  174,962;10995,277;12,24693
 232,70; 1544,045;  188,407;11122,990;12,39771
 233,30; 1622,216;  196,727;11476,682;12,63736
 233,90; 1632,924;  172,420;11555,430;12,83056
 234,50; 1663,204;  189,420;11655,364;12,85358
 235,10; 1679,812;  168,652;11693,199;13,11253
 235,70; 1719,516;  198,262;11707,222;13,21800
 236,29; 1736,798;  194,338;11607,308;13,51498
 236,89; 1723,376;  158,872;11444,198;13,86317
 237,49; 1758,074;  185,881;11391,139;14,03085
 238,09; 1744,726;  179,187;11120,646;14,30833
 238,69; 1756,271;  221,409;10818,470;14,48384
 239,29; 1694,107;  171,032;10494,509;14,75351
 239,89; 1699,515;  189,257;10103,066;15,23388
 240,48; 1632,049;  173,802; 9770,779;15,19486
 241,08; 1653,597;  177,570; 9364,744;16,06617
 241,68; 1620,236;  188,341; 9083,012;16,09835
 242,28; 1587,722;  174,727; 8712,295;16,55032
 242,88; 1606,068;  214,192; 8337,943;17,13341
 243,48; 1576,334;  209,111; 8103,481;17,31897
 244,07; 1563,609;  188,108; 7845,523;17,96299
 244,67; 1590,393;  194,341; 7690,750;18,62293
 245,27; 1576,623;  191,490; 7530,916;18,87249
 245,87; 1611,141;  202,884; 7458,960;19,40797
 246,47; 1594,300;  187,798; 7436,553;19,40336
 247,06; 1647,692;  184,263; 7455,460;20,12638
 247,66; 1682,468;  187,649; 7555,873;20,28737
 248,26; 1771,196;  212,568; 7680,641;20,87055
 248,86; 1818,163;  201,106; 7868,793;21,08924
 249,46; 1877,958;  156,343; 8101,678;21,66824
 250,05; 2024,955;  201,802; 8430,847;22,15510
 250,65; 2096,081;  176,105; 8844,471;22,14922
 251,25; 2247,842;  177,493; 9331,092;22,61786
 251,85; 2429,576;  177,026; 9884,611;23,20402
 252,44; 2555,015;  153,799;10554,268;23,08757
 253,04; 2778,851;  185,492;11353,288;23,22176
 253,64; 2967,354;  144,412;12087,516;23,63658
 254,24; 3263,678;  195,802;13045,727;23,87466
 254,84; 3528,881;  173,574;14034,524;24,20690
 255,43; 3806,140;  180,030;15045,326;24,39312
 256,03; 4119,110;  187,413;16072,260;24,75124
 256,63; 4389,622;  190,642;17220,869;24,65604
 257,23; 4627,131;  174,642;18166,850;24,74676
 257,82; 4941,128;  193,254;19243,619;24,92274
 258,42; 5155,087;  153,638;20118,650;25,05107
 259,02; 5456,465;  196,954;21122,503;25,13440
 259,62; 5621,928;  173,790;21796,406;25,19648
 260,21; 5832,815;  183,876;22550,086;25,25658
 260,81; 6016,011;  177,419;22905,102;25,68934
 261,41; 6085,109;  162,792;23587,657;25,28218
 262,01; 6269,735;  207,789;23994,236;25,48488
 262,60; 6377,285;  166,719;24425,389;25,60143
 263,20; 6483,007;  163,567;24821,055;25,62889
 263,80; 6529,658;  209,174;25043,990;25,45009
 264,40; 6518,355;  166,405;25239,989;25,33323
 264,99; 6604,825;  191,250;25431,708;25,40990
 265,59; 6592,167;  176,169;25605,691;25,23051
 266,19; 6652,474;  168,943;25812,187;25,28358
 266,78; 6702,628;  221,248;25975,170;25,16657
 267,38; 6624,789;  190,786;25997,705;24,93131
 267,98; 6593,414;  172,710;25978,025;24,88133
 268,58; 6564,111;  177,785;26034,684;24,69873
 269,17; 6538,106;  175,628;26085,884;24,55583
 269,77; 6474,107;  197,410;25844,659;24,47318
 270,37; 6372,747;  176,019;25854,077;24,13238
 270,96; 6321,712;  221,716;25602,955;24,03349
 271,56; 6199,791;  175,949;25349,925;23,92884
 272,16; 6101,307;  181,715;25145,809;23,71242
 272,75; 6018,816;  191,946;25096,713;23,39661
 273,35; 6029,807;  182,562;25035,671;23,52722
 273,95; 5905,402;  189,715;24966,679;23,06855
 274,54; 5911,724;  173,340;25053,063;23,06450
 275,14; 6021,485;  197,793;25343,861;23,15945
 275,74; 5911,477;  152,869;25507,341;22,71240
 276,33; 6008,245;  212,025;25910,204;22,55498
 276,93; 6087,499;  190,649;26261,769;22,61832
 277,53; 6145,922;  175,722;26814,351;22,41181
 278,12; 6245,657;  158,642;27387,763;22,35480
 278,72; 6414,981;  216,106;27988,096;22,32060
 279,32; 6503,579;  181,029;28549,303;22,28740
 279,91; 6679,265;  164,336;29371,059;22,30627
 280,51; 6793,985;  188,953;29890,695;22,23786
 281,11; 7012,896;  181,490;30547,268;22,49706
 281,70; 7089,862;  162,105;31015,482;22,45381
 282,30; 7307,329;  175,026;31746,694;22,59083
 282,90; 7443,775;  174,103;32130,623;22,74863
 283,49; 7633,854;  193,024;32712,714;22,88100
 284,09; 7824,245;  214,874;33211,913;23,06077
 284,69; 7990,516;  207,798;33434,190;23,42330
 285,28; 8172,044;  202,181;33932,332;23,62830
 285,88; 8337,291;  236,253;34031,738;23,97077
 286,47; 8449,497;  183,103;34098,196;24,37379
 287,07; 8596,993;  210,798;34243,030;24,64192
 287,67; 8758,642;  204,342;34370,788;25,03714
 288,26; 8939,192;  178,798;34287,119;25,68404
 288,86; 9157,953;  184,874;34383,599;26,23805
 289,46; 9407,744;  190,413;34516,222;26,85248
 290,05; 9659,333;  179,955;34534,818;27,59254
 290,65; 9934,386;  189,487;34816,717;28,14230
 291,24;10235,658;  196,029;34910,872;28,92028
 291,84;10576,545;  197,180;35008,177;29,81634
 292,44;10857,522;  184,573;35080,267;30,58529
 293,03;11246,011;  252,491;35246,054;31,41584
 293,63;11448,251;  182,565;35508,371;31,89081
 294,22;11781,234;  211,413;35593,164;32,69997
 294,82;12022,341;  177,021;35582,640;33,45604
 295,41;12113,862;  163,643;35298,405;34,01252
 296,01;12296,334;  215,561;35158,028;34,57333
 296,61;12414,887;  203,568;34944,318;35,14984
 297,20;12394,814;  195,715;34480,052;35,58213
 297,80;12580,847;  200,033;34402,783;36,19830
 298,39;12569,730;  168,411;33969,303;36,68932
 298,99;12688,159;  204,793;33798,515;37,15982
 299,58;12688,576;  200,111;33582,784;37,41002
 300,18;12764,843;  204,955;33451,261;37,77830
 300,78;12777,202;  171,184;33057,809;38,33175
 301,37;12903,959;  194,173;32877,731;38,88740
 301,97;12982,297;  197,182;32990,431;38,98703
 302,56;13103,464;  189,026;32861,194;39,52734
 303,16;13113,735;  166,256;32815,977;39,65571
 303,75;13311,237;  187,416;32784,149;40,26115
 304,35;13588,854;  175,959;33124,858;40,70817
 304,94;13657,129;  178,644;33105,237;40,93495
 305,54;13785,769;  209,722;33044,982;41,34594
 306,13;13793,518;  155,421;33021,762;41,49563
 306,73;13827,814;  171,265;32771,505;41,89095
 307,33;13960,410;  193,957;32694,989;42,35697
 307,92;14116,458;  199,337;32762,075;42,73941
 308,52;14485,764;  180,024;33222,765;43,29465
 309,11;14803,132;  186,637;33689,494;43,62761
 309,71;15062,382;  157,020;33947,516;44,11111
 310,30;15318,256;  176,106;34240,786;44,45117
 310,90;15658,948;  205,260;34613,094;44,91328
 311,49;15827,300;  199,183;34723,322;45,26722
 312,09;15945,212;  152,186;34891,282;45,46182
 312,68;16408,970;  222,569;35358,332;46,06816
 313,28;16522,535;  167,030;35445,383;46,36131
 313,87;16685,470;  158,260;35482,624;46,78700
 314,47;16952,460;  172,407;35766,332;47,14302
 315,06;17167,613;  161,184;35912,859;47,56820
 315,66;17379,058;  174,494;36127,282;47,85321
 316,25;17348,922;  141,794;36005,441;47,97930
 316,85;17486,213;  150,878;35966,836;48,40115
 317,44;17694,826;  168,330;36237,755;48,59100
 318,04;17744,375;  152,872;36230,491;48,76015
 318,63;17876,768;  161,112;36280,092;49,04805
 319,22;18017,693;  180,102;36416,394;49,22576
 319,82;18121,627;  187,873;36494,191;49,39568
 320,41;18104,202;  197,949;36261,068;49,65254
 321,01;18301,594;  190,878;36456,852;49,93859
 321,60;18310,075;  182,797;36482,996;49,93713
 322,20;18428,751;  159,337;36571,112;50,17447
 322,79;18489,259;  216,030;36549,370;50,29328
 323,39;18572,821;  174,728;36623,764;50,47621
 323,98;18598,000;  153,876;36616,289;50,58394
 324,58;18677,180;  170,332;36426,891;51,04414
 325,17;18663,169;  187,025;36348,373;51,09363
 325,76;18562,361;  195,798;36153,252;51,07860
 326,36;18455,963;  169,724;35699,397;51,46751
 326,95;18363,507;  191,335;35357,823;51,67469
 327,55;18173,288;  161,719;35091,742;51,56472
 328,14;18054,864;  168,033;34607,960;51,93632
 328,74;17883,186;  198,872;34168,228;52,05961
 329,33;17732,008;  193,724;33869,410;52,07996
 329,92;17471,656;  168,330;33150,530;52,46262
 330,52;17141,251;  184,187;32550,067;52,39179
 331,11;16913,106;  174,489;32121,430;52,39505
 331,71;16620,265;  174,874;31477,521;52,53674
 332,30;16402,976;  197,490;31019,544;52,57756
 332,89;16268,436;  238,262;30481,254;53,00459
 333,49;15933,923;  180,566;29973,642;52,87590
 334,08;15725,488;  182,488;29489,539;53,03502
 334,68;15465,273;  182,642;29021,148;52,99384
 335,27;15318,379;  193,726;28710,478;53,03778
 335,86;15153,337;  226,258;28479,661;52,83285
 336,46;15020,826;  188,111;28171,899;53,00467
 337,05;14975,429;  172,720;27966,486;53,25910
 337,65;14898,381;  158,950;27795,428;53,33325
 338,24;14919,292;  232,492;27831,526;53,21491
 338,83;14780,324;  195,338;27745,283;52,94016
 339,43;14814,446;  171,564;27672,631;53,24478
 340,02;14828,797;  180,640;27600,614;53,42148
 340,61;14878,582;  182,414;27641,118;53,52098
 341,21;14899,956;  208,949;27675,305;53,48728
 341,80;14925,195;  186,181;27538,748;53,88530
 342,40;14922,667;  182,495;27675,132;53,61498
 342,99;14950,206;  183,262;27868,100;53,33946
 343,58;15105,546;  174,108;28001,487;53,65736
 344,18;15205,487;  192,186;28147,588;53,70447
 344,77;15432,704;  171,794;28437,928;53,99009
 345,36;15570,584;  162,258;28805,439;53,79405
 345,96;15701,608;  201,493;29093,585;53,64830
 346,55;15901,191;  174,497;29223,570;54,13837
 347,14;16089,606;  159,341;29667,279;53,98637
 347,74;16259,954;  148,578;30171,451;53,66367
 348,33;16648,150;  176,424;30768,649;53,84285
 348,92;17020,768;  193,811;31400,558;53,92089
 349,52;17245,775;  157,502;31883,031;53,86285
 350,11;17388,148;  169,178;32140,673;53,85725
 350,70;17413,643;  169,645;32232,509;53,78184
 351,29;17359,259;  157,171;31918,379;54,16068
 351,89;17328,562;  186,022;31928,675;54,00475
 352,48;17261,165;  155,722;31910,669;53,86702
 353,07;17209,795;  183,573;31801,004;53,85075
 353,67;17212,817;  199,427;31765,092;53,89840
 354,26;17058,253;  182,187;31667,328;53,60009
 354,85;16954,537;  179,571;31457,829;53,63139
 355,45;16831,961;  169,950;31208,087;53,68238
 356,04;16810,659;  171,419;31168,720;53,67964
 356,63;16695,032;  201,489;30960,706;53,62146
 357,22;16567,115;  180,788;30796,084;53,52333
 357,82;16471,386;  185,944;30579,961;53,58108
 358,41;16395,806;  196,029;30498,628;53,46003
 359,00;16277,092;  176,410;30190,681;53,64342
 359,60;16249,722;  183,030;30179,016;53,56281
 360,19;16100,724;  192,804;30031,095;53,31378
 360,78;16066,780;  164,950;29841,406;53,58399
 361,37;15891,981;  171,181;29687,064;53,26217
 361,97;15914,280;  184,951;29551,653;53,56178
 362,56;15677,916;  172,332;29184,889;53,44439
 363,15;15554,271;  212,488;28976,195;53,33729
 363,74;15367,230;  175,254;28608,732;53,42989
 364,34;15102,322;  206,333;28270,281;53,07874
 364,93;14954,067;  168,562;27857,921;53,39779
 365,52;14669,798;  150,566;27387,276;53,30758
 366,11;14546,662;  179,487;27112,960;53,34319
 366,71;14301,924;  173,102;26698,933;53,26439
 367,30;14137,215;  177,258;26340,264;53,35762
 367,89;13999,767;  219,109;26224,968;52,99059
 368,48;13822,170;  174,408;25810,125;53,23729
 369,07;13583,181;  187,722;25344,586;53,24773
 369,67;13464,189;  200,408;25102,933;53,26279
 370,26;13246,044;  182,261;24744,748;53,18591
 370,85;13115,767;  184,874;24478,919;53,22660
 371,44;13007,787;  187,490;24266,896;53,24175
 372,03;12885,276;  153,025;24062,561;53,25177
 372,63;12672,739;  153,412;23692,608;53,18502
 373,22;12563,841;  172,337;23420,583;53,30081
 373,81;12370,659;  152,412;23062,639;53,33097
 374,40;12258,741;  167,725;22910,779;53,16356
 374,99;12174,885;  174,488;22573,718;53,57504
 375,59;11975,647;  158,494;22260,755;53,46581
 376,18;11925,395;  198,411;22139,084;53,44861
 376,77;11796,774;  189,413;21899,025;53,46646
 377,36;11838,520;  209,412;21854,695;53,72583
 377,95;11664,017;  187,026;21565,018;53,68601
 378,55;11638,748;  173,032;21366,314;54,10071
 379,14;11589,874;  184,873;21366,646;53,84347
 379,73;11555,957;  183,795;21236,719;54,01702
 380,32;11616,927;  191,644;21267,548;54,21017
 380,91;11554,511;  160,562;21179,281;54,20858
 381,50;11529,348;  190,563;21058,778;54,33519
 382,10;11439,619;  169,874;20941,933;54,25435
 382,69;11489,858;  151,643;20917,114;54,60129
 383,28;11492,674;  198,333;20870,355;54,63588
 383,87;11448,612;  177,486;20678,411;54,97862
 384,46;11375,587;  150,636;20740,173;54,51775
 385,05;11447,855;  204,486;20678,267;54,91594
 385,64;11425,970;  179,025;20658,114;54,91916
 386,24;11424,801;  167,944;20603,933;55,08350
 386,83;11579,598;  195,866;20628,691;55,71296
 387,42;11603,371;  191,872;20801,585;55,36952
 388,01;11766,376;  188,324;20925,393;55,83263
 388,60;11932,791;  173,175;21252,338;55,78787
 389,19;12071,393;  176,397;21404,738;56,03357
 389,78;12280,739;  169,552;21683,508;56,29456
 390,37;12547,774;  229,711;22195,143;56,07931
 390,96;12675,508;  172,174;22320,127;56,45367
 391,56;12765,045;  181,934;22492,692;56,39930
 392,15;12912,528;  172,553;22695,193;56,56520
 392,74;13059,483;  143,851;22945,836;56,64258
 393,33;13259,626;  174,010;23240,121;56,73091
 393,92;13534,679;  190,463;23660,080;56,85741
 394,51;13690,024;  154,010;23826,930;57,17932
 395,10;13844,099;  203,608;24066,630;57,16163
 395,69;14001,601;  184,302;24247,584;57,42067
 396,28;14073,632;  191,451;24287,123;57,61276
 396,87;14093,857;  186,212;24447,336;57,32482
 397,46;14211,623;  189,899;24490,919;57,70015
 398,06;14347,426;  205,969;24684,087;57,77183
 398,65;14415,958;  185,338;24838,035;57,72439
 399,24;14581,739;  198,797;25032,860;57,91618
 399,83;14596,050;  167,158;25029,785;58,03446
 400,42;14666,777;  208,291;25099,344;58,08708
 401,01;14774,361;  177,344;25231,159;58,26265
 401,60;14801,768;  198,696;25310,087;58,15318
 402,19;14804,956;  207,747;25236,337;58,32214
 402,78;14903,961;  218,707;25226,022;58,72383
 403,37;14781,718;  202,284;25137,253;58,46983
 403,96;14767,480;  198,701;24934,171;58,89833
 404,55;14747,823;  206,190;24889,484;58,91286
 405,14;14687,905;  186,145;24710,874;59,13117
 405,73;14632,829;  196,323;24577,738;59,21111
 406,32;14568,894;  208,826;24468,232;59,19382
 406,91;14446,801;  200,631;24197,755;59,36615
 407,50;14444,236;  192,072;24033,678;59,77854
 408,09;14244,402;  162,441;23742,142;59,72069
 408,68;14126,904;  187,892;23590,428;59,56197
 409,27;14036,745;  177,214;23386,360;59,71582
 409,86;14007,380;  185,015;23239,923;59,95411
 410,45;14015,952;  210,657;23215,862;60,00944
 411,04;13999,667;  209,762;23111,499;60,21336
 411,63;13790,281;  200,567;22790,980;60,15700
 412,22;13699,166;  200,984;22670,135;60,07429
 412,81;13538,346;  213,764;22455,484;59,90806
 413,40;13393,564;  217,087;22002,697;60,48248
 413,99;13196,704;  254,390;21715,993;60,30451
 414,58;12915,231;  180,008;21335,860;60,19716
 415,17;12792,470;  196,380;21054,604;60,38908
 415,76;12674,159;  186,290;20930,860;60,19825
 416,35;12596,307;  175,758;20737,712;60,40549
 416,94;12593,376;  207,447;20746,252;60,30502
 417,53;12755,030;  178,150;21056,226;60,23965
 418,12;12856,095;  178,384;21052,863;60,73307
 418,71;13133,536;  204,626;21536,770;60,60764
 419,30;13116,764;  188,077;21545,550;60,53472
 419,89;13273,843;  182,541;21704,751;60,82694
 420,48;13523,306;  206,087;21991,785;61,12826
 421,07;13533,906;  205,474;22166,685;60,69079
 421,66;13551,458;  173,558;22142,252;60,89529
 422,25;13549,139;  186,340;22144,171;60,85664
 422,84;13529,695;  217,266;22038,904;61,00563
 423,43;13401,521;  197,722;21862,632;60,94555
 424,02;13340,891;  219,647;21576,070;61,43933
 424,60;13004,082;  188,971;21067,541;61,37926
 425,19;12843,662;  204,809;20801,105;61,36469
 425,78;12781,605;  211,887;20780,481;61,11122
 426,37;12744,779;  219,200;20585,138;61,50259
 426,96;12679,826;  202,431;20496,950;61,48160
 427,55;12553,559;  188,516;20280,923;61,54087
 428,14;12446,860;  188,982;20065,496;61,67016
 428,73;12300,491;  208,051;19903,625;61,39674
 429,32;12312,112;  214,661;19891,866;61,47952
 429,91;12379,155;  230,283;19874,621;61,84414
 430,50;12214,292;  213,210;19769,430;61,36708
 431,08;12080,366;  223,522;19500,603;61,50747
 431,67;12119,470;  277,296;19490,256;61,63639
 432,26;12036,064;  274,992;19358,390;61,62987
 432,85;11798,687;  302,452;18926,094;61,72925
 433,44;11609,540;  312,381;18522,494;62,03783
 434,03;11374,330;  331,082;18160,105;61,93973
 434,62;11139,928;  281,459;17722,847;62,25691
 435,21;10999,738;  289,914;17554,043;62,03512
 435,79;10895,080;  289,925;17378,034;62,06161
 436,38;10840,961;  290,317;17208,148;62,36405
 436,97;10752,876;  284,395;17220,967;61,80991
 437,56;10661,843;  272,484;16941,263;62,32825
 438,15;10535,531;  250,481;16859,248;61,92543
 438,74;10559,539;  271,020;16942,368;61,71378
 439,33;10537,513;  241,942;16881,839;61,87281
 439,91;10564,993;  199,947;16938,542;61,92303
 440,50;10633,474;  258,332;16997,658;61,98064
 441,09;10695,347;  253,801;17118,420;61,91391
 441,68;10714,575;  240,577;17168,086;61,87560
 442,27;10651,342;  225,420;17144,009;61,62406
 442,86;10624,174;  191,204;17112,530;61,65575
 443,44;10727,771;  217,509;17197,844;61,89667
 444,03;10723,253;  276,896;17191,868;61,75805
 444,62;10649,761;  216,589;17054,896;61,96093
 445,21;10553,672;  228,279;16845,945;62,13504
 445,80;10467,293;  254,210;16801,655;61,72000
 446,39;10371,453;  275,440;16524,882;62,13145
 446,97;10189,927;  203,987;16304,467;62,02262
 447,56;10063,755;  217,840;16131,909;61,86925
 448,15; 9920,311;  212,218;15961,760;61,64048
 448,74; 9756,362;  222,450;15695,416;61,61658
 449,33; 9674,916;  215,839;15480,305;61,96795
 449,91; 9531,952;  210,078;15213,895;62,13002
 450,50; 9386,511;  207,538;15086,317;61,69171
 451,09; 9291,809;  219,462;14979,044;61,46751
 451,68; 9227,799;  242,542;14845,480;61,53047
 452,26; 9199,191;  233,853;14740,387;61,80207
 452,85; 9099,377;  218,928;14642,204;61,57027
 453,44; 9047,645;  226,169;14647,764;61,16852
 454,03; 9055,698;  199,471;14657,355;61,25535
 454,61; 9017,111;  194,093;14573,070;61,36054
 455,20; 9152,795;  228,558;14771,537;61,36458
 455,79; 9119,539;  238,090;14806,113;60,96537
 456,38; 9152,232;  236,872;14920,411;60,71670
 456,97; 9174,405;  221,408;14942,356;60,81808
 457,55; 9210,234;  212,874;14946,166;61,06823
 458,14; 9162,258;  233,484;14954,814;60,65195
 458,73; 9124,624;  221,567;14861,702;60,81266
 459,31; 9158,542;  242,497;14940,169;60,66297
 459,90; 9179,965;  261,032;15035,983;60,36523
 460,49; 9240,814;  299,107;15048,842;60,62283
 461,08; 9267,854;  207,192;15191,738;60,46671
 461,66; 9298,848;  230,727;15266,447;60,31052
 462,25; 9324,550;  219,195;15307,662;60,34646
 462,84; 9373,013;  247,655;15421,737;60,13780
 463,43; 9335,565;  200,279;15284,644;60,56129
 464,01; 9332,784;  226,975;15341,219;60,24654
 464,60; 9330,872;  257,661;15251,151;60,51434
 465,19; 9103,966;  197,823;15002,548;60,15744
 465,77; 9104,896;  214,211;15061,685;59,88012
 466,36; 9042,519;  240,049;14849,309;60,25268
 466,95; 8821,001;  207,280;14519,762;60,18328
 467,53; 8636,367;  225,599;14213,484;60,12895
 468,12; 8471,158;  240,831;13996,491;59,83229
 468,71; 8283,494;  217,977;13729,183;59,69502
 469,29; 8143,625;  205,986;13493,274;59,73860
 469,88; 8008,444;  207,912;13231,302;59,89632
 470,47; 8022,605;  269,379;13386,009;59,10989
 471,06; 8042,022;  228,303;13264,704;59,93770
 471,64; 8024,765;  224,147;13405,699;59,17830
 472,23; 8014,180;  202,544;13446,570;58,98234
 472,81; 8075,374;  201,846;13505,381;59,18373
 473,40; 8162,043;  210,159;13677,501;59,04568
 473,99; 8282,105;  304,390;13894,600;58,70192
 474,57; 8330,318;  209,697;14013,422;58,82920
 475,16; 8356,444;  228,078;14158,216;58,35094
 475,75; 8472,300;  224,163;14286,155;58,65554
 476,33; 8474,177;  244,784;14370,560;58,25799
 476,92; 8482,004;  242,699;14411,579;58,15071
 477,51; 8550,640;  230,782;14479,251;58,39125
 478,09; 8560,764;  238,320;14533,140;58,22000
 478,68; 8467,407;  240,014;14420,314;58,01988
 479,27; 8488,379;  249,779;14513,492;57,75915
 479,85; 8475,097;  237,476;14434,976;58,02163
 480,44; 8501,281;  223,401;14615,350;57,51744
 481,02; 9185,246;  231,713;16142,905;56,27192
 481,61;10386,588;  256,403;18264,367;56,25392
 482,20;11097,939;  250,405;19414,074;56,60468
 482,78;11600,660;  277,400;20264,721;56,65221
 483,37;11848,688;  258,488;20747,086;56,56902
 483,95;12036,065;  299,720;21081,843;56,47327
 484,54;12182,660;  305,018;21298,907;56,57667
 485,13;12095,360;  273,187;21100,958;56,76158
 485,71;11953,102;  256,801;20917,707;56,61078
 486,30;11722,918;  302,493;20633,211;56,17325
 486,88;11584,450;  330,033;20240,907;56,52397
 487,47;11165,444;  304,804;19509,756;56,55125
 488,05;10643,812;  290,268;18601,641;56,54161
 488,64; 9913,059;  297,349;17261,837;56,68140
 489,23; 8855,990;  304,653;15238,909;57,25988
 489,81; 7572,738;  295,424;13068,934;56,97192
 490,40; 7144,098;  255,271;12502,990;56,24579
 490,98; 6963,188;  238,504;12249,740;55,98661
 491,57; 6934,286;  269,808;12106,298;56,30451
 492,15; 6881,671;  246,736;12053,578;56,19568
 492,74; 6784,815;  249,653;12022,455;55,51068
 493,32; 6751,216;  278,811;11861,282;55,88104
 493,91; 6652,640;  242,738;11749,176;55,70709
 494,50; 6627,725;  259,747;11680,085;55,75998
 495,08; 6530,369;  231,516;11638,858;55,21753
 495,67; 6589,404;  259,891;11607,716;55,77732
 496,25; 6458,528;  205,665;11542,039;55,15752
 496,84; 6411,386;  208,891;11521,000;54,83058
 497,42; 6374,908;  209,206;11425,072;54,97304
 498,01; 6310,993;  238,123;11394,589;54,43364
 498,59; 6244,374;  203,437;11319,840;54,34255
 499,18; 6222,812;  203,816;11272,830;54,37699
 499,76; 6162,067;  229,358;11177,361;54,18987
 500,35; 6019,985;  224,826;11015,751;53,70401
 500,93; 6013,106;  213,205;10951,070;54,01354
 501,52; 5949,450;  205,360;10845,286;53,98618
 502,10; 5905,961;  220,214;10830,609;53,58657
 502,69; 5761,596;  202,601;10675,757;53,07850
 503,27; 5628,604;  180,439;10466,241;52,96782
 503,86; 5609,880;  206,985;10372,642;53,14850
 504,44; 5513,544;  176,603;10250,440;52,97824
 505,03; 5353,575;  163,065;10040,489;52,54923
 505,61; 5310,075;  191,986; 9874,627;52,85840
 506,19; 5246,373;  207,218; 9750,431;52,80355
 506,78; 5049,230;  174,994; 9540,415;52,04503
 507,36; 4981,464;  192,295; 9344,010;52,33084
 507,95; 4925,217;  189,997; 9246,345;52,28620
 508,53; 4815,044;  201,994; 9129,043;51,67497
 509,12; 4720,349;  193,073; 8927,645;51,83169
 509,70; 4667,743;  209,766; 8789,334;51,96039
 510,29; 4549,348;  218,154; 8653,756;51,34422
 510,87; 4427,751;  174,532; 8462,098;51,32048
 511,46; 4318,144;  186,456; 8282,157;51,03558
 512,04; 4257,350;  187,460; 8181,615;50,91082
 512,62; 4177,576;  203,764; 8014,815;50,87422
 513,21; 4081,380;  174,539; 7827,604;51,04937
 513,79; 4044,365;  184,241; 7732,277;51,14078
 514,38; 3912,283;  169,776; 7548,308;50,72156
 514,96; 3879,971;  214,699; 7464,709;50,55541
 515,54; 3777,246;  176,855; 7369,431;50,05705
 516,13; 3700,958;  187,317; 7234,639;49,85782
 516,71; 3627,753;  176,398; 7094,046;49,89203
 517,30; 3541,560;  171,324; 6958,079;49,65902
 517,88; 3510,282;  193,170; 6899,021;49,46593
 518,46; 3430,832;  175,710; 6742,971;49,56589
 519,05; 3414,203;  182,867; 6721,363;49,42018
 519,63; 3385,686;  206,173; 6676,107;49,14290
 520,22; 3325,032;  210,102; 6603,941;48,71768
 520,80; 3258,466;  183,795; 6537,952;48,38834
 521,38; 3261,530;  220,022; 6531,402;48,19086
 521,97; 3204,684;  178,875; 6467,728;48,11385
 522,55; 3150,438;  197,260; 6458,119;47,16889
 523,13; 3134,806;  183,185; 6432,989;47,22742
 523,72; 3097,630;  184,479; 6388,991;46,95213
 524,30; 3158,422;  206,341; 6582,805;46,29652
 524,89; 3165,811;  189,414; 6575,124;46,61028
 525,47; 3182,076;  200,727; 6685,436;45,97506
 526,05; 3177,588;  167,112; 6771,847;45,58058
 526,64; 3286,692;  203,653; 6835,545;46,48808
 527,22; 3315,998;  198,727; 6988,960;45,90817
 527,80; 3343,320;  251,191; 7112,801;45,06420
 528,39; 3288,596;  194,270; 7204,615;44,13943
 528,97; 3410,635;  193,038; 7390,061;44,70733
 529,55; 3433,175;  198,569; 7495,164;44,33035
 530,14; 3553,545;  224,425; 7812,298;43,87422
 530,72; 3517,374;  183,653; 7861,180;43,42180
 531,30; 3575,287;  181,887; 7971,540;43,56291
 531,89; 3598,456;  191,195; 8061,595;43,29209
 532,47; 3670,312;  228,504; 8171,669;43,33043
 533,05; 3643,812;  222,037; 8198,220;42,89991
 533,63; 3657,378;  223,043; 8336,382;42,32949
 534,22; 3646,240;  198,428; 8342,452;42,33549
 534,80; 3708,498;  222,894; 8403,259;42,60939
 535,38; 3789,122;  313,734; 8528,160;42,30835
 535,97; 3648,267;  217,120; 8458,195;41,63470
 536,55; 3696,963;  267,741; 8502,089;41,64534
 537,13; 3662,685;  261,349; 8495,411;41,30811
 537,71; 3702,173;  315,579; 8555,785;41,09842
 538,30; 3717,896;  340,507; 8646,652;40,66133
 538,88; 3781,091;  372,590; 8708,147;40,89110
 539,46; 3841,790;  422,048; 8971,804;39,99812
 540,05; 3868,374;  439,665; 9114,787;39,52347
 540,63; 3919,591;  488,820; 9330,054;38,80421
 541,21; 3953,715;  538,437; 9439,513;38,36927
 541,79; 3982,038;  573,668; 9600,723;37,75727
 542,38; 4034,401;  614,280; 9743,775;37,46232
 542,96; 4093,675;  606,902; 9906,223;37,49492
 543,54; 4149,542;  639,360;10095,013;37,12258
 544,12; 4116,458;  611,900;10252,232;36,35309
 544,70; 4135,893;  590,595;10357,583;36,29878
 545,29; 4165,018;  586,819;10525,714;36,00198
 545,87; 4155,576;  566,130;10556,415;35,92937
 546,45; 4106,123;  506,588;10534,025;35,89686
 547,03; 4139,921;  486,205;10646,538;35,96059
 547,62; 4117,610;  455,592;10800,048;35,40078
 548,20; 4151,810;  455,902;10952,800;35,20953
 548,78; 4141,557;  407,449;11073,659;35,00876
 549,36; 4144,536;  370,217;11304,129;34,51938
 549,94; 4154,786;  336,516;11405,839;34,49416
 550,53; 4241,465;  345,831;11677,433;34,37850
 551,11; 4226,183;  305,374;11797,210;34,11821
 551,69; 4302,134;  313,525;12128,966;33,75760
 552,27; 4363,130;  279,675;12369,412;33,77621
 552,85; 4451,520;  279,604;12751,475;33,45060
 553,44; 4523,749;  273,140;13086,643;33,17289
 554,02; 4616,742;  290,987;13480,185;32,79771
 554,60; 4634,201;  233,528;13763,018;32,52653
 555,18; 4763,013;  261,448;14173,800;32,35660
 555,76; 4823,158;  242,295;14462,234;32,21436
 556,34; 4960,668;  253,070;14866,510;32,21417
 556,93; 4995,861;  225,756;15284,445;31,67676
 557,51; 5080,392;  217,531;15617,113;31,57788
 558,09; 5172,922;  245,602;16082,221;31,11346
 558,67; 5255,347;  236,226;16426,286;31,00125
 559,25; 5344,584;  258,609;16666,037;30,99800
 559,83; 5395,315;  214,921;16993,469;30,87510
 560,41; 5417,553;  221,145;17400,971;30,24715
 561,00; 5542,179;  227,611;17683,538;30,44563
 561,58; 5584,244;  212,914;17989,402;30,21592
 562,16; 5614,275;  212,758;18261,204;29,92788
 562,74; 5671,528;  195,526;18692,333;29,60512
 563,32; 5780,960;  193,613;19079,426;29,58489
 563,90; 5894,994;  214,072;19466,181;29,50805
 564,48; 5987,516;  226,067;19901,124;29,28301
 565,06; 6113,744;  218,764;20537,681;29,01228
 565,65; 6283,110;  221,309;21240,800;28,83895
 566,23; 6504,425;  260,842;22011,763;28,70492
 566,81; 6623,460;  218,994;22754,994;28,41882
 567,39; 6883,260;  235,460;23700,246;28,33096
 567,97; 7047,234;  250,918;24318,992;28,23789
 568,55; 7280,251;  251,613;25219,110;28,15115
 569,13; 7416,919;  224,303;25916,981;27,99481
 569,71; 7591,459;  209,373;26911,699;27,64585
 570,29; 7933,244;  260,448;28004,969;27,65518
 570,87; 8034,162;  257,296;28729,295;27,31409
 571,45; 8138,946;  238,918;29329,969;27,15621
 572,03; 8243,573;  217,999;29771,336;27,15623
 572,61; 8361,788;  205,612;30543,095;26,88481
 573,20; 8504,255;  239,993;31231,506;26,66621
 573,78; 8629,914;  219,305;31828,860;26,60781
 574,36; 8698,153;  234,612;32399,579;26,31292
 574,94; 8806,502;  294,385;32748,427;26,22822
 575,52; 8746,182;  250,236;33061,711;25,89322
 576,10; 8901,415;  301,157;33593,940;25,83220
 576,68; 8919,326;  281,769;34153,419;25,50085
 577,26; 9093,843;  292,239;34892,217;25,43818
 577,84; 9122,017;  311,304;35452,142;25,07258
 578,42; 9218,711;  349,233;35755,067;25,05090
 579,00; 9117,484;  297,536;35772,602;24,86239
 579,58; 9141,426;  338,077;36015,903;24,67457
 580,16; 9066,778;  324,772;36090,318;24,44253
 580,74; 9080,750;  303,618;36231,544;24,42983
 581,32; 8956,722;  316,770;36322,216;23,99624
 581,90; 8887,700;  333,618;36343,687;23,75469
 582,48; 8794,040;  331,387;36447,444;23,43183
 583,06; 8814,181;  334,539;36544,632;23,41790
 583,64; 8704,748;  331,462;36582,867;23,09782
 584,22; 8658,112;  323,699;36523,201;23,02356
 584,80; 8483,743;  334,002;36136,362;22,76314
 585,38; 8273,620;  348,146;35679,221;22,43202
 585,96; 8156,243;  319,844;35873,545;22,04102
 586,54; 8132,737;  355,006;35939,474;21,85710
 587,12; 8085,571;  313,927;36093,586;21,72084
 587,70; 8038,138;  339,614;36168,695;21,48680
 588,28; 7957,601;  319,850;36153,927;21,31421
 588,86; 7926,054;  327,620;36439,131;21,04158
 589,44; 7826,598;  306,780;36329,348;20,87530
 590,02; 7803,773;  315,086;36647,400;20,61164
 590,59; 7747,428;  292,929;36772,690;20,43462
 591,17; 7747,141;  286,862;36858,564;20,39905
 591,75; 7678,319;  288,397;37096,783;20,07673
 592,33; 7666,909;  295,088;37415,946;19,85897
 592,91; 7645,609;  254,938;37624,099;19,77746
 593,49; 7622,703;  263,787;37908,140;19,54853
 594,07; 7631,164;  274,248;38079,894;19,45983
 594,65; 7551,802;  281,776;38159,002;19,19366
 595,23; 7550,402;  267,316;38560,979;19,01904
 595,81; 7525,134;  275,164;38610,471;18,91199
 596,39; 7491,659;  259,241;38711,600;18,80878
 596,97; 7474,086;  261,861;39036,847;18,60020
 597,55; 7424,226;  255,469;38806,033;18,59572
 598,12; 7329,820;  234,557;38909,786;18,34575
 598,70; 7358,477;  232,323;39015,491;18,37435
 599,28; 7299,570;  257,477;39200,100;18,08325
 599,86; 7209,706;  243,477;39273,461;17,84840
 600,44; 7197,639;  212,555;39254,842;17,89107
 601,02; 7226,327;  273,793;39370,786;17,78278
 601,60; 7085,859;  239,397;39430,337;17,46950
 602,18; 7020,448;  218,403;39296,888;17,40611
 602,75; 6974,547;  225,702;39463,860;17,19970
 603,33; 6978,863;  242,708;39353,814;17,22312
 603,91; 6892,403;  235,021;39445,292;16,97867
 604,49; 6904,449;  264,093;39537,102;16,90819
 605,07; 6809,503;  262,936;39525,817;16,67368
 605,65; 6787,519;  271,633;39634,798;16,55326
 606,23; 6770,824;  340,005;39866,454;16,26966
 606,80; 6745,946;  388,394;39782,915;16,13816
 607,38; 6738,967;  434,251;39871,482;15,98671
 607,96; 6712,715;  487,394;39911,131;15,79079
 608,54; 6689,458;  557,094;39968,777;15,55976
 609,12; 6674,424;  574,241;40163,678;15,40861
 609,70; 6645,074;  607,015;40068,683;15,30107
 610,27; 6617,850;  610,932;40125,400;15,20182
 610,85; 6574,764;  634,092;40300,883;14,97644
 611,43; 6512,369;  621,708;40242,211;14,86771
 612,01; 6442,115;  597,704;39943,372;14,85401
 612,59; 6428,504;  580,938;40054,249;14,81397
 613,16; 6314,713;  549,622;39988,992;14,61760
 613,74; 6294,879;  524,631;39814,500;14,68635
 614,32; 6232,936;  474,248;39803,016;14,64243
 614,90; 6161,602;  429,860;39679,132;14,60343
 615,48; 6084,180;  371,931;39243,390;14,69523
 616,05; 6003,955;  347,160;39289,603;14,52604
 616,63; 5985,114;  350,158;39086,815;14,54683
 617,21; 5883,280;  338,855;38965,043;14,35406
 617,79; 5867,014;  321,934;38882,181;14,38030
 618,36; 5824,518;  329,089;38839,334;14,27004
 618,94; 5679,552;  280,239;38496,380;14,12836
 619,52; 5715,764;  307,005;38298,617;14,23672
 620,10; 5610,117;  281,702;38199,539;14,05253
 620,67; 5554,514;  293,082;38077,578;13,92485
 621,25; 5559,981;  309,782;37920,057;13,95948
 621,83; 5511,429;  290,931;37899,583;13,88111
 622,41; 5515,120;  332,085;37874,399;13,80585
 622,98; 5403,959;  298,312;37615,031;13,68193
 623,56; 5385,632;  292,619;37646,515;13,63449
 624,14; 5357,791;  285,476;37488,795;13,63404
 624,72; 5294,613;  295,547;37438,771;13,45889
 625,29; 5287,186;  272,388;37475,663;13,47945
 625,87; 5307,614;  302,857;37440,356;13,47629
 626,45; 5191,164;  276,003;37281,194;13,28236
 627,02; 5174,094;  285,780;37210,919;13,23844
 627,60; 5200,714;  260,555;37158,443;13,38873
 628,18; 5157,116;  240,702;37196,678;13,30343
 628,76; 5118,546;  254,466;37230,950;13,15452
 629,33; 5161,190;  282,161;37159,216;13,23053
 629,91; 5121,502;  253,702;37191,539;13,17836
 630,49; 5105,261;  276,468;37380,511;13,01420
 631,06; 5133,549;  263,236;37543,149;13,06418
 631,64; 5063,752;  264,157;37404,882;12,92273
 632,22; 5035,292;  233,693;37401,188;12,91881
 632,79; 5099,077;  256,924;37668,797;12,94282
 633,37; 5078,300;  240,858;37712,590;12,90958
 633,95; 5074,101;  236,464;37777,311;12,88633
 634,52; 5067,382;  222,777;37882,987;12,86399
 635,10; 5072,560;  225,009;37937,039;12,85412
 635,68; 5114,630;  232,386;38216,083;12,85353
 636,25; 5029,702;  227,536;38059,668;12,69335
 636,83; 5058,239;  208,928;38412,334;12,69340
 637,41; 5090,086;  226,923;38404,070;12,73841
 637,98; 5107,869;  255,461;38548,018;12,67193
 638,56; 5109,895;  233,535;38663,667;12,68890
 639,13; 5120,527;  216,158;38763,434;12,72300
 639,71; 5177,858;  264,621;38877,472;12,72436
 640,29; 5040,726;  196,005;38612,968;12,61089
 640,86; 5100,675;  213,160;38825,484;12,65792
 641,44; 5111,009;  221,006;38926,617;12,63384
 642,02; 5125,728;  247,468;38881,595;12,62682
 642,59; 5129,600;  218,852;38977,035;12,67022
 643,17; 5110,165;  226,006;39011,167;12,59285
 643,74; 5094,191;  208,622;39076,453;12,56970
 644,32; 5126,294;  247,084;38944,047;12,60877
 644,89; 5138,244;  241,238;39041,025;12,62122
 645,47; 5126,808;  238,776;39061,927;12,59051
 646,05; 5093,219;  242,853;38905,444;12,54537
 646,62; 5112,938;  235,238;38887,422;12,61947
 647,20; 5147,964;  236,623;39074,862;12,64563
 647,77; 5115,606;  204,469;38981,764;12,66498
 648,35; 5135,247;  206,085;38828,973;12,76228
 648,92; 5136,658;  231,700;38817,490;12,71182
 649,50; 5123,454;  202,854;38712,929;12,77743
 650,08; 5107,634;  208,239;38657,446;12,74251
 650,65; 5176,660;  209,316;38874,963;12,84692
 651,23; 5253,533;  205,393;39633,019;12,80356
 651,80; 5386,021;  202,009;40678,689;12,80740
 652,38; 5540,662;  210,855;41134,360;13,02383
 652,95; 5581,919;  187,855;41405,646;13,08674
 653,53; 5671,869;  221,163;41732,547;13,13063
 654,10; 5713,587;  245,471;41984,680;13,10067
 654,68; 5685,460;  204,856;41815,581;13,17113
 655,25; 5717,101;  200,625;41790,175;13,26409
 655,83; 5708,281;  199,626;42032,230;13,16833
 656,40; 5793,769;  225,318;41921,439;13,35484
 656,98; 5754,796;  219,318;41853,264;13,29559
 657,55; 5746,668;  207,395;41726,704;13,34144
 658,13; 5707,540;  199,549;41365,990;13,37981
 658,70; 5708,028;  228,088;40977,584;13,44787
 659,28; 5572,285;  206,780;40033,947;13,47197
 659,85; 5478,619;  215,704;39333,541;13,45400
 660,43; 5517,723;  228,396;39388,596;13,50689
 661,00; 5519,518;  208,242;39553,805;13,49905
 661,58; 5585,775;  198,012;39894,553;13,57237
 662,15; 5608,186;  189,781;40127,223;13,56723
 662,73; 5773,520;  248,320;40357,586;13,77537
 663,30; 5766,392;  205,628;40645,949;13,75055
 663,88; 5815,265;  207,320;40831,620;13,80441
 664,45; 5856,983;  197,936;40975,368;13,87789
 665,03; 5944,471;  200,936;41413,808;13,93627
 665,60; 6091,651;  281,090;41853,632;13,97692
 666,17; 6038,985;  203,936;41901,303;13,99381
 666,75; 6111,319;  211,860;42365,897;13,99501
 667,32; 6187,653;  216,552;42739,952;14,04192
 667,90; 6247,834;  218,398;42874,546;14,13497
 668,47; 6354,091;  228,783;43252,447;14,23707
 669,05; 6409,732;  209,399;43443,041;14,34146
 669,62; 6428,528;  178,399;43616,250;14,38867
 670,19; 6490,323;  190,091;43634,998;14,50166
 670,77; 6549,734;  208,861;43931,515;14,50249
 671,34; 6584,760;  198,938;43758,955;14,65983
 671,92; 6672,556;  182,784;44192,779;14,74613
 672,49; 6719,582;  218,784;44260,604;14,76051
 673,06; 6718,378;  181,246;44241,428;14,83682
 673,64; 6773,327;  183,477;44118,868;14,99896
 674,21; 6827,892;  184,477;44235,385;15,08122
 674,79; 6915,072;  218,016;44420,825;15,15075
 675,36; 7007,098;  212,401;44588,111;15,31175
 675,93; 6989,894;  179,478;44356,474;15,41620
 676,51; 7072,536;  215,401;44631,760;15,43831
 677,08; 7135,716;  203,324;44729,431;15,56927
 677,65; 7135,896;  213,940;44831,486;15,51398
 678,23; 7258,076;  200,709;44974,388;15,76231
 678,80; 7304,641;  195,863;45126,597;15,82164
 679,38; 7398,282;  191,710;45311,344;15,97214
 679,95; 7510,232;  205,479;45501,707;16,12662
 680,52; 7536,181;  198,018;45801,532;16,09122
 681,10; 7705,207;  205,556;46232,818;16,29393
 681,67; 7751,772;  220,710;46508,719;16,27001
 682,24; 7786,106;  180,480;46529,159;16,40959
 682,82; 7887,671;  188,711;47185,984;16,38172
 683,39; 8082,389;  234,711;47631,578;16,55738
 683,96; 8142,185;  203,019;47804,095;16,67854
 684,54; 8206,057;  183,019;48216,381;16,70305
 685,11; 8409,853;  230,096;48502,436;16,94502
 685,68; 8536,879;  197,711;49108,261;17,04983
 686,25; 8554,059;  186,250;49164,470;17,08476
 686,83; 8626,393;  192,327;49325,294;17,16580
 687,40; 8754,035;  188,327;49621,888;17,32772
 687,97; 8937,138;  236,789;50000,328;17,48338
 688,55; 8947,241;  179,328;50098,614;17,56418
 689,12; 9036,114;  172,636;50369,977;17,65727
 689,69; 9140,063;  175,251;50383,571;17,85523
 690,26; 9236,551;  200,021;50468,472;17,97654
 690,84; 9355,347;  199,021;50841,297;18,08040
 691,41; 9459,988;  205,790;50794,737;18,29292
 691,98; 9581,938;  202,713;51033,407;18,45189
 692,56; 9624,810;  185,560;51083,001;18,54563
 693,13; 9761,606;  246,945;51135,518;18,69705
 693,70; 9898,555;  204,483;51395,420;18,93709
 694,27; 9918,120;  193,714;51474,783;18,96295
 694,84;10056,531;  190,791;51434,607;19,25255
 695,42;10228,018;  230,099;51684,586;19,43061
 695,99;10266,506;  188,945;51824,872;19,51657
 696,56;10361,071;  200,253;51850,312;19,67242
 697,13;10527,866;  211,561;52067,905;19,89401
 697,71;10587,585;  185,100;52116,807;20,03109
 698,28;10737,919;  189,023;52501,939;20,16499
 698,85;10815,099;  156,331;52550,917;20,34326
 699,42;10957,972;  170,562;52726,896;20,52542
 699,99;11064,459;  213,870;52798,105;20,63468
 700,57;11115,178;  205,331;52807,237;20,74040
 701,14;11244,050;  192,255;53056,062;20,90617
 701,71;11370,692;  206,024;53322,656;21,01916
 702,28;11474,488;  197,255;53261,788;21,25192
 702,85;11550,899;  199,332;53329,766;21,36547
 703,43;11723,463;  214,255;53586,898;21,56387
 704,00;11888,951;  231,640;53777,800;21,77058
 704,57;11912,747;  215,025;53776,009;21,84001
 705,14;12105,927;  235,948;54074,603;22,04732
 705,71;12186,415;  236,718;54125,043;22,17493
 706,28;12234,518;  202,564;53959,790;22,38202
 706,86;12418,467;  239,103;54341,384;22,51174
 707,43;12502,878;  258,641;54125,901;22,73039
 708,00;12568,212;  247,180;54242,418;22,81874
 708,57;12671,161;  205,103;54092,089;23,13371
 709,14;12859,188;  241,949;54293,375;23,34303
 709,71;12892,829;  208,257;54296,353;23,45169
 710,28;13065,471;  210,950;54545,101;23,65827
 710,86;13198,190;  232,335;54643,848;23,82925
 711,43;13344,908;  243,412;54685,673;24,06494
 712,00;13415,935;  222,412;54819,190;24,16539
 712,57;13560,576;  222,566;54899,707;24,39413
 713,14;13717,833;  213,951;55052,762;24,62468
 713,71;13742,936;  218,182;55019,894;24,67944
 714,28;13824,501;  206,643;55047,565;24,83156
 714,85;13863,604;  191,951;54755,082;25,05658
 715,42;13976,861;  219,874;54977,291;25,12351
 716,00;14187,119;  267,951;55006,115;25,42863
 716,57;14303,760;  201,798;55191,863;25,64456
 717,14;14331,479;  194,183;55119,764;25,73900
 717,71;14511,351;  188,490;55207,512;26,03256
 718,28;14668,070;  238,029;55314,875;26,19983
 718,85;14690,404;  194,337;55377,700;26,26891
 719,42;14876,276;  222,260;55494,832;26,51227
 719,99;14849,303;  187,337;55329,041;26,58961
 720,56;15091,175;  206,953;55571,712;26,88393
 721,13;15133,124;  194,184;55644,075;26,94133
 721,70;15289,997;  191,030;55554,515;27,27243
 722,27;15395,869;  215,569;55684,647;27,36714
 722,84;15531,126;  252,184;55855,702;27,47837
 723,41;15576,768;  191,800;55772,527;27,68040
 723,98;15823,871;  210,262;56033,197;27,96988
 724,55;15959,667;  233,031;56014,407;28,19335
 725,12;15934,693;  159,339;55984,616;28,25844
 725,69;16152,950;  191,493;56118,133;28,53999
 726,27;16245,207;  205,339;56277,419;28,60580
 726,84;16475,849;  209,801;56627,936;28,83124
 727,41;16659,413;  212,647;56478,529;29,23044
 727,98;16786,824;  219,417;56958,046;29,19952
 728,55;16929,235;  243,494;56741,178;29,53350
 729,12;17135,415;  189,571;56814,157;29,92666
 729,69;17284,980;  217,879;57157,674;29,97394
 730,26;17385,391;  228,725;57229,191;30,09917
 730,82;17503,956;  211,648;57098,631;30,39765
 731,39;17603,674;  208,187;57208,917;30,51801
 731,96;17859,393;  189,649;57489,049;30,83757
 732,53;18072,342;  205,649;57640,950;31,10751
 733,10;18215,907;  219,572;57724,467;31,29531
 733,67;18380,164;  214,111;58045,676;31,41200
 734,24;18420,652;  200,803;57614,501;31,73432
 734,81;18566,063;  226,188;57749,172;31,88269
 735,38;18512,474;  207,419;57442,612;31,98217
 735,95;18629,577;  192,650;57304,051;32,28239
 736,52;18775,449;  219,496;57439,184;32,42932
 737,09;18890,014;  221,035;57242,701;32,74015
 737,66;19032,964;  261,881;57374,064;32,86704
 738,23;19195,221;  204,035;57433,811;33,18410
 738,80;19494,324;  263,881;57840,790;33,39957
 739,37;19605,504;  237,574;57930,614;33,57065
 739,94;19706,838;  214,574;58074,900;33,68848
 740,51;19936,480;  312,574;58103,879;33,95650
 741,07;19931,814;  213,574;57991,703;34,12751
 741,64;20155,840;  237,267;58268,835;34,32369
 742,21;20297,712;  211,421;58293,737;34,58246
 742,78;20428,046;  180,344;58081,177;34,96962
 743,35;20645,380;  204,114;58288,540;35,19234
 743,92;20869,560;  240,345;58522,210;35,39560
 744,49;21014,587;  230,960;58336,035;35,76904
 745,06;20932,536;  207,422;58380,936;35,62637
 745,63;21150,255;  193,884;58430,299;35,98499
 746,19;21233,127;  207,884;58406,278;36,12684
 746,76;21420,076;  213,653;58389,641;36,45219
 747,33;21520,257;  206,346;58423,235;36,61122
 747,90;21654,129;  226,269;58546,059;36,74200
 748,47;21788,463;  216,500;58436,038;37,05279
 749,04;21917,259;  218,885;58470,170;37,24961
 749,61;22039,746;  240,731;58499,148;37,41780
 750,17;22173,311;  214,500;58562,742;37,63406
 750,74;22270,645;  222,731;58449,797;37,86540
 751,31;22315,210;  191,193;58276,930;38,08855
 751,88;22366,236;  183,116;58253,985;38,20008
 752,45;22489,339;  216,732;58452,809;38,24538
 753,02;22594,058;  222,424;58293,711;38,52443
 753,58;22771,623;  188,040;58078,612;39,01081
 754,15;22854,803;  195,194;58341,283;38,97013
 754,72;22860,137;  192,425;58068,261;39,16611
 755,29;22837,932;  193,271;57992,009;39,17847
 755,86;23033,882;  222,579;58115,295;39,40272
 756,42;23102,062;  226,041;57913,889;39,65484
 756,99;23237,550;  188,810;57909,944;39,93120
 757,56;23243,422;  198,887;57999,000;39,86936
 758,13;23306,525;  159,426;57848,978;40,12356
 758,70;23613,475;  191,118;57841,879;40,62801
 759,26;23682,193;  203,657;57988,627;40,63087
 759,83;23874,220;  191,888;58103,452;40,89396
 760,40;23919,246;  192,273;57989,661;41,05198
 760,97;23990,657;  189,196;57999,331;41,17178
 761,53;24061,452;  185,042;57568,771;41,60833
 762,10;24160,248;  176,350;57421,827;41,89658
 762,67;24451,505;  207,735;57577,267;42,25896
 763,24;24288,839;  163,581;57120,784;42,35682
 763,80;24426,634;  198,043;57205,377;42,50083
 764,37;24540,584;  200,197;57207,740;42,69678
 764,94;24556,072;  169,582;56641,026;43,18375
 765,50;24664,405;  178,043;56777,389;43,26262
 766,07;24858,816;  216,044;56808,445;43,54431
 766,64;24849,381;  178,044;56465,654;43,83085
 767,21;24858,177;  184,044;56384,632;43,90369
 767,77;24852,741;  201,275;56244,841;43,98626
 768,34;24979,537;  208,044;56327,743;44,14046
 768,91;25103,332;  209,198;56068,414;44,56585
 769,47;25232,897;  199,737;55932,854;44,91613
 770,04;25251,154;  208,968;55977,832;44,90353
 770,61;25202,719;  189,891;55571,964;45,16412
 771,18;25235,745;  180,507;55593,866;45,21516
 771,74;25463,695;  193,276;55699,690;45,52702
 772,31;25431,413;  202,507;55510,361;45,61541
 772,88;25536,132;  170,430;55212,878;46,08389
 773,44;25552,081;  183,123;55087,318;46,20587
 774,01;25785,646;  199,508;55125,450;46,58298
 774,58;25725,134;  183,200;54726,121;46,82905
 775,14;25935,468;  181,508;55017,714;46,96525
 775,71;25971,417;  181,662;54916,539;47,11759
 776,27;26225,213;  244,816;54818,671;47,60594
 776,84;26411,162;  264,816;54861,265;47,89020
 777,41;26448,573;  201,586;54616,090;48,23528
 777,97;26375,138;  187,586;54353,068;48,34731
 778,54;26475,625;  199,894;54385,431;48,49215
 779,11;26576,113;  225,432;54499,025;48,55157
 779,67;26752,601;  184,817;54350,388;49,04921
 780,24;26696,474;  213,433;54090,905;49,15420
 780,80;26883,961;  217,587;54197,498;49,40055
 781,37;27019,757;  213,664;54208,400;49,64575
 781,94;27028,629;  201,741;53796,609;50,05496
 782,50;27140,733;  208,664;53743,126;50,30791
 783,07;27216,067;  241,818;53884,258;50,28528
 783,63;27199,708;  198,203;53730,621;50,43954
 784,20;27326,965;  234,972;53479,138;50,88256
 784,77;27270,530;  210,511;53402,886;50,87199
 785,33;27386,710;  178,280;53155,325;51,35890
 785,90;27509,044;  199,588;53079,612;51,64418
 786,46;27645,993;  227,358;52997,975;51,95815
 787,03;27655,404;  201,127;52863,338;52,13279
 787,59;27684,277;  199,973;52762,316;52,28896
 788,16;27817,611;  219,589;52688,525;52,59878
 788,73;27881,176;  229,204;52542,119;52,85879
 789,29;27851,740;  206,589;52175,251;53,19581
 789,86;27936,459;  226,897;52111,999;53,40562
 790,42;27958,947;  217,897;51965,900;53,60796
 790,99;27907,050;  228,667;51531,494;53,95099
 791,55;28012,769;  199,282;51644,549;54,06423
 792,12;28167,179;  234,975;51530,143;54,45387
 792,68;28208,283;  216,513;51311,506;54,78378
 793,25;28183,770;  218,667;50991,715;55,07864
 793,81;28143,412;  284,283;50603,540;55,36475
 794,38;28079,054;  181,283;50464,134;55,48168
 794,94;28067,542;  219,437;50388,035;55,50903
 795,51;28178,337;  224,206;50023,013;56,13414
 796,07;28114,517;  214,361;49814,530;56,25012
 796,64;28291,851;  227,130;49898,970;56,50026
 797,20;28169,954;  221,515;49432,179;56,79346
 797,77;28088,827;  193,207;48988,389;57,16880
 798,33;27986,699;  222,054;48935,982;56,99529
 798,90;28097,803;  234,438;48860,576;57,30121
 799,46;27923,983;  214,900;48353,939;57,56052
 800,03;27954,855;  223,516;48267,379;57,72088
 800,59;28012,651;  228,900;48037,050;58,11509
 801,15;27988,985;  238,593;47861,567;58,27102
 801,72;27846,242;  237,285;47476,468;58,44503
 802,28;27690,730;  244,439;47208,985;58,44045
 802,85;27678,602;  219,209;47118,502;58,54970
 803,41;27866,474;  220,747;46763,249;59,39888
 803,98;27755,808;  209,978;46479,382;59,53358
 804,54;27618,681;  223,440;46224,283;59,55378
 805,11;27617,553;  226,825;46029,108;59,80210
 805,67;27771,964;  240,210;45898,394;60,29971
 806,23;27513,529;  234,441;45549,526;60,19869
 806,80;27561,478;  235,902;45351,658;60,56770
 807,36;27620,351;  252,210;45273,021;60,78998
 807,93;27527,069;  253,826;45070,769;60,85476
 808,49;27425,942;  210,518;44567,363;61,35563
 809,05;27330,660;  208,826;44491,110;61,24760
 809,62;27417,687;  233,211;44386,243;61,56876
 810,18;27378,867;  234,442;44230,759;61,69704
 810,74;27316,201;  198,211;43959,892;61,96743
 811,31;27271,535;  196,058;43819,870;62,06582
 811,87;27168,099;  226,827;43606,387;62,10591
 812,44;27200,357;  248,904;43622,827;62,13746
 813,00;27090,767;  180,673;43488,036;62,13746
 813,56;27161,717;  231,289;43385,168;62,40558
 814,13;27173,205;  220,289;43392,300;62,43146
 814,69;27189,769;  227,443;43199,587;62,74373
 815,25;26851,488;  199,443;42687,026;62,72902
 815,82;26964,745;  241,828;42643,774;63,02285
 816,38;26945,771;  259,290;42468,137;63,22485
 816,94;26691,875;  208,752;42128,731;63,17542
 817,51;26711,670;  204,136;42029,863;63,37615
 818,07;26743,850;  209,367;41633,918;64,05497
 818,63;26685,646;  238,752;41491,666;64,10915
 819,20;26707,057;  230,368;41430,337;64,26386
 819,76;26595,698;  204,368;40967,931;64,74245
 820,32;26715,032;  236,522;40960,986;65,01868
 820,89;26630,751;  235,291;40638,503;65,33010
 821,45;26477,700;  218,061;40251,789;65,59379
 822,01;26407,265;  235,599;40246,998;65,41052
 822,57;26566,984;  240,907;40061,976;66,11092
 823,14;26493,779;  191,753;39737,647;66,51013
 823,70;26478,728;  214,138;39501,702;66,85217
 824,26;26452,293;  212,138;39291,219;67,14629
 824,82;26358,319;  241,062;39129,428;67,15956
 825,39;26276,500;  198,985;38846,484;67,47530
 825,95;26403,372;  232,216;38926,462;67,63578
 826,51;26224,321;  236,216;38433,440;68,03663
 827,08;26342,655;  266,524;38515,496;68,17473
 827,64;26211,605;  243,755;38292,397;68,24908
 828,20;26126,169;  216,678;38005,683;68,56357
 828,76;26264,811;  240,371;38030,739;68,86527
 829,32;26121,837;  251,986;37792,948;68,91100
 829,89;26073,941;  201,448;37665,772;69,05901
 830,45;26153,121;  220,294;37632,212;69,31702
 831,01;26185,455;  226,064;37410,575;69,81238
 831,57;26124,173;  222,448;37370,400;69,72585
 832,14;26260,353;  218,756;37297,763;70,23273
 832,70;26188,226;  207,987;37078,126;70,46417
 833,26;26189,175;  192,064;36960,027;70,70588
 833,82;26242,279;  224,218;36906,621;70,92791
 834,38;26289,612;  212,218;36907,676;71,06436
 834,95;26277,639;  213,219;36740,501;71,35603
 835,51;26278,127;  175,757;36547,787;71,76495
 836,07;26375,691;  216,911;36722,150;71,65761
 836,63;26482,333;  232,988;36602,667;72,17371
 837,19;26389,744;  231,527;36407,184;72,30889
 837,75;26339,155;  185,681;36134,008;72,75296
 838,32;26583,720;  233,835;36273,217;73,11414
 838,88;26596,207;  232,758;36188,427;73,32209
 839,44;26576,695;  221,758;36158,636;73,33675
 840,00;26652,645;  227,297;36141,999;73,57808
 840,56;26424,902;  209,605;35800,285;73,65776
 841,12;26465,236;  206,528;35837,263;73,69679
 841,68;26467,031;  188,144;35643,011;74,11927
 842,25;26719,211;  206,067;35633,297;74,83832
 842,81;26498,084;  197,836;35362,352;74,79201
 843,37;26554,033;  184,606;35338,792;75,01077
 843,93;26564,982;  215,221;35212,694;75,29047
 844,49;26876,009;  220,991;35378,057;75,81696
 845,05;26667,112;  180,299;35056,650;75,94491
 845,61;26798,907;  218,914;35222,090;75,93595
 846,17;26663,088;  200,299;34934,992;76,18547
 846,73;26692,114;  212,299;35009,663;76,09719
 847,29;26558,448;  192,915;34733,179;76,33275
 847,86;26585,397;  203,453;34646,312;76,59627
 848,42;26460,423;  203,684;34463,598;76,63983
 848,98;26527,065;  213,531;34396,961;76,97745
 849,54;26824,322;  197,377;34493,247;77,63893
 850,10;26704,041;  209,608;34229,071;77,88022
 850,66;26594,759;  198,762;34054,973;77,96501
 851,22;26547,863;  190,993;33993,028;77,97421
 851,78;26556,350;  238,455;34161,007;77,58230
 852,34;26453,915;  211,378;33789,293;78,15416
 852,90;26474,326;  208,763;33704,040;78,41572
 853,46;26373,122;  189,147;33454,788;78,71177
 854,02;26402,994;  214,917;33557,766;78,54181
 854,58;26172,020;  201,917;33274,975;78,52344
 855,14;26160,124;  194,148;33157,492;78,77227
 855,70;26144,765;  173,610;33126,009;78,81416
 856,26;26108,945;  214,918;32969,295;79,05517
 856,82;26104,510;  205,072;32896,351;79,22430
 857,38;26164,613;  236,072;32771,714;79,69273
 857,94;26044,563;  215,918;32554,615;79,86916
 858,50;25928,512;  213,687;32529,824;79,57271
 859,06;25844,923;  217,149;32256,803;79,98767
 859,62;25741,949;  222,072;32339,627;79,45772
 860,18;25650,899;  218,150;32068,298;79,85127
 860,74;25574,617;  174,227;31971,199;79,88305
 861,30;25528,490;  193,611;31701,485;80,40809
 861,86;25661,593;  254,765;31807,541;80,52169
 862,42;25412,004;  211,381;31552,519;80,40749
 862,98;25399,030;  232,227;31536,421;80,39435
 863,54;25293,979;  208,458;31374,784;80,48918
 864,10;25445,390;  209,535;31400,762;80,90690
 864,66;25214,263;  191,459;31073,125;81,02802
 865,22;25212,827;  210,151;30889,026;81,49802
 865,78;25069,931;  213,690;30851,466;81,12939
 866,34;25028,726;  192,074;30760,906;81,24829
 866,90;24974,906;  218,305;30572,731;81,55846
 867,45;24815,010;  217,075;30461,555;81,33033
 868,01;24780,113;  217,998;30247,995;81,79193
 868,57;24664,678;  207,229;30112,051;81,78430
 869,13;24576,627;  197,768;29923,644;82,01225
 869,69;24505,192;  216,999;29807,238;82,08177
 870,25;24543,295;  184,460;29727,294;82,45260
 870,81;24511,552;  204,691;29653,118;82,54044
 871,37;24455,578;  218,076;29643,327;82,36974
 871,93;24401,451;  221,922;29397,536;82,87582
 872,49;24298,169;  244,538;29187,130;83,10807
 873,04;24185,657;  198,692;29003,186;83,27508
 873,60;24178,837;  193,923;28900,318;83,55251
 874,16;24202,094;  213,615;28867,681;83,71754
 874,72;24114,325;  205,692;28609,450;84,17419
 875,28;24065,940;  208,846;28673,065;83,81433
 875,84;24036,402;  214,231;28552,912;84,06239
 876,40;24074,940;  201,923;28557,296;84,19222
 876,95;24123,402;  220,692;28496,681;84,53360
 877,51;24136,402;  237,308;28518,835;84,50426
 878,07;24142,402;  247,923;28550,065;84,42640
 878,63;24208,940;  209,615;28544,835;84,69786
 879,19;24237,325;  221,769;28578,758;84,69008
 879,75;24272,171;  201,462;28574,373;84,83694
 880,30;24255,094;  209,077;28549,988;84,84560
 880,86;24437,171;  255,308;28721,450;84,94956
 881,42;24549,479;  197,385;28813,296;85,09984
 881,98;24637,248;  220,615;28887,219;85,17449
 882,54;24774,171;  194,231;28910,604;85,59556
 883,09;24830,325;  218,538;29064,527;85,32135
 883,65;24861,787;  216,077;29103,296;85,31700
 884,21;25008,171;  245,231;29441,296;84,81602
 884,77;25093,556;  205,000;29395,219;85,26334
 885,32;25220,248;  209,462;29559,065;85,21678
 885,88;25493,248;  244,385;29730,604;85,62937
 886,44;25523,940;  215,154;29836,988;85,43963
 887,00;25482,710;  232,308;29849,912;85,25471
 887,56;25702,402;  208,846;30027,450;85,49547
 888,11;25655,325;  209,769;30124,988;85,05890
 888,67;25882,248;  237,231;30223,450;85,52268
 889,23;25960,787;  223,154;30298,604;85,57688
 889,79;25771,633;  199,769;30253,065;85,08838
 890,34;25850,633;  216,846;30059,912;85,89529
 890,90;26008,402;  274,231;30291,604;85,73092
 891,46;25856,402;  202,538;30146,912;85,67173
 892,01;25948,325;  231,769;30075,758;86,16997
 892,57;25972,710;  245,846;30057,988;86,29659
 893,13;25897,787;  210,385;29838,296;86,70001
 893,69;25908,787;  199,692;29730,373;87,05893
 894,24;25870,863;  217,615;29615,604;87,26192
 894,80;25820,479;  217,000;29497,835;87,44108
 895,36;25809,402;  220,462;29399,604;87,69600
 895,91;25737,402;  218,462;29153,219;88,19476
 896,47;25695,940;  227,538;29022,758;88,44663
 897,03;25652,556;  211,462;28863,373;88,79371
 897,58;25620,556;  208,692;28802,142;88,87302
 898,14;25560,556;  231,846;28535,835;89,48813
 898,70;25343,402;  197,769;28365,065;89,27244
 899,25;25423,479;  221,231;28429,065;89,34485
 899,81;25263,556;  229,923;28219,835;89,43806
 900,37;25157,940;  192,385;27963,604;89,89723
 900,92;25188,556;  211,923;28003,604;89,87090
 901,48;25069,094;  206,692;27790,912;90,13270
 902,03;25008,556;  203,462;27661,065;90,33962
 902,59;25112,633;  218,308;27544,219;91,10154
 903,15;25172,787;  230,077;27398,296;91,80841
 903,70;24905,017;  221,000;27221,758;91,41972
 904,26;24912,248;  217,154;27084,219;91,91586
 904,82;24938,248;  217,538;27037,988;92,17112
 905,37;24964,248;  221,462;26837,142;92,96319
 905,93;24959,787;  216,308;26728,988;93,32696
 906,48;24982,863;  221,846;26671,219;93,61665
 907,04;24933,094;  237,308;26514,835;93,98063
 907,60;24754,094;  216,692;26374,681;93,80462
 908,15;24730,325;  201,231;26205,681;94,32653
 908,71;24800,325;  237,538;26267,604;94,36314
 909,26;24614,940;  205,385;25981,681;94,69769
 909,82;24506,940;  228,462;25900,681;94,57102
 910,37;24575,325;  253,923;25834,373;95,07808
 910,93;24430,325;  204,692;25585,604;95,44824
 911,48;24258,094;  210,462;25470,065;95,20194
 912,04;24304,787;  209,231;25410,219;95,61353
 912,60;24389,863;  208,846;25308,296;96,34083
 913,15;24192,863;  223,692;25123,065;96,26416
 913,71;24084,094;  207,769;25001,912;96,29825
 914,26;24038,556;  198,692;24828,142;96,79414
 914,82;23955,094;  215,692;24668,373;97,08302
 915,37;23913,017;  199,923;24706,373;96,76267
 915,93;23809,633;  262,385;24614,912;96,69324
 916,48;23642,940;  198,308;24400,835;96,86853
 917,04;23451,556;  231,077;24325,142;96,37427
 917,59;23557,633;  247,000;24220,681;97,23427
 918,15;23340,402;  182,308;23996,219;97,24607
 918,70;23328,094;  209,000;23922,681;97,49264
 919,26;23287,710;  216,077;23937,912;97,25906
 919,81;23099,940;  200,923;23674,219;97,55348
 920,37;23098,787;  215,923;23668,988;97,56875
 920,92;23110,710;  229,538;23547,758;98,12572
 921,48;23035,402;  198,308;23307,065;98,82441
 922,03;23024,863;  206,231;23291,527;98,84488
 922,59;22984,633;  209,077;23136,835;99,33617
 923,14;22887,479;  209,231;23067,065;99,21433
 923,69;22881,248;  225,769;22942,373;99,73092
 924,25;22985,248;  236,154;22883,912;100,44745
 924,80;22737,787;  211,462;22740,604;99,98749
 925,36;22766,556;  202,538;22577,219;100,84621
 925,91;22644,633;  212,769;22468,065;100,79337
 926,47;22680,479;  191,308;22387,450;101,32018
 927,02;22611,402;  271,923;22344,296;101,21014
 927,57;22489,787;  204,846;22153,296;101,53309
 928,13;22504,094;  204,538;22055,912;102,05105
 928,68;22561,479;  218,231;22060,527;102,29349
 929,24;22325,402;  186,615;21825,142;102,31189
 929,79;22231,633;  215,615;21683,681;102,55240
 930,34;22111,248;  215,769;21595,604;102,41183
 930,90;22093,710;  206,923;21532,065;102,63372
 931,45;22071,710;  221,462;21469,912;102,83220
 932,01;21934,710;  219,923;21300,065;103,01063
 932,56;21898,633;  237,000;21137,296;103,64271
 933,11;21852,017;  231,692;21143,758;103,38685
 933,67;21671,863;  207,154;21000,604;103,22823
 934,22;21635,863;  218,385;20944,142;103,33750
 934,77;21541,094;  244,692;20794,835;103,63141
 935,33;21503,402;  233,923;20679,296;104,03077
 935,88;21435,863;  227,308;20673,373;103,72928
 936,43;21352,556;  207,615;20519,604;104,10079
 936,99;21253,171;  220,462;20415,142;104,14975
 937,54;21253,710;  197,769;20231,373;105,10311
 938,09;21191,787;  223,923;20176,219;105,08998
 938,65;21160,787;  225,000;20036,912;105,67272
 939,20;21088,479;  194,077;19946,219;105,78297
 939,75;20928,017;  206,308;19856,835;105,45117
 940,31;20785,248;  188,385;19670,065;105,72426
 940,86;20826,787;  222,692;19729,527;105,62500
 941,41;20833,556;  293,846;19618,988;106,28491
 941,96;20646,556;  209,154;19461,527;106,15524
 942,52;20560,325;  214,846;19386,835;106,12086
 943,07;20566,248;  190,692;19265,142;106,82120
 943,62;20478,633;  208,077;19205,219;106,70318
 944,18;20423,094;  200,077;19063,604;107,20698
 944,73;20328,710;  219,692;18975,296;107,21605
 945,28;20207,017;  188,000;18780,527;107,67239
 945,83;20248,325;  205,308;18863,219;107,42369
 946,39;20201,325;  199,308;18741,219;107,87462
 946,94;20106,248;  237,231;18735,912;107,40775
 947,49;20176,094;  212,231;18553,065;108,84926
 948,04;20168,710;  239,923;18505,912;109,10325
 948,59;20104,940;  227,615;18510,219;108,72262
 949,15;19946,017;  203,846;18305,912;109,06032
 949,70;19917,787;  199,462;18214,219;109,45651
 950,25;19857,479;  219,462;18168,373;109,41063
 950,80;19762,017;  177,385;18047,527;109,59416
 951,36;19630,710;  179,308;17898,142;109,77811
 951,91;19763,863;  222,769;17929,912;110,35713
 952,46;19523,633;  192,846;17745,065;110,13301
 953,01;19591,171;  220,846;17799,373;110,19311
 953,56;19406,556;  191,615;17549,912;110,69601
 954,11;19400,171;  225,615;17508,450;110,94566
 954,67;19455,479;  204,385;17424,604;111,79355
 955,22;19239,248;  193,692;17275,604;111,49546
 955,77;19280,940;  229,000;17310,065;111,53836
 956,32;19249,633;  250,692;17131,758;112,54586
 956,87;19232,248;  194,000;17058,681;112,88828
 957,42;19185,556;  216,615;16955,988;113,31930
 957,98;19147,017;  200,231;16855,835;113,75623
 958,53;19141,940;  239,538;16839,988;113,86680
 959,08;19044,402;  194,231;16734,527;113,96514
 959,63;19010,017;  204,692;16617,758;114,57534
 960,18;18915,479;  218,231;16544,450;114,52283
 960,73;18932,325;  214,923;16488,681;115,01586
 961,28;18726,325;  179,846;16396,450;114,36722
 961,83;18718,248;  237,308;16379,912;114,48550
 962,39;18631,248;  200,846;16205,604;115,15577
 962,94;18552,248;  214,846;16153,065;115,05302
 963,49;18418,863;  210,846;15995,373;115,35358
 964,04;18437,556;  221,846;15942,065;115,87440
 964,59;18286,940;  189,077;15854,219;115,52952
 965,14;18340,402;  224,538;15794,373;116,35232
 965,69;18160,171;  211,231;15747,604;115,52851
 966,24;18129,402;  194,077;15557,912;116,73730
 966,79;18146,863;  231,308;15477,912;117,50522
 967,34;17956,017;  186,923;15320,373;117,41602
 967,89;18035,940;  196,538;15316,912;117,98255
 968,44;17959,633;  206,846;15234,296;118,13572
 968,99;17899,556;  215,923;15166,373;118,28161
 969,55;17797,325;  209,385;15113,835;118,00463
 970,10;17663,940;  213,923;14937,065;118,52101
 970,65;17537,940;  225,462;14844,758;118,42211
 971,20;17442,325;  200,923;14773,527;118,31380
 971,75;17359,094;  187,308;14650,296;118,72917
 972,30;17377,017;  220,308;14551,912;119,71242
 972,85;17236,325;  207,846;14452,681;119,54143
 973,40;17091,940;  199,231;14321,681;119,61600
 973,95;17070,402;  213,308;14247,527;120,11423
 974,50;16931,325;  230,462;14207,604;119,48697
 975,05;16806,787;  220,462;14089,758;119,59024
 975,60;16783,787;  226,385;13999,373;120,21648
 976,15;16664,402;  200,154;13889,450;120,27096
 976,70;16543,402;  205,692;13797,835;120,19967
 977,25;16599,325;  224,231;13748,912;121,07564
 977,80;16431,171;  213,462;13656,527;120,63997
 978,35;16286,863;  221,231;13471,758;121,24524
 978,89;16259,017;  187,308;13364,835;121,96302
 979,44;16253,017;  207,154;13350,219;122,08616
 979,99;16028,017;  199,000;13129,527;122,41587
 980,54;15933,171;  236,692;13136,604;121,67897
 981,09;15792,402;  224,769;13014,988;121,71514
 981,64;15714,710;  217,846;12926,219;121,94215
 982,19;15642,863;  251,308;12873,912;121,93646
 982,74;15570,325;  232,231;12696,604;123,05548
 983,29;15430,787;  198,077;12508,527;123,73804
 983,84;15302,171;  224,846;12427,912;123,55359
 984,39;15322,710;  276,615;12439,527;123,70471
 984,94;15154,094;  183,615;12264,450;123,91924
 985,49;15086,633;  234,154;12238,065;123,73033
 986,03;15042,402;  235,385;12164,758;124,12234
 986,58;14870,017;  258,692;11932,988;125,15808
 987,13;14772,787;  218,077;11823,835;125,40939
 987,68;14644,556;  233,154;11718,373;125,47781
 988,23;14573,325;  228,077;11645,142;125,64742
 988,78;14356,402;  210,077;11464,912;125,69110
 989,33;14293,017;  230,077;11419,604;125,67949
 989,88;14296,556;  244,615;11347,296;126,56349
 990,42;14185,710;  219,000;11216,296;127,00130
 990,97;14022,248;  221,615;11073,527;127,17237
 991,52;13885,479;  240,538;10990,988;126,92436
 992,07;13734,940;  247,077;10930,142;126,25462
 992,62;13653,940;  221,615;10779,681;127,22335
 993,17;13553,171;  237,231;10697,450;127,30078
 993,71;13333,710;  237,077;10577,527;126,65438
 994,26;13154,402;  216,231;10456,296;126,34852
 994,81;13204,940;  247,077;10420,604;127,36845
 995,36;12942,017;  213,538;10233,604;127,02990
 995,91;12890,633;  227,923;10176,065;127,28718
 996,45;12769,863;  222,769;10066,065;127,46842
 997,00;12628,787;  195,154; 9899,219;128,12808
 997,55;12595,633;  218,308; 9891,912;127,94947
 998,10;12498,094;  255,308; 9752,681;128,90708
 998,65;12384,940;  215,154; 9750,604;127,62677
 999,19;12209,325;  244,154; 9541,373;128,69624
 999,74;12080,710;  259,231; 9471,527;128,32283
1000,29;11993,863;  229,462; 9424,219;127,94684
1000,84;11825,863;  222,692; 9232,373;128,78560
1001,38;11740,863;  229,769; 9152,835;129,00381
1001,93;11665,017;  247,385; 9095,604;129,03876
1002,48;11537,863;  216,538; 8909,296;130,23859
1003,03;11533,633;  233,000; 8920,912;130,07306
1003,57;11445,940;  228,462; 8786,835;131,07022
1004,12;11351,325;  256,769; 8696,835;131,45106
1004,67;11177,940;  214,077; 8553,450;131,47108
1005,22;10958,556;  219,077; 8401,604;131,24893
1005,76;10841,171;  208,385; 8273,450;131,83757
1006,31;10817,325;  244,692; 8266,373;131,80072
1006,86;10645,710;  221,308; 8105,988;132,21083
1007,40;10494,710;  212,077; 7998,296;132,06195
1007,95;10408,017;  225,615; 7913,988;132,43897
1008,50;10306,710;  237,308; 7750,912;134,01561
1009,04;10189,787;  233,385; 7671,988;133,84772
1009,59; 9976,017;  222,923; 7537,296;133,34149
1010,14; 9886,479;  220,615; 7397,142;134,68720
1010,68; 9803,479;  225,308; 7293,604;135,50891
1011,23; 9642,402;  218,077; 7215,988;134,67339
1011,78; 9578,094;  234,769; 7159,988;134,91739
1012,32; 9473,940;  236,077; 7001,219;136,55091
1012,87; 9378,325;  248,154; 6999,988;135,22504
1013,42; 9231,017;  211,538; 6881,988;135,21545
1013,96; 9211,863;  242,154; 6875,912;135,21310
1014,51; 9101,787;  191,615; 6780,681;135,22663
1015,06; 9052,863;  185,308; 6786,142;134,33992
1015,60; 9120,248;  261,769; 6838,373;134,69686
1016,15; 9024,325;  211,077; 6797,604;133,80721
1016,69; 9049,325;  217,462; 6876,142;132,63684
1017,24; 9051,787;  189,769; 6846,988;133,11890
1017,79; 9050,094;  251,846; 6870,373;132,93363
1018,33; 9009,633;  214,077; 6877,758;131,99245
1018,88; 9139,863;  233,385; 6961,835;132,37044
1019,42; 9109,633;  222,231; 6929,988;132,49438
1019,97; 9036,325;  212,385; 6988,450;130,22218
1020,51; 9093,556;  241,462; 7036,988;130,26354
1021,06; 9032,710;  205,692; 6958,681;130,71276
1021,61; 8961,325;  187,385; 6962,758;129,49752
1022,15; 8924,325;  184,154; 6949,373;129,19273
1022,70; 8903,479;  217,231; 6925,373;129,48813
1023,24; 8837,863;  210,615; 6920,758;128,57027
1023,79; 8751,863;  214,846; 6852,604;128,61297
1024,33; 8738,710;  212,538; 6797,988;129,46983
1024,88; 8639,248;  213,846; 6746,835;128,96704
1025,42; 8518,863;  217,000; 6606,527;129,92924
1025,97; 8358,479;  215,385; 6533,373;128,88745
1026,51; 8222,171;  176,769; 6354,142;130,23986
1027,06; 8223,171;  208,308; 6368,527;130,10679
1027,60; 8062,017;  219,077; 6236,373;130,33994
1028,15; 7964,633;  231,846; 6132,219;131,05589
1028,69; 7848,094;  188,538; 5998,219;131,84125
1029,24; 7773,633;  204,231; 5962,065;131,46265
1029,78; 7637,094;  195,462; 5833,758;131,98371
1030,33; 7496,710;  197,462; 5729,065;131,95537
1030,87; 7468,479;  211,231; 5635,527;133,79152
1031,42; 7335,325;  196,615; 5517,988;134,15165
1031,96; 7284,479;  218,077; 5494,142;133,93318
1032,51; 7140,402;  191,692; 5389,988;133,67283
1033,05; 7071,171;  213,231; 5353,835;133,40729
1033,60; 6905,248;  181,846; 5219,450;133,46428
1034,14; 6850,863;  211,385; 5188,296;133,40560
1034,69; 6815,017;  213,308; 5098,758;135,13002
1035,23; 6717,094;  214,692; 5024,065;135,20269
1035,77; 6663,171;  208,154; 4977,296;135,34965
1036,32; 6552,556;  188,462; 4854,527;136,39102
1036,86; 6499,787;  210,077; 4805,373;136,87278
1037,41; 6424,479;  211,615; 4732,912;137,41333
1037,95; 6268,171;  178,769; 4656,988;135,97820
1038,50; 6180,710;  199,308; 4592,758;136,14362
1039,04; 6174,556;  215,846; 4548,527;137,52939
1039,58; 6042,710;  193,154; 4476,450;136,56669
1040,13; 5982,402;  207,769; 4436,758;136,54879
1040,67; 5975,479;  232,769; 4388,835;138,17659
1041,21; 5885,402;  229,385; 4306,527;138,72504
1041,76; 5766,094;  189,385; 4192,681;139,30295
1042,30; 5734,556;  214,385; 4204,296;138,35322
1042,85; 5608,325;  203,538; 4092,604;138,97392
1043,39; 5548,325;  198,000; 4017,988;140,06129
1043,93; 5496,940;  216,385; 4009,142;139,22734
1044,48; 5424,017;  212,231; 3945,142;139,61720
1045,02; 5335,787;  207,308; 3880,527;139,61810
1045,56; 5329,325;  230,923; 3848,758;140,92413
1046,11; 5209,787;  216,231; 3797,758;139,42533
1046,65; 5139,787;  216,154; 3736,373;139,86722
1047,19; 5072,710;  199,385; 3659,296;140,85114
1047,74; 5023,479;  191,000; 3601,219;141,70581
1048,28; 4956,556;  212,000; 3561,988;141,62902
1048,82; 4905,710;  234,077; 3528,142;141,81967
1049,37; 4837,248;  217,385; 3480,604;141,57380
1049,91; 4778,171;  212,692; 3418,527;142,41155
1050,45; 4671,940;  227,308; 3382,527;140,86605
1050,99; 4641,710;  208,308; 3338,758;141,62187
1051,54; 4551,402;  195,538; 3245,219;142,83014
1052,08; 4541,787;  240,385; 3220,527;144,33545
1052,62; 4486,710;  228,231; 3212,219;142,71097
1053,16; 4412,325;  200,462; 3134,296;143,56172
1053,71; 4374,863;  213,077; 3099,527;144,18357
1054,25; 4305,940;  234,462; 3055,065;144,34777
1054,79; 4277,940;  221,615; 3020,758;144,91314
1055,33; 4170,479;  199,000; 2967,065;143,47489
1055,88; 4154,171;  215,308; 2937,219;144,70946
1056,42; 4075,940;  229,692; 2900,758;143,99678
1056,96; 4024,633;  229,692; 2841,527;145,29788
1057,50; 3986,633;  225,846; 2809,988;145,53326
1058,05; 3899,556;  219,154; 2786,527;143,35283
1058,59; 3887,940;  242,615; 2748,373;145,47795
1059,13; 3798,402;  202,231; 2660,296;146,30087
1059,67; 3760,248;  230,846; 2649,835;145,90404
1060,21; 3684,556;  219,462; 2590,296;146,15504
1060,76; 3660,633;  235,538; 2568,450;146,81629
1061,30; 3636,017;  247,385; 2558,373;146,63131
1061,84; 3579,248;  231,385; 2487,373;148,39896
1062,38; 3493,094;  207,615; 2438,604;147,26561
1062,92; 3513,479;  256,538; 2455,604;148,10566
1063,46; 3457,787;  232,308; 2379,065;150,24885
1064,01; 3378,248;  208,846; 2337,296;148,90657
1064,55; 3326,017;  225,077; 2326,296;147,57815
1065,09; 3264,556;  196,231; 2254,681;149,05997
1065,63; 3259,940;  253,538; 2286,604;147,87532
1066,17; 3240,556;  250,154; 2256,758;149,02802
1066,71; 3179,248;  241,231; 2234,988;147,36080
1067,25; 3141,556;  214,769; 2186,681;148,42383
1067,80; 3102,787;  237,077; 2163,912;148,72629
1068,34; 3081,479;  253,692; 2131,450;150,59379
1068,88; 3010,710;  223,077; 2079,450;150,16554
1069,42; 3041,479;  248,154; 2108,988;150,11141
1069,96; 2958,787;  225,385; 2047,065;150,04835
1070,50; 2954,787;  255,615; 2053,219;150,15384
1071,04; 2865,863;  212,615; 1982,988;149,86943
1071,58; 2844,171;  212,846; 1971,373;149,63234
1072,12; 2813,633;  222,769; 1929,527;151,80031
1072,66; 2818,479;  222,154; 1936,219;151,47176
1073,21; 2773,094;  241,846; 1918,912;150,93318
1073,75; 2731,402;  232,615; 1897,142;150,11992
1074,29; 2685,633;  233,846; 1859,296;150,83740
1074,83; 2658,940;  249,231; 1845,758;150,93448
1075,37; 2657,402;  245,923; 1837,296;151,53448
1075,91; 2617,556;  232,846; 1814,758;150,74861
1076,45; 2563,402;  228,923; 1791,065;149,44086
1076,99; 2511,940;  250,154; 1759,065;149,89524
1077,53; 2461,325;  219,077; 1720,296;149,36180
1078,07; 2481,556;  234,692; 1721,450;151,12506
1078,61; 2455,863;  237,538; 1690,988;152,62479
1079,15; 2419,402;  232,077; 1673,373;151,76097
1079,69; 2385,863;  233,462; 1650,604;151,88326
1080,23; 2380,940;  255,308; 1668,373;150,42706
1080,77; 2402,787;  275,615; 1641,758;155,70641
1081,31; 2294,633;  219,615; 1592,065;151,19074
1081,85; 2284,479;  248,846; 1580,296;152,88841
1082,39; 2237,863;  217,231; 1551,219;151,47303
1082,93; 2237,402;  238,385; 1551,912;152,18701
1083,47; 2189,787;  206,615; 1499,912;153,34238
1084,01; 2196,787;  247,538; 1536,835;151,18699
1084,55; 2148,863;  217,308; 1475,912;153,46813
1085,09; 2122,710;  242,769; 1494,065;150,23944
1085,63; 2110,017;  241,615; 1442,296;155,61188
1086,17; 2086,017;  220,692; 1431,450;154,06262
1086,71; 2042,402;  221,462; 1415,681;152,47957
1087,24; 2074,402;  252,154; 1426,527;155,16773
1087,78; 2032,325;  248,769; 1392,450;155,94874
1088,32; 1956,094;  229,462; 1358,450;152,93626
1088,86; 1986,017;  251,385; 1360,758;156,36153
1089,40; 1962,787;  239,385; 1335,912;157,16914
1089,94; 1899,940;  213,846; 1300,912;155,10513
1090,48; 1906,017;  243,615; 1304,912;156,63883
1091,02; 1890,017;  244,769; 1295,450;156,58877
1091,56; 1869,325;  229,615; 1266,296;158,16919
1092,10; 1827,017;  204,923; 1245,758;155,84553
1092,63; 1830,248;  253,154; 1278,758;153,77226
1093,17; 1804,402;  244,846; 1243,373;156,18565
1093,71; 1755,787;  225,000; 1206,450;155,97193
1094,25; 1759,633;  249,846; 1218,142;155,92198
1094,79; 1722,094;  227,000; 1189,758;155,29289
1095,33; 1716,479;  241,846; 1178,604;157,41880
1095,87; 1689,171;  232,846; 1173,219;154,86673
1096,40; 1641,863;  215,769; 1116,835;158,26756
1096,94; 1645,940;  234,385; 1149,450;154,25737
1097,48; 1632,094;  237,385; 1132,758;155,76855
1098,02; 1610,633;  223,923; 1109,912;156,51554
1098,56; 1552,710;  196,769; 1061,681;156,77215
1099,10; 1547,248;  204,615; 1057,065;157,50281
1099,63; 1536,710;  215,692; 1062,758;155,95222
1100,17; 1540,710;  234,692; 1066,835;156,94639
1100,71; 1525,710;  255,154; 1091,373;151,94051

