
Integration time [ms]: 150,000
Averaging Nr. [scans]: 13
Smoothing Nr. [pixels]: 0
Data measured with spectrometer [name]: 2009305U1
Wave   ;Sample   ;Dark     ;Reference;Reflectance
[nm]   ;[counts] ;[counts] ;[counts] ;[%]

 175,72;  215,103;  190,132;  200,215;247,65115
 176,32;  226,184;  212,537;  209,398; 0,00000
 176,92;  262,441;  240,523;  246,931;342,05336
 177,52;  272,823;  243,597;  254,355;271,67780
 178,12;  249,150;  229,152;  207,303; 0,00000
 178,72;  269,674;  252,849;  232,799; 0,00000
 179,32;  256,250;  249,076;  237,582; 0,00000
 179,92;  262,460;  243,991;  238,830; 0,00000
 180,52;  246,287;  222,275;  238,585;147,22717
 181,12;  264,447;  236,989;  245,544;320,95661
 181,73;  290,181;  259,218;  261,188;1572,13262
 182,33;  375,266;  305,438;  322,048;420,39262
 182,93;  283,471;  251,829;  260,704;356,51549
 183,53;  260,744;  236,468;  216,997; 0,00000
 184,13;  240,488;  228,696;  220,426; 0,00000
 184,73;  291,659;  247,009;  263,987;262,98420
 185,33;  262,482;  224,819;  337,237;33,50261
 185,93;  269,545;  231,218;  359,575;29,85935
 186,53;  291,590;  237,595;  371,083;40,44903
 187,13;  303,317;  258,195;  387,732;34,83309
 187,73;  280,245;  232,293;  353,715;39,49222
 188,33;  286,464;  239,916;  359,018;39,08267
 188,93;  288,915;  237,096;  368,697;39,37610
 189,53;  276,622;  240,347;  374,027;27,13591
 190,13;  319,795;  274,917;  385,268;40,66869
 190,73;  258,415;  201,818;  356,279;36,64186
 191,34;  292,298;  254,488;  376,301;31,03978
 191,94;  267,585;  222,464;  351,126;35,07004
 192,54;  281,412;  242,799;  376,716;28,83340
 193,14;  296,088;  249,273;  382,739;35,07601
 193,74;  296,201;  238,353;  370,742;43,69581
 194,34;  290,094;  224,347;  384,949;40,93807
 194,94;  249,660;  207,658;  347,012;30,14021
 195,54;  228,668;  208,665;  323,556;17,41066
 196,14;  251,771;  221,266;  358,142;22,28661
 196,74;  237,123;  217,360;  326,346;18,13324
 197,34;  227,100;  188,411;  346,648;24,44988
 197,94;  263,690;  216,810;  380,939;28,56286
 198,54;  275,068;  223,882;  380,248;32,73479
 199,14;  244,763;  208,790;  385,271;20,38355
 199,74;  243,807;  191,636;  369,845;29,27511
 200,34;  230,881;  181,172;  374,861;25,66427
 200,94;  264,268;  223,028;  415,656;21,40867
 201,54;  238,898;  213,023;  427,137;12,08467
 202,14;  283,293;  226,014;  464,573;24,01041
 202,74;  253,071;  200,252;  463,325;20,07787
 203,34;  226,461;  185,162;  479,739;14,01974
 203,94;  203,665;  165,244;  488,903;11,87092
 204,54;  289,798;  235,039;  562,435;16,72555
 205,14;  229,983;  181,559;  576,916;12,24809
 205,74;  286,835;  230,701;  671,438;12,73646
 206,34;  251,854;  194,169;  685,875;11,73171
 206,94;  254,890;  215,094;  757,208; 7,34091
 207,54;  230,504;  182,862;  784,355; 7,92060
 208,14;  249,029;  198,475;  873,324; 7,49107
 208,74;  254,479;  204,252;  938,934; 6,83644
 209,34;  256,377;  195,328; 1011,164; 7,48308
 209,94;  265,048;  205,174; 1123,507; 6,51986
 210,54;  269,234;  192,165; 1226,730; 7,44943
 211,14;  286,192;  205,483; 1303,898; 7,34780
 211,73;  290,098;  203,717; 1409,795; 7,16212
 212,33;  298,378;  205,567; 1525,775; 7,03000
 212,93;  292,930;  194,638; 1613,402; 6,92801
 213,53;  262,753;  179,098; 1675,970; 5,58863
 214,13;  292,564;  175,695; 1742,806; 7,45760
 214,73;  292,678;  174,399; 1766,035; 7,43128
 215,33;  260,279;  152,482; 1787,353; 6,59362
 215,93;  313,034;  186,394; 1927,042; 7,27545
 216,53;  278,062;  158,869; 2007,592; 6,44734
 217,13;  326,575;  199,319; 2233,334; 6,25639
 217,73;  319,429;  175,778; 2414,805; 6,41577
 218,33;  306,617;  153,693; 2628,112; 6,18017
 218,93;  356,048;  169,678; 2912,939; 6,79372
 219,53;  376,737;  167,385; 3210,609; 6,87928
 220,13;  368,392;  149,305; 3465,937; 6,60571
 220,73;  408,136;  179,174; 3863,885; 6,21383
 221,32;  449,940;  186,406; 4283,242; 6,43262
 221,92;  471,020;  185,383; 4687,246; 6,34486
 222,52;  488,856;  161,469; 5103,094; 6,62509
 223,12;  536,602;  171,853; 5510,123; 6,83272
 223,72;  568,108;  190,776; 5914,697; 6,59219
 224,32;  601,260;  194,698; 6292,512; 6,66734
 224,92;  610,008;  171,698; 6616,110; 6,80139
 225,52;  671,857;  203,478; 6930,628; 6,96251
 226,12;  674,982;  177,550; 7249,713; 7,03366
 226,72;  678,511;  146,705; 7528,234; 7,20455
 227,31;  696,489;  151,628; 7974,755; 6,96474
 227,91;  775,089;  182,326; 8348,712; 7,25858
 228,51;  795,024;  169,642; 8738,909; 7,29796
 229,11;  828,006;  169,090; 9092,406; 7,38420
 229,71;  853,326;  166,869; 9379,272; 7,45144
 230,31;  886,586;  156,926; 9754,900; 7,60223
 230,91;  897,239;  148,109;10108,144; 7,52136
 231,51;  958,099;  148,009;10348,556; 7,94164
 232,10;  978,638;  155,078;10692,052; 7,81591
 232,70; 1017,402;  176,039;10919,334; 7,83152
 233,30; 1074,749;  196,472;11135,244; 8,02903
 233,90; 1071,958;  168,779;11209,765; 8,18024
 234,50; 1104,319;  169,855;11304,278; 8,39257
 235,10; 1106,469;  162,314;11344,802; 8,44316
 235,70; 1152,573;  184,249;11310,322; 8,70320
 236,29; 1168,765;  184,176;11140,663; 8,98636
 236,89; 1155,787;  155,800;10988,084; 9,23154
 237,49; 1204,432;  178,550;10828,742; 9,63253
 238,09; 1196,623;  179,476;10533,337; 9,82384
 238,69; 1231,353;  192,189;10260,331;10,32131
 239,29; 1173,482;  165,555; 9911,930;10,34157
 239,89; 1178,193;  179,415; 9489,409;10,72802
 240,48; 1149,525;  166,553; 9031,704;11,08804
 241,08; 1135,714;  169,479; 8646,037;11,39892
 241,68; 1161,029;  186,553; 8409,762;11,85032
 242,28; 1114,706;  168,165; 7948,262;12,16619
 242,88; 1146,992;  198,926; 7660,687;12,70567
 243,48; 1139,158;  203,396; 7411,476;12,98212
 244,07; 1111,837;  178,634; 7166,695;13,35425
 244,67; 1155,500;  181,398; 6997,933;14,29029
 245,27; 1130,252;  192,717; 6852,026;14,07856
 245,87; 1136,236;  194,312; 6801,895;14,25520
 246,47; 1152,273;  183,486; 6801,889;14,63778
 247,06; 1156,702;  172,247; 6826,344;14,79472
 247,66; 1187,622;  163,014; 6866,614;15,28445
 248,26; 1257,327;  202,562; 7041,249;15,42350
 248,86; 1305,437;  186,485; 7254,652;15,83087
 249,46; 1314,056;  145,624; 7503,906;15,87913
 250,05; 1424,591;  190,169; 7889,710;16,03241
 250,65; 1440,110;  164,564; 8270,849;15,73527
 251,25; 1564,254;  171,864; 8814,860;16,11004
 251,85; 1688,776;  176,338; 9397,037;16,40263
 252,44; 1787,764;  139,099;10123,994;16,51160
 253,04; 1964,443;  176,943;10905,424;16,66126
 253,64; 2043,959;  137,874;11737,933;16,43168
 254,24; 2279,317;  179,862;12806,367;16,62737
 254,84; 2411,825;  167,394;13866,136;16,38421
 255,43; 2610,939;  176,175;14944,188;16,48674
 256,03; 2824,551;  170,642;16088,270;16,67277
 256,63; 3025,919;  180,338;17257,220;16,66335
 257,23; 3182,863;  162,569;18364,107;16,59362
 257,82; 3398,267;  176,422;19503,444;16,67016
 258,42; 3532,942;  135,271;20546,110;16,64641
 259,02; 3793,312;  178,559;21622,495;16,85676
 259,62; 3885,462;  167,273;22478,538;16,66507
 260,21; 4080,698;  165,483;23122,272;17,05472
 260,81; 4154,279;  167,089;23854,565;16,83248
 261,41; 4205,071;  151,038;24482,670;16,66157
 262,01; 4338,707;  202,199;25073,215;16,63184
 262,60; 4389,940;  161,030;25506,953;16,68477
 263,20; 4461,428;  164,025;26023,020;16,61860
 263,80; 4527,576;  192,200;26321,594;16,59195
 264,40; 4513,156;  156,659;26576,391;16,48956
 264,99; 4562,060;  179,816;26860,335;16,42488
 265,59; 4552,710;  162,056;27035,656;16,33817
 266,19; 4549,927;  159,507;27311,014;16,17008
 266,78; 4605,242;  192,128;27420,528;16,20776
 267,38; 4527,883;  174,285;27343,382;16,02408
 267,98; 4498,790;  162,589;27504,598;15,85912
 268,58; 4513,246;  175,516;27608,365;15,81217
 269,17; 4475,926;  167,831;27580,537;15,71569
 269,77; 4410,010;  177,802;27371,459;15,56322
 270,37; 4328,160;  146,355;27289,252;15,40663
 270,96; 4355,103;  209,268;27153,551;15,38670
 271,56; 4249,435;  168,877;26943,972;15,24013
 272,16; 4167,797;  165,962;26656,227;15,10682
 272,75; 4138,896;  169,115;26671,499;14,97896
 273,35; 4120,937;  174,959;26619,473;14,92172
 273,95; 4063,478;  170,807;26709,765;14,66776
 274,54; 4018,614;  152,631;26672,858;14,57749
 275,14; 4112,936;  176,036;27126,112;14,60812
 275,74; 4055,215;  149,731;27178,523;14,44935
 276,33; 4108,669;  199,726;27644,317;14,24304
 276,93; 4165,864;  182,398;28027,892;14,30560
 277,53; 4206,732;  175,253;28642,544;14,16179
 278,12; 4294,433;  156,029;29202,065;14,24774
 278,72; 4405,975;  202,408;29831,622;14,18724
 279,32; 4473,141;  163,255;30551,161;14,18290
 279,91; 4598,737;  152,257;31269,974;14,28922
 280,51; 4685,346;  172,483;31900,029;14,22380
 281,11; 4824,177;  173,026;32722,417;14,28952
 281,70; 4919,694;  148,873;33184,969;14,44124
 282,30; 5037,205;  159,031;33921,280;14,44860
 282,90; 5108,480;  166,262;34344,368;14,46019
 283,49; 5293,596;  181,113;34963,432;14,69851
 284,09; 5408,201;  197,874;35347,804;14,82315
 284,69; 5527,449;  197,486;35640,215;15,03824
 285,28; 5694,773;  189,413;36163,076;15,30386
 285,88; 5851,765;  217,193;36329,932;15,60273
 286,47; 5891,898;  176,031;36407,949;15,77578
 287,07; 6018,866;  198,024;36501,049;16,03404
 287,67; 6194,543;  189,781;36735,707;16,43073
 288,26; 6365,186;  169,178;36604,458;17,00552
 288,86; 6530,618;  161,335;36693,561;17,43470
 289,46; 6829,901;  189,641;36766,813;18,15411
 290,05; 6977,364;  164,172;36951,517;18,52048
 290,65; 7270,646;  175,802;37139,115;19,19429
 291,24; 7526,865;  185,792;37270,942;19,79518
 291,84; 7778,150;  181,338;37490,836;20,36160
 292,44; 8024,563;  182,088;37568,540;20,97678
 293,03; 8382,854;  236,177;37715,587;21,73641
 293,63; 8556,150;  168,031;37877,274;22,24420
 294,22; 8843,957;  191,103;38076,849;22,83934
 294,82; 8985,001;  174,274;38154,415;23,19825
 295,41; 9098,771;  165,412;37648,507;23,83304
 296,01; 9294,513;  207,348;37604,098;24,29935
 296,61; 9331,580;  192,177;37341,859;24,60156
 297,20; 9265,963;  179,270;36941,790;24,71727
 297,80; 9370,834;  187,170;36691,426;25,15779
 298,39; 9354,930;  163,492;36363,498;25,39071
 298,99; 9295,586;  185,421;36098,953;25,36694
 299,58; 9350,841;  189,398;35924,436;25,63714
 300,18; 9290,770;  193,479;35689,019;25,62939
 300,78; 9266,192;  161,021;35344,514;25,87910
 301,37; 9290,733;  187,894;35353,478;25,88565
 301,97; 9352,802;  174,179;35378,411;26,07250
 302,56; 9338,162;  165,801;35274,044;26,12595
 303,16; 9267,517;  166,188;35245,732;25,94483
 303,75; 9284,652;  173,327;35345,506;25,90492
 304,35; 9374,856;  165,161;35547,425;26,02913
 304,94; 9370,109;  183,256;35524,665;25,99459
 305,54; 9363,171;  196,868;35447,627;26,00314
 306,13; 9290,492;  155,699;35446,235;25,88454
 306,73; 9200,684;  160,472;35208,245;25,79397
 307,33; 9224,741;  189,243;35156,388;25,83997
 307,92; 9204,953;  184,946;35073,373;25,85386
 308,52; 9326,265;  166,112;35653,384;25,81250
 309,11; 9515,746;  164,195;36327,898;25,85894
 309,71; 9549,641;  154,968;36541,416;25,81915
 310,30; 9558,470;  156,716;36698,640;25,72868
 310,90; 9682,086;  188,408;37093,025;25,72490
 311,49; 9716,350;  182,178;37234,505;25,73164
 312,09; 9692,407;  137,940;37412,422;25,63273
 312,68; 9844,445;  204,791;37920,970;25,55841
 313,28; 9834,953;  147,485;37972,758;25,61110
 313,87; 9787,768;  140,178;38184,647;25,35872
 314,47; 9873,666;  171,655;38411,991;25,37115
 315,06; 9842,853;  152,792;38546,302;25,23880
 315,66; 9864,868;  158,402;38781,806;25,13105
 316,25; 9768,175;  144,572;38747,406;24,92978
 316,85; 9782,461;  140,017;38808,581;24,93613
 317,44; 9841,624;  159,810;38930,986;24,97168
 318,04; 9723,886;  147,031;38907,617;24,70772
 318,63; 9621,926;  144,549;38927,830;24,43676
 319,22; 9673,976;  170,956;39208,802;24,34310
 319,82; 9627,323;  163,644;39178,715;24,25647
 320,41; 9549,151;  178,494;39075,920;24,09069
 321,01; 9570,013;  176,711;39204,405;24,06830
 321,60; 9484,784;  165,567;39294,277;23,81683
 322,20; 9441,491;  155,023;39291,089;23,72867
 322,79; 9400,326;  196,407;39436,503;23,45539
 323,39; 9356,681;  160,085;39604,053;23,31560
 323,98; 9286,094;  147,560;39494,934;23,22527
 324,58; 9198,968;  163,804;39284,200;23,09579
 325,17; 9125,185;  166,110;39133,707;22,99109
 325,76; 9052,164;  185,255;38999,671;22,84437
 326,36; 8848,441;  147,711;38581,263;22,63837
 326,95; 8769,266;  181,566;38252,395;22,55717
 327,55; 8657,334;  151,106;37809,586;22,58782
 328,14; 8467,822;  159,553;37474,810;22,26507
 328,74; 8343,580;  186,186;37039,701;22,13464
 329,33; 8220,838;  175,788;36642,748;22,06120
 329,92; 8061,130;  160,272;35943,690;22,07966
 330,52; 7833,854;  171,937;35137,821;21,91255
 331,11; 7728,948;  161,643;34755,324;21,87482
 331,71; 7477,121;  170,334;34086,589;21,54362
 332,30; 7406,032;  183,410;33570,742;21,63282
 332,89; 7239,871;  210,250;33036,228;21,41481
 333,49; 7091,969;  179,720;32387,442;21,46147
 334,08; 6933,708;  180,183;31843,461;21,32920
 334,68; 6789,971;  172,952;31475,834;21,13869
 335,27; 6686,423;  182,320;31030,418;21,08429
 335,86; 6671,718;  215,028;30825,017;21,09341
 336,46; 6516,961;  174,628;30597,979;20,84692
 337,05; 6470,234;  161,874;30377,076;20,87810
 337,65; 6360,367;  156,721;30162,881;20,67457
 338,24; 6404,600;  217,945;30239,946;20,60707
 338,83; 6359,050;  180,868;30129,153;20,62950
 339,43; 6308,405;  161,879;30060,737;20,55773
 340,02; 6224,385;  166,650;30022,981;20,28962
 340,61; 6262,920;  160,561;30067,255;20,40466
 341,21; 6273,503;  196,109;30008,855;20,38522
 341,80; 6288,378;  162,106;30026,521;20,51362
 342,40; 6268,073;  167,245;30107,490;20,37668
 342,99; 6295,025;  165,250;30247,382;20,37680
 343,58; 6278,068;  164,480;30459,902;20,17991
 344,18; 6319,979;  178,249;30591,825;20,19404
 344,77; 6377,275;  156,034;30922,762;20,22068
 345,36; 6421,728;  150,335;31247,549;20,16706
 345,96; 6534,705;  184,711;31575,305;20,22897
 346,55; 6557,219;  161,162;31890,538;20,15816
 347,14; 6671,106;  149,783;32300,785;20,28342
 347,74; 6742,471;  135,691;32790,483;20,23219
 348,33; 6912,088;  166,693;33444,952;20,26968
 348,92; 7069,399;  172,148;34068,532;20,34804
 349,52; 7186,864;  147,612;34577,777;20,44501
 350,11; 7211,057;  156,420;34848,993;20,33472
 350,70; 7274,579;  162,408;34867,575;20,49312
 351,29; 7235,527;  158,820;34625,433;20,53206
 351,89; 7256,119;  192,349;34627,158;20,51346
 352,48; 7244,316;  143,408;34673,433;20,56444
 353,07; 7237,950;  164,628;34527,163;20,58440
 353,67; 7254,244;  183,916;34515,501;20,59424
 354,26; 7243,193;  177,091;34249,679;20,73838
 354,85; 7203,109;  167,401;34059,415;20,75919
 355,45; 7169,369;  154,646;33794,812;20,85222
 356,04; 7208,861;  160,165;33763,316;20,97629
 356,63; 7176,496;  195,258;33541,341;20,93571
 357,22; 7201,204;  175,893;33339,341;21,18390
 357,82; 7114,782;  165,813;33181,900;21,04722
 358,41; 7178,000;  187,487;33068,831;21,25981
 359,00; 7110,493;  153,956;32801,246;21,30816
 359,60; 7142,896;  176,176;32797,591;21,35628
 360,19; 7125,815;  171,549;32471,197;21,53047
 360,78; 7128,960;  168,798;32422,094;21,57969
 361,37; 7138,004;  162,721;32090,976;21,84674
 361,97; 7134,407;  174,949;32024,033;21,85136
 362,56; 7091,464;  157,574;31611,065;22,04490
 363,15; 7093,016;  189,491;31292,438;22,19573
 363,74; 7061,644;  170,654;31074,150;22,29841
 364,34; 6997,131;  193,726;30599,009;22,37573
 364,93; 6925,223;  147,729;30140,356;22,59720
 365,52; 6851,871;  146,182;29672,863;22,71061
 366,11; 6862,350;  175,494;29266,832;22,98573
 366,71; 6793,823;  152,341;28884,340;23,11528
 367,30; 6726,014;  166,258;28471,685;23,17490
 367,89; 6797,670;  199,017;28291,871;23,48873
 368,48; 6694,808;  182,808;27907,913;23,48774
 369,07; 6632,964;  170,561;27450,498;23,68921
 369,67; 6635,389;  188,576;27123,380;23,93488
 370,26; 6552,666;  157,638;26812,414;23,99205
 370,85; 6538,476;  172,490;26459,893;24,21687
 371,44; 6543,419;  166,796;26246,057;24,45093
 372,03; 6538,834;  148,495;25986,595;24,73223
 372,63; 6468,936;  144,950;25667,708;24,77783
 373,22; 6435,305;  162,639;25288,362;24,96512
 373,81; 6393,157;  140,490;24996,307;25,15575
 374,40; 6375,217;  157,092;24698,088;25,33770
 374,99; 6371,654;  154,107;24434,586;25,60718
 375,59; 6337,691;  162,093;24141,935;25,75329
 376,18; 6375,214;  193,337;24011,320;25,95466
 376,77; 6366,780;  173,795;23764,470;26,25184
 377,36; 6358,905;  197,798;23723,674;26,18864
 377,95; 6361,064;  172,648;23478,565;26,55298
 378,55; 6353,243;  151,172;23243,482;26,85773
 379,14; 6366,432;  176,336;23182,165;26,90664
 379,73; 6413,689;  181,955;23047,174;27,25421
 380,32; 6442,187;  166,949;23124,003;27,33468
 380,91; 6438,235;  169,038;22977,972;27,48571
 381,50; 6536,815;  178,574;22914,792;27,96525
 382,10; 6521,726;  151,795;22762,695;28,17195
 382,69; 6584,400;  150,875;22799,408;28,40592
 383,28; 6634,242;  184,803;22717,028;28,62318
 383,87; 6638,528;  155,727;22546,164;28,95344
 384,46; 6660,265;  154,659;22469,787;29,15334
 385,05; 6772,342;  183,882;22491,360;29,53476
 385,64; 6779,504;  164,264;22480,755;29,64283
 386,24; 6828,639;  144,582;22454,178;29,96046
 386,83; 6914,355;  177,968;22433,280;30,26867
 387,42; 7015,976;  178,571;22588,441;30,51069
 388,01; 7128,574;  168,822;22854,121;30,67957
 388,60; 7304,856;  170,657;23107,993;31,10300
 389,19; 7367,236;  153,295;23372,136;31,06934
 389,78; 7542,321;  164,600;23604,531;31,47501
 390,37; 7789,952;  211,818;24094,277;31,73097
 390,96; 7906,486;  174,352;24254,924;32,10943
 391,56; 8046,373;  169,067;24427,417;32,47255
 392,15; 8132,011;  165,290;24747,085;32,40903
 392,74; 8255,094;  141,928;25024,560;32,60574
 393,33; 8425,298;  160,069;25349,425;32,81239
 393,92; 8684,049;  172,858;25808,536;33,20057
 394,51; 8729,375;  156,608;25904,940;33,29446
 395,10; 8970,196;  185,494;26214,418;33,74977
 395,69; 9088,544;  179,722;26264,055;34,15392
 396,28; 9234,976;  184,733;26416,431;34,50117
 396,87; 9306,407;  193,060;26610,004;34,49811
 397,46; 9457,302;  180,918;26643,772;35,05436
 398,06; 9598,081;  192,703;26896,519;35,22110
 398,65; 9680,392;  175,124;26941,071;35,51254
 399,24; 9811,313;  186,362;27156,699;35,68717
 399,83; 9907,934;  156,571;27183,427;36,08027
 400,42;10014,822;  204,698;27379,623;36,09991
 401,01;10166,829;  178,985;27448,974;36,62577
 401,60;10231,818;  194,600;27501,975;36,75644
 402,19;10311,557;  203,431;27396,104;37,17224
 402,78;10348,832;  217,987;27449,795;37,20225
 403,37;10351,860;  186,691;27213,132;37,61194
 403,96;10344,841;  194,565;27050,873;37,79476
 404,55;10408,069;  195,913;27001,417;38,09723
 405,14;10401,634;  188,249;26806,278;38,37018
 405,73;10405,278;  202,142;26651,414;38,57624
 406,32;10477,814;  196,457;26587,167;38,95824
 406,91;10399,653;  191,861;26211,143;39,23164
 407,50;10415,904;  192,449;26074,706;39,49986
 408,09;10319,927;  170,561;25796,961;39,60512
 408,68;10335,761;  185,740;25684,533;39,80589
 409,27;10305,511;  176,784;25377,292;40,19255
 409,86;10331,700;  187,094;25237,293;40,49711
 410,45;10349,310;  210,338;25162,907;40,63298
 411,04;10374,007;  212,581;25050,792;40,91046
 411,63;10193,832;  191,035;24743,376;40,74070
 412,22;10181,964;  206,959;24404,003;41,22406
 412,81;10178,731;  208,701;24309,938;41,36730
 413,40; 9991,577;  212,359;23821,447;41,42141
 413,99; 9966,920;  239,062;23472,876;41,86940
 414,58; 9797,999;  196,132;23082,710;41,95414
 415,17; 9749,621;  194,701;22755,050;42,35271
 415,76; 9636,374;  193,731;22715,265;41,92717
 416,35; 9653,651;  176,793;22421,246;42,60324
 416,94; 9668,014;  208,263;22557,940;42,32612
 417,53; 9828,212;  184,237;22802,457;42,63808
 418,12; 9931,137;  184,922;22754,137;43,18367
 418,71;10094,576;  200,127;23279,647;42,87112
 419,30;10213,408;  191,920;23409,981;43,16247
 419,89;10327,356;  184,991;23588,555;43,33684
 420,48;10548,476;  218,511;23927,422;43,56997
 421,07;10591,007;  204,352;23969,855;43,70476
 421,66;10641,580;  179,413;24007,758;43,90639
 422,25;10682,926;  184,844;23930,407;44,21071
 422,84;10680,214;  208,069;23882,123;44,23469
 423,43;10628,561;  197,620;23545,898;44,67542
 424,02;10533,169;  214,537;23274,561;44,74684
 424,60;10315,737;  190,963;22839,359;44,70416
 425,19;10210,981;  207,674;22471,274;44,93122
 425,78;10165,902;  216,056;22494,521;44,66127
 426,37;10137,324;  209,812;22291,593;44,95793
 426,96;10110,906;  215,120;22173,705;45,06568
 427,55;10036,089;  197,330;21911,663;45,30997
 428,14; 9971,341;  197,706;21687,531;45,48029
 428,73; 9862,000;  206,953;21433,120;45,48653
 429,32; 9882,931;  211,122;21494,529;45,44295
 429,91; 9903,768;  235,260;21537,397;45,38750
 430,50; 9903,029;  218,711;21331,536;45,86936
 431,08; 9820,653;  239,393;21097,965;45,93440
 431,67; 9870,640;  285,460;21090,045;46,07244
 432,26; 9759,376;  298,143;20835,162;46,06916
 432,85; 9647,764;  327,300;20417,099;46,39401
 433,44; 9468,625;  327,901;20055,430;46,33486
 434,03; 9331,326;  332,421;19634,071;46,62247
 434,62; 9073,481;  298,593;19130,832;46,59503
 435,21; 9064,641;  323,298;19001,311;46,80018
 435,79; 8966,313;  319,582;18777,497;46,84566
 436,38; 8964,245;  303,410;18671,884;47,15055
 436,97; 8917,033;  296,715;18607,710;47,07728
 437,56; 8803,020;  291,149;18345,798;47,14504
 438,15; 8782,908;  265,848;18310,899;47,19887
 438,74; 8818,882;  284,999;18284,329;47,41223
 439,33; 8811,689;  245,234;18278,669;47,50318
 439,91; 8783,926;  214,606;18330,114;47,30378
 440,50; 8876,738;  254,297;18393,504;47,53483
 441,09; 8922,542;  247,974;18517,537;47,48098
 441,68; 8926,367;  235,265;18523,458;47,52302
 442,27; 8926,233;  224,733;18501,642;47,60925
 442,86; 8920,463;  209,545;18490,843;47,64934
 443,44; 8976,142;  226,706;18550,192;47,74985
 444,03; 9039,956;  274,314;18581,392;47,88117
 444,62; 8988,022;  220,237;18444,268;48,11112
 445,21; 8858,907;  234,087;18215,509;47,96517
 445,80; 8869,784;  249,606;18125,474;48,22243
 446,39; 8758,271;  260,148;17885,945;48,21412
 446,97; 8620,529;  211,358;17582,181;48,40975
 447,56; 8484,783;  214,342;17325,652;48,33319
 448,15; 8440,321;  213,050;17159,637;48,54825
 448,74; 8319,868;  222,202;16871,931;48,63542
 449,33; 8214,249;  219,729;16764,820;48,31959
 449,91; 8122,313;  217,403;16438,366;48,73268
 450,50; 7995,186;  209,253;16264,121;48,49578
 451,09; 7974,227;  231,481;16165,403;48,59284
 451,68; 7902,415;  248,397;16051,556;48,43347
 452,26; 7843,690;  242,465;15911,242;48,51192
 452,85; 7808,070;  218,086;15813,962;48,66661
 453,44; 7773,312;  237,830;15865,544;48,21871
 454,03; 7783,518;  208,075;15877,373;48,34577
 454,61; 7771,508;  211,367;15752,111;48,64723
 455,20; 7826,036;  242,666;15973,352;48,20749
 455,79; 7867,494;  241,681;15972,714;48,47624
 456,38; 7897,524;  240,576;16073,553;48,36076
 456,97; 7919,650;  217,964;16153,995;48,32876
 457,55; 7917,296;  223,185;16145,134;48,32393
 458,14; 7927,445;  245,583;16115,311;48,40576
 458,73; 7852,106;  225,029;15980,854;48,40799
 459,31; 7878,614;  252,091;16072,220;48,20772
 459,90; 7960,867;  255,638;16164,795;48,43267
 460,49; 8020,444;  289,873;16282,396;48,33866
 461,08; 7986,857;  228,929;16359,124;48,09569
 461,66; 8006,659;  236,861;16461,516;47,88884
 462,25; 8059,222;  233,846;16578,633;47,87689
 462,84; 8108,438;  260,235;16507,460;48,30488
 463,43; 8077,596;  197,367;16514,317;48,29474
 464,01; 8090,960;  232,052;16543,003;48,18179
 464,60; 8073,703;  257,450;16469,210;48,21347
 465,19; 7916,647;  208,894;16188,828;48,23395
 465,77; 7920,691;  225,040;16123,436;48,40521
 466,36; 7823,530;  240,983;16074,980;47,88777
 466,95; 7661,989;  225,288;15602,996;48,36027
 467,53; 7472,515;  224,800;15306,523;48,05628
 468,12; 7375,797;  253,721;15003,006;48,28761
 468,71; 7299,864;  239,585;14763,335;48,61196
 469,29; 7106,663;  206,411;14477,809;48,35022
 469,88; 7020,786;  230,019;14246,424;48,44870
 470,47; 7040,109;  282,698;14319,679;48,14006
 471,06; 7034,613;  233,851;14366,506;48,12091
 471,64; 7065,135;  239,163;14453,226;48,02267
 472,23; 7080,120;  210,058;14490,415;48,10848
 472,81; 7104,973;  207,225;14572,663;48,01627
 473,40; 7121,823;  218,288;14763,793;47,46164
 473,99; 7261,537;  291,057;14935,964;47,59661
 474,57; 7261,242;  223,289;15076,042;47,38484
 475,16; 7347,584;  232,991;15271,725;47,30846
 475,75; 7381,887;  257,355;15334,873;47,25269
 476,33; 7434,323;  252,882;15466,668;47,20351
 476,92; 7382,369;  251,208;15534,495;46,65986
 477,51; 7452,923;  243,426;15618,034;46,89224
 478,09; 7459,582;  249,887;15561,607;47,08612
 478,68; 7411,884;  248,729;15492,047;46,99210
 479,27; 7435,765;  267,123;15565,577;46,85861
 479,85; 7410,391;  251,037;15602,036;46,63770
 480,44; 7398,779;  240,416;15826,954;45,92657
 481,02; 8032,975;  245,560;17660,248;44,71751
 481,61; 9001,157;  286,949;19786,441;44,68941
 482,20; 9572,030;  279,945;21021,023;44,80040
 482,78; 9965,375;  302,341;21779,382;44,99239
 483,37;10212,967;  293,776;22356,939;44,95815
 483,95;10317,040;  324,696;22605,309;44,84771
 484,54;10472,115;  323,797;22806,797;45,13774
 485,13;10391,266;  296,761;22721,553;45,01493
 485,71;10240,348;  285,534;22426,882;44,96029
 486,30;10123,776;  327,611;22082,610;45,02949
 486,88; 9957,058;  352,838;21657,447;45,08048
 487,47; 9590,339;  338,220;20740,208;45,34911
 488,05; 9157,047;  328,060;19769,173;45,41400
 488,64; 8520,966;  340,587;18250,832;45,67430
 489,23; 7626,361;  338,365;16000,129;46,53369
 489,81; 6556,049;  315,746;13928,677;45,84100
 490,40; 6189,343;  287,436;13352,669;45,17261
 490,98; 6034,029;  268,816;13123,286;44,84987
 491,57; 5968,832;  306,594;13025,323;44,51890
 492,15; 5870,795;  281,198;12997,225;43,95710
 492,74; 5854,133;  286,059;12893,267;44,16580
 493,32; 5813,107;  291,355;12672,624;44,59763
 493,91; 5737,986;  275,347;12602,208;44,31492
 494,50; 5672,795;  274,942;12564,883;43,92090
 495,08; 5614,027;  254,251;12476,298;43,85334
 495,67; 5597,637;  275,348;12477,872;43,61629
 496,25; 5509,028;  221,260;12350,886;43,59383
 496,84; 5467,956;  223,503;12352,104;43,24038
 497,42; 5456,265;  218,333;12256,581;43,51075
 498,01; 5476,514;  243,116;12223,161;43,68429
 498,59; 5371,999;  197,562;12125,994;43,37902
 499,18; 5338,644;  216,884;12076,905;43,18508
 499,76; 5322,237;  238,952;11975,661;43,31099
 500,35; 5208,052;  227,860;11750,565;43,22069
 500,93; 5148,914;  211,949;11692,446;43,00306
 501,52; 5109,714;  202,331;11652,065;42,86023
 502,10; 5037,701;  231,467;11598,895;42,28075
 502,69; 4961,483;  210,383;11391,854;42,49083
 503,27; 4862,300;  192,941;11174,788;42,51888
 503,86; 4817,476;  199,925;11080,590;42,43814
 504,44; 4693,292;  192,149;10974,360;41,74601
 505,03; 4595,533;  184,302;10694,407;41,97133
 505,61; 4532,933;  195,459;10549,392;41,89204
 506,19; 4451,281;  214,072;10410,597;41,55543
 506,78; 4317,998;  186,519;10185,329;41,31971
 507,36; 4239,051;  206,073;10006,727;41,15009
 507,95; 4167,023;  198,205; 9828,389;41,21228
 508,53; 4126,010;  197,135; 9697,200;41,35630
 509,12; 4024,048;  198,976; 9551,290;40,89973
 509,70; 3988,054;  214,973; 9310,500;41,48282
 510,29; 3903,342;  229,042; 9162,802;41,12825
 510,87; 3781,065;  193,750; 9017,413;40,65562
 511,46; 3721,786;  197,055; 8843,156;40,76672
 512,04; 3646,073;  200,739; 8632,172;40,86296
 512,62; 3600,445;  202,054; 8518,883;40,86162
 513,21; 3486,692;  187,272; 8355,629;40,39270
 513,79; 3422,003;  190,019; 8227,148;40,21317
 514,38; 3308,706;  178,642; 8017,469;39,93026
 514,96; 3301,103;  220,259; 7944,985;39,88290
 515,54; 3199,492;  189,408; 7787,341;39,61715
 516,13; 3164,512;  198,021; 7632,659;39,90095
 516,71; 3092,214;  197,243; 7515,349;39,55903
 517,30; 3038,962;  187,004; 7431,467;39,36742
 517,88; 3016,018;  211,389; 7316,349;39,47424
 518,46; 2910,364;  186,769; 7188,032;38,90148
 519,05; 2916,004;  184,993; 7147,091;39,22683
 519,63; 2871,470;  202,843; 7023,851;39,12364
 520,22; 2839,572;  223,367; 6972,076;38,76601
 520,80; 2816,933;  197,058; 6916,359;38,99029
 521,38; 2799,585;  215,684; 6877,327;38,78774
 521,97; 2736,419;  189,052; 6813,418;38,45451
 522,55; 2726,848;  205,667; 6823,969;38,09408
 523,13; 2716,193;  185,278; 6795,159;38,28988
 523,72; 2681,035;  193,078; 6803,760;37,63541
 524,30; 2764,757;  210,656; 6923,042;38,05056
 524,89; 2698,780;  179,512; 6938,393;37,27345
 525,47; 2759,665;  199,192; 7029,519;37,48684
 526,05; 2731,311;  166,344; 7109,961;36,93993
 526,64; 2789,866;  199,417; 7226,934;36,86152
 527,22; 2806,841;  208,577; 7379,898;36,23133
 527,80; 2856,813;  246,495; 7456,982;36,20169
 528,39; 2863,641;  208,412; 7546,498;36,18421
 528,97; 2895,886;  212,261; 7681,021;35,93133
 529,55; 2970,523;  218,508; 7957,946;35,55832
 530,14; 3041,142;  225,716; 8151,311;35,52320
 530,72; 3043,776;  207,030; 8235,979;35,33147
 531,30; 3050,272;  183,023; 8379,517;34,98141
 531,89; 3096,635;  208,715; 8465,807;34,97502
 532,47; 3144,487;  243,712; 8527,633;35,01694
 533,05; 3115,000;  227,033; 8581,793;34,56672
 533,63; 3146,781;  225,710; 8630,371;34,75538
 534,22; 3126,353;  208,786; 8742,820;34,18742
 534,80; 3170,571;  230,238; 8795,901;34,32697
 535,38; 3225,435;  293,175; 8875,327;34,16695
 535,97; 3132,783;  228,480; 8798,224;33,89020
 536,55; 3175,943;  288,698; 8921,000;33,44698
 537,13; 3129,526;  295,562; 8904,181;32,92007
 537,71; 3179,549;  340,794; 8970,282;32,89599
 538,30; 3187,370;  377,629; 9055,154;32,37952
 538,88; 3211,867;  413,152; 9194,319;31,87179
 539,46; 3303,153;  499,700; 9401,605;31,49274
 540,05; 3311,805;  523,002; 9594,050;30,74401
 540,63; 3362,574;  563,617; 9729,073;30,53811
 541,21; 3442,665;  626,303; 9900,216;30,36865
 541,79; 3472,028;  667,765;10055,813;29,87057
 542,38; 3508,675;  708,388;10269,536;29,28819
 542,96; 3554,974;  726,295;10363,327;29,35217
 543,54; 3647,392;  740,535;10652,365;29,32715
 544,12; 3619,234;  698,301;10748,581;29,06320
 544,70; 3642,258;  665,833;10858,818;29,20072
 545,29; 3696,807;  685,849;11014,388;29,15183
 545,87; 3694,720;  629,765;11055,198;29,39883
 546,45; 3655,731;  583,696;11009,649;29,46527
 547,03; 3671,527;  567,614;11127,023;29,39476
 547,62; 3670,356;  528,379;11208,493;29,41895
 548,20; 3706,624;  515,373;11372,092;29,39424
 548,78; 3746,422;  450,661;11495,258;29,84048
 549,36; 3735,040;  410,509;11679,396;29,50186
 549,94; 3751,078;  368,607;11855,674;29,44591
 550,53; 3808,451;  376,666;12097,097;29,28036
 551,11; 3814,021;  334,657;12216,935;29,28196
 551,69; 3887,337;  337,202;12501,094;29,18585
 552,27; 3932,995;  296,825;12790,811;29,10336
 552,85; 4022,747;  304,811;13195,515;28,84199
 553,44; 4104,590;  282,972;13433,781;29,05995
 554,02; 4161,257;  305,430;13835,849;28,49747
 554,60; 4198,833;  237,425;14204,709;28,36205
 555,18; 4322,710;  273,432;14569,147;28,32512
 555,76; 4392,267;  264,968;14892,512;28,21594
 556,34; 4460,768;  260,187;15332,845;27,86888
 556,93; 4544,435;  237,970;15697,466;27,85644
 557,51; 4623,680;  221,109;16047,051;27,81869
 558,09; 4732,325;  258,124;16418,324;27,68654
 558,67; 4833,562;  244,719;16800,442;27,71756
 559,25; 4891,688;  261,107;17128,753;27,45244
 559,83; 4914,951;  241,021;17387,184;27,25933
 560,41; 5003,837;  231,266;17813,296;27,14460
 561,00; 5119,584;  249,565;18140,768;27,22019
 561,58; 5142,498;  238,190;18356,439;27,06833
 562,16; 5195,362;  220,657;18685,154;26,94200
 562,74; 5238,443;  207,737;19081,991;26,65380
 563,32; 5299,677;  208,329;19538,225;26,33924
 563,90; 5417,573;  235,411;19905,644;26,34520
 564,48; 5464,907;  237,576;20439,133;25,87588
 565,06; 5662,684;  227,720;20938,793;26,24183
 565,65; 5808,038;  230,627;21713,566;25,96205
 566,23; 5987,001;  273,180;22607,140;25,58356
 566,81; 6139,259;  228,492;23335,103;25,58042
 567,39; 6299,695;  242,942;24320,590;25,15509
 567,97; 6468,070;  245,721;25005,669;25,13070
 568,55; 6690,820;  268,022;25850,001;25,10673
 569,13; 6797,605;  231,256;26585,886;24,91535
 569,71; 7010,241;  235,811;27640,195;24,72024
 570,29; 7336,457;  273,432;28665,768;24,87652
 570,87; 7452,408;  265,044;29352,919;24,70914
 571,45; 7583,321;  262,181;30055,757;24,57288
 572,03; 7624,099;  224,632;30470,624;24,46429
 572,61; 7793,150;  223,715;31327,226;24,33627
 573,20; 7972,459;  253,032;32027,968;24,29408
 573,78; 8083,534;  254,329;32685,427;24,14104
 574,36; 8179,669;  251,640;33226,216;24,04285
 574,94; 8302,811;  305,707;33604,119;24,01647
 575,52; 8234,553;  263,541;33830,445;23,74664
 576,10; 8401,537;  323,084;34500,888;23,63655
 576,68; 8463,682;  309,248;35078,867;23,45276
 577,26; 8657,150;  335,381;35790,961;23,47097
 577,84; 8690,965;  336,485;36306,138;23,22647
 578,42; 8808,345;  384,935;36518,897;23,31162
 579,00; 8709,852;  334,252;36645,320;23,06625
 579,58; 8800,019;  366,630;36852,125;23,11436
 580,16; 8701,485;  344,163;36973,943;22,81565
 580,74; 8731,869;  358,239;37133,143;22,76996
 581,32; 8606,182;  346,782;37066,626;22,49301
 581,90; 8599,738;  371,087;37089,091;22,41040
 582,48; 8568,342;  360,856;37180,529;22,29104
 583,06; 8561,865;  360,014;37322,532;22,18964
 583,64; 8516,712;  370,553;37424,563;21,98455
 584,22; 8443,780;  378,538;37125,638;21,94797
 584,80; 8287,103;  381,396;36809,488;21,70223
 585,38; 8179,670;  387,803;36293,496;21,70092
 585,96; 8095,070;  362,097;36459,058;21,42278
 586,54; 8078,047;  389,694;36422,818;21,33690
 587,12; 8078,415;  347,468;36541,899;21,35949
 587,70; 8034,222;  380,096;36677,028;21,08753
 588,28; 7970,526;  365,084;36705,248;20,92847
 588,86; 7964,775;  369,158;36770,767;20,86616
 589,44; 7925,296;  348,914;36820,010;20,77366
 590,02; 7927,147;  348,917;37014,924;20,66827
 590,59; 7882,069;  320,310;37160,428;20,52588
 591,17; 7907,125;  317,516;37303,868;20,52003
 591,75; 7908,015;  305,140;37434,615;20,47666
 592,33; 7907,207;  319,528;37705,801;20,29536
 592,91; 7850,459;  277,981;37923,877;20,11502
 593,49; 7917,671;  283,205;38217,132;20,12569
 594,07; 7884,463;  297,514;38361,434;19,93213
 594,65; 7858,078;  296,155;38398,314;19,84644
 595,23; 7878,994;  302,303;38758,593;19,70209
 595,81; 7850,572;  284,146;38954,921;19,56627
 596,39; 7850,318;  281,760;39093,335;19,50078
 596,97; 7791,976;  286,135;39260,859;19,25823
 597,55; 7790,734;  273,998;39115,873;19,35214
 598,12; 7642,634;  259,202;39098,922;19,01000
 598,70; 7654,973;  262,133;39254,052;18,95993
 599,28; 7668,467;  277,671;39321,963;18,92926
 599,86; 7627,172;  274,749;39440,426;18,77262
 600,44; 7560,793;  241,207;39515,482;18,63710
 601,02; 7606,664;  282,422;39616,161;18,62076
 601,60; 7500,608;  269,216;39502,236;18,43190
 602,18; 7468,042;  250,203;39661,355;18,31420
 602,75; 7430,650;  244,608;39675,875;18,22422
 603,33; 7382,874;  259,901;39672,289;18,07293
 603,91; 7331,847;  245,351;39676,746;17,97171
 604,49; 7336,895;  282,055;39758,714;17,87091
 605,07; 7319,356;  279,986;39803,272;17,81069
 605,65; 7278,792;  304,282;39890,167;17,61868
 606,23; 7285,522;  387,773;40025,080;17,40216
 606,80; 7215,859;  437,070;40050,011;17,11256
 607,38; 7248,915;  502,122;40098,375;17,03897
 607,96; 7227,574;  571,378;40079,467;16,84768
 608,54; 7204,385;  637,359;40204,380;16,59722
 609,12; 7170,507;  650,531;40335,845;16,42919
 609,70; 7172,623;  700,903;40251,509;16,36314
 610,27; 7098,147;  708,917;40433,232;16,08393
 610,85; 7106,052;  718,981;40575,036;16,02535
 611,43; 7017,654;  730,902;40420,543;15,83978
 612,01; 6898,292;  701,372;40137,557;15,71379
 612,59; 6885,535;  677,518;40208,385;15,70423
 613,16; 6777,341;  641,692;40217,118;15,50368
 613,74; 6781,445;  598,286;39968,815;15,70504
 614,32; 6668,780;  538,436;39974,297;15,54510
 614,90; 6614,947;  480,061;39731,370;15,62976
 615,48; 6502,821;  416,613;39369,536;15,62452
 616,05; 6461,332;  381,617;39330,693;15,60939
 616,63; 6393,226;  381,466;39206,696;15,48416
 617,21; 6341,598;  378,533;39107,338;15,39698
 617,79; 6276,131;  358,067;39037,909;15,30012
 618,36; 6211,950;  361,525;38883,254;15,18734
 618,94; 6085,622;  301,535;38613,955;15,09716
 619,52; 6032,917;  324,157;38327,689;15,02166
 620,10; 6001,177;  314,761;38326,851;14,95949
 620,67; 5919,105;  324,081;38167,223;14,78478
 621,25; 5883,520;  342,755;37929,727;14,74119
 621,83; 5821,094;  327,612;37956,541;14,59909
 622,41; 5832,139;  358,920;37911,760;14,57471
 622,98; 5726,556;  323,697;37734,229;14,44208
 623,56; 5720,690;  324,468;37664,988;14,45138
 624,14; 5644,307;  307,828;37492,907;14,35113
 624,72; 5604,897;  311,381;37473,813;14,24427
 625,29; 5576,415;  276,853;37569,514;14,21074
 625,87; 5605,845;  327,221;37491,619;14,20344
 626,45; 5499,440;  283,086;37300,416;14,09166
 627,02; 5500,910;  291,528;37241,156;14,09860
 627,60; 5410,124;  272,822;37121,092;13,94177
 628,18; 5390,815;  264,608;37319,922;13,83393
 628,76; 5372,017;  279,004;37157,968;13,81008
 629,33; 5329,219;  290,769;37264,413;13,62714
 629,91; 5289,254;  288,685;37332,312;13,49914
 630,49; 5319,892;  297,232;37319,303;13,56666
 631,06; 5252,180;  289,926;37498,369;13,33637
 631,64; 5201,747;  279,162;37419,539;13,25400
 632,22; 5132,808;  242,090;37391,443;13,16502
 632,79; 5176,995;  279,705;37615,585;13,11685
 633,37; 5147,588;  246,372;37700,071;13,08607
 633,95; 5134,595;  251,702;37814,623;12,99924
 634,52; 5083,535;  246,689;37818,269;12,87368
 635,10; 5046,904;  250,224;37823,538;12,76619
 635,68; 5094,742;  245,859;38103,259;12,80828
 636,25; 5049,038;  223,943;38018,047;12,76679
 636,83; 5015,863;  217,081;38287,583;12,60499
 637,41; 4985,338;  225,400;38290,841;12,50462
 637,98; 5021,438;  261,016;38412,581;12,47766
 638,56; 5006,722;  246,484;38568,576;12,42165
 639,13; 5000,689;  235,544;38634,342;12,40962
 639,71; 5023,619;  263,157;38782,836;12,35852
 640,29; 4892,473;  203,310;38550,639;12,22813
 640,86; 4936,844;  225,387;38789,375;12,21725
 641,44; 4881,908;  229,617;38793,343;12,06390
 642,02; 4905,586;  254,078;38721,387;12,09211
 642,59; 4892,111;  221,770;38820,893;12,09960
 643,17; 4850,636;  225,001;38917,168;11,95497
 643,74; 4822,007;  229,000;38907,904;11,87471
 644,32; 4803,609;  253,384;38723,179;11,82805
 644,89; 4808,980;  240,999;38803,993;11,84550
 645,47; 4809,121;  264,230;38846,730;11,77967
 646,05; 4749,799;  237,383;38756,466;11,71476
 646,62; 4738,324;  237,921;38734,818;11,69030
 647,20; 4710,926;  248,382;38992,786;11,51791
 647,77; 4677,990;  212,305;38746,368;11,58893
 648,35; 4628,899;  218,459;38627,413;11,48285
 648,92; 4630,963;  239,381;38671,842;11,42675
 649,50; 4590,180;  205,304;38649,886;11,40571
 650,08; 4561,936;  202,765;38515,622;11,37783
 650,65; 4576,461;  215,688;38815,128;11,29750
 651,23; 4646,447;  205,226;39725,249;11,23790
 651,80; 4773,126;  211,379;40740,140;11,25558
 652,38; 4816,189;  229,994;41035,953;11,23903
 652,95; 4816,099;  200,994;41438,613;11,19149
 653,53; 4874,393;  224,609;41620,965;11,23235
 654,10; 4930,380;  244,608;41936,933;11,23893
 654,68; 4857,674;  199,377;41746,746;11,21201
 655,25; 4829,429;  205,454;41875,175;11,09673
 655,83; 4794,185;  207,222;41925,296;10,99515
 656,40; 4851,018;  232,761;41905,494;11,08220
 656,98; 4813,235;  216,375;41790,616;11,05699
 657,55; 4753,529;  217,221;41645,737;10,94972
 658,13; 4685,746;  207,221;41217,089;10,92060
 658,70; 4653,195;  220,759;40803,979;10,92184
 659,28; 4529,950;  216,912;39753,024;10,90911
 659,85; 4424,937;  223,373;39073,145;10,81490
 660,43; 4405,539;  243,835;39164,497;10,69279
 661,00; 4380,294;  229,757;39321,310;10,61748
 661,58; 4390,435;  202,834;39580,816;10,63437
 662,15; 4404,960;  203,756;39919,553;10,57817
 662,73; 4517,715;  255,218;40209,751;10,66837
 663,30; 4503,933;  215,986;40404,949;10,66946
 663,88; 4464,919;  212,524;40518,686;10,55023
 664,45; 4505,752;  203,062;40712,422;10,62147
 665,03; 4534,354;  226,601;41154,236;10,52529
 665,60; 4650,494;  279,139;41493,511;10,60639
 666,17; 4566,942;  212,754;41635,863;10,51150
 666,75; 4580,082;  217,215;42024,292;10,43572
 667,32; 4643,838;  237,907;42340,951;10,46464
 667,90; 4647,978;  218,060;42615,919;10,44845
 668,47; 4700,042;  239,213;42820,348;10,47607
 669,05; 4679,028;  216,598;43170,392;10,38891
 669,62; 4676,322;  189,367;43187,052;10,43534
 670,19; 4691,924;  207,058;43312,019;10,40452
 670,77; 4705,372;  224,904;43501,448;10,35311
 671,34; 4691,128;  224,365;43423,954;10,33983
 671,92; 4709,499;  199,365;43745,383;10,35717
 672,49; 4730,639;  226,441;43806,119;10,33555
 673,06; 4704,164;  179,210;43811,164;10,37073
 673,64; 4686,997;  201,287;43865,670;10,27316
 674,21; 4704,060;  194,056;43734,098;10,35829
 674,79; 4757,739;  216,671;44001,450;10,37134
 675,36; 4769,649;  216,362;44079,110;10,38076
 675,93; 4658,097;  190,977;44003,693;10,19594
 676,51; 4740,776;  221,054;44118,353;10,29613
 677,08; 4746,608;  220,592;44187,551;10,29413
 677,65; 4737,364;  215,976;44371,364;10,23972
 678,23; 4760,735;  210,745;44517,639;10,26926
 678,80; 4751,183;  211,360;44761,607;10,19034
 679,38; 4786,862;  205,821;44852,036;10,26076
 679,95; 4822,848;  211,513;45231,849;10,24278
 680,52; 4828,450;  202,205;45438,893;10,22676
 681,10; 4924,975;  222,589;45787,784;10,32013
 681,67; 4923,962;  216,050;46100,521;10,26036
 682,24; 4920,564;  195,588;46205,411;10,26949
 682,82; 4952,319;  201,511;46817,917;10,19128
 683,39; 5064,998;  239,664;47126,038;10,29155
 683,96; 5063,985;  212,356;47343,390;10,29391
 684,54; 5089,433;  186,279;47763,511;10,30567
 685,11; 5189,034;  232,740;48013,863;10,37291
 685,68; 5194,713;  217,740;48502,831;10,30747
 686,25; 5200,777;  206,662;48512,183;10,33860
 686,83; 5251,840;  196,662;48605,073;10,44277
 687,40; 5283,442;  196,354;49077,040;10,40715
 687,97; 5385,198;  235,507;49342,623;10,48665
 688,55; 5342,030;  194,122;49405,821;10,46074
 689,12; 5350,478;  181,276;49628,327;10,45402
 689,69; 5417,234;  191,737;49692,295;10,55644
 690,26; 5431,913;  197,890;49802,108;10,55157
 690,84; 5403,592;  203,351;50014,922;10,43982
 691,41; 5477,963;  215,966;50113,504;10,54560
 691,98; 5513,257;  211,351;50430,395;10,55756
 692,56; 5484,859;  196,273;50529,285;10,50719
 693,13; 5577,615;  248,657;50528,022;10,59870
 693,70; 5571,447;  219,503;50744,912;10,59258
 694,27; 5604,664;  191,580;50801,495;10,69570
 694,84; 5597,266;  197,195;50965,770;10,63664
 695,42; 5735,484;  278,271;51020,430;10,75479
 695,99; 5677,393;  201,271;51343,782;10,70757
 696,56; 5646,303;  186,886;51076,672;10,72792
 697,13; 5751,443;  207,962;51584,563;10,78989
 697,71; 5710,429;  187,962;51511,992;10,76000
 698,28; 5753,647;  206,731;51882,805;10,73401
 698,85; 5737,249;  175,576;51927,234;10,74685
 699,42; 5783,850;  174,345;51986,509;10,82662
 699,99; 5868,760;  219,806;52201,323;10,86724
 700,57; 5890,362;  209,729;52280,136;10,90952
 701,14; 5906,810;  204,036;52292,719;10,94820
 701,71; 5962,335;  216,267;52670,609;10,95442
 702,28; 5952,783;  201,574;52633,423;10,96892
 702,85; 5986,231;  211,266;52606,006;11,02203
 703,43; 6050,910;  224,189;52929,050;11,05538
 704,00; 6136,589;  234,034;53198,864;11,14429
 704,57; 6082,344;  223,111;53095,908;11,08175
 705,14; 6161,408;  245,495;53353,645;11,13937
 705,71; 6119,702;  244,649;53367,304;11,05941
 706,28; 6130,458;  220,417;53238,964;11,14712
 706,86; 6219,059;  250,494;53553,854;11,19735
 707,43; 6233,738;  267,724;53414,283;11,22559
 708,00; 6272,802;  244,570;53427,251;11,33495
 708,57; 6261,096;  233,646;53352,756;11,34705
 709,14; 6269,621;  257,492;53581,955;11,27462
 709,71; 6289,069;  225,646;53685,460;11,34202
 710,28; 6347,594;  226,799;53803,505;11,42436
 710,86; 6375,349;  242,568;53924,934;11,42420
 711,43; 6446,182;  255,106;53924,055;11,53568
 712,00; 6418,169;  229,567;53946,330;11,52080
 712,57; 6429,617;  237,028;54203,374;11,47491
 713,14; 6500,449;  217,951;54301,880;11,61620
 713,71; 6524,513;  227,489;54103,155;11,68807
 714,28; 6544,115;  216,104;54271,276;11,70658
 714,85; 6493,332;  211,950;54025,859;11,67241
 715,42; 6559,934;  217,026;54141,211;11,76264
 716,00; 6657,305;  262,026;54261,563;11,84321
 716,57; 6608,907;  205,641;54384,992;11,81865
 717,14; 6638,509;  204,256;54324,190;11,88888
 717,71; 6655,264;  192,486;54271,465;11,95063
 718,28; 6712,405;  229,947;54455,587;11,95460
 718,85; 6691,622;  196,178;54518,169;11,95730
 719,42; 6784,762;  219,408;54595,137;12,07405
 719,99; 6764,749;  204,869;54407,873;12,10243
 720,56; 6823,889;  213,023;54775,918;12,11605
 721,13; 6925,799;  199,714;54674,193;12,34722
 721,70; 6887,862;  188,791;54601,237;12,31165
 722,27; 6945,695;  215,791;54490,358;12,39974
 722,84; 7036,296;  251,867;54821,633;12,43258
 723,41; 7010,821;  183,636;54841,524;12,49076
 723,98; 7027,654;  207,712;55051,876;12,43513
 724,55; 7139,948;  230,712;55121,612;12,58722
 725,12; 7159,242;  169,327;54991,964;12,75005
 725,69; 7186,383;  198,327;55265,778;12,68999
 726,27; 7239,754;  196,788;55317,207;12,77742
 726,84; 7301,048;  207,633;55706,405;12,78121
 727,41; 7297,650;  222,095;55589,218;12,77934
 727,98; 7372,867;  228,863;55732,493;12,87124
 728,55; 7451,315;  236,940;55746,845;12,99655
 729,12; 7403,302;  182,555;55905,044;12,95841
 729,69; 7462,211;  218,247;56028,242;12,97969
 730,26; 7497,352;  219,169;56253,440;12,98881
 730,82; 7534,492;  209,631;56127,792;13,09925
 731,39; 7530,478;  213,861;56193,144;13,07022
 731,96; 7662,926;  195,168;56563,573;13,24813
 732,53; 7643,990;  219,014;56825,694;13,11678
 733,10; 7686,130;  226,167;56785,277;13,18968
 733,67; 7808,963;  224,090;57023,936;13,35369
 734,24; 7762,795;  217,090;56686,365;13,36250
 734,81; 7834,167;  233,012;56724,025;13,45551
 735,38; 7794,922;  213,627;56443,916;13,48258
 735,95; 7825,140;  207,396;56287,960;13,58357
 736,52; 7898,049;  221,396;56453,773;13,65166
 737,09; 7880,574;  220,165;56116,202;13,70475
 737,66; 7926,330;  267,010;56330,477;13,66187
 738,23; 7945,162;  218,241;56424,829;13,74736
 738,80; 8065,687;  254,779;56632,335;13,85464
 739,37; 8056,058;  234,855;56827,918;13,82007
 739,94; 8121,122;  225,701;56871,347;13,93827
 740,51; 8284,416;  298,316;56948,699;14,09717
 741,07; 8193,941;  220,316;56881,205;14,07254
 741,64; 8252,466;  253,623;57125,787;14,06460
 742,21; 8280,991;  212,699;57147,678;14,17106
 742,78; 8320,516;  199,084;56899,568;14,32339
 743,35; 8334,656;  218,237;57205,382;14,24254
 743,92; 8472,104;  245,698;57378,734;14,39869
 744,49; 8483,629;  246,390;57169,778;14,47075
 745,06; 8498,077;  209,159;57166,130;14,55295
 745,63; 8498,294;  202,851;57113,098;14,57636
 746,19; 8581,050;  207,004;57070,065;14,72669
 746,76; 8600,190;  228,619;57110,340;14,71751
 747,33; 8672,408;  218,465;57092,077;14,86444
 747,90; 8719,779;  222,695;57362,659;14,87065
 748,47; 8744,842;  226,541;57270,704;14,93282
 749,04; 8798,290;  223,233;57336,671;15,01408
 749,61; 8840,892;  248,156;57303,177;15,06044
 750,17; 8935,725;  242,771;57374,452;15,21565
 750,74; 8934,327;  232,155;57172,035;15,28309
 751,31; 8928,390;  203,462;57141,387;15,32358
 751,88; 8920,915;  197,154;56966,816;15,36694
 752,45; 8939,825;  216,461;57185,860;15,31237
 753,02; 9007,273;  220,538;57013,366;15,47156
 753,58; 9028,028;  208,768;56912,872;15,55313
 754,15; 9076,784;  216,614;57058,916;15,58728
 754,72; 9110,847;  207,844;56827,422;15,72425
 755,29; 9033,834;  193,305;56765,235;15,62706
 755,86; 9146,897;  213,151;56895,818;15,76098
 756,42; 9187,268;  231,997;56734,324;15,84939
 756,99; 9144,101;  197,073;56755,907;15,81898
 757,56; 9121,857;  201,304;56766,566;15,77037
 758,13; 9164,843;  165,688;56598,149;15,94677
 758,70; 9294,291;  199,918;56550,040;16,13905
 759,26; 9327,509;  191,533;56720,392;16,16161
 759,83; 9322,034;  197,533;56890,513;16,09459
 760,40; 9366,866;  190,379;56672,096;16,24683
 760,97; 9317,314;  188,763;56768,448;16,13397
 761,53; 9398,762;  171,762;56355,569;16,42288
 762,10; 9376,672;  170,762;56266,690;16,41101
 762,67; 9421,274;  196,146;56372,042;16,42186
 763,24; 9380,952;  160,069;55795,009;16,57391
 763,80; 9383,862;  193,530;55973,054;16,47618
 764,37; 9398,387;  198,760;55981,944;16,49176
 764,94; 9367,066;  183,914;55437,527;16,62000
 765,50; 9411,129;  172,836;55401,187;16,72745
 766,07; 9481,577;  214,144;55538,769;16,75101
 766,64; 9438,564;  185,297;55075,275;16,85784
 767,21; 9444,166;  187,835;54986,089;16,89165
 767,77; 9477,383;  208,450;55024,210;16,90925
 768,34; 9476,062;  210,911;54825,793;16,96452
 768,91; 9511,510;  204,219;54651,298;17,09420
 769,47; 9594,035;  206,295;54798,574;17,19609
 770,04; 9588,944;  203,910;54673,695;17,22980
 770,61; 9520,392;  198,371;54354,431;17,21326
 771,18; 9547,532;  181,986;54249,322;17,32200
 771,74; 9635,057;  199,370;54329,289;17,43156
 772,31; 9637,736;  207,601;54120,103;17,49156
 772,88; 9619,030;  181,447;53816,839;17,59581
 773,44; 9628,786;  187,600;53627,422;17,66695
 774,01; 9692,542;  207,523;53818,236;17,69240
 774,58; 9614,913;  188,138;53458,972;17,69594
 775,14; 9756,053;  192,522;53523,170;17,93252
 775,71; 9717,578;  188,521;53534,522;17,86274
 776,27; 9792,026;  242,059;53480,028;17,93826
 776,84; 9858,782;  249,598;53518,457;18,03903
 777,41; 9815,230;  209,443;53270,886;18,10314
 777,97; 9797,986;  199,520;52987,853;18,18293
 778,54; 9832,280;  204,366;53033,898;18,22449
 779,11; 9855,266;  226,827;53108,327;18,20758
 779,67; 9897,176;  182,134;52921,140;18,42098
 780,24; 9905,086;  203,903;52669,800;18,49045
 780,80; 9921,303;  210,902;52821,152;18,45724
 781,37; 9966,597;  218,440;52686,581;18,57919
 781,94; 9978,122;  206,363;52458,779;18,70107
 782,50;10011,647;  217,517;52341,516;18,79006
 783,07;10014,787;  228,516;52378,406;18,76566
 783,63; 9999,466;  188,823;52104,143;18,89739
 784,20;10046,299;  227,669;52086,341;18,93344
 784,77; 9974,362;  211,899;51929,770;18,87638
 785,33; 9993,041;  197,822;51675,891;19,02795
 785,90;10046,720;  207,976;51654,166;19,12434
 786,46; 9995,706;  217,667;51504,133;19,06553
 787,03; 9990,077;  199,667;51380,562;19,12903
 787,59; 9993,987;  195,590;51190,453;19,21448
 788,16;10027,204;  219,359;51156,343;19,25486
 788,73;10074,114;  227,820;50990,464;19,39673
 789,29;10025,792;  204,204;50711,739;19,44579
 789,86;10068,625;  228,665;50545,861;19,55586
 790,42;10024,227;  206,588;50398,982;19,56001
 790,99; 9967,367;  226,203;49998,872;19,57131
 791,55; 9977,354;  208,356;50110,840;19,57618
 792,12;10021,648;  230,048;50084,038;19,64055
 792,68; 9962,865;  202,817;49754,159;19,69684
 793,25;10004,621;  225,970;49565,511;19,81910
 793,81;10071,761;  271,585;49114,863;20,06453
 794,38; 9958,825;  186,662;48939,754;20,04419
 794,94;10011,888;  206,508;48784,644;20,18476
 795,51; 9990,105;  225,199;48512,073;20,22269
 796,07; 9989,630;  218,199;48358,810;20,29769
 796,64;10075,001;  229,891;48492,392;20,39909
 797,20; 9972,757;  217,891;47923,206;20,44818
 797,77; 9905,590;  197,505;47510,173;20,51900
 798,33; 9923,422;  207,582;47415,602;20,58091
 798,90;10021,178;  239,966;47346,416;20,76406
 799,46; 9907,395;  213,120;46889,460;20,76914
 800,03; 9922,920;  214,581;46759,658;20,85793
 800,59; 9905,214;  230,811;46522,164;20,89894
 801,15; 9913,355;  227,580;46323,977;21,01200
 801,72; 9850,110;  221,272;46012,099;21,02788
 802,28; 9856,866;  237,656;45618,143;21,19680
 802,85; 9815,930;  220,656;45436,033;21,22126
 803,41; 9801,608;  207,886;45331,385;21,26103
 803,98; 9767,287;  218,809;44886,276;21,37681
 804,54; 9789,735;  213,039;44551,859;21,59890
 805,11; 9751,260;  224,808;44329,749;21,59951
 805,67; 9808,016;  241,346;44320,024;21,70362
 806,23; 9654,618;  220,499;43867,376;21,61465
 806,80; 9745,604;  246,345;43837,497;21,79171
 807,36; 9728,206;  241,191;43769,157;21,79522
 807,93; 9741,500;  244,114;43479,355;21,96677
 808,49; 9683,256;  200,652;43163,630;22,07157
 809,05; 9615,473;  200,651;42896,905;22,05070
 809,62; 9657,537;  223,958;42847,488;22,13233
 810,18; 9656,908;  233,497;42812,609;22,13154
 810,74; 9599,125;  189,881;42538,577;22,21850
 811,31; 9577,496;  201,803;42181,313;22,33397
 811,87; 9611,867;  217,649;42036,435;22,46411
 812,44; 9565,315;  247,649;42077,325;22,27525
 813,00; 9495,763;  171,956;41848,369;22,37190
 813,56; 9617,596;  226,494;41870,952;22,55066
 814,13; 9606,429;  211,186;41698,996;22,64579
 814,69; 9581,569;  223,801;41579,271;22,62764
 815,25; 9507,017;  181,724;41063,008;22,81067
 815,82; 9501,388;  227,569;41071,745;22,70536
 816,38; 9554,528;  250,261;40899,789;22,88899
 816,94; 9455,823;  206,876;40510,218;22,94834
 817,51; 9460,655;  204,337;40277,031;23,09882
 818,07; 9447,949;  200,875;39897,460;23,29438
 818,63; 9432,167;  238,721;39748,582;23,26874
 819,20; 9482,615;  214,182;39803,857;23,41124
 819,76; 9382,678;  200,797;39294,439;23,48689
 820,32; 9428,665;  246,412;39229,253;23,55460
 820,89; 9383,343;  236,335;39002,913;23,59509
 821,45; 9261,791;  208,104;38740,034;23,49658
 822,01; 9324,470;  230,488;38394,232;23,82885
 822,57; 9335,072;  237,488;38379,046;23,85216
 823,14; 9258,828;  199,872;38127,551;23,88481
 823,70; 9265,507;  206,641;37863,211;24,05653
 824,26; 9220,262;  212,332;37758,255;23,99177
 824,82; 9209,249;  226,255;37527,300;24,08242
 825,39; 9124,928;  201,101;37343,575;24,02594
 825,95; 9194,914;  235,024;37312,850;24,16509
 826,51; 9114,670;  231,254;36946,740;24,19528
 827,08; 9178,041;  251,561;37035,477;24,26734
 827,64; 9132,643;  234,484;36870,752;24,28784
 828,20; 9067,629;  203,483;36467,873;24,44311
 828,76; 9115,539;  224,791;36495,764;24,51202
 829,32; 9128,525;  232,406;36356,269;24,62671
 829,89; 9060,589;  206,021;36185,237;24,61023
 830,45; 9097,883;  225,405;36166,050;24,68647
 831,01; 9065,639;  217,712;35972,710;24,74598
 831,57; 9047,317;  215,712;35879,293;24,76365
 832,14; 9032,612;  212,711;35775,876;24,80066
 832,70; 9034,444;  213,711;35542,766;24,96736
 833,26; 9013,508;  181,557;35483,426;25,01837
 833,82; 9091,186;  221,633;35468,239;25,16428
 834,38; 9089,788;  209,787;35471,591;25,18306
 834,95; 9123,313;  198,709;35247,943;25,46305
 835,51; 9061,761;  169,632;35088,680;25,46498
 836,07; 9197,978;  216,324;35091,955;25,75338
 836,63; 9211,580;  239,939;35221,999;25,64641
 837,19; 9157,182;  220,246;35024,505;25,67771
 837,75; 9126,553;  186,015;34664,319;25,93091
 838,32; 9159,078;  228,091;34816,517;25,82074
 838,88; 9233,142;  233,783;34742,407;26,07858
 839,44; 9239,667;  220,937;34653,298;26,19260
 840,00; 9233,730;  211,167;34614,496;26,22584
 840,56; 9136,101;  205,936;34366,771;26,14153
 841,12; 9187,780;  193,089;34337,892;26,34278
 841,68; 9090,382;  193,628;34121,706;26,22239
 842,25; 9156,445;  202,396;34104,596;26,41141
 842,81; 9097,739;  185,088;33903,640;26,43248
 843,37; 9138,111;  189,780;33897,915;26,54650
 843,93; 9161,482;  202,472;33708,267;26,73869
 844,49; 9218,007;  215,933;33858,466;26,75801
 845,05; 9127,839;  175,394;33611,894;26,77447
 845,61; 9213,441;  213,548;33712,093;26,86652
 846,17; 9171,428;  200,470;33464,445;26,96899
 846,73; 9223,337;  211,778;33436,874;27,12275
 847,29; 9228,170;  177,777;33226,072;27,38535
 847,86; 9209,002;  190,008;33213,347;27,31097
 848,42; 9142,989;  183,315;33023,237;27,28287
 848,98; 9144,052;  209,238;32941,820;27,29639
 849,54; 9175,885;  192,776;32965,557;27,41027
 850,10; 9154,179;  210,468;32830,832;27,41757
 850,66; 9095,627;  203,236;32688,799;27,37336
 851,22; 9115,383;  185,236;32603,228;27,54688
 851,78; 9234,446;  237,082;32623,503;27,78129
 852,34; 9116,510;  207,697;32441,086;27,63846
 852,90; 9109,958;  209,235;32433,130;27,62150
 853,46; 9055,483;  182,619;32126,251;27,77663
 854,02; 9090,546;  209,695;32033,911;27,90595
 854,58; 9016,302;  196,772;31826,955;27,88327
 855,14; 9037,058;  192,925;31799,615;27,98184
 855,70; 8976,275;  171,694;31578,967;28,03357
 856,26; 9014,569;  216,386;31527,011;28,09967
 856,82; 8976,940;  194,386;31379,979;28,16222
 857,38; 9051,234;  221,001;31308,023;28,40489
 857,94; 8957,375;  202,770;31158,913;28,28067
 858,50; 8945,669;  214,846;31023,188;28,33915
 859,06; 8942,117;  202,999;30876,464;28,49081
 859,62; 8955,719;  218,076;30840,815;28,53318
 860,18; 8889,859;  202,460;30727,398;28,46000
 860,74; 8867,692;  169,383;30508,673;28,67011
 861,30; 8832,447;  173,152;30297,410;28,74526
 861,86; 8923,511;  232,151;30371,839;28,83693
 862,42; 8852,190;  195,920;30161,499;28,88738
 862,98; 8886,638;  226,458;30138,389;28,95226
 863,54; 8811,547;  211,689;29947,510;28,92087
 864,10; 8829,918;  201,534;29885,555;29,06744
 864,66; 8775,366;  180,765;29683,445;29,13160
 865,22; 8799,122;  201,226;29491,182;29,35442
 865,78; 8760,724;  207,379;29462,149;29,23744
 866,34; 8755,633;  185,686;29448,962;29,28567
 866,90; 8730,620;  214,917;29235,007;29,34416
 867,45; 8688,222;  217,993;29097,128;29,32992
 868,01; 8643,516;  198,916;28806,018;29,51924
 868,57; 8628,272;  193,608;28753,601;29,53314
 869,13; 8558,104;  188,992;28621,261;29,43526
 869,69; 8590,322;  198,376;28442,690;29,71198
 870,25; 8555,770;  185,607;28359,503;29,70893
 870,81; 8554,987;  199,222;28377,240;29,65349
 871,37; 8593,819;  208,914;28227,053;29,92670
 871,93; 8566,883;  216,682;28090,175;29,95750
 872,49; 8539,562;  225,913;27885,065;30,05750
 873,04; 8421,933;  193,451;27726,417;29,88593
 873,60; 8405,919;  182,912;27555,846;30,04065
 874,16; 8370,290;  212,450;27486,737;29,91037
 874,72; 8370,213;  199,912;27366,198;30,07515
 875,28; 8429,137;  199,604;27334,506;30,32822
 875,84; 8382,829;  202,450;27272,890;30,21886
 876,40; 8409,444;  193,450;27196,813;30,42582
 876,95; 8387,213;  214,450;27216,429;30,26728
 877,51; 8420,367;  234,604;27218,583;30,33564
 878,07; 8466,213;  239,988;27130,121;30,59198
 878,63; 8395,829;  203,988;27193,967;30,35141
 879,19; 8437,675;  220,912;27239,198;30,41186
 879,75; 8434,752;  192,450;27197,121;30,52176
 880,30; 8477,137;  204,758;27317,506;30,51103
 880,86; 8582,906;  237,912;27336,121;30,79537
 881,42; 8590,829;  197,450;27405,967;30,84835
 881,98; 8633,752;  216,527;27402,198;30,96199
 882,54; 8653,060;  198,604;27470,506;31,00061
 883,09; 8720,752;  206,527;27703,660;30,96405
 883,65; 8725,521;  195,296;27708,660;31,00393
 884,21; 8840,060;  228,758;27946,044;31,06834
 884,77; 8875,060;  204,988;27952,583;31,24621
 885,32; 8865,213;  213,912;28117,813;31,00391
 885,88; 8975,213;  234,527;28311,506;31,13115
 886,44; 8965,060;  217,912;28428,583;31,00652
 887,00; 9027,137;  223,527;28372,352;31,27523
 887,56; 9069,213;  199,450;28479,198;31,36437
 888,11; 9130,598;  208,450;28520,506;31,51360
 888,67; 9179,598;  241,065;28689,583;31,42003
 889,23; 9245,983;  213,296;28655,967;31,75752
 889,79; 9183,137;  197,065;28553,890;31,68927
 890,34; 9197,598;  206,988;28479,352;31,79999
 890,90; 9309,290;  265,681;28639,121;31,87350
 891,46; 9237,829;  193,835;28515,890;31,93269
 892,01; 9249,983;  226,142;28509,813;31,90477
 892,57; 9307,521;  234,604;28437,583;32,17007
 893,13; 9220,983;  206,219;28268,044;32,12465
 893,69; 9192,598;  201,604;28165,506;32,15214
 894,24; 9159,444;  209,758;28132,583;32,05151
 894,80; 9165,598;  205,912;27885,352;32,36946
 895,36; 9175,060;  205,373;27855,583;32,43985
 895,91; 9084,598;  205,988;27614,813;32,39325
 896,47; 9073,213;  217,065;27472,506;32,49314
 897,03; 9021,444;  202,142;27363,121;32,47049
 897,58; 9005,290;  213,988;27239,967;32,52908
 898,14; 8956,906;  212,527;26987,198;32,65915
 898,70; 8900,213;  186,142;26838,967;32,69474
 899,25; 8908,444;  209,912;26879,967;32,61535
 899,81; 8906,521;  219,065;26623,737;32,90121
 900,37; 8776,060;  186,065;26465,967;32,68655
 900,92; 8810,983;  216,604;26427,737;32,78904
 901,48; 8760,367;  200,604;26243,583;32,86784
 902,03; 8720,906;  204,758;26111,429;32,87241
 902,59; 8745,290;  200,681;26044,429;33,06258
 903,15; 8722,906;  221,142;25880,121;33,13368
 903,70; 8613,829;  211,988;25645,583;33,03442
 904,26; 8607,060;  200,065;25476,967;33,25959
 904,82; 8625,521;  207,373;25477,429;33,31274
 905,37; 8661,213;  208,527;25416,506;33,53179
 905,93; 8575,906;  202,527;25163,275;33,54619
 906,48; 8582,906;  216,219;25196,583;33,49305
 907,04; 8568,521;  218,912;25103,198;33,55374
 907,60; 8506,983;  201,142;24870,737;33,66833
 908,15; 8496,906;  195,450;24776,890;33,77123
 908,71; 8527,367;  226,373;24786,583;33,79855
 909,26; 8461,213;  194,142;24541,275;33,95501
 909,82; 8480,598;  231,373;24423,506;34,09879
 910,37; 8488,521;  239,450;24397,967;34,14560
 910,93; 8413,137;  199,527;24072,660;34,40524
 911,48; 8402,598;  195,758;23940,967;34,56209
 912,04; 8373,521;  202,835;23904,275;34,47338
 912,60; 8348,675;  217,912;23971,198;34,23006
 913,15; 8303,983;  212,681;23703,660;34,44429
 913,71; 8283,906;  198,912;23549,275;34,62470
 914,26; 8254,598;  186,681;23479,044;34,63761
 914,82; 8258,983;  208,681;23381,506;34,74027
 915,37; 8201,983;  199,142;23331,352;34,59609
 915,93; 8261,752;  245,988;23184,506;34,94456
 916,48; 8171,983;  199,988;22971,660;35,00838
 917,04; 8166,367;  210,988;22972,429;34,95112
 917,59; 8168,983;  237,450;22837,121;35,09579
 918,15; 8066,137;  181,219;22698,660;35,01693
 918,70; 8058,060;  202,835;22527,813;35,18581
 919,26; 7980,290;  207,912;22469,198;34,91433
 919,81; 7956,521;  193,527;22327,813;35,07226
 920,37; 7940,060;  204,604;22292,198;35,02172
 920,92; 7919,829;  219,604;22185,275;35,05572
 921,48; 7860,598;  180,988;21954,583;35,27029
 922,03; 7860,983;  202,065;21903,275;35,29258
 922,59; 7827,983;  211,527;21778,044;35,31611
 923,14; 7809,367;  190,296;21626,506;35,54300
 923,69; 7802,829;  219,758;21634,890;35,40987
 924,25; 7827,521;  217,681;21612,967;35,56784
 924,80; 7735,290;  206,988;21365,044;35,58126
 925,36; 7705,752;  199,835;21306,890;35,56118
 925,91; 7668,906;  197,296;21106,275;35,73398
 926,47; 7682,137;  185,835;21047,737;35,93297
 927,02; 7691,367;  231,988;20960,967;35,98527
 927,57; 7599,367;  198,527;20768,429;35,97898
 928,13; 7585,367;  194,065;20773,044;35,91676
 928,68; 7590,444;  195,142;20646,198;36,16098
 929,24; 7463,213;  167,527;20560,044;35,77629
 929,79; 7456,213;  192,373;20347,583;36,03952
 930,34; 7472,367;  206,604;20201,660;36,33780
 930,90; 7469,290;  195,835;20170,813;36,41283
 931,45; 7445,983;  208,450;20132,890;36,32490
 932,01; 7414,906;  217,527;20027,660;36,33181
 932,56; 7438,829;  223,296;19909,660;36,65244
 933,11; 7440,829;  221,219;19879,967;36,72467
 933,67; 7370,137;  191,450;19720,352;36,75929
 934,22; 7356,213;  205,142;19620,506;36,83202
 934,77; 7344,367;  232,681;19444,813;37,01664
 935,33; 7308,983;  211,142;19370,890;37,04558
 935,88; 7226,675;  210,758;19290,121;36,77228
 936,43; 7238,213;  198,758;19198,506;37,05026
 936,99; 7214,598;  208,681;19154,429;36,97884
 937,54; 7149,752;  182,373;18937,121;37,14995
 938,09; 7148,983;  208,835;18955,967;37,01978
 938,65; 7103,675;  204,835;18792,583;37,11499
 939,20; 7073,213;  194,142;18692,583;37,18730
 939,75; 7052,521;  189,681;18526,506;37,42655
 940,31; 6989,290;  180,988;18508,890;37,14720
 940,86; 7038,521;  213,758;18515,890;37,28944
 941,41; 7042,521;  266,065;18363,967;37,44332
 941,96; 6948,137;  194,912;18281,352;37,33861
 942,52; 6949,983;  203,450;18204,121;37,47934
 943,07; 6861,367;  182,604;18020,198;37,44206
 943,62; 6841,367;  193,604;17966,583;37,40377
 944,18; 6836,906;  185,065;17922,506;37,50169
 944,73; 6841,906;  203,912;17782,121;37,76263
 945,28; 6719,367;  169,219;17654,198;37,46157
 945,83; 6751,137;  200,681;17652,737;37,53401
 946,39; 6716,060;  196,912;17571,352;37,52149
 946,94; 6728,829;  215,450;17483,813;37,71856
 947,49; 6674,444;  197,065;17310,583;37,84949
 948,04; 6705,906;  215,912;17365,352;37,84377
 948,59; 6649,752;  218,681;17219,583;37,82782
 949,15; 6573,521;  190,296;17170,198;37,59283
 949,70; 6591,137;  198,835;17130,583;37,75335
 950,25; 6570,829;  209,450;16972,583;37,94863
 950,80; 6504,521;  169,835;16890,967;37,88431
 951,36; 6492,906;  172,527;16792,429;38,02898
 951,91; 6552,829;  223,450;16823,660;38,12831
 952,46; 6453,829;  177,219;16559,890;38,31249
 953,01; 6453,829;  215,604;16637,044;37,98829
 953,56; 6407,137;  187,604;16461,506;38,21783
 954,11; 6429,675;  210,065;16424,967;38,35737
 954,67; 6402,752;  194,758;16345,198;38,43854
 955,22; 6342,137;  173,912;16176,275;38,54571
 955,77; 6376,367;  228,065;16179,275;38,54442
 956,32; 6386,983;  230,835;16075,044;38,85425
 956,87; 6269,521;  178,527;15911,352;38,71520
 957,42; 6272,060;  194,988;15917,044;38,65316
 957,98; 6245,213;  188,988;15866,583;38,62981
 958,53; 6259,137;  207,142;15799,275;38,81441
 959,08; 6217,060;  177,296;15693,198;38,92628
 959,63; 6198,137;  186,065;15516,660;39,21617
 960,18; 6196,829;  218,835;15501,583;39,11596
 960,73; 6156,060;  203,219;15409,506;39,14723
 961,28; 6118,983;  173,988;15315,967;39,26167
 961,83; 6180,521;  204,912;15248,967;39,72074
 962,39; 6044,675;  182,296;15129,660;39,22015
 962,94; 6038,290;  201,373;15013,890;39,40530
 963,49; 5974,752;  197,219;14919,429;39,24365
 964,04; 6008,675;  208,296;14945,275;39,35935
 964,59; 5921,675;  181,219;14808,660;39,24443
 965,14; 5948,983;  213,373;14730,044;39,51050
 965,69; 5898,983;  195,219;14640,198;39,48613
 966,24; 5863,906;  189,758;14549,121;39,51532
 966,79; 5836,829;  200,988;14442,813;39,57246
 967,34; 5763,675;  177,527;14339,583;39,44447
 967,89; 5796,906;  195,681;14250,506;39,85268
 968,44; 5745,367;  195,296;14176,660;39,69621
 968,99; 5705,290;  207,527;14135,429;39,47302
 969,55; 5687,290;  205,373;14071,044;39,53590
 970,10; 5676,598;  206,296;13912,198;39,91202
 970,65; 5670,137;  217,681;13907,506;39,82853
 971,20; 5595,829;  193,527;13790,352;39,73208
 971,75; 5543,290;  177,835;13628,890;39,88873
 972,30; 5551,444;  199,835;13557,275;40,06463
 972,85; 5497,829;  189,758;13473,429;39,95937
 973,40; 5453,060;  184,219;13359,813;39,98939
 973,95; 5436,983;  199,758;13315,429;39,93105
 974,50; 5418,213;  212,142;13243,890;39,94914
 975,05; 5354,598;  208,142;13165,660;39,71792
 975,60; 5366,598;  224,604;13072,506;40,02205
 976,15; 5364,213;  197,219;12927,967;40,58673
 976,70; 5321,906;  206,142;12858,506;40,43326
 977,25; 5319,675;  194,450;12788,813;40,69459
 977,80; 5270,060;  195,219;12644,813;40,76310
 978,35; 5214,752;  204,219;12540,967;40,61470
 978,89; 5183,137;  178,527;12450,813;40,77977
 979,44; 5202,752;  204,296;12422,198;40,91092
 979,99; 5127,521;  185,758;12276,967;40,87071
 980,54; 5139,213;  225,065;12236,660;40,91171
 981,09; 5131,983;  209,527;12088,506;41,43837
 981,64; 5062,752;  206,912;11949,967;41,35074
 982,19; 5091,290;  239,450;11931,737;41,49608
 982,74; 5027,367;  210,758;11798,429;41,56668
 983,29; 4926,906;  184,142;11617,506;41,48179
 983,84; 4896,444;  219,065;11568,121;41,21381
 984,39; 4965,367;  240,758;11510,583;41,92265
 984,94; 4783,137;  175,758;11372,044;41,15096
 985,49; 4791,829;  230,835;11327,583;41,10208
 986,03; 4806,060;  224,219;11275,583;41,45950
 986,58; 4751,675;  242,373;11063,583;41,67096
 987,13; 4681,906;  208,835;10939,890;41,68342
 987,68; 4633,675;  219,604;10854,813;41,50432
 988,23; 4636,521;  211,681;10841,506;41,62665
 988,78; 4533,060;  194,912;10671,967;41,40618
 989,33; 4528,829;  219,681;10563,890;41,65759
 989,88; 4534,367;  227,527;10520,890;41,84094
 990,42; 4403,060;  211,450;10375,275;41,24047
 990,97; 4393,829;  203,142;10289,890;41,54646
 991,52; 4405,675;  225,988;10217,737;41,83138
 992,07; 4378,983;  230,604;10136,352;41,87850
 992,62; 4309,213;  216,219; 9983,890;41,90348
 993,17; 4319,290;  221,835; 9908,813;42,29859
 993,71; 4264,213;  214,527; 9817,198;42,17250
 994,26; 4227,521;  196,373; 9653,121;42,62721
 994,81; 4226,675;  235,835; 9617,660;42,53800
 995,36; 4155,444;  199,373; 9485,737;42,60086
 995,91; 4141,675;  218,835; 9448,275;42,50356
 996,45; 4134,060;  214,142; 9340,813;42,95013
 997,00; 3993,213;  184,681; 9150,429;42,47869
 997,55; 4009,290;  208,988; 9169,967;42,40945
 998,10; 3975,829;  229,604; 9089,044;42,28512
 998,65; 3943,675;  205,373; 9029,121;42,36637
 999,19; 3919,213;  215,373; 8894,967;42,67297
 999,74; 3873,675;  242,296; 8762,044;42,62308
1000,29; 3851,521;  232,835; 8710,121;42,68685
1000,84; 3777,829;  213,758; 8553,044;42,73832
1001,38; 3724,444;  209,758; 8480,967;42,49302
1001,93; 3716,521;  231,988; 8406,813;42,62517
1002,48; 3642,060;  203,758; 8258,890;42,68461
1003,03; 3657,213;  219,758; 8212,813;43,00553
1003,57; 3615,829;  226,758; 8075,967;43,17723
1004,12; 3626,137;  237,296; 8028,967;43,49311
1004,67; 3512,521;  203,988; 7882,967;43,08558
1005,22; 3478,906;  196,604; 7774,813;43,31237
1005,76; 3433,137;  204,681; 7639,044;43,42612
1006,31; 3434,829;  227,681; 7628,967;43,33231
1006,86; 3391,598;  204,142; 7511,660;43,61886
1007,40; 3342,675;  194,065; 7386,890;43,77431
1007,95; 3323,444;  203,988; 7306,429;43,92090
1008,50; 3249,137;  217,219; 7167,813;43,62098
1009,04; 3229,829;  205,912; 7082,890;43,97160
1009,59; 3198,598;  219,373; 6953,121;44,24319
1010,14; 3113,367;  197,912; 6873,352;43,67436
1010,68; 3075,290;  204,219; 6744,429;43,89876
1011,23; 3050,444;  206,219; 6656,275;44,09613
1011,78; 3027,906;  225,604; 6608,121;43,90590
1012,32; 2982,829;  215,604; 6441,660;44,44588
1012,87; 2948,675;  238,065; 6444,737;43,67252
1013,42; 2909,444;  204,835; 6326,967;44,17757
1013,96; 2924,444;  237,450; 6327,813;44,11878
1014,51; 2849,675;  171,681; 6230,352;44,20102
1015,06; 2857,906;  177,988; 6256,352;44,08945
1015,60; 2918,290;  252,604; 6295,044;44,11606
1016,15; 2851,983;  197,681; 6269,506;43,71506
1016,69; 2892,598;  216,065; 6256,506;44,31022
1017,24; 2867,906;  188,296; 6288,275;43,92818
1017,79; 2916,290;  227,373; 6344,275;43,95881
1018,33; 2895,906;  195,835; 6289,121;44,31223
1018,88; 2975,213;  223,988; 6397,044;44,56828
1019,42; 2974,521;  207,373; 6400,813;44,67869
1019,97; 2962,675;  197,527; 6365,352;44,83182
1020,51; 3004,675;  224,450; 6421,583;44,86309
1021,06; 2962,752;  194,450; 6384,506;44,72176
1021,61; 2956,290;  173,527; 6343,044;45,10504
1022,15; 2923,521;  163,142; 6336,044;44,71769
1022,70; 2958,906;  201,065; 6300,660;45,21351
1023,24; 2939,444;  187,758; 6260,890;45,30918
1023,79; 2907,675;  204,758; 6231,429;44,84926
1024,33; 2894,983;  205,527; 6160,660;45,16198
1024,88; 2886,752;  209,373; 6086,044;45,55945
1025,42; 2848,521;  204,604; 5979,198;45,78533
1025,97; 2802,444;  200,604; 5867,429;45,91355
1026,51; 2719,060;  166,527; 5755,352;45,67208
1027,06; 2730,983;  195,604; 5744,352;45,69281
1027,60; 2707,290;  203,912; 5648,506;45,97916
1028,15; 2692,829;  218,296; 5564,121;46,28907
1028,69; 2593,521;  169,758; 5437,275;46,01339
1029,24; 2601,213;  188,912; 5351,275;46,72863
1029,78; 2535,444;  185,527; 5272,967;46,19056
1030,33; 2463,983;  167,604; 5179,890;45,81500
1030,87; 2459,829;  193,373; 5130,660;45,90489
1031,42; 2408,290;  180,758; 5067,044;45,58743
1031,96; 2415,598;  212,758; 4997,044;46,04324
1032,51; 2349,213;  187,065; 4863,352;46,23643
1033,05; 2335,060;  196,604; 4838,967;46,06395
1033,60; 2271,829;  169,065; 4713,737;46,26877
1034,14; 2239,829;  191,604; 4675,275;45,68187
1034,69; 2235,752;  190,296; 4616,352;46,21396
1035,23; 2207,367;  196,373; 4544,352;46,25124
1035,77; 2179,137;  194,527; 4494,967;46,14899
1036,32; 2140,906;  169,065; 4391,583;46,69822
1036,86; 2130,906;  188,988; 4386,121;46,26771
1037,41; 2104,598;  197,527; 4290,737;46,59109
1037,95; 2049,213;  180,758; 4230,967;46,13232
1038,50; 2024,367;  183,296; 4153,660;46,37034
1039,04; 2036,060;  204,219; 4115,813;46,83104
1039,58; 1979,367;  189,296; 4045,737;46,41771
1040,13; 1976,906;  194,835; 3970,352;47,20071
1040,67; 1974,444;  217,373; 4019,121;46,21745
1041,21; 1949,521;  211,604; 3888,813;47,26185
1041,76; 1864,675;  173,835; 3826,429;46,29149
1042,30; 1879,444;  194,142; 3779,737;47,00203
1042,85; 1842,060;  185,527; 3745,890;46,52707
1043,39; 1784,444;  178,296; 3636,737;46,44140
1043,93; 1824,906;  213,450; 3621,198;47,28800
1044,48; 1785,906;  205,988; 3581,967;46,79879
1045,02; 1734,521;  193,219; 3506,737;46,51558
1045,56; 1777,521;  204,912; 3465,044;48,23760
1046,11; 1712,829;  216,373; 3425,198;46,63563
1046,65; 1685,983;  205,065; 3362,506;46,90246
1047,19; 1665,906;  190,681; 3293,583;47,54340
1047,74; 1633,060;  177,065; 3243,737;47,47800
1048,28; 1631,521;  204,142; 3213,275;47,43489
1048,82; 1637,444;  223,373; 3201,813;47,47690
1049,37; 1609,675;  202,065; 3160,429;47,58069
1049,91; 1597,752;  185,065; 3091,121;48,61182
1050,45; 1575,060;  216,450; 3058,660;47,80118
1050,99; 1557,367;  201,912; 2995,121;48,52682
1051,54; 1495,906;  194,219; 2923,121;47,70001
1052,08; 1525,675;  214,912; 2922,737;48,40651
1052,62; 1480,752;  215,912; 2894,890;47,21353
1053,16; 1446,367;  186,912; 2828,967;47,66954
1053,71; 1459,675;  213,758; 2817,352;47,85374
1054,25; 1433,829;  207,373; 2756,660;48,10977
1054,79; 1428,137;  214,065; 2717,737;48,49164
1055,33; 1365,829;  175,835; 2641,737;48,25797
1055,88; 1378,598;  217,450; 2661,506;47,50907
1056,42; 1366,829;  216,142; 2625,352;47,76199
1056,96; 1364,598;  207,219; 2577,890;48,82073
1057,50; 1347,444;  201,450; 2529,737;49,22050
1058,05; 1300,675;  199,758; 2471,429;48,46288
1058,59; 1318,752;  218,296; 2455,813;49,18200
1059,13; 1252,598;  180,373; 2373,506;48,89011
1059,67; 1256,598;  207,142; 2385,506;48,17634
1060,21; 1234,829;  205,373; 2340,660;48,21160
1060,76; 1235,290;  216,065; 2322,121;48,39497
1061,30; 1234,213;  220,527; 2277,813;49,27299
1061,84; 1211,675;  208,296; 2218,967;49,90268
1062,38; 1168,906;  194,758; 2194,121;48,72291
1062,92; 1204,367;  246,758; 2213,044;48,70143
1063,46; 1165,290;  221,296; 2156,198;48,78770
1064,01; 1118,675;  209,681; 2098,583;48,12289
1064,55; 1112,060;  204,912; 2108,890;47,64486
1065,09; 1087,444;  180,373; 2029,429;49,05591
1065,63; 1126,829;  233,604; 2072,352;48,57789
1066,17; 1127,290;  231,604; 2022,737;50,00671
1066,71; 1087,521;  224,373; 2022,044;48,01479
1067,25; 1074,983;  200,219; 1979,044;49,17648
1067,80; 1071,444;  226,065; 1946,737;49,13076
1068,34; 1086,752;  236,681; 1938,275;49,95734
1068,88; 1027,290;  210,450; 1876,660;49,02387
1069,42; 1033,060;  220,912; 1896,583;48,46703
1069,96; 1012,829;  200,681; 1846,737;49,33904
1070,50; 1036,367;  242,296; 1859,506;49,10131
1071,04;  987,060;  205,988; 1786,583;49,41630
1071,58;  977,521;  209,681; 1761,352;49,48474
1072,12;  970,137;  211,219; 1761,660;48,94850
1072,66;  970,137;  209,835; 1735,275;49,84147
1073,21;  958,752;  219,373; 1725,583;49,08871
1073,75;  934,752;  218,912; 1705,429;48,15554
1074,29;  942,290;  221,604; 1684,198;49,27454
1074,83;  950,521;  239,142; 1675,737;49,51843
1075,37;  948,752;  227,450; 1641,121;51,02332
1075,91;  931,367;  223,835; 1628,198;50,38102
1076,45;  908,213;  211,681; 1604,967;49,99206
1076,99;  912,983;  226,912; 1582,198;50,62185
1077,53;  879,444;  208,527; 1560,890;49,61072
1078,07;  875,444;  224,835; 1555,737;48,88487
1078,61;  860,444;  217,219; 1501,429;50,08723
1079,15;  853,290;  213,065; 1495,198;49,93438
1079,69;  854,213;  214,450; 1501,275;49,71643
1080,23;  860,213;  233,373; 1483,813;50,12957
1080,77;  881,598;  244,835; 1483,660;51,40060
1081,31;  831,829;  205,758; 1431,890;51,06064
1081,85;  840,752;  233,219; 1446,506;50,07331
1082,39;  797,598;  209,219; 1399,660;49,42531
1082,93;  816,983;  223,988; 1395,583;50,61430
1083,47;  779,675;  199,758; 1354,506;50,22024
1084,01;  790,752;  219,835; 1361,429;50,01053
1084,55;  767,906;  207,527; 1308,583;50,89468
1085,09;  776,675;  227,065; 1340,890;49,34434
1085,63;  782,675;  221,065; 1299,813;52,06124
1086,17;  763,752;  211,912; 1295,583;50,92323
1086,71;  727,983;  216,988; 1274,967;48,29910
1087,24;  769,137;  234,219; 1299,429;50,21709
1087,78;  761,290;  234,527; 1262,506;51,24264
1088,32;  723,137;  196,835; 1212,967;51,79461
1088,86;  739,060;  230,527; 1244,967;50,12938
1089,40;  722,752;  218,835; 1197,813;51,47377
1089,94;  691,137;  194,988; 1189,583;49,88447
1090,48;  719,213;  222,296; 1186,967;51,51158
1091,02;  713,290;  228,527; 1184,044;50,73309
1091,56;  700,367;  213,912; 1171,121;50,82019
1092,10;  679,521;  202,758; 1125,813;51,65056
1092,63;  708,521;  237,450; 1137,121;52,36037
1093,17;  688,444;  224,527; 1105,275;52,67310
1093,71;  654,598;  224,450; 1095,506;49,38238
1094,25;  676,675;  240,065; 1105,583;50,44493
1094,79;  640,290;  218,065; 1076,044;49,21159
1095,33;  675,444;  216,065; 1064,660;54,13410
1095,87;  666,598;  215,681; 1059,352;53,44705
1096,40;  614,213;  202,450; 1031,813;49,64813
1096,94;  622,290;  222,065; 1030,890;49,48227
1097,48;  650,752;  221,065; 1028,121;53,24124
1098,02;  618,060;  212,988;  994,890;51,80588
1098,56;  591,367;  182,835;  967,967;52,03359
1099,10;  582,213;  192,527;  949,506;51,47918
1099,63;  588,060;  202,758;  952,044;51,42251
1100,17;  611,521;  229,373;  969,429;51,63774
1100,71;  637,521;  239,681;  972,813;54,26581

