
Integration time [ms]: 130,000
Averaging Nr. [scans]: 13
Smoothing Nr. [pixels]: 0
Data measured with spectrometer [name]: 2009305U1
Wave   ;Sample   ;Dark     ;Reference;Reflectance
[nm]   ;[counts] ;[counts] ;[counts] ;[%]

 175,72;  206,932;  211,381;  192,948; 0,00000
 176,32;  235,618;  234,842;  207,323; 0,00000
 176,92;  263,681;  270,150;  240,090; 0,00000
 177,52;  265,422;  273,381;  239,099; 0,00000
 178,12;  239,552;  246,611;  209,348; 0,00000
 178,72;  267,304;  275,303;  241,854; 0,00000
 179,32;  254,148;  257,996;  239,202; 0,00000
 179,92;  260,960;  260,842;  234,033; 0,00000
 180,52;  245,602;  254,151;  241,318; 0,00000
 181,12;  265,659;  266,996;  232,456; 0,00000
 181,73;  281,859;  281,227;  262,561; 0,00000
 182,33;  384,318;  379,920;  321,769; 0,00000
 182,93;  273,621;  276,535;  250,076; 0,00000
 183,53;  247,498;  245,534;  216,568; 0,00000
 184,13;  254,434;  242,073;  217,799; 0,00000
 184,73;  295,133;  279,073;  252,053; 0,00000
 185,33;  258,898;  249,762;  314,214;14,17475
 185,93;  271,249;  244,454;  344,643;26,74407
 186,53;  284,668;  261,685;  356,123;24,33648
 187,13;  308,830;  279,224;  389,171;26,92758
 187,73;  277,712;  252,223;  351,695;25,62375
 188,33;  264,953;  246,761;  336,731;20,21944
 188,93;  287,699;  270,607;  347,227;22,30727
 189,53;  284,295;  250,760;  358,725;31,06120
 190,13;  322,483;  285,606;  388,439;35,86090
 190,73;  258,819;  231,222;  327,192;28,75602
 191,34;  293,235;  263,299;  357,002;31,94767
 191,94;  267,814;  239,146;  335,061;29,88922
 192,54;  291,835;  256,762;  366,038;32,09554
 193,14;  294,969;  264,531;  366,396;29,88083
 193,74;  284,580;  273,916;  354,594;13,21820
 194,34;  284,293;  265,762;  354,530;20,87524
 194,94;  254,553;  232,377;  322,296;24,66143
 195,54;  233,439;  210,839;  301,272;24,99156
 196,14;  260,446;  232,147;  335,114;27,48382
 196,74;  245,424;  223,839;  329,599;20,40933
 197,34;  233,458;  198,301;  330,897;26,51443
 197,94;  257,724;  224,685;  353,820;25,58455
 198,54;  265,977;  246,532;  363,993;16,55449
 199,14;  244,289;  218,993;  354,060;18,72849
 199,74;  235,860;  220,763;  356,467;11,12498
 200,34;  243,545;  203,147;  367,321;24,60698
 200,94;  269,263;  235,916;  403,317;19,92020
 201,54;  250,070;  217,686;  399,962;17,76661
 202,14;  281,941;  251,994;  440,238;15,90879
 202,74;  257,464;  222,070;  445,442;15,84517
 203,34;  246,070;  188,378;  454,350;21,69094
 203,94;  221,639;  177,532;  451,045;16,12626
 204,54;  281,629;  247,916;  546,265;11,29994
 205,14;  248,897;  197,532;  540,400;14,98091
 205,74;  302,237;  244,148;  631,073;15,01303
 206,34;  269,978;  215,532;  641,247;12,78925
 206,94;  287,568;  205,686;  700,909;16,53435
 207,54;  251,121;  181,455;  730,299;12,69311
 208,14;  278,183;  204,147;  823,109;11,96123
 208,74;  294,962;  210,455;  870,683;12,79975
 209,34;  287,171;  206,224;  945,448;10,95019
 209,94;  324,560;  218,686; 1044,896;12,81445
 210,54;  310,524;  205,917; 1122,029;11,41860
 211,14;  332,958;  227,301; 1215,927;10,68720
 211,73;  332,549;  208,686; 1322,595;11,11972
 212,33;  347,385;  240,378; 1410,755; 9,14293
 212,93;  346,514;  220,070; 1512,714; 9,78178
 213,53;  336,533;  191,224; 1553,629;10,66561
 214,13;  361,962;  212,609; 1623,963;10,58225
 214,73;  338,556;  179,840; 1635,545;10,90307
 215,33;  335,560;  186,840; 1665,665;10,05666
 215,93;  374,003;  212,148; 1797,785;10,20759
 216,53;  333,596;  162,532; 1829,547;10,26168
 217,13;  405,471;  215,686; 2081,777;10,17019
 217,73;  414,605;  191,840; 2263,369;10,75367
 218,33;  389,093;  157,455; 2411,882;10,27481
 218,93;  441,361;  191,071; 2667,125;10,10842
 219,53;  483,587;  200,840; 2986,520;10,15002
 220,13;  493,263;  160,609; 3250,400;10,76622
 220,73;  548,624;  186,224; 3571,404;10,70549
 221,32;  598,501;  190,301; 3954,221;10,84507
 221,92;  655,928;  198,917; 4337,672;11,04224
 222,52;  704,693;  180,301; 4739,010;11,50308
 223,12;  763,251;  185,763; 5086,232;11,78434
 223,72;  830,206;  195,609; 5410,102;12,16987
 224,32;  880,011;  199,225; 5793,259;12,16986
 224,92;  939,456;  182,148; 6080,709;12,83887
 225,52;  992,754;  213,686; 6416,624;12,55966
 226,12; 1018,969;  194,917; 6676,864;12,71304
 226,72; 1077,696;  166,378; 7024,124;13,28888
 227,31; 1145,833;  160,532; 7292,958;13,81439
 227,91; 1259,201;  202,224; 7644,542;14,20225
 228,51; 1310,731;  185,147; 8013,278;14,37870
 229,11; 1381,992;  200,147; 8357,714;14,48771
 229,71; 1423,850;  177,147; 8604,525;14,79349
 230,31; 1502,671;  166,686; 9018,666;15,09249
 230,91; 1564,133;  169,224; 9283,096;15,30534
 231,51; 1654,743;  173,532; 9566,512;15,76934
 232,10; 1741,033;  173,532; 9827,739;16,23645
 232,70; 1832,523;  188,839;10045,222;16,67634
 233,30; 1925,368;  213,301;10216,100;17,11588
 233,90; 1915,352;  183,917;10313,320;17,09317
 234,50; 1991,351;  177,609;10387,160;17,76515
 235,10; 2030,841;  177,378;10371,017;18,18254
 235,70; 2080,699;  205,917;10341,167;18,49765
 236,29; 2115,583;  200,840;10300,208;18,95904
 236,89; 2094,023;  176,070;10197,605;19,13831
 237,49; 2147,423;  188,455; 9980,204;20,00631
 238,09; 2115,747;  178,070; 9710,863;20,32643
 238,69; 2113,940;  234,839; 9357,445;20,59829
 239,29; 2031,279;  177,840; 9144,055;20,67137
 239,89; 1999,654;  198,532; 8798,386;20,94364
 240,48; 1920,577;  175,917; 8374,928;21,27891
 241,08; 1872,859;  178,378; 8018,282;21,61355
 241,68; 1849,973;  204,609; 7718,722;21,89698
 242,28; 1721,126;  178,224; 7401,229;21,36094
 242,88; 1727,610;  212,917; 7117,139;21,93864
 243,48; 1688,237;  215,224; 6848,335;22,20697
 244,07; 1603,493;  199,378; 6639,146;21,80381
 244,67; 1551,324;  201,455; 6516,462;21,37557
 245,27; 1541,472;  204,224; 6362,210;21,71567
 245,87; 1505,988;  207,917; 6335,486;21,18411
 246,47; 1459,488;  191,916; 6289,376;20,78853
 247,06; 1445,964;  185,763; 6305,934;20,59094
 247,66; 1433,013;  188,763; 6411,097;19,99652
 248,26; 1462,025;  206,686; 6527,985;19,85888
 248,86; 1466,014;  208,147; 6664,652;19,48216
 249,46; 1408,096;  161,994; 6913,796;18,45584
 250,05; 1483,129;  210,224; 7291,267;17,97623
 250,65; 1513,389;  182,070; 7691,864;17,72777
 251,25; 1542,342;  181,840; 8147,203;17,08023
 251,85; 1604,476;  193,070; 8702,254;16,58686
 252,44; 1633,100;  168,763; 9345,441;15,95717
 253,04; 1727,547;  207,993;10067,404;15,41222
 253,64; 1737,759;  147,224;10766,320;14,97807
 254,24; 1872,635;  203,301;11682,090;14,54277
 254,84; 1916,788;  176,840;12705,719;13,88750
 255,43; 2033,788;  176,916;13737,685;13,69296
 256,03; 2111,856;  195,609;14730,466;13,18380
 256,63; 2219,084;  187,070;15829,825;12,99013
 257,23; 2251,771;  177,609;16779,992;12,49316
 257,82; 2376,379;  185,916;17783,780;12,44732
 258,42; 2397,125;  153,762;18700,370;12,09581
 259,02; 2527,430;  205,763;19669,798;11,92799
 259,62; 2525,654;  169,070;20421,967;11,63579
 260,21; 2573,493;  194,147;21097,331;11,38270
 260,81; 2582,290;  194,532;21597,433;11,15623
 261,41; 2625,850;  169,993;22157,676;11,16924
 262,01; 2706,325;  207,147;22748,846;11,08691
 262,60; 2674,002;  170,762;23102,530;10,91603
 263,20; 2708,894;  175,532;23584,528;10,82217
 263,80; 2759,285;  205,147;23879,471;10,78864
 264,40; 2709,870;  173,224;24055,961;10,62125
 264,99; 2759,112;  200,377;24220,941;10,65227
 265,59; 2765,392;  184,531;24467,531;10,62826
 266,19; 2772,548;  180,147;24649,956;10,59429
 266,78; 2851,393;  222,916;24848,551;10,67374
 267,38; 2829,863;  195,608;24816,165;10,69941
 267,98; 2847,919;  189,762;24848,905;10,77960
 268,58; 2865,232;  195,839;24940,461;10,78777
 269,17; 2910,913;  181,531;24983,268;11,00480
 269,77; 2916,196;  192,839;24772,860;11,07955
 270,37; 2916,226;  163,147;24639,797;11,24778
 270,96; 2958,371;  229,378;24597,197;11,19917
 271,56; 2948,068;  189,609;24291,813;11,44484
 272,16; 2987,455;  179,224;24192,882;11,69431
 272,75; 2998,603;  186,224;24124,972;11,74823
 273,35; 3029,937;  193,301;24014,541;11,90801
 273,95; 3071,405;  196,147;24076,610;12,04021
 274,54; 3117,242;  179,686;24099,199;12,28100
 275,14; 3215,300;  209,301;24508,774;12,37064
 275,74; 3214,248;  167,455;24560,168;12,49059
 276,33; 3392,787;  209,839;24882,419;12,90075
 276,93; 3451,713;  206,301;25322,757;12,92146
 277,53; 3577,845;  181,840;25886,769;13,21150
 278,12; 3685,522;  170,070;26405,205;13,39979
 278,72; 3907,434;  241,070;26945,425;13,72946
 279,32; 4037,637;  178,301;27541,851;14,10393
 279,91; 4186,551;  173,301;28344,062;14,24615
 280,51; 4356,055;  180,147;28901,233;14,53952
 281,11; 4525,997;  193,609;29598,128;14,73375
 281,70; 4666,176;  166,916;30068,420;15,04693
 282,30; 4839,452;  182,993;30660,121;15,27854
 282,90; 5013,197;  183,378;31073,604;15,63543
 283,49; 5250,815;  202,532;31595,487;16,08094
 284,09; 5440,481;  211,532;32086,440;16,40459
 284,69; 5615,735;  228,455;32323,541;16,78537
 285,28; 5789,526;  213,609;32735,570;17,14508
 285,88; 6049,892;  261,301;32977,903;17,69313
 286,47; 6116,396;  186,147;33023,734;18,05933
 287,07; 6325,990;  215,839;33022,366;18,62480
 287,67; 6525,468;  201,917;33216,566;19,15377
 288,26; 6662,634;  176,609;33106,870;19,69625
 288,86; 6874,812;  181,609;33210,495;20,26470
 289,46; 7137,384;  208,916;33389,570;20,88105
 290,05; 7389,079;  184,993;33462,103;21,64877
 290,65; 7673,653;  190,839;33629,258;22,37789
 291,24; 7969,102;  189,763;33785,062;23,15604
 291,84; 8171,699;  201,070;33964,286;23,60743
 292,44; 8440,596;  199,994;34141,427;24,27889
 293,03; 8736,171;  272,147;34230,787;24,92451
 293,63; 8963,797;  197,685;34400,592;25,62973
 294,22; 9256,081;  209,763;34544,018;26,34779
 294,82; 9475,849;  190,070;34496,117;27,06747
 295,41; 9591,945;  167,147;34216,190;27,68007
 296,01; 9753,302;  223,454;34195,349;28,05215
 296,61; 9797,370;  216,993;33936,995;28,41155
 297,20; 9816,330;  197,762;33474,693;28,90461
 297,80; 9917,927;  200,455;33318,386;29,34203
 298,39; 9867,092;  176,455;33028,407;29,49790
 298,99; 9997,079;  213,455;32871,131;29,95812
 299,58; 9968,523;  211,224;32623,055;30,10413
 300,18;10016,305;  215,763;32509,117;30,34848
 300,78; 9941,111;  190,301;32214,004;30,44873
 301,37; 9988,851;  195,070;32126,385;30,67140
 301,97;10026,907;  200,686;32206,558;30,70131
 302,56;10046,077;  196,378;32148,633;30,82630
 303,16;10071,444;  177,301;32013,108;31,07866
 303,75;10046,664;  193,840;32091,394;30,88897
 304,35;10167,673;  179,455;32340,781;31,05661
 304,94;10187,655;  188,993;32421,637;31,02030
 305,54;10158,270;  210,686;32223,221;31,07403
 306,13;10112,129;  163,917;32220,717;31,03308
 306,73;10085,341;  179,224;32008,602;31,12256
 307,33;10115,926;  205,147;31931,508;31,23831
 307,92;10093,495;  207,147;32024,491;31,07220
 308,52;10225,834;  166,070;32480,556;31,13082
 309,11;10389,344;  189,378;32991,653;31,09530
 309,71;10430,949;  162,762;33219,121;31,06267
 310,30;10523,653;  179,224;33394,708;31,14339
 310,90;10616,192;  239,609;33790,554;30,92784
 311,49;10638,950;  208,070;33953,991;30,91005
 312,09;10594,783;  154,609;34191,359;30,67324
 312,68;10834,302;  247,532;34603,398;30,81503
 313,28;10763,802;  165,147;34732,952;30,66048
 313,87;10760,205;  161,455;34760,508;30,63306
 314,47;10870,722;  183,839;35066,507;30,63666
 315,06;10846,612;  179,840;35199,173;30,45967
 315,66;10844,859;  174,070;35420,128;30,27513
 316,25;10729,302;  164,993;35215,825;30,13997
 316,85;10738,361;  154,686;35386,734;30,03991
 317,44;10705,655;  174,301;35475,865;29,83254
 318,04;10654,521;  166,301;35543,769;29,64661
 318,63;10503,965;  156,532;35554,416;29,23178
 319,22;10563,536;  189,224;35795,729;29,13600
 319,82;10520,324;  183,762;35842,151;28,98774
 320,41;10418,454;  185,685;35683,281;28,82665
 321,01;10314,355;  202,763;35821,003;28,38880
 321,60;10246,457;  191,455;35859,769;28,19029
 322,20;10169,320;  172,840;35910,416;27,97190
 322,79;10134,773;  202,378;36108,679;27,66198
 323,39;10055,391;  179,148;36041,073;27,53963
 323,98; 9920,193;  166,224;36093,837;27,14895
 324,58; 9851,919;  174,378;35831,062;27,14089
 325,17; 9719,212;  180,762;35710,794;26,84616
 325,76; 9629,310;  202,532;35594,397;26,63544
 326,36; 9400,869;  167,070;35235,794;26,33058
 326,95; 9237,683;  198,532;34873,320;26,06837
 327,55; 9108,968;  174,147;34474,655;26,04865
 328,14; 8915,492;  176,840;34147,576;25,72406
 328,74; 8740,276;  202,916;33722,225;25,46998
 329,33; 8553,437;  198,224;33357,913;25,19690
 329,92; 8338,708;  173,916;32751,963;25,06225
 330,52; 8138,572;  195,763;32112,634;24,88593
 331,11; 7924,003;  180,993;31755,044;24,52333
 331,71; 7685,628;  183,532;31077,216;24,28359
 332,30; 7530,117;  201,532;30612,868;24,09820
 332,89; 7331,733;  254,070;30058,042;23,74738
 333,49; 7112,229;  197,609;29569,903;23,54130
 334,08; 6912,422;  181,839;29110,919;23,26580
 334,68; 6732,907;  181,993;28674,128;22,99201
 335,27; 6586,764;  199,763;28409,849;22,64084
 335,86; 6503,695;  254,532;28140,736;22,40952
 336,46; 6348,205;  195,532;27863,851;22,23725
 337,05; 6228,141;  178,762;27691,647;21,98744
 337,65; 6084,300;  175,070;27563,711;21,57548
 338,24; 6065,477;  225,763;27593,781;21,33773
 338,83; 5972,217;  209,070;27415,200;21,18327
 339,43; 5873,435;  170,839;27443,827;20,90932
 340,02; 5773,153;  174,685;27263,196;20,66731
 340,61; 5772,450;  182,993;27356,129;20,56979
 341,21; 5716,814;  214,532;27403,763;20,23699
 341,80; 5629,482;  187,455;27284,599;20,08340
 342,40; 5608,620;  195,763;27448,053;19,86203
 342,99; 5537,118;  183,686;27617,581;19,51393
 343,58; 5539,437;  182,378;27680,452;19,48158
 344,18; 5521,387;  210,147;27856,488;19,21137
 344,77; 5488,513;  166,685;28189,448;18,99109
 345,36; 5505,913;  169,609;28526,705;18,81823
 345,96; 5533,991;  211,686;28806,771;18,61266
 346,55; 5525,216;  178,225;29074,229;18,50426
 347,14; 5494,414;  167,994;29463,955;18,18141
 347,74; 5474,633;  149,763;29876,856;17,91252
 348,33; 5616,773;  173,225;30568,928;17,90894
 348,92; 5659,663;  185,917;31059,996;17,72926
 349,52; 5684,173;  167,840;31620,908;17,53830
 350,11; 5699,255;  180,378;31791,797;17,45849
 350,70; 5664,195;  172,686;31869,073;17,32535
 351,29; 5550,839;  169,608;31602,155;17,11993
 351,89; 5469,336;  197,070;31617,378;16,77980
 352,48; 5431,094;  149,455;31620,556;16,78250
 353,07; 5359,812;  187,224;31515,576;16,51089
 353,67; 5306,545;  184,840;31464,461;16,37393
 354,26; 5217,729;  184,455;31280,768;16,18608
 354,85; 5187,847;  190,301;31114,405;16,16068
 355,45; 5044,901;  166,609;30942,398;15,85107
 356,04; 5013,378;  177,609;30814,766;15,78400
 356,63; 4970,277;  208,762;30512,861;15,71244
 357,22; 4881,202;  187,454;30393,972;15,53886
 357,82; 4824,186;  187,608;30237,852;15,42942
 358,41; 4793,170;  204,301;30159,735;15,31899
 359,00; 4656,597;  166,762;29906,256;15,09721
 359,60; 4642,084;  194,147;29894,429;14,97608
 360,19; 4602,822;  204,378;29604,748;14,96050
 360,78; 4515,976;  179,455;29502,546;14,78876
 361,37; 4455,085;  178,839;29229,646;14,71989
 361,97; 4437,843;  191,301;29164,051;14,65702
 362,56; 4362,908;  178,224;28835,037;14,60275
 363,15; 4322,596;  243,916;28609,686;14,37888
 363,74; 4214,301;  189,224;28219,728;14,35963
 364,34; 4209,018;  206,685;27812,496;14,49815
 364,93; 4048,865;  181,301;27362,374;14,22889
 365,52; 3978,003;  153,686;26959,582;14,26670
 366,11; 3931,989;  172,224;26671,685;14,18808
 366,71; 3859,305;  180,685;26294,344;14,08696
 367,30; 3814,667;  177,762;25839,309;14,17258
 367,89; 3794,576;  223,224;25722,415;14,00574
 368,48; 3702,057;  194,685;25334,774;13,95131
 369,07; 3639,195;  187,609;24932,458;13,94871
 369,67; 3622,740;  207,531;24666,339;13,96310
 370,26; 3559,644;  179,763;24419,273;13,94368
 370,85; 3532,226;  190,609;24122,384;13,96310
 371,44; 3509,179;  196,763;23856,709;14,00010
 372,03; 3450,718;  162,224;23641,387;14,00601
 372,63; 3402,876;  162,686;23290,772;14,00977
 373,22; 3361,491;  172,686;22995,972;13,97172
 373,81; 3321,987;  166,224;22645,032;14,03884
 374,40; 3303,577;  166,224;22401,082;14,11006
 374,99; 3285,864;  175,686;22193,542;14,12571
 375,59; 3223,242;  165,378;21936,353;14,04560
 376,18; 3242,090;  206,916;21780,709;14,06880
 376,77; 3231,583;  198,378;21549,393;14,20637
 377,36; 3225,971;  204,147;21467,328;14,21153
 377,95; 3213,369;  198,147;21154,160;14,38834
 378,55; 3207,739;  176,147;21046,388;14,52591
 379,14; 3237,502;  200,762;20986,053;14,61004
 379,73; 3216,048;  193,070;20901,513;14,59781
 380,32; 3218,235;  195,147;20856,710;14,63146
 380,91; 3195,068;  176,224;20684,799;14,71991
 381,50; 3268,094;  191,378;20711,291;14,99381
 382,10; 3256,543;  171,686;20599,326;15,10139
 382,69; 3249,016;  156,609;20590,536;15,13369
 383,28; 3304,622;  213,839;20516,471;15,22356
 383,87; 3278,145;  182,993;20384,768;15,32119
 384,46; 3291,335;  164,454;20289,711;15,53710
 385,05; 3376,086;  197,224;20284,093;15,82557
 385,64; 3380,297;  182,993;20310,223;15,88546
 386,24; 3369,117;  169,608;20304,896;15,89006
 386,83; 3455,349;  202,301;20324,517;16,16645
 387,42; 3478,361;  197,224;20414,654;16,22925
 388,01; 3534,206;  191,608;20621,246;16,36151
 388,60; 3615,333;  186,378;20902,090;16,55244
 389,19; 3684,382;  173,146;21161,645;16,72933
 389,78; 3756,208;  181,300;21319,853;16,91179
 390,37; 3909,689;  248,147;21800,341;16,98919
 390,96; 3953,292;  183,224;21952,817;17,31804
 391,56; 4008,666;  196,377;22066,698;17,43133
 392,15; 4080,279;  180,608;22351,322;17,58929
 392,74; 4145,279;  151,223;22477,227;17,88971
 393,33; 4241,036;  183,454;22829,923;17,91706
 393,92; 4373,993;  185,299;23228,672;18,17743
 394,51; 4439,749;  165,838;23368,614;18,41983
 395,10; 4572,846;  212,530;23626,385;18,62280
 395,69; 4607,214;  197,299;23761,419;18,71453
 396,28; 4704,488;  199,222;23813,356;19,07868
 396,87; 4733,241;  201,298;23924,834;19,10315
 397,46; 4840,962;  193,836;24059,842;19,47174
 398,06; 4922,776;  198,913;24262,200;19,63100
 398,65; 4952,982;  184,450;24358,656;19,72570
 399,24; 5080,189;  201,143;24520,893;20,06207
 399,83; 5102,710;  174,141;24565,190;20,20647
 400,42; 5201,013;  207,755;24690,071;20,39537
 401,01; 5258,213;  163,215;24763,748;20,71092
 401,60; 5334,600;  181,137;24808,019;20,92617
 402,19; 5370,704;  216,058;24685,427;21,06571
 402,78; 5420,944;  203,364;24820,688;21,19475
 403,37; 5411,044;  192,669;24514,077;21,45589
 403,96; 5455,184;  184,051;24400,992;21,76630
 404,55; 5475,846;  200,279;24274,014;21,91420
 405,14; 5444,003;  173,661;24146,870;21,98430
 405,73; 5508,225;  185,965;24035,799;22,31571
 406,32; 5553,905;  202,733;23967,199;22,51754
 406,91; 5552,188;  181,884;23697,924;22,83677
 407,50; 5566,245;  195,190;23483,793;23,06302
 408,09; 5495,788;  173,036;23130,343;23,18544
 408,68; 5546,185;  186,881;23096,381;23,39337
 409,27; 5539,920;  167,036;22825,513;23,71247
 409,86; 5585,863;  172,576;22752,322;23,97408
 410,45; 5602,862;  224,193;22714,483;23,91552
 411,04; 5630,421;  207,810;22550,156;24,27055
 411,63; 5597,838;  192,351;22310,902;24,43870
 412,22; 5613,580;  199,891;22062,728;24,76206
 412,81; 5594,169;  208,892;21821,883;24,91685
 413,40; 5575,663;  212,816;21483,805;25,21202
 413,99; 5573,984;  270,046;21158,622;25,39157
 414,58; 5416,931;  178,816;20758,923;25,45232
 415,17; 5437,509;  187,969;20599,137;25,71896
 415,76; 5422,952;  184,430;20427,036;25,87870
 416,35; 5418,451;  176,584;20267,511;26,09072
 416,94; 5510,320;  202,891;20325,347;26,37565
 417,53; 5603,158;  181,815;20542,981;26,62589
 418,12; 5657,719;  176,661;20587,590;26,85355
 418,71; 5779,928;  216,200;21015,270;26,74989
 419,30; 5834,339;  185,046;21090,930;27,02250
 419,89; 5921,805;  161,431;21269,007;27,29055
 420,48; 6039,430;  201,047;21609,337;27,27160
 421,07; 6126,103;  202,431;21725,667;27,52221
 421,66; 6134,321;  163,586;21651,563;27,78640
 422,25; 6181,662;  187,817;21626,983;27,95745
 422,84; 6244,075;  197,817;21546,194;28,32186
 423,43; 6189,116;  182,202;21244,309;28,52001
 424,02; 6140,173;  214,432;21025,870;28,47348
 424,60; 6071,167;  186,972;20563,006;28,87802
 425,19; 6026,106;  190,279;20336,507;28,96734
 425,78; 6049,869;  196,279;20209,592;29,24848
 426,37; 6026,674;  222,741;20160,322;29,11051
 426,96; 6016,013;  204,126;19959,422;29,41939
 427,55; 6014,197;  186,972;19795,027;29,71853
 428,14; 5954,230;  186,819;19520,962;29,83019
 428,73; 5972,669;  190,818;19377,370;30,13491
 429,32; 5998,595;  212,202;19424,578;30,11805
 429,91; 6043,627;  224,587;19414,066;30,32412
 430,50; 5993,298;  207,357;19218,666;30,43420
 431,08; 5961,568;  201,896;19063,948;30,53577
 431,67; 5961,227;  238,204;18944,600;30,59394
 432,26; 5973,429;  248,896;18747,700;30,94542
 432,85; 5918,093;  251,511;18307,997;31,38253
 433,44; 5833,148;  260,358;18026,950;31,36668
 434,03; 5753,302;  275,205;17679,692;31,47520
 434,62; 5606,576;  233,973;17235,844;31,60007
 435,21; 5572,285;  244,127;17096,750;31,61620
 435,79; 5535,501;  247,512;16915,193;31,72600
 436,38; 5514,522;  228,436;16830,163;31,84058
 436,97; 5526,510;  234,897;16690,338;32,15722
 437,56; 5476,665;  226,975;16501,837;32,25643
 438,15; 5466,079;  214,667;16519,327;32,20804
 438,74; 5517,091;  243,667;16454,788;32,52967
 439,33; 5518,821;  223,898;16460,521;32,61099
 439,91; 5535,084;  207,667;16563,348;32,57227
 440,50; 5626,767;  238,206;16608,682;32,91633
 441,09; 5690,698;  241,745;16681,653;33,14467
 441,68; 5670,239;  223,283;16665,637;33,12759
 442,27; 5669,540;  212,745;16713,963;33,06904
 442,86; 5678,341;  188,669;16641,731;33,36566
 443,44; 5715,156;  203,899;16758,386;33,29162
 444,03; 5811,036;  268,438;16759,711;33,60928
 444,62; 5727,413;  192,053;16611,975;33,71124
 445,21; 5695,317;  204,284;16471,322;33,75558
 445,80; 5720,333;  244,823;16385,074;33,92456
 446,39; 5617,187;  276,438;16040,688;33,87887
 446,97; 5511,253;  193,516;15904,989;33,84620
 447,56; 5458,924;  204,439;15654,301;34,00991
 448,15; 5442,213;  192,823;15493,614;34,30796
 448,74; 5405,676;  218,285;15250,050;34,50952
 449,33; 5312,742;  204,131;15093,829;34,30970
 449,91; 5307,495;  196,747;14854,405;34,86742
 450,50; 5192,832;  192,824;14653,940;34,57553
 451,09; 5189,165;  202,209;14559,201;34,73538
 451,68; 5175,653;  225,517;14490,252;34,70191
 452,26; 5143,897;  222,286;14331,118;34,88319
 452,85; 5117,483;  190,978;14228,209;35,09598
 453,44; 5146,394;  214,056;14313,786;34,98179
 454,03; 5127,967;  193,825;14298,940;34,98123
 454,61; 5112,825;  183,594;14236,738;35,07564
 455,20; 5221,085;  224,364;14456,692;35,10825
 455,79; 5234,234;  216,902;14443,625;35,26695
 456,38; 5257,861;  224,749;14509,919;35,23313
 456,97; 5263,081;  188,595;14557,771;35,31508
 457,55; 5253,828;  193,826;14560,372;35,22073
 458,14; 5297,166;  226,210;14555,924;35,38770
 458,73; 5269,259;  207,441;14458,631;35,51856
 459,31; 5306,296;  235,288;14508,336;35,52856
 459,90; 5345,813;  235,057;14567,272;35,65922
 460,49; 5429,969;  299,595;14651,771;35,74631
 461,08; 5341,922;  216,519;14778,298;35,19764
 461,66; 5450,139;  208,288;14835,817;35,83552
 462,25; 5466,852;  214,134;14893,280;35,78354
 462,84; 5466,968;  234,673;14954,942;35,54484
 463,43; 5440,766;  170,212;14937,002;35,69194
 464,01; 5451,445;  199,904;14909,294;35,70196
 464,60; 5538,494;  249,058;14821,607;36,29726
 465,19; 5363,103;  181,289;14647,618;35,81983
 465,77; 5367,040;  192,135;14585,484;35,95344
 466,36; 5392,928;  233,289;14474,816;36,22954
 466,95; 5256,152;  203,212;14125,285;36,29445
 467,53; 5137,481;  208,289;13904,321;35,98993
 468,12; 5079,745;  223,982;13514,396;36,53583
 468,71; 5001,011;  200,597;13353,119;36,49805
 469,29; 4835,908;  187,443;13061,799;36,10639
 469,88; 4774,139;  196,982;12791,352;36,34288
 470,47; 4854,886;  257,982;12955,613;36,20284
 471,06; 4804,743;  210,367;12958,638;36,03921
 471,64; 4868,432;  204,213;13003,842;36,44027
 472,23; 4776,489;  181,598;13020,421;35,78904
 472,81; 4870,814;  181,444;13178,327;36,08073
 473,40; 4936,938;  195,368;13302,467;36,17559
 473,99; 5086,184;  297,829;13541,709;36,15523
 474,57; 5027,080;  193,829;13608,903;36,02851
 475,16; 5100,689;  218,367;13756,722;36,06289
 475,75; 5166,289;  230,291;13848,581;36,24536
 476,33; 5187,878;  222,676;13995,579;36,05051
 476,92; 5234,303;  212,983;13978,520;36,47747
 477,51; 5260,148;  222,829;14137,780;36,20076
 478,09; 5266,718;  217,983;14077,726;36,42734
 478,68; 5200,838;  224,830;13970,896;36,19951
 479,27; 5241,139;  254,060;14069,792;36,09710
 479,85; 5209,681;  216,983;14058,300;36,07097
 480,44; 5232,305;  177,984;14163,134;36,14063
 481,02; 5693,410;  203,599;15987,544;34,78098
 481,61; 6415,229;  224,291;17848,231;35,12800
 482,20; 6857,681;  203,445;19058,534;35,29146
 482,78; 7193,604;  235,137;19786,038;35,59154
 483,37; 7398,694;  220,907;20222,876;35,88540
 483,95; 7532,799;  259,984;20432,426;36,05322
 484,54; 7602,414;  258,137;20674,818;35,97194
 485,13; 7547,824;  209,292;20525,439;36,12167
 485,71; 7458,012;  194,138;20372,115;35,99902
 486,30; 7407,198;  232,215;19975,599;36,34120
 486,88; 7305,189;  292,369;19465,678;36,57595
 487,47; 7012,719;  242,677;18796,141;36,48937
 488,05; 6695,737;  237,600;17814,634;36,74190
 488,64; 6261,803;  224,754;16499,413;37,09478
 489,23; 5650,465;  230,831;14379,689;38,30439
 489,81; 4830,627;  233,831;12573,779;37,25134
 490,40; 4488,591;  199,600;12041,436;36,21897
 490,98; 4378,613;  188,216;11805,455;36,07051
 491,57; 4316,642;  209,831;11762,200;35,54951
 492,15; 4292,145;  201,524;11758,231;35,39608
 492,74; 4249,549;  199,908;11549,297;35,68158
 493,32; 4237,578;  220,524;11502,605;35,60562
 493,91; 4163,409;  211,216;11317,505;35,58518
 494,50; 4155,007;  202,986;11347,922;35,46024
 495,08; 4137,587;  192,524;11214,072;35,79409
 495,67; 4086,824;  211,370;11249,631;35,10929
 496,25; 4050,437;  167,216;11124,916;35,43829
 496,84; 4027,797;  182,831;11122,671;35,14645
 497,42; 4037,970;  176,986;11131,667;35,24507
 498,01; 3989,478;  206,985;11073,231;34,80957
 498,59; 3938,478;  167,678;10959,849;34,94014
 499,18; 3960,707;  166,524;10885,609;35,39652
 499,76; 3924,400;  204,447;10830,983;35,00626
 500,35; 3850,129;  201,140;10641,150;34,95198
 500,93; 3805,651;  190,755;10562,180;34,85439
 501,52; 3770,438;  182,063;10524,244;34,69651
 502,10; 3786,212;  204,140;10504,433;34,77641
 502,69; 3695,474;  189,909;10347,009;34,51344
 503,27; 3634,787;  168,217;10116,485;34,84597
 503,86; 3601,899;  191,679;10019,800;34,69860
 504,44; 3532,129;  163,525; 9947,429;34,43006
 505,03; 3425,906;  159,909; 9680,474;34,30466
 505,61; 3409,194;  182,140; 9568,507;34,38022
 506,19; 3361,373;  189,294; 9396,076;34,45372
 506,78; 3262,625;  164,756; 9186,462;34,33795
 507,36; 3205,240;  164,448; 9018,766;34,34248
 507,95; 3162,839;  184,756; 8884,311;34,23259
 508,53; 3094,961;  182,141; 8768,966;33,92197
 509,12; 3056,036;  181,448; 8622,390;34,05530
 509,70; 3005,590;  199,679; 8464,293;33,95090
 510,29; 2972,807;  216,218; 8352,892;33,87858
 510,87; 2890,253;  172,525; 8178,723;33,94530
 511,46; 2817,229;  154,987; 8014,329;33,87360
 512,04; 2763,809;  177,372; 7886,468;33,55047
 512,62; 2717,337;  181,602; 7731,813;33,58496
 513,21; 2636,665;  174,372; 7567,148;33,30674
 513,79; 2582,805;  176,988; 7423,442;33,19993
 514,38; 2524,370;  158,680; 7285,489;33,19424
 514,96; 2519,594;  205,911; 7204,374;33,05988
 515,54; 2458,624;  153,757; 7073,822;33,30702
 516,13; 2433,655;  191,988; 6958,839;33,12718
 516,71; 2359,043;  175,219; 6787,193;33,02833
 517,30; 2330,373;  161,450; 6703,026;33,15597
 517,88; 2279,147;  192,911; 6641,859;32,35001
 518,46; 2235,089;  169,988; 6503,281;32,60705
 519,05; 2219,072;  187,296; 6463,592;32,37221
 519,63; 2211,526;  177,142; 6407,194;32,65436
 520,22; 2201,896;  195,681; 6363,038;32,52958
 520,80; 2135,202;  180,989; 6293,802;31,96914
 521,38; 2146,754;  219,219; 6259,696;31,91032
 521,97; 2089,955;  175,143; 6204,650;31,75735
 522,55; 2096,008;  178,912; 6209,364;31,79025
 523,13; 2095,446;  170,835; 6173,867;32,06065
 523,72; 2043,401;  171,680; 6159,730;31,25760
 524,30; 2097,989;  195,297; 6275,022;31,29569
 524,89; 2067,261;  174,835; 6313,952;30,82570
 525,47; 2108,779;  189,835; 6379,835;31,00070
 526,05; 2118,048;  153,989; 6443,050;31,22976
 526,64; 2155,127;  193,605; 6569,538;30,76448
 527,22; 2181,123;  193,374; 6666,768;30,70645
 527,80; 2243,570;  230,605; 6848,392;30,41750
 528,39; 2211,717;  167,220; 6886,752;30,42617
 528,97; 2265,004;  180,528; 7025,478;30,45276
 529,55; 2325,770;  187,297; 7239,571;30,32317
 530,14; 2351,372;  206,759; 7425,635;29,70841
 530,72; 2364,497;  187,528; 7472,424;29,88333
 531,30; 2368,832;  154,297; 7617,782;29,67159
 531,89; 2411,200;  176,605; 7713,232;29,64981
 532,47; 2462,831;  210,990; 7778,905;29,75511
 533,05; 2430,538;  196,297; 7857,523;29,16297
 533,63; 2451,355;  198,144; 7918,868;29,18394
 534,22; 2422,841;  177,913; 7908,770;29,03854
 534,80; 2446,423;  195,759; 7991,576;28,87015
 535,38; 2572,239;  291,759; 8063,832;29,34197
 535,97; 2456,110;  170,682; 8002,939;29,17969
 536,55; 2506,583;  212,375; 8107,461;29,05869
 537,13; 2441,351;  206,374; 8084,559;28,36918
 537,71; 2482,583;  229,066; 8132,027;28,51485
 538,30; 2497,557;  215,836; 8210,564;28,54032
 538,88; 2521,201;  245,913; 8303,071;28,23934
 539,46; 2564,553;  275,067; 8397,290;28,18793
 540,05; 2610,586;  251,067; 8588,025;28,30192
 540,63; 2632,488;  281,375; 8780,489;27,66304
 541,21; 2662,561;  284,529; 8939,676;27,47536
 541,79; 2696,084;  294,221; 9022,588;27,51790
 542,38; 2745,819;  317,605; 9188,185;27,37378
 542,96; 2783,081;  313,683; 9308,211;27,45445
 543,54; 2827,187;  328,682; 9507,419;27,22057
 544,12; 2822,215;  297,298; 9615,660;27,09615
 544,70; 2849,485;  292,144; 9725,973;27,10820
 545,29; 2901,936;  304,836; 9889,329;27,09689
 545,87; 2866,161;  307,221; 9895,357;26,68861
 546,45; 2838,593;  273,067; 9903,710;26,63919
 547,03; 2852,485;  272,913;10006,631;26,50140
 547,62; 2839,981;  267,144;10135,141;26,07254
 548,20; 2921,937;  287,760;10325,723;26,24215
 548,78; 2912,219;  263,375;10442,557;26,02217
 549,36; 2944,072;  249,375;10592,934;26,05193
 549,94; 2950,439;  232,144;10745,976;25,85447
 550,53; 2983,157;  243,298;10966,086;25,55174
 551,11; 2996,736;  212,991;11136,604;25,48374
 551,69; 3038,392;  235,683;11448,811;24,99489
 552,27; 3071,499;  196,606;11696,839;24,99856
 552,85; 3166,550;  216,606;12009,043;25,01556
 553,44; 3204,814;  222,068;12334,590;24,62531
 554,02; 3298,652;  224,991;12692,591;24,65319
 554,60; 3297,957;  180,991;12963,400;24,38481
 555,18; 3393,748;  206,222;13346,691;24,25733
 555,76; 3412,890;  207,145;13624,251;23,89297
 556,34; 3519,429;  210,914;14027,285;23,94634
 556,93; 3601,290;  199,529;14377,749;23,99286
 557,51; 3621,939;  184,453;14675,089;23,72212
 558,09; 3733,420;  213,683;15041,232;23,73782
 558,67; 3772,797;  211,299;15379,827;23,47953
 559,25; 3839,612;  226,914;15648,219;23,42666
 559,83; 3876,520;  209,299;15888,812;23,38861
 560,41; 3921,295;  197,299;16273,540;23,16460
 561,00; 3964,583;  218,068;16660,300;22,78592
 561,58; 4007,523;  199,683;16854,405;22,86342
 562,16; 4047,222;  193,453;17134,583;22,74801
 562,74; 4136,599;  177,452;17546,801;22,79387
 563,32; 4171,026;  167,607;17895,712;22,58233
 563,90; 4257,575;  200,530;18253,948;22,47245
 564,48; 4357,853;  203,222;18701,102;22,46004
 565,06; 4425,507;  196,376;19241,767;22,20554
 565,65; 4552,139;  196,838;19973,474;22,02246
 566,23; 4719,607;  252,991;20735,202;21,80729
 566,81; 4825,118;  192,530;21402,043;21,84203
 567,39; 4982,707;  211,607;22250,502;21,64854
 567,97; 5089,395;  229,991;22911,379;21,42463
 568,55; 5283,808;  250,145;23744,436;21,42505
 569,13; 5366,116;  191,299;24393,698;21,38142
 569,71; 5525,267;  187,453;25350,175;21,21318
 570,29; 5771,096;  239,760;26363,297;21,17376
 570,87; 5874,435;  229,068;26976,058;21,10655
 571,45; 5938,041;  217,145;27573,242;20,91269
 572,03; 5978,332;  182,299;28111,521;20,75257
 572,61; 6090,153;  155,145;28741,753;20,76150
 573,20; 6215,388;  203,837;29397,058;20,59228
 573,78; 6298,034;  178,530;30018,757;20,50757
 574,36; 6381,892;  192,222;30384,351;20,50094
 574,94; 6426,110;  255,069;30740,925;20,24231
 575,52; 6389,867;  175,992;31070,082;20,11347
 576,10; 6525,444;  235,761;31532,129;20,09717
 576,68; 6603,231;  209,838;32172,696;20,00257
 577,26; 6695,399;  221,761;32844,597;19,84388
 577,84; 6794,303;  223,222;33247,465;19,89775
 578,42; 6846,195;  279,069;33462,553;19,79035
 579,00; 6732,965;  197,761;33592,416;19,56961
 579,58; 6791,150;  251,069;33802,761;19,49255
 580,16; 6722,411;  201,992;33886,824;19,35714
 580,74; 6704,908;  203,761;34068,289;19,19751
 581,32; 6680,250;  186,838;34055,811;19,17215
 581,90; 6603,909;  216,146;34035,603;18,88784
 582,48; 6631,342;  213,761;34124,484;18,92493
 583,06; 6594,360;  203,299;34198,532;18,79987
 583,64; 6586,325;  190,069;34257,452;18,77531
 584,22; 6487,993;  204,915;33982,399;18,60138
 584,80; 6365,397;  213,761;33858,357;18,28417
 585,38; 6292,357;  221,145;33371,887;18,31396
 585,96; 6205,643;  187,915;33418,379;18,10907
 586,54; 6193,045;  213,300;33417,138;18,00920
 587,12; 6124,832;  184,915;33598,341;17,77704
 587,70; 6141,370;  227,222;33795,383;17,61833
 588,28; 6090,954;  191,915;33722,241;17,59315
 588,86; 6079,866;  206,146;33832,646;17,46753
 589,44; 6022,686;  195,069;33981,773;17,24826
 590,02; 6038,602;  199,608;34041,068;17,25397
 590,59; 6039,005;  180,069;34196,840;17,22367
 591,17; 6032,969;  202,608;34381,900;17,05817
 591,75; 5997,502;  179,069;34513,155;16,94652
 592,33; 6007,000;  210,146;34683,350;16,81554
 592,91; 5946,439;  162,146;34956,821;16,62407
 593,49; 5986,852;  178,762;35240,801;16,56518
 594,07; 5987,581;  206,070;35431,888;16,41271
 594,65; 5957,258;  216,300;35404,736;16,31490
 595,23; 6018,007;  218,454;35827,604;16,28669
 595,81; 6014,068;  194,300;35904,561;16,29719
 596,39; 5958,779;  200,531;36041,707;16,06601
 596,97; 5936,884;  196,069;36267,117;15,91530
 597,55; 5894,165;  199,992;36184,309;15,82404
 598,12; 5855,220;  168,916;36099,451;15,82583
 598,70; 5839,088;  172,839;36299,434;15,68443
 599,28; 5835,958;  211,223;36328,721;15,57343
 599,86; 5801,700;  201,454;36450,454;15,44938
 600,44; 5756,946;  151,916;36525,357;15,40968
 601,02; 5746,946;  216,147;36545,360;15,22411
 601,60; 5693,619;  195,069;36494,376;15,14781
 602,18; 5656,816;  167,685;36504,766;15,10614
 602,75; 5661,648;  180,608;36638,789;15,03377
 603,33; 5609,204;  191,300;36644,425;14,86266
 603,91; 5560,444;  169,685;36624,427;14,78754
 604,49; 5543,969;  193,300;36755,900;14,63427
 605,07; 5526,547;  193,608;36661,901;14,62349
 605,65; 5527,499;  191,993;36751,824;14,59390
 606,23; 5498,367;  214,761;36882,406;14,40945
 606,80; 5488,632;  214,992;36970,469;14,34790
 607,38; 5415,135;  229,685;36945,298;14,12328
 607,96; 5392,977;  245,377;37134,556;13,95423
 608,54; 5401,714;  280,993;37116,043;13,90176
 609,12; 5401,964;  264,377;37194,064;13,91181
 609,70; 5345,251;  276,685;37204,638;13,72555
 610,27; 5353,679;  277,531;37179,837;13,75564
 610,85; 5336,094;  293,608;37273,965;13,63558
 611,43; 5243,233;  266,608;37105,467;13,50917
 612,01; 5166,386;  240,146;36952,478;13,41849
 612,59; 5144,089;  257,146;37026,210;13,29091
 613,16; 5096,779;  243,992;37017,257;13,19651
 613,74; 5049,998;  234,146;36897,250;13,13542
 614,32; 5044,009;  230,377;36833,628;13,15083
 614,90; 5009,580;  236,839;36698,360;13,08980
 615,48; 4951,557;  219,992;36432,660;13,06605
 616,05; 4889,526;  211,607;36456,900;12,90628
 616,63; 4833,263;  221,223;36297,139;12,78426
 617,21; 4794,748;  211,454;36086,947;12,77556
 617,79; 4717,735;  204,761;36056,269;12,58796
 618,36; 4717,069;  219,223;35998,274;12,57117
 618,94; 4591,001;  163,454;35761,258;12,43770
 619,52; 4560,893;  197,684;35492,144;12,36230
 620,10; 4535,927;  181,992;35421,285;12,35534
 620,67; 4466,518;  189,377;35379,040;12,15454
 621,25; 4453,072;  220,762;35188,639;12,10342
 621,83; 4396,932;  197,761;35128,764;12,02133
 622,41; 4413,237;  255,607;35092,091;11,93470
 622,98; 4334,992;  215,300;34769,456;11,92242
 623,56; 4278,885;  225,838;34852,208;11,70509
 624,14; 4276,173;  211,608;34695,510;11,78685
 624,72; 4199,054;  206,146;34597,203;11,61031
 625,29; 4185,601;  197,838;34603,341;11,59048
 625,87; 4203,751;  245,685;34631,204;11,51085
 626,45; 4064,876;  193,992;34527,035;11,27451
 627,02; 4080,547;  210,762;34345,394;11,33683
 627,60; 4026,599;  185,762;34338,674;11,24600
 628,18; 4004,579;  176,915;34350,371;11,20069
 628,76; 3979,951;  176,453;34373,844;11,12219
 629,33; 3973,957;  206,377;34380,313;11,02472
 629,91; 3923,542;  205,608;34328,131;10,89584
 630,49; 3926,639;  224,377;34463,063;10,81310
 631,06; 3878,225;  209,223;34633,431;10,65820
 631,64; 3882,142;  200,607;34503,654;10,73238
 632,22; 3807,719;  171,069;34491,086;10,59630
 632,79; 3846,358;  218,915;34728,372;10,51145
 633,37; 3788,665;  187,454;34848,743;10,38972
 633,95; 3804,435;  203,530;34878,264;10,38481
 634,52; 3775,629;  192,992;35001,905;10,29230
 635,10; 3822,860;  210,992;34969,489;10,39132
 635,68; 3794,804;  206,530;35220,823;10,24803
 636,25; 3739,717;  189,299;35181,629;10,14627
 636,83; 3689,335;  186,453;35379,613; 9,95330
 637,41; 3752,718;  191,453;35417,419;10,10977
 637,98; 3747,006;  229,069;35568,658; 9,95466
 638,56; 3712,967;  210,838;35704,961; 9,86679
 639,13; 3708,690;  195,684;35740,366; 9,88335
 639,71; 3765,265;  260,453;35871,190; 9,84201
 640,29; 3637,809;  170,530;35737,683; 9,74854
 640,86; 3659,086;  191,838;35874,171; 9,71699
 641,44; 3614,825;  192,607;35869,659; 9,59221
 642,02; 3627,795;  223,838;35921,685; 9,53547
 642,59; 3612,303;  188,069;35855,096; 9,60056
 643,17; 3554,118;  184,223;35978,277; 9,41468
 643,74; 3572,319;  197,146;36016,303; 9,42282
 644,32; 3562,519;  224,838;35982,176; 9,33426
 644,89; 3552,258;  223,607;35924,279; 9,32378
 645,47; 3533,612;  229,531;36034,921; 9,22789
 646,05; 3497,198;  221,607;35966,948; 9,16368
 646,62; 3459,090;  208,761;35902,897; 9,10606
 647,20; 3469,521;  203,761;36078,693; 9,10318
 647,77; 3421,645;  176,915;35856,489; 9,09408
 648,35; 3414,922;  176,531;35864,285; 9,07424
 648,92; 3406,046;  209,838;35788,311; 8,98354
 649,50; 3360,400;  167,607;35764,568; 8,96928
 650,08; 3344,754;  171,377;35648,672; 8,94481
 650,65; 3338,032;  190,684;35948,698; 8,80180
 651,23; 3350,001;  158,223;36827,648; 8,70420
 651,80; 3457,971;  161,915;37716,982; 8,77659
 652,38; 3474,325;  183,684;38094,547; 8,67994
 652,95; 3526,910;  156,454;38396,189; 8,81402
 653,53; 3528,572;  197,838;38581,139; 8,67756
 654,10; 3551,927;  228,300;38802,319; 8,61623
 654,68; 3499,281;  163,915;38625,422; 8,67196
 655,25; 3480,097;  170,685;38682,449; 8,59325
 655,83; 3457,912;  174,531;38828,398; 8,49432
 656,40; 3461,651;  212,685;38758,810; 8,42878
 656,98; 3458,159;  179,992;38635,528; 8,52457
 657,55; 3438,898;  183,531;38520,401; 8,49148
 658,13; 3355,945;  179,915;38096,658; 8,37632
 658,70; 3349,684;  192,300;37842,454; 8,38611
 659,28; 3239,423;  174,685;36871,788; 8,35144
 659,85; 3183,162;  200,069;36260,276; 8,27253
 660,43; 3142,054;  207,300;36233,687; 8,14612
 661,00; 3145,332;  173,146;36442,099; 8,19485
 661,58; 3152,532;  178,838;36709,971; 8,14016
 662,15; 3174,348;  165,762;36894,229; 8,19143
 662,73; 3211,010;  244,223;37194,486; 8,02914
 663,30; 3175,672;  191,454;37333,358; 8,03464
 663,88; 3169,795;  184,915;37568,462; 7,98447
 664,45; 3185,150;  185,300;37771,642; 7,98122
 665,03; 3207,504;  177,762;38130,053; 7,98303
 665,60; 3315,243;  261,762;38528,695; 7,97942
 666,17; 3222,212;  184,069;38683,491; 7,89140
 666,75; 3220,490;  176,300;38981,056; 7,84489
 667,32; 3294,229;  195,608;39204,467; 7,94338
 667,90; 3283,275;  183,916;39496,955; 7,88380
 668,47; 3288,091;  198,223;39700,597; 7,82198
 669,05; 3283,292;  182,762;40029,854; 7,78107
 669,62; 3274,569;  158,992;40134,727; 7,79367
 670,19; 3270,308;  159,454;40140,369; 7,78085
 670,77; 3302,124;  182,454;40302,011; 7,77593
 671,34; 3302,632;  182,146;40283,191; 7,78156
 671,92; 3312,140;  170,839;40657,448; 7,75886
 672,49; 3324,417;  195,223;40526,090; 7,75881
 673,06; 3269,464;  146,839;40561,655; 7,72644
 673,64; 3284,587;  145,377;40695,297; 7,74159
 674,21; 3250,249;  155,377;40646,016; 7,64343
 674,79; 3314,142;  177,377;40815,273; 7,71882
 675,36; 3318,958;  190,762;40909,838; 7,68238
 675,93; 3274,774;  157,377;40842,173; 7,66231
 676,51; 3294,051;  182,070;41025,891; 7,61922
 677,08; 3304,482;  177,993;41157,841; 7,62933
 677,65; 3335,759;  177,531;41169,329; 7,70454
 678,23; 3341,268;  177,608;41384,355; 7,67753
 678,80; 3335,853;  171,070;41517,459; 7,65432
 679,38; 3313,053;  171,608;41641,947; 7,57516
 679,95; 3353,253;  188,762;41833,897; 7,59871
 680,52; 3331,377;  167,685;42192,769; 7,52810
 681,10; 3373,039;  191,147;42567,257; 7,50869
 681,67; 3388,393;  182,993;42727,207; 7,53428
 682,24; 3365,132;  150,762;42921,541; 7,51534
 682,82; 3386,563;  174,147;43397,183; 7,43219
 683,39; 3450,302;  223,070;43676,286; 7,42691
 683,96; 3446,810;  171,762;44000,236; 7,47242
 684,54; 3451,088;  162,454;44307,109; 7,44968
 685,11; 3523,288;  223,685;44685,135; 7,42127
 685,68; 3522,027;  181,147;44995,777; 7,45489
 686,25; 3512,920;  157,454;45046,957; 7,47494
 686,83; 3550,043;  170,147;45260,369; 7,49585
 687,40; 3590,628;  166,070;45592,472; 7,53870
 687,97; 3624,675;  217,070;45824,422; 7,47161
 688,55; 3554,875;  161,070;45869,063; 7,42497
 689,12; 3601,537;  148,839;46256,090; 7,48841
 689,69; 3598,122;  158,301;46271,732; 7,45948
 690,26; 3619,169;  176,147;46381,143; 7,45162
 690,84; 3669,292;  169,070;46480,246; 7,55805
 691,41; 3669,493;  184,301;46614,734; 7,50627
 691,98; 3695,155;  180,224;46881,223; 7,52646
 692,56; 3669,586;  169,454;46946,095; 7,48265
 693,13; 3712,094;  222,454;46982,429; 7,46288
 693,70; 3704,141;  188,454;47151,148; 7,48613
 694,27; 3675,187;  160,685;47266,790; 7,46082
 694,84; 3670,926;  167,685;47355,740; 7,42400
 695,42; 3853,665;  293,762;47492,382; 7,54239
 695,99; 3719,942;  183,301;47636,562; 7,45289
 696,56; 3743,604;  186,685;47561,819; 7,50799
 697,13; 3765,728;  178,301;47925,615; 7,51336
 697,71; 3770,236;  163,685;47979,872; 7,54253
 698,28; 3756,975;  172,762;48314,976; 7,44505
 698,85; 3737,021;  142,531;48328,618; 7,45960
 699,42; 3781,222;  138,301;48537,644; 7,52680
 699,99; 3809,576;  183,531;48532,132; 7,49979
 700,57; 3832,007;  182,531;48628,851; 7,53303
 701,14; 3824,362;  152,147;48770,493; 7,55315
 701,71; 3838,947;  170,301;48932,904; 7,52348
 702,28; 3839,378;  175,224;49016,084; 7,50223
 702,85; 3838,578;  171,839;48958,957; 7,51579
 703,43; 3872,086;  178,839;49217,907; 7,53123
 704,00; 3908,671;  199,378;49487,625; 7,52572
 704,57; 3881,487;  164,070;49402,344; 7,54985
 705,14; 3935,380;  179,455;49624,986; 7,59609
 705,71; 3933,734;  194,455;49765,397; 7,54329
 706,28; 3891,396;  171,301;49654,655; 7,51787
 706,86; 3948,981;  190,609;49838,912; 7,56999
 707,43; 4015,797;  221,532;49859,938; 7,64381
 708,00; 3986,997;  204,685;49901,042; 7,61084
 708,57; 3923,506;  161,532;49767,991; 7,58364
 709,14; 3994,244;  199,609;49839,479; 7,64433
 709,71; 3992,445;  170,070;49910,275; 7,68468
 710,28; 4011,492;  177,147;50142,609; 7,67399
 710,86; 4017,230;  172,686;50283,482; 7,67209
 711,43; 4074,123;  209,301;50244,816; 7,72416
 712,00; 4065,093;  187,070;50293,227; 7,73961
 712,57; 4081,524;  199,993;50355,177; 7,73904
 713,14; 4092,417;  173,686;50522,511; 7,78316
 713,71; 4087,386;  192,147;50409,076; 7,75682
 714,28; 4111,202;  184,455;50513,718; 7,80212
 714,85; 4069,556;  165,609;50227,975; 7,79817
 715,42; 4092,142;  186,916;50359,002; 7,78366
 716,00; 4187,419;  264,378;50551,028; 7,80136
 716,57; 4134,389;  187,839;50721,670; 7,80972
 717,14; 4100,358;  184,686;50541,158; 7,77591
 717,71; 4120,328;  161,224;50662,185; 7,83966
 718,28; 4185,374;  218,301;50690,673; 7,85989
 718,85; 4138,883;  173,993;50687,776; 7,84912
 719,42; 4200,929;  202,840;50812,264; 7,89989
 719,99; 4160,822;  160,916;50711,291; 7,91271
 720,56; 4226,407;  206,763;50942,625; 7,92269
 721,13; 4202,453;  179,532;51058,805; 7,90680
 721,70; 4202,731;  175,609;51003,217; 7,92310
 722,27; 4204,239;  196,916;51069,782; 7,87713
 722,84; 4345,593;  243,763;51186,039; 8,05192
 723,41; 4206,332;  170,147;51215,527; 7,90705
 723,98; 4260,609;  179,532;51392,323; 7,96886
 724,55; 4338,733;  207,609;51524,041; 8,05029
 725,12; 4291,318;  137,147;51369,991; 8,10841
 725,69; 4374,749;  170,993;51582,710; 8,17665
 726,27; 4355,565;  181,378;51597,275; 8,11848
 726,84; 4393,919;  191,840;51927,455; 8,12222
 727,41; 4432,658;  200,994;51853,866; 8,19251
 727,98; 4441,859;  207,378;52134,739; 8,15462
 728,55; 4510,444;  231,917;52005,304; 8,26395
 729,12; 4466,336;  177,301;52163,330; 8,25036
 729,69; 4539,614;  210,224;52254,511; 8,31866
 730,26; 4533,583;  203,609;52444,999; 8,28840
 730,82; 4525,399;  179,994;52366,641; 8,32666
 731,39; 4531,600;  184,994;52505,437; 8,30766
 731,96; 4598,339;  158,686;52857,309; 8,42461
 732,53; 4601,385;  192,301;53014,259; 8,34707
 733,10; 4642,124;  192,763;52978,901; 8,42903
 733,67; 4650,478;  193,609;53174,850; 8,41216
 734,24; 4652,140;  178,224;52900,646; 8,48579
 734,81; 4692,264;  214,763;53047,980; 8,47478
 735,38; 4677,464;  193,147;52706,314; 8,53941
 735,95; 4672,741;  188,532;52617,956; 8,55285
 736,52; 4719,865;  201,532;52829,983; 8,58534
 737,09; 4723,758;  196,455;52466,163; 8,66143
 737,66; 4811,958;  240,686;52640,267; 8,72387
 738,23; 4765,466;  184,840;52710,139; 8,72080
 738,80; 4869,897;  251,609;53025,858; 8,75103
 739,37; 4838,636;  217,917;53203,577; 8,72070
 739,94; 4842,144;  181,994;53167,065; 8,79521
 740,51; 4986,268;  328,609;53235,938; 8,80343
 741,07; 4892,391;  183,609;53154,272; 8,88942
 741,64; 4934,515;  225,840;53358,606; 8,86209
 742,21; 4940,331;  182,686;53409,171; 8,93849
 742,78; 4967,454;  159,225;53267,351; 9,05366
 743,35; 4990,809;  190,071;53506,301; 9,00427
 743,92; 5087,778;  228,763;53649,558; 9,09574
 744,49; 5101,209;  229,071;53461,969; 9,15250
 745,06; 5091,871;  185,994;53549,073; 9,19339
 745,63; 5048,303;  177,455;53469,330; 9,13994
 746,19; 5102,580;  182,917;53521,818; 9,22341
 746,76; 5108,934;  187,917;53528,460; 9,22566
 747,33; 5127,596;  199,994;53507,871; 9,24367
 747,90; 5186,797;  209,225;53731,590; 9,29999
 748,47; 5219,536;  192,763;53701,847; 9,39424
 749,04; 5225,659;  200,148;53612,643; 9,40887
 749,61; 5246,244;  232,532;53627,823; 9,38980
 750,17; 5290,444;  208,148;53685,619; 9,50362
 750,74; 5271,953;  206,994;53599,107; 9,48634
 751,31; 5261,768;  180,379;53495,057; 9,53094
 751,88; 5257,892;  170,763;53393,853; 9,55812
 752,45; 5325,631;  187,609;53484,341; 9,64041
 753,02; 5349,677;  214,071;53255,598; 9,68224
 753,58; 5348,955;  180,917;53295,394; 9,73000
 754,15; 5418,694;  173,071;53322,651; 9,86955
 754,72; 5408,279;  195,148;53069,524; 9,85947
 755,29; 5336,864;  169,148;53008,242; 9,78010
 755,86; 5438,295;  203,302;53156,038; 9,88616
 756,42; 5477,341;  211,609;53018,372; 9,97170
 756,99; 5474,465;  184,763;53031,783;10,00946
 757,56; 5463,358;  200,225;52953,425; 9,97690
 758,13; 5470,404;  149,148;52912,683;10,08510
 758,70; 5541,912;  185,840;52933,786;10,15409
 759,26; 5565,497;  182,533;52961,120;10,19915
 759,83; 5630,544;  199,609;53046,531;10,27673
 760,40; 5575,052;  185,379;52939,558;10,21658
 760,97; 5609,791;  176,840;52934,507;10,29794
 761,53; 5608,991;  167,379;52582,765;10,38171
 762,10; 5585,038;  174,686;52580,484;10,32396
 762,67; 5700,854;  192,917;52569,972;10,51593
 763,24; 5625,670;  152,225;52103,537;10,53572
 763,80; 5685,409;  193,379;52310,717;10,53782
 764,37; 5688,455;  185,225;52209,974;10,57810
 764,94; 5655,963;  161,379;51800,462;10,64036
 765,50; 5719,164;  169,379;51820,335;10,74479
 766,07; 5760,518;  196,917;51851,592;10,77076
 766,64; 5739,795;  175,302;51482,773;10,84539
 767,21; 5749,380;  178,610;51376,030;10,88096
 767,77; 5767,196;  187,302;51256,749;10,92609
 768,34; 5820,935;  190,533;51237,852;11,02977
 768,91; 5837,828;  203,071;51116,648;11,06730
 769,47; 5883,644;  184,071;51112,828;11,19127
 770,04; 5857,921;  194,302;50975,086;11,15308
 770,61; 5854,891;  173,994;50737,958;11,23507
 771,18; 5873,014;  169,687;50734,369;11,27927
 771,74; 5908,984;  177,687;50739,088;11,33532
 772,31; 5969,338;  187,379;50623,345;11,46396
 772,88; 5905,462;  159,225;50419,526;11,43295
 773,44; 5898,662;  172,456;50074,783;11,47483
 774,01; 5979,478;  186,379;50238,656;11,57410
 774,58; 5977,678;  168,687;49996,375;11,65816
 775,14; 6002,956;  170,225;50079,478;11,68667
 775,71; 6002,464;  171,764;49964,428;11,70996
 776,27; 6087,126;  228,687;50031,685;11,76323
 776,84; 6159,480;  272,764;49844,173;11,87522
 777,41; 6094,373;  197,456;49681,046;11,91691
 777,97; 6060,496;  178,764;49388,764;11,95231
 778,54; 6112,389;  187,225;49531,637;12,00777
 779,11; 6134,359;  211,918;49426,125;12,03401
 779,67; 6152,021;  184,456;49344,229;12,13912
 780,24; 6202,836;  198,533;49192,717;12,25514
 780,80; 6217,037;  211,071;49176,282;12,26578
 781,37; 6225,468;  212,456;49191,000;12,27683
 781,94; 6252,745;  194,764;48975,335;12,41884
 782,50; 6218,407;  192,379;48958,130;12,35709
 783,07; 6264,685;  217,225;48910,157;12,41958
 783,63; 6261,962;  189,148;48676,953;12,52441
 784,20; 6322,624;  221,225;48594,441;12,61318
 784,77; 6292,978;  197,995;48361,467;12,65478
 785,33; 6290,409;  171,071;48263,340;12,72416
 785,90; 6336,918;  189,225;48223,674;12,79851
 786,46; 6366,964;  213,148;48103,854;12,84971
 787,03; 6360,318;  184,225;47934,112;12,93426
 787,59; 6397,827;  188,995;47722,369;13,06205
 788,16; 6450,258;  211,533;47741,857;13,12578
 788,73; 6419,227;  205,533;47602,114;13,11001
 789,29; 6372,043;  194,687;47262,064;13,12450
 789,86; 6450,551;  223,379;47258,552;13,23939
 790,42; 6450,213;  189,302;47106,040;13,34473
 790,99; 6403,798;  223,995;46797,297;13,26898
 791,55; 6471,537;  193,533;46763,939;13,48067
 792,12; 6515,430;  230,764;46695,658;13,52562
 792,68; 6460,553;  207,918;46394,915;13,53765
 793,25; 6446,831;  222,072;46181,788;13,54395
 793,81; 6465,647;  288,456;45825,276;13,56527
 794,38; 6390,616;  177,149;45720,918;13,64285
 794,94; 6440,586;  200,687;45515,175;13,77021
 795,51; 6417,863;  217,072;45253,971;13,76825
 796,07; 6399,756;  207,764;45011,767;13,82018
 796,64; 6477,110;  219,456;45182,870;13,91721
 797,20; 6406,618;  212,610;44612,589;13,95048
 797,77; 6368,819;  184,072;44424,385;13,97989
 798,33; 6419,173;  215,533;44251,027;14,08782
 798,90; 6430,912;  228,072;44105,668;14,13669
 799,46; 6394,882;  198,379;43745,849;14,22930
 800,03; 6409,928;  215,918;43581,260;14,28332
 800,59; 6381,898;  228,072;43433,133;14,24330
 801,15; 6421,714;  234,995;43212,621;14,39521
 801,72; 6401,376;  214,303;42920,109;14,48766
 802,28; 6404,422;  240,764;42695,058;14,51834
 802,85; 6379,007;  212,841;42452,239;14,59814
 803,41; 6363,977;  210,226;42349,650;14,60331
 803,98; 6342,024;  216,764;42034,984;14,64735
 804,54; 6299,993;  216,226;41642,703;14,68570
 805,11; 6340,501;  220,226;41485,114;14,83168
 805,67; 6363,240;  239,456;41448,217;14,86039
 806,23; 6343,902;  222,303;40975,167;15,02127
 806,80; 6369,795;  227,841;40886,117;15,10628
 807,36; 6343,380;  236,610;40824,220;15,04590
 807,93; 6318,042;  253,226;40517,477;15,06253
 808,49; 6298,704;  205,841;40202,196;15,23355
 809,05; 6331,058;  202,149;39953,453;15,41813
 809,62; 6326,412;  225,226;39953,711;15,35721
 810,18; 6341,997;  226,303;39905,660;15,41279
 810,74; 6287,044;  185,610;39622,841;15,47125
 811,31; 6348,552;  196,380;39382,021;15,70007
 811,87; 6357,137;  223,380;39237,432;15,72192
 812,44; 6381,876;  234,841;39225,843;15,76527
 813,00; 6312,153;  176,457;39000,716;15,80377
 813,56; 6385,277;  227,534;39033,358;15,86809
 814,13; 6401,477;  212,687;38906,307;15,99434
 814,69; 6409,524;  216,534;38757,334;16,06866
 815,25; 6380,647;  188,457;38318,976;16,23946
 815,82; 6410,617;  242,380;38289,156;16,21225
 816,38; 6431,510;  268,149;38067,029;16,30567
 816,94; 6355,556;  202,303;37850,748;16,34398
 817,51; 6339,141;  189,687;37680,159;16,40271
 818,07; 6353,111;  204,226;37400,955;16,53072
 818,63; 6338,465;  223,918;37193,673;16,53932
 819,20; 6352,358;  215,303;37104,008;16,63668
 819,76; 6305,866;  197,611;36688,649;16,73906
 820,32; 6365,913;  239,380;36721,830;16,79310
 820,89; 6329,652;  235,226;36524,472;16,79403
 821,45; 6279,083;  210,611;36295,114;16,81739
 822,01; 6327,976;  230,918;35917,755;17,08489
 822,57; 6320,945;  221,995;35738,628;17,17210
 823,14; 6247,530;  201,457;35711,732;17,02627
 823,70; 6260,654;  215,918;35435,220;17,16313
 824,26; 6254,931;  202,457;35192,015;17,29794
 824,82; 6270,362;  236,303;35028,273;17,34325
 825,39; 6261,178;  204,688;34746,684;17,53370
 825,95; 6283,763;  227,995;34894,787;17,46850
 826,51; 6252,194;  224,918;34398,352;17,63731
 827,08; 6321,549;  257,457;34544,148;17,68643
 827,64; 6248,365;  239,995;34377,251;17,60062
 828,20; 6270,180;  211,995;34024,124;17,91720
 828,76; 6294,765;  241,457;34111,381;17,87222
 829,32; 6285,735;  253,995;33877,716;17,93894
 829,89; 6250,166;  196,534;33806,281;18,01154
 830,45; 6303,905;  218,688;33726,538;18,16057
 831,01; 6304,336;  234,380;33499,026;18,24747
 831,57; 6313,768;  216,842;33428,514;18,35778
 832,14; 6291,506;  204,457;33450,771;18,30895
 832,70; 6286,707;  199,918;33198,259;18,44574
 833,26; 6244,907;  177,918;33077,286;18,44105
 833,82; 6291,800;  211,765;33074,620;18,50124
 834,38; 6298,385;  197,995;33086,646;18,54862
 834,95; 6328,278;  198,611;32850,981;18,77250
 835,51; 6296,401;  172,842;32768,623;18,78636
 836,07; 6357,909;  217,919;32883,572;18,79647
 836,63; 6433,264;  240,303;32851,291;18,99041
 837,19; 6397,079;  226,072;32750,856;18,97325
 837,75; 6309,895;  175,380;32443,267;19,01121
 838,32; 6422,250;  238,919;32551,294;19,13611
 838,88; 6459,758;  226,611;32511,474;19,30672
 839,44; 6466,650;  223,072;32395,270;19,40675
 840,00; 6452,005;  221,842;32410,219;19,35532
 840,56; 6407,128;  202,457;32098,707;19,45267
 841,12; 6405,790;  206,765;32065,965;19,45757
 841,68; 6389,683;  187,996;31858,837;19,58169
 842,25; 6465,576;  207,303;31957,864;19,71075
 842,81; 6368,315;  200,303;31684,044;19,59110
 843,37; 6401,669;  187,457;31622,301;19,76855
 843,93; 6441,177;  210,303;31554,097;19,87913
 844,49; 6442,916;  231,149;31591,893;19,80746
 845,05; 6382,809;  178,611;31416,381;19,86121
 845,61; 6463,932;  227,380;31528,484;19,92438
 846,17; 6432,671;  204,842;31370,896;19,98273
 846,73; 6448,410;  216,842;31278,768;20,06176
 847,29; 6417,379;  196,534;31156,333;20,09330
 847,86; 6422,349;  196,150;31060,744;20,17263
 848,42; 6431,165;  196,842;30796,386;20,37391
 848,98; 6424,981;  216,303;30794,336;20,30437
 849,54; 6421,335;  206,303;30818,670;20,30236
 850,10; 6477,305;  225,765;30650,543;20,54753
 850,66; 6434,351;  188,303;30499,415;20,60646
 851,22; 6426,706;  182,380;30478,134;20,61122
 851,78; 6468,521;  240,765;30570,699;20,53337
 852,34; 6450,953;  221,227;30198,341;20,78161
 852,90; 6437,076;  206,765;30087,521;20,85058
 853,46; 6430,738;  195,534;29975,856;20,93733
 854,02; 6407,631;  216,303;30027,113;20,76873
 854,58; 6418,293;  210,842;29811,755;20,97047
 855,14; 6426,109;  203,688;29654,627;21,12809
 855,70; 6367,771;  166,688;29539,039;21,11197
 856,26; 6461,279;  219,919;29440,065;21,35978
 856,82; 6431,094;  210,380;29300,553;21,38425
 857,38; 6425,987;  250,534;29225,657;21,31295
 857,94; 6387,495;  207,842;29098,837;21,38955
 858,50; 6440,080;  234,611;28945,248;21,61383
 859,06; 6413,050;  210,380;28817,505;21,68225
 859,62; 6408,327;  219,304;28776,609;21,67230
 860,18; 6409,835;  210,534;28608,712;21,82993
 860,74; 6395,113;  180,611;28466,739;21,97014
 861,30; 6400,621;  197,611;28341,073;22,04068
 861,86; 6464,668;  270,150;28337,407;22,07026
 862,42; 6414,176;  214,150;28193,280;22,15947
 862,98; 6473,145;  232,611;28171,076;22,33671
 863,54; 6412,576;  208,842;27992,487;22,32873
 864,10; 6408,315;  216,381;27940,513;22,33410
 864,66; 6368,054;  185,996;27731,847;22,44279
 865,22; 6409,409;  202,073;27650,874;22,61423
 865,78; 6425,917;  212,458;27493,208;22,77598
 866,34; 6405,809;  203,073;27369,696;22,83220
 866,90; 6411,318;  218,227;27382,184;22,79893
 867,45; 6363,364;  216,765;27046,826;22,90937
 868,01; 6388,949;  220,842;27000,545;23,03277
 868,57; 6358,303;  202,919;26838,418;23,10970
 869,13; 6324,350;  196,073;26726,906;23,09870
 869,69; 6355,935;  202,304;26592,932;23,31749
 870,25; 6289,674;  182,227;26435,189;23,26384
 870,81; 6349,413;  206,227;26509,831;23,35492
 871,37; 6405,690;  227,073;26368,012;23,63579
 871,93; 6369,968;  223,919;26286,038;23,58230
 872,49; 6343,706;  254,535;26074,295;23,58338
 873,04; 6247,291;  198,996;25813,245;23,61301
 873,60; 6297,876;  201,381;25665,810;23,94122
 874,16; 6277,846;  223,765;25653,837;23,80678
 874,72; 6304,538;  194,612;25581,221;24,06752
 875,28; 6325,538;  210,227;25553,760;24,12967
 875,84; 6338,308;  219,150;25443,606;24,25883
 876,40; 6333,615;  196,688;25412,683;24,33744
 876,95; 6324,692;  223,842;25336,837;24,29360
 877,51; 6353,692;  238,304;25417,067;24,28788
 878,07; 6381,846;  252,381;25399,529;24,37440
 878,63; 6384,308;  208,458;25324,067;24,58969
 879,19; 6378,923;  226,150;25414,452;24,42711
 879,75; 6378,308;  209,535;25391,837;24,49646
 880,30; 6494,154;  201,612;25492,452;24,88072
 880,86; 6497,692;  253,765;25581,375;24,65265
 881,42; 6486,308;  205,919;25573,529;24,75751
 881,98; 6603,231;  217,765;25629,375;25,12814
 882,54; 6562,692;  202,688;25761,298;24,88400
 883,09; 6660,231;  225,842;25841,298;25,11916
 883,65; 6676,000;  210,765;25869,298;25,19721
 884,21; 6755,615;  240,458;25997,683;25,29449
 884,77; 6728,692;  205,381;26091,144;25,20038
 885,32; 6832,615;  208,535;26207,913;25,47784
 885,88; 6925,077;  250,842;26309,683;25,61217
 886,44; 6909,769;  227,227;26444,990;25,48861
 887,00; 6957,846;  247,150;26405,990;25,65365
 887,56; 6985,846;  203,765;26614,221;25,67953
 888,11; 7005,000;  212,919;26556,606;25,78258
 888,67; 7079,462;  245,150;26715,990;25,81826
 889,23; 7091,231;  223,612;26797,144;25,84383
 889,79; 7099,462;  189,765;26676,144;26,08773
 890,34; 7094,000;  223,535;26569,683;26,07768
 890,90; 7198,154;  285,227;26691,144;26,17946
 891,46; 7113,154;  197,842;26581,913;26,21018
 892,01; 7188,846;  226,688;26629,144;26,36936
 892,57; 7192,846;  244,535;26545,529;26,41844
 893,13; 7124,846;  228,073;26361,913;26,39020
 893,69; 7167,154;  208,073;26306,990;26,66425
 894,24; 7149,923;  215,381;26210,067;26,67677
 894,80; 7127,077;  214,765;26079,683;26,72466
 895,36; 7132,615;  228,842;25934,760;26,85675
 895,91; 7080,846;  214,842;25728,144;26,91147
 896,47; 7121,615;  241,150;25649,990;27,07902
 897,03; 7016,692;  234,150;25498,375;26,84643
 897,58; 7025,615;  220,688;25398,067;27,02794
 898,14; 7040,000;  237,304;25202,375;27,24886
 898,70; 6980,846;  199,688;25038,990;27,30011
 899,25; 7034,077;  219,381;25034,913;27,46141
 899,81; 7009,154;  231,996;24839,529;27,54099
 900,37; 6977,308;  181,996;24668,606;27,75113
 900,92; 6978,769;  212,458;24631,760;27,70887
 901,48; 6961,615;  207,996;24520,375;27,77852
 902,03; 6910,231;  218,996;24378,990;27,69551
 902,59; 6902,615;  215,150;24300,837;27,76531
 903,15; 6954,077;  237,765;24220,221;28,00510
 903,70; 6880,538;  218,535;23955,221;28,06628
 904,26; 6914,462;  206,996;23861,529;28,35594
 904,82; 6902,923;  217,458;23860,760;28,27636
 905,37; 6882,692;  219,150;23644,837;28,44545
 905,93; 6842,385;  210,458;23529,606;28,43983
 906,48; 6887,769;  230,688;23523,221;28,58032
 907,04; 6881,846;  221,304;23456,452;28,66581
 907,60; 6834,308;  218,919;23224,606;28,75545
 908,15; 6824,692;  203,150;23068,144;28,95930
 908,71; 6873,385;  237,919;23054,221;29,08212
 909,26; 6828,769;  221,612;22863,529;29,18109
 909,82; 6802,077;  234,150;22847,837;29,04403
 910,37; 6836,615;  266,919;22783,837;29,17671
 910,93; 6784,538;  205,996;22551,144;29,44058
 911,48; 6771,769;  205,150;22375,990;29,61827
 912,04; 6740,615;  202,842;22302,452;29,58321
 912,60; 6781,462;  216,765;22294,606;29,73432
 913,15; 6744,462;  219,842;22136,760;29,76979
 913,71; 6722,538;  209,227;22052,913;29,81782
 914,26; 6711,154;  195,919;21925,990;29,98257
 914,82; 6729,462;  222,996;21910,837;30,00052
 915,37; 6721,923;  207,765;21847,144;30,10326
 915,93; 6745,769;  278,919;21740,913;30,13164
 916,48; 6634,385;  204,150;21559,221;30,11104
 917,04; 6623,692;  237,073;21433,990;30,12994
 917,59; 6695,615;  247,688;21392,913;30,49354
 918,15; 6604,769;  184,073;21232,298;30,50469
 918,70; 6587,538;  209,381;21136,990;30,47724
 919,26; 6585,692;  222,612;21045,221;30,55852
 919,81; 6543,231;  207,227;20857,837;30,68192
 920,37; 6585,000;  219,688;20843,913;30,86328
 920,92; 6591,308;  229,381;20765,529;30,97916
 921,48; 6497,923;  202,073;20538,375;30,95868
 922,03; 6562,846;  207,304;20558,990;31,22858
 922,59; 6527,308;  213,150;20418,298;31,25024
 923,14; 6541,385;  210,073;20290,760;31,52936
 923,69; 6539,000;  236,996;20283,606;31,43676
 924,25; 6553,154;  243,765;20191,144;31,63016
 924,80; 6475,769;  216,304;19967,375;31,69178
 925,36; 6468,462;  203,612;20000,683;31,64534
 925,91; 6471,077;  205,458;19866,067;31,86890
 926,47; 6463,769;  197,765;19758,990;32,03278
 927,02; 6543,231;  280,688;19724,144;32,20900
 927,57; 6441,000;  214,535;19540,606;32,21796
 928,13; 6425,462;  208,688;19462,067;32,28926
 928,68; 6443,615;  216,227;19405,683;32,45214
 929,24; 6367,077;  189,765;19190,913;32,51020
 929,79; 6350,538;  207,842;19086,837;32,53720
 930,34; 6334,462;  220,535;18942,837;32,65585
 930,90; 6351,308;  193,381;18975,529;32,78606
 931,45; 6374,615;  227,535;18915,760;32,89280
 932,01; 6390,231;  231,765;18817,298;33,13580
 932,56; 6358,769;  235,535;18668,837;33,21833
 933,11; 6317,231;  241,688;18691,913;32,92937
 933,67; 6256,154;  208,842;18458,913;33,13582
 934,22; 6300,538;  224,381;18376,529;33,47349
 934,77; 6286,231;  248,073;18268,990;33,50638
 935,33; 6255,692;  225,842;18138,298;33,66289
 935,88; 6247,308;  225,688;18044,529;33,79355
 936,43; 6220,231;  213,842;18043,375;33,68786
 936,99; 6186,000;  231,304;17926,990;33,65055
 937,54; 6124,615;  205,227;17714,990;33,80622
 938,09; 6198,923;  222,612;17677,298;34,23901
 938,65; 6167,923;  242,381;17590,606;34,15648
 939,20; 6126,692;  209,996;17525,683;34,16957
 939,75; 6088,154;  207,227;17478,298;34,05074
 940,31; 6073,615;  193,227;17292,990;34,38871
 940,86; 6154,154;  228,612;17323,913;34,66182
 941,41; 6218,308;  306,150;17218,067;34,95853
 941,96; 6079,769;  204,073;17122,375;34,72982
 942,52; 6075,692;  210,304;17002,913;34,92839
 943,07; 6032,615;  207,150;16856,683;34,98876
 943,62; 6020,308;  215,535;16819,606;34,95994
 944,18; 6038,615;  196,919;16762,990;35,26301
 944,73; 6037,846;  227,073;16716,452;35,23949
 945,28; 5901,000;  191,381;16482,837;35,04671
 945,83; 5990,769;  209,227;16467,375;35,56089
 946,39; 5939,077;  209,458;16447,606;35,28493
 946,94; 5972,615;  242,227;16299,913;35,68626
 947,49; 5951,769;  205,150;16252,221;35,81102
 948,04; 6001,769;  255,458;16126,837;36,20550
 948,59; 5957,462;  230,535;16140,452;35,99596
 949,15; 5905,462;  196,996;16061,683;35,98221
 949,70; 5924,308;  201,842;15972,221;36,28616
 950,25; 5934,923;  227,227;15902,298;36,41257
 950,80; 5858,154;  177,688;15699,837;36,59587
 951,36; 5855,385;  189,227;15661,683;36,62093
 951,91; 5879,000;  234,458;15717,683;36,45586
 952,46; 5800,231;  204,996;15491,221;36,60312
 953,01; 5867,077;  233,381;15547,837;36,78679
 953,56; 5807,154;  194,150;15394,144;36,92767
 954,11; 5773,000;  218,227;15325,298;36,76936
 954,67; 5786,385;  217,842;15275,837;36,98064
 955,22; 5682,538;  194,842;15113,760;36,78347
 955,77; 5756,462;  237,304;15118,990;37,08691
 956,32; 5706,538;  272,612;15026,144;36,83136
 956,87; 5619,154;  197,458;14922,913;36,81853
 957,42; 5681,077;  210,612;14888,990;37,26887
 957,98; 5611,923;  195,073;14785,683;37,12559
 958,53; 5652,692;  242,842;14740,913;37,31427
 959,08; 5630,000;  203,612;14661,452;37,53250
 959,63; 5593,538;  206,688;14518,913;37,63810
 960,18; 5561,077;  221,535;14482,837;37,44078
 960,73; 5592,615;  222,458;14404,913;37,86479
 961,28; 5538,231;  198,612;14350,298;37,73133
 961,83; 5540,769;  236,688;14333,606;37,62582
 962,39; 5479,538;  198,535;14197,913;37,72313
 962,94; 5502,462;  221,919;14132,837;37,95970
 963,49; 5462,231;  219,381;14010,298;38,01669
 964,04; 5460,308;  237,227;13969,298;38,03564
 964,59; 5441,538;  186,996;13863,144;38,42122
 965,14; 5424,385;  232,919;13831,606;38,17623
 965,69; 5431,154;  210,919;13677,606;38,76406
 966,24; 5386,077;  204,150;13648,298;38,54411
 966,79; 5334,154;  232,612;13567,760;38,25636
 967,34; 5271,615;  191,765;13414,298;38,41813
 967,89; 5327,385;  205,535;13381,760;38,87191
 968,44; 5279,769;  212,150;13349,452;38,57428
 968,99; 5260,077;  216,919;13260,298;38,66450
 969,55; 5219,615;  218,381;13153,606;38,66368
 970,10; 5208,231;  219,996;13088,375;38,76350
 970,65; 5177,000;  227,535;12962,067;38,86649
 971,20; 5137,923;  206,688;12874,683;38,92672
 971,75; 5113,231;  180,996;12727,298;39,31226
 972,30; 5137,077;  218,381;12673,683;39,49078
 972,85; 5149,923;  197,150;12628,298;39,84164
 973,40; 5054,154;  200,073;12537,452;39,34451
 973,95; 5089,769;  232,227;12456,529;39,73677
 974,50; 5093,769;  244,688;12419,375;39,82920
 975,05; 5108,308;  224,842;12303,990;40,42889
 975,60; 5087,385;  228,227;12208,298;40,56034
 976,15; 5042,385;  203,150;12086,529;40,72272
 976,70; 5024,846;  218,765;12099,298;40,45341
 977,25; 5011,154;  229,842;11994,913;40,63989
 977,80; 4954,308;  218,150;11896,990;40,55332
 978,35; 4904,462;  228,688;11763,067;40,53771
 978,89; 4890,615;  186,765;11681,452;40,92195
 979,44; 4892,231;  215,919;11643,067;40,92282
 979,99; 4800,615;  209,996;11504,760;40,64378
 980,54; 4813,385;  236,458;11406,067;40,97661
 981,09; 4794,077;  234,688;11356,375;40,99548
 981,64; 4747,231;  228,535;11257,606;40,97078
 982,19; 4792,692;  256,458;11183,144;41,51519
 982,74; 4716,385;  234,150;11100,913;41,24719
 983,29; 4660,538;  200,304;10944,375;41,51345
 983,84; 4640,000;  230,535;10859,452;41,48556
 984,39; 4720,308;  311,304;10821,990;41,94782
 984,94; 4574,692;  196,304;10687,221;41,73504
 985,49; 4599,000;  249,381;10629,452;41,90356
 986,03; 4574,154;  246,304;10550,144;42,00230
 986,58; 4549,769;  279,073;10403,144;42,18358
 987,13; 4468,538;  224,150;10292,760;42,15466
 987,68; 4418,000;  235,227;10247,683;41,77570
 988,23; 4420,231;  242,304;10133,067;42,24069
 988,78; 4355,231;  214,535;10068,452;42,02081
 989,33; 4327,231;  234,227; 9913,144;42,28783
 989,88; 4337,538;  250,996; 9898,990;42,35639
 990,42; 4279,231;  222,688; 9733,837;42,65040
 990,97; 4222,769;  214,612; 9643,375;42,50990
 991,52; 4199,846;  246,381; 9558,760;42,45387
 992,07; 4203,615;  266,381; 9463,913;42,80751
 992,62; 4191,615;  240,304; 9433,760;42,97961
 993,17; 4126,846;  244,458; 9287,990;42,93000
 993,71; 4105,615;  245,150; 9239,067;42,92307
 994,26; 4045,231;  221,381; 9063,298;43,24684
 994,81; 4060,231;  253,304; 9098,913;43,03747
 995,36; 4004,923;  217,765; 8931,452;43,46218
 995,91; 4011,692;  236,535; 8871,913;43,71734
 996,45; 3935,538;  219,458; 8740,375;43,61128
 997,00; 3892,077;  209,535; 8653,067;43,61376
 997,55; 3904,615;  239,458; 8572,067;43,98571
 998,10; 3878,538;  248,073; 8474,375;44,13241
 998,65; 3832,077;  230,919; 8432,760;43,90670
 999,19; 3840,846;  252,919; 8315,990;44,49827
 999,74; 3792,077;  273,535; 8203,144;44,37220
1000,29; 3784,692;  237,535; 8169,683;44,71875
1000,84; 3702,769;  229,919; 8030,375;44,52112
1001,38; 3693,769;  238,842; 7932,913;44,90376
1001,93; 3697,846;  247,458; 7852,452;45,37003
1002,48; 3605,462;  217,227; 7736,990;45,05773
1003,03; 3629,308;  242,381; 7728,760;45,24119
1003,57; 3581,923;  239,073; 7635,529;45,19529
1004,12; 3586,769;  269,535; 7532,606;45,67262
1004,67; 3531,077;  223,996; 7460,760;45,69834
1005,22; 3465,231;  217,150; 7324,221;45,70210
1005,76; 3411,462;  220,765; 7186,298;45,80692
1006,31; 3402,923;  243,073; 7159,452;45,68648
1006,86; 3352,077;  219,612; 7054,683;45,82930
1007,40; 3325,538;  215,996; 6938,452;46,25605
1007,95; 3291,769;  232,073; 6894,221;45,92657
1008,50; 3217,385;  231,535; 6793,837;45,50004
1009,04; 3203,538;  219,612; 6672,298;46,24317
1009,59; 3152,231;  235,227; 6564,375;46,08841
1010,14; 3117,692;  202,765; 6473,913;46,48155
1010,68; 3058,692;  230,765; 6339,144;46,29587
1011,23; 3051,692;  233,304; 6261,837;46,75082
1011,78; 3017,000;  236,688; 6194,990;46,66282
1012,32; 3017,923;  255,073; 6091,452;47,33843
1012,87; 2983,231;  263,765; 6052,760;46,97647
1013,42; 2904,692;  214,996; 5961,683;46,80430
1013,96; 2936,000;  259,765; 5998,683;46,63309
1014,51; 2850,923;  203,612; 5856,529;46,83089
1015,06; 2875,615;  192,765; 5880,529;47,16880
1015,60; 2952,000;  276,381; 5914,529;47,45564
1016,15; 2888,154;  213,073; 5881,683;47,19113
1016,69; 2907,538;  228,842; 5948,375;46,83418
1017,24; 2889,692;  206,842; 5917,990;46,97567
1017,79; 2964,462;  258,765; 5998,990;47,13572
1018,33; 2911,615;  217,996; 5978,913;46,75678
1018,88; 2984,308;  252,919; 6005,298;47,48276
1019,42; 2951,692;  221,073; 6016,067;47,12031
1019,97; 2966,923;  211,919; 6022,529;47,41334
1020,51; 3004,308;  273,304; 6017,990;47,53965
1021,06; 2980,692;  210,842; 6012,221;47,74468
1021,61; 2961,615;  191,150; 5972,529;47,92050
1022,15; 2919,615;  179,227; 5927,067;47,67684
1022,70; 2954,615;  220,996; 5955,067;47,67327
1023,24; 2938,769;  208,227; 5895,990;48,00731
1023,79; 2921,846;  213,304; 5854,221;48,01599
1024,33; 2898,846;  219,842; 5797,298;48,03272
1024,88; 2888,385;  245,227; 5761,144;47,91873
1025,42; 2843,923;  227,842; 5648,913;48,25764
1025,97; 2809,385;  215,304; 5545,144;48,67089
1026,51; 2723,154;  197,073; 5470,606;47,90111
1027,06; 2713,615;  209,458; 5392,144;48,31775
1027,60; 2689,154;  233,996; 5313,913;48,33066
1028,15; 2651,462;  243,919; 5243,067;48,15905
1028,69; 2611,385;  187,919; 5112,837;49,20825
1029,24; 2580,692;  209,996; 5087,067;48,60901
1029,78; 2533,615;  203,535; 4970,913;48,87551
1030,33; 2475,692;  198,842; 4900,606;48,42545
1030,87; 2490,385;  214,073; 4821,683;49,40331
1031,42; 2425,000;  201,073; 4742,221;48,97279
1031,96; 2434,000;  232,842; 4705,375;49,21502
1032,51; 2377,615;  209,458; 4603,067;49,34798
1033,05; 2359,231;  216,535; 4534,067;49,62779
1033,60; 2274,615;  197,073; 4446,837;48,88607
1034,14; 2278,462;  209,765; 4402,683;49,33787
1034,69; 2261,846;  211,688; 4337,529;49,69067
1035,23; 2232,769;  218,765; 4274,913;49,65311
1035,77; 2246,769;  207,304; 4229,683;50,70297
1036,32; 2163,846;  185,458; 4146,606;49,94482
1036,86; 2176,308;  216,688; 4093,067;50,55283
1037,41; 2164,923;  236,535; 4061,990;50,40938
1037,95; 2108,000;  188,842; 3945,913;51,08122
1038,50; 2096,692;  198,304; 3915,529;51,07004
1039,04; 2098,692;  233,150; 3899,606;50,88135
1039,58; 2054,923;  202,535; 3808,221;51,37408
1040,13; 2022,231;  214,381; 3767,452;50,88133
1040,67; 2039,538;  247,688; 3767,683;50,90491
1041,21; 2015,308;  239,227; 3669,990;51,76926
1041,76; 1935,462;  198,996; 3577,913;51,39118
1042,30; 1950,538;  217,381; 3566,606;51,74802
1042,85; 1903,923;  211,612; 3485,452;51,69194
1043,39; 1861,308;  199,535; 3451,067;51,10738
1043,93; 1887,308;  232,304; 3439,144;51,60855
1044,48; 1849,462;  222,919; 3365,913;51,75136
1045,02; 1806,615;  219,765; 3323,606;51,12537
1045,56; 1812,538;  243,150; 3284,913;51,59469
1046,11; 1780,615;  218,612; 3231,683;51,84092
1046,65; 1740,692;  232,688; 3173,529;51,27799
1047,19; 1699,615;  209,535; 3143,529;50,78677
1047,74; 1665,000;  190,150; 3084,144;50,96244
1048,28; 1703,154;  217,304; 3024,375;52,93240
1048,82; 1681,769;  248,688; 3015,298;51,79917
1049,37; 1664,538;  231,073; 2983,144;52,08678
1049,91; 1640,692;  234,150; 2892,760;52,90518
1050,45; 1625,538;  237,919; 2901,452;52,09695
1050,99; 1602,769;  238,458; 2819,221;52,86465
1051,54; 1556,538;  204,765; 2781,298;52,46481
1052,08; 1574,385;  253,612; 2788,298;52,10795
1052,62; 1550,769;  237,765; 2739,067;52,49282
1053,16; 1491,692;  210,996; 2656,760;52,36386
1053,71; 1513,769;  231,381; 2660,837;52,78501
1054,25; 1501,385;  236,919; 2605,606;53,38255
1054,79; 1458,692;  232,381; 2552,913;52,84612
1055,33; 1413,154;  196,381; 2505,221;52,70061
1055,88; 1437,769;  232,304; 2511,837;52,88213
1056,42; 1430,846;  242,535; 2493,452;52,79232
1056,96; 1406,923;  241,458; 2438,606;53,04446
1057,50; 1388,692;  236,073; 2386,144;53,60842
1058,05; 1359,692;  225,535; 2347,375;53,45160
1058,59; 1362,462;  260,612; 2309,990;53,76507
1059,13; 1310,846;  204,381; 2257,606;53,88914
1059,67; 1331,692;  237,996; 2250,067;54,35673
1060,21; 1310,846;  224,150; 2201,990;54,94357
1060,76; 1285,308;  238,381; 2197,529;53,43787
1061,30; 1307,154;  246,919; 2168,760;55,16767
1061,84; 1270,231;  239,150; 2116,913;54,91005
1062,38; 1221,231;  208,612; 2075,452;54,24241
1062,92; 1278,000;  277,227; 2116,298;54,41731
1063,46; 1230,538;  242,150; 2042,144;54,91065
1064,01; 1202,769;  214,612; 2018,144;54,79012
1064,55; 1197,462;  229,612; 1982,221;55,22336
1065,09; 1147,846;  210,227; 1927,683;54,59350
1065,63; 1198,385;  266,996; 1962,298;54,93939
1066,17; 1183,769;  256,996; 1921,683;55,67253
1066,71; 1171,692;  252,612; 1907,606;55,53377
1067,25; 1143,462;  228,535; 1862,452;55,99591
1067,80; 1142,769;  246,612; 1837,837;56,31873
1068,34; 1140,538;  253,688; 1847,990;55,62623
1068,88; 1083,538;  223,688; 1786,683;55,01300
1069,42; 1121,462;  252,688; 1815,606;55,58663
1069,96; 1077,692;  229,458; 1746,298;55,92115
1070,50; 1111,154;  269,458; 1758,529;56,52491
1071,04; 1054,538;  221,688; 1714,913;55,77525
1071,58; 1042,538;  221,688; 1681,990;56,21098
1072,12; 1065,692;  234,612; 1655,144;58,50487
1072,66; 1028,385;  243,227; 1650,606;55,78865
1073,21; 1044,000;  250,304; 1647,529;56,80518
1073,75; 1034,538;  240,688; 1626,683;57,27657
1074,29; 1002,154;  245,919; 1598,913;55,89341
1074,83; 1010,923;  253,996; 1585,606;56,84301
1075,37; 1015,923;  254,996; 1570,375;57,84850
1075,91;  993,462;  247,535; 1552,144;57,17626
1076,45;  974,154;  246,381; 1542,298;56,15891
1076,99;  970,923;  243,765; 1506,375;57,59165
1077,53;  943,846;  239,150; 1476,529;56,95072
1078,07;  952,077;  249,688; 1476,913;57,23388
1078,61;  933,154;  240,535; 1453,529;57,09996
1079,15;  898,077;  242,150; 1421,144;55,63445
1079,69;  893,846;  245,765; 1424,067;55,00125
1080,23;  909,692;  265,996; 1427,683;55,41049
1080,77;  952,154;  295,919; 1425,683;58,08602
1081,31;  880,308;  238,381; 1367,529;56,85055
1081,85;  879,077;  256,381; 1358,837;56,48264
1082,39;  859,231;  242,688; 1330,683;56,66779
1082,93;  888,077;  246,227; 1330,606;59,19057
1083,47;  831,231;  219,919; 1290,529;57,09939
1084,01;  859,077;  256,227; 1298,837;57,82126
1084,55;  823,769;  238,458; 1259,298;57,33624
1085,09;  846,154;  241,227; 1287,144;57,83697
1085,63;  823,846;  240,842; 1245,144;58,05066
1086,17;  807,077;  233,612; 1223,606;57,92613
1086,71;  778,846;  225,535; 1226,452;55,28044
1087,24;  806,077;  259,842; 1231,452;56,21956
1087,78;  807,538;  268,381; 1196,837;58,07037
1088,32;  752,231;  221,304; 1169,683;55,98258
1088,86;  793,692;  255,381; 1188,683;57,67818
1089,40;  768,462;  254,227; 1153,990;57,15220
1089,94;  741,231;  225,304; 1120,837;57,61118
1090,48;  756,462;  235,535; 1131,529;58,13954
1091,02;  750,308;  264,842; 1119,760;56,78507
1091,56;  744,923;  241,458; 1113,375;57,74233
1092,10;  720,000;  216,842; 1072,067;58,83337
1092,63;  748,923;  264,842; 1097,683;58,12407
1093,17;  731,615;  251,227; 1068,606;58,77182
1093,71;  701,769;  232,535; 1038,452;58,22367
1094,25;  725,000;  253,535; 1043,683;59,66798
1094,79;  690,462;  238,150; 1031,298;57,02738
1095,33;  703,308;  240,612; 1032,529;58,42733
1095,87;  674,077;  246,458; 1004,990;56,37453
1096,40;  658,385;  229,765;  956,452;58,98268
1096,94;  672,846;  247,612;  979,452;58,10483
1097,48;  685,769;  251,227;  989,760;58,83860
1098,02;  661,077;  234,381;  971,144;57,91495
1098,56;  631,846;  213,073;  920,452;59,20068
1099,10;  628,154;  219,458;  908,375;59,32441
1099,63;  625,462;  218,304;  914,990;58,44202
1100,17;  647,154;  241,150;  928,683;59,05230
1100,71;  664,769;  265,842;  916,837;61,27964

