
Integration time [ms]: 130,000
Averaging Nr. [scans]: 13
Smoothing Nr. [pixels]: 0
Data measured with spectrometer [name]: 2009305U1
Wave   ;Sample   ;Dark     ;Reference;Reflectance
[nm]   ;[counts] ;[counts] ;[counts] ;[%]

 175,72;  206,568;  206,883;  192,948; 0,00000
 176,32;  233,248;  243,267;  207,323; 0,00000
 176,92;  258,421;  268,037;  240,090; 0,00000
 177,52;  267,336;  265,575;  239,099; 0,00000
 178,12;  248,880;  242,959;  209,348; 0,00000
 178,72;  260,127;  273,420;  241,854; 0,00000
 179,32;  270,008;  262,036;  239,202; 0,00000
 179,92;  259,882;  244,113;  234,033; 0,00000
 180,52;  254,014;  249,115;  241,318; 0,00000
 181,12;  266,822;  270,729;  232,456; 0,00000
 181,73;  279,728;  286,344;  262,561; 0,00000
 182,33;  380,124;  376,191;  321,769; 0,00000
 182,93;  290,071;  272,883;  250,076; 0,00000
 183,53;  247,836;  243,420;  216,568; 0,00000
 184,13;  242,332;  251,882;  217,799; 0,00000
 184,73;  285,143;  293,804;  252,053; 0,00000
 185,33;  250,438;  241,488;  314,214;12,30640
 185,93;  266,751;  246,948;  344,643;20,27031
 186,53;  277,154;  257,872;  356,123;19,62584
 187,13;  295,747;  286,488;  389,171; 9,01684
 187,73;  258,461;  259,102;  351,695;-0,69236
 188,33;  266,716;  243,025;  336,731;25,28258
 188,93;  278,874;  269,253;  347,227;12,33769
 189,53;  266,084;  254,252;  358,725;11,32515
 190,13;  316,095;  299,942;  388,439;18,25246
 190,73;  253,065;  235,328;  327,192;19,30750
 191,34;  286,428;  262,638;  357,002;25,21119
 191,94;  265,740;  248,486;  335,061;19,93001
 192,54;  270,766;  260,489;  366,038; 9,73677
 193,14;  284,644;  271,642;  366,396;13,72201
 193,74;  289,849;  261,411;  354,594;30,51807
 194,34;  282,303;  270,412;  354,530;14,13651
 194,94;  249,610;  238,411;  322,296;13,35009
 195,54;  230,523;  202,642;  301,272;28,26894
 196,14;  257,098;  242,335;  335,114;15,91260
 196,74;  257,172;  231,718;  329,599;26,00502
 197,34;  224,186;  206,643;  330,897;14,11819
 197,94;  261,183;  235,258;  353,820;21,86637
 198,54;  270,167;  253,027;  363,993;15,44588
 199,14;  233,751;  217,259;  354,060;12,05526
 199,74;  233,785;  198,721;  356,467;22,22827
 200,34;  229,179;  207,182;  367,321;13,73573
 200,94;  257,510;  243,566;  403,317; 8,72850
 201,54;  240,665;  219,951;  399,962;11,50687
 202,14;  275,299;  263,875;  440,238; 6,47756
 202,74;  233,691;  230,721;  445,442; 1,38330
 203,34;  218,172;  197,875;  454,350; 7,91365
 203,94;  208,239;  168,414;  451,045;14,09109
 204,54;  271,098;  259,796;  546,265; 3,94515
 205,14;  237,127;  211,028;  540,400; 7,92372
 205,74;  263,488;  253,491;  631,073; 2,64771
 206,34;  246,025;  208,721;  641,247; 8,62475
 206,94;  260,367;  218,029;  700,909; 8,76785
 207,54;  217,547;  187,490;  730,299; 5,53719
 208,14;  244,085;  211,567;  823,109; 5,31740
 208,74;  256,494;  211,567;  870,683; 6,81632
 209,34;  253,024;  207,336;  945,448; 6,18990
 209,94;  260,870;  226,259; 1044,896; 4,22793
 210,54;  262,676;  212,952; 1122,029; 5,46966
 211,14;  277,187;  215,567; 1215,927; 6,15977
 211,73;  269,904;  218,105; 1322,595; 4,68985
 212,33;  289,553;  234,182; 1410,755; 4,70613
 212,93;  277,118;  212,105; 1512,714; 4,99865
 213,53;  251,990;  198,336; 1553,629; 3,95885
 214,13;  286,643;  210,337; 1623,963; 5,39787
 214,73;  259,607;  192,952; 1635,545; 4,62048
 215,33;  254,178;  181,490; 1665,665; 4,89755
 215,93;  291,402;  202,414; 1797,785; 5,57793
 216,53;  257,733;  169,644; 1829,547; 5,30692
 217,13;  318,163;  232,721; 2081,777; 4,62081
 217,73;  300,548;  208,029; 2263,369; 4,50138
 218,33;  272,866;  157,184; 2411,882; 5,13070
 218,93;  331,484;  199,262; 2667,125; 5,35775
 219,53;  335,669;  201,722; 2986,520; 4,80993
 220,13;  318,140;  162,876; 3250,400; 5,02874
 220,73;  350,324;  192,028; 3571,404; 4,68416
 221,32;  382,187;  185,644; 3954,221; 5,21531
 221,92;  413,336;  195,876; 4337,672; 5,25038
 222,52;  413,796;  177,106; 4739,010; 5,18840
 223,12;  437,206;  187,799; 5086,232; 5,09158
 223,72;  474,856;  211,722; 5410,102; 5,06185
 224,32;  491,899;  205,337; 5793,259; 5,12823
 224,92;  506,651;  184,799; 6080,709; 5,45891
 225,52;  554,478;  215,567; 6416,624; 5,46537
 226,12;  553,120;  190,568; 6676,864; 5,58952
 226,72;  565,222;  170,875; 7024,124; 5,75417
 227,31;  576,513;  159,567; 7292,958; 5,84498
 227,91;  645,606;  208,105; 7644,542; 5,88320
 228,51;  645,374;  193,951; 8013,278; 5,77316
 229,11;  680,974;  192,721; 8357,714; 5,97984
 229,71;  710,990;  177,951; 8604,525; 6,32568
 230,31;  728,660;  172,337; 9018,666; 6,28874
 230,91;  728,740;  165,335; 9283,096; 6,17920
 231,51;  781,685;  173,568; 9566,512; 6,47419
 232,10;  821,190;  175,491; 9827,739; 6,68962
 232,70;  830,149;  195,104;10045,222; 6,44708
 233,30;  885,761;  209,568;10216,100; 6,75752
 233,90;  890,667;  181,568;10313,320; 6,99879
 234,50;  907,830;  175,798;10387,160; 7,16879
 235,10;  923,036;  184,568;10371,017; 7,24951
 235,70;  945,871;  206,029;10341,167; 7,29978
 236,29;  978,340;  205,105;10300,208; 7,65951
 236,89;  947,253;  169,258;10197,605; 7,75796
 237,49; 1000,111;  191,183; 9980,204; 8,26363
 238,09;  966,718;  179,490; 9710,863; 8,25933
 238,69; 1019,287;  232,181; 9357,445; 8,62556
 239,29;  950,854;  180,183; 9144,055; 8,59753
 239,89;  941,963;  199,335; 8798,386; 8,63616
 240,48;  924,470;  182,798; 8374,928; 9,05347
 241,08;  916,427;  188,029; 8018,282; 9,30236
 241,68;  926,179;  210,952; 7718,722; 9,52650
 242,28;  877,359;  174,875; 7401,229; 9,72114
 242,88;  920,677;  226,799; 7117,139;10,07030
 243,48;  911,616;  232,721; 6848,335;10,26200
 244,07;  877,589;  195,721; 6639,146;10,58238
 244,67;  886,462;  211,183; 6516,462;10,70974
 245,27;  888,212;  215,182; 6362,210;10,94886
 245,87;  891,198;  202,107; 6335,486;11,23511
 246,47;  897,075;  196,336; 6289,376;11,50065
 247,06;  885,384;  176,567; 6305,934;11,56428
 247,66;  911,222;  188,875; 6411,097;11,60915
 248,26;  960,545;  218,567; 6527,985;11,75986
 248,86;  989,759;  214,182; 6664,652;12,02357
 249,46;  986,420;  161,029; 6913,796;12,22300
 250,05; 1069,786;  207,952; 7291,267;12,16710
 250,65; 1066,348;  178,259; 7691,864;11,81975
 251,25; 1138,213;  195,490; 8147,203;11,85559
 251,85; 1231,783;  191,105; 8702,254;12,22724
 252,44; 1251,092;  156,105; 9345,441;11,91585
 253,04; 1381,016;  194,028;10067,404;12,02210
 253,64; 1417,630;  158,028;10766,320;11,87375
 254,24; 1574,367;  214,183;11682,090;11,86079
 254,84; 1666,189;  188,875;12705,719;11,80260
 255,43; 1734,093;  181,490;13737,685;11,45309
 256,03; 1868,579;  186,643;14730,466;11,56460
 256,63; 1991,390;  193,181;15829,825;11,49997
 257,23; 2054,236;  170,105;16779,992;11,34343
 257,82; 2199,483;  208,258;17783,780;11,32954
 258,42; 2228,892;  154,181;18700,370;11,18673
 259,02; 2388,127;  202,105;19669,798;11,22897
 259,62; 2413,866;  183,642;20421,967;11,01981
 260,21; 2470,716;  186,644;21097,331;10,92299
 260,81; 2529,282;  202,029;21597,433;10,87735
 261,41; 2523,252;  165,027;22157,676;10,72279
 262,01; 2599,746;  207,488;22748,846;10,61275
 262,60; 2612,313;  161,566;23102,530;10,68284
 263,20; 2627,861;  175,874;23584,528;10,47470
 263,80; 2605,396;  207,334;23879,471;10,13031
 264,40; 2583,917;  167,257;24055,961;10,11633
 264,99; 2621,678;  197,796;24220,941;10,08978
 265,59; 2598,881;  182,795;24467,531; 9,94899
 266,19; 2599,968;  181,026;24649,956; 9,88577
 266,78; 2634,617;  218,641;24848,551; 9,80911
 267,38; 2583,445;  199,795;24816,165; 9,68319
 267,98; 2555,378;  193,795;24848,905; 9,57847
 268,58; 2569,198;  189,641;24940,461; 9,61405
 269,17; 2480,589;  182,794;24983,268; 9,26512
 269,77; 2475,637;  189,874;24772,860; 9,29815
 270,37; 2448,250;  166,026;24639,797; 9,32518
 270,96; 2412,551;  225,027;24597,197; 8,97550
 271,56; 2352,296;  181,489;24291,813; 9,00364
 272,16; 2327,158;  174,335;24192,882; 8,96317
 272,75; 2315,619;  188,335;24124,972; 8,88715
 273,35; 2310,509;  191,104;24014,541; 8,89630
 273,95; 2283,346;  192,258;24076,610; 8,75505
 274,54; 2253,820;  177,106;24099,199; 8,68116
 275,14; 2322,953;  208,412;24508,774; 8,70169
 275,74; 2244,491;  169,258;24560,168; 8,50822
 276,33; 2321,227;  214,874;24882,419; 8,53897
 276,93; 2352,461;  194,644;25322,757; 8,58726
 277,53; 2373,990;  189,721;25886,769; 8,50008
 278,12; 2417,382;  179,028;26405,205; 8,53481
 278,72; 2518,109;  237,951;26945,425; 8,53753
 279,32; 2528,537;  189,951;27541,851; 8,54999
 279,91; 2615,357;  168,566;28344,062; 8,68411
 280,51; 2689,204;  182,105;28901,233; 8,72972
 281,11; 2728,340;  185,105;29598,128; 8,64663
 281,70; 2805,818;  169,643;30068,420; 8,81700
 282,30; 2875,988;  178,566;30660,121; 8,84936
 282,90; 2968,501;  187,951;31073,604; 9,00272
 283,49; 3065,620;  199,950;31595,487; 9,12763
 284,09; 3191,348;  216,874;32086,440; 9,33327
 284,69; 3267,707;  213,028;32323,541; 9,51302
 285,28; 3347,544;  192,489;32735,570; 9,69501
 285,88; 3499,978;  261,027;32977,903; 9,89994
 286,47; 3493,005;  200,720;33023,734;10,03042
 287,07; 3620,348;  228,413;33022,366;10,34317
 287,67; 3748,616;  208,491;33216,566;10,72503
 288,26; 3848,143;  179,951;33106,870;11,14041
 288,86; 3937,066;  176,566;33210,495;11,38375
 289,46; 4115,348;  202,413;33389,570;11,79051
 290,05; 4283,717;  178,721;33462,103;12,33347
 290,65; 4454,253;  195,566;33629,258;12,73771
 291,24; 4684,930;  193,874;33785,062;13,36974
 291,84; 4874,082;  207,489;33964,286;13,82416
 292,44; 5082,830;  197,644;34141,427;14,39199
 293,03; 5377,844;  261,259;34230,787;15,06228
 293,63; 5461,407;  196,181;34400,592;15,39341
 294,22; 5702,733;  218,874;34544,018;15,97621
 294,82; 5839,593;  194,180;34496,117;16,45800
 295,41; 5948,895;  172,336;34216,190;16,96799
 296,01; 6142,303;  229,027;34195,349;17,40923
 296,61; 6204,118;  212,797;33936,995;17,76564
 297,20; 6219,260;  202,181;33474,693;18,08424
 297,80; 6283,965;  207,875;33318,386;18,35094
 298,39; 6302,475;  187,335;33028,407;18,62040
 298,99; 6402,414;  208,489;32871,131;18,96333
 299,58; 6417,889;  203,721;32623,055;19,16809
 300,18; 6436,948;  216,259;32509,117;19,26336
 300,78; 6409,802;  191,028;32214,004;19,41972
 301,37; 6438,096;  204,026;32126,385;19,52885
 301,97; 6513,254;  209,566;32206,558;19,70088
 302,56; 6530,296;  201,797;32148,633;19,80947
 303,16; 6549,492;  172,950;32013,108;20,02673
 303,75; 6557,828;  191,490;32091,394;19,95723
 304,35; 6644,702;  185,491;32340,781;20,08755
 304,94; 6707,006;  185,720;32421,637;20,22988
 305,54; 6733,110;  217,182;32223,221;20,35843
 306,13; 6706,856;  160,183;32220,717;20,41972
 306,73; 6680,496;  174,721;32008,602;20,43664
 307,33; 6732,222;  204,798;31931,508;20,57391
 307,92; 6752,785;  201,105;32024,491;20,58763
 308,52; 6853,953;  170,797;32480,556;20,68464
 309,11; 6956,106;  188,335;32991,653;20,63136
 309,71; 7026,832;  179,873;33219,121;20,72371
 310,30; 7115,092;  179,567;33394,708;20,88061
 310,90; 7252,861;  214,567;33790,554;20,96229
 311,49; 7239,613;  190,567;33953,991;20,87776
 312,09; 7293,504;  157,106;34191,359;20,96828
 312,68; 7440,836;  258,182;34603,398;20,91311
 313,28; 7447,554;  168,182;34732,952;21,06009
 313,87; 7405,254;  156,874;34760,508;20,94688
 314,47; 7523,653;  185,873;35066,507;21,03683
 315,06; 7530,520;  175,182;35199,173;21,00085
 315,66; 7592,350;  169,259;35420,128;21,05789
 316,25; 7520,201;  162,797;35215,825;20,98936
 316,85; 7543,469;  164,875;35386,734;20,94891
 317,44; 7579,961;  188,027;35475,865;20,94754
 318,04; 7545,672;  169,412;35543,769;20,85200
 318,63; 7516,351;  153,875;35554,416;20,79764
 319,22; 7560,825;  190,720;35795,729;20,69963
 319,82; 7521,954;  183,489;35842,151;20,57975
 320,41; 7491,287;  197,489;35683,281;20,55414
 321,01; 7474,298;  194,644;35821,003;20,43334
 321,60; 7472,937;  200,566;35859,769;20,39409
 322,20; 7421,383;  173,259;35910,416;20,28176
 322,79; 7449,836;  208,182;36108,679;20,17146
 323,39; 7457,334;  183,722;36041,073;20,28486
 323,98; 7361,648;  166,105;36093,837;20,02782
 324,58; 7321,654;  178,258;35831,062;20,03600
 325,17; 7268,039;  187,566;35710,794;19,93195
 325,76; 7222,972;  192,874;35594,397;19,85818
 326,36; 7074,580;  176,875;35235,794;19,67461
 326,95; 7020,938;  206,720;34873,320;19,65643
 327,55; 6900,211;  168,951;34474,655;19,62140
 328,14; 6796,461;  175,336;34147,576;19,48981
 328,74; 6723,800;  204,566;33722,225;19,45015
 329,33; 6602,144;  193,721;33357,913;19,32332
 329,92; 6468,166;  171,873;32751,963;19,32558
 330,52; 6301,008;  199,875;32112,634;19,11816
 331,11; 6208,331;  184,182;31755,044;19,08136
 331,71; 6064,203;  182,105;31077,216;19,03893
 332,30; 5959,006;  199,336;30612,868;18,93786
 332,89; 5866,050;  256,105;30058,042;18,82409
 333,49; 5674,946;  196,566;29569,903;18,65086
 334,08; 5570,433;  181,182;29110,919;18,62876
 334,68; 5483,382;  185,412;28674,128;18,59673
 335,27; 5379,675;  199,337;28409,849;18,36315
 335,86; 5308,946;  255,259;28140,736;18,12301
 336,46; 5246,505;  200,875;27863,851;18,23965
 337,05; 5151,314;  182,105;27691,647;18,06358
 337,65; 5105,160;  165,797;27563,711;18,02824
 338,24; 5090,084;  223,105;27593,781;17,78173
 338,83; 5040,289;  214,951;27415,200;17,74005
 339,43; 5000,261;  176,489;27443,827;17,69066
 340,02; 4955,740;  191,643;27263,196;17,59817
 340,61; 4997,126;  179,336;27356,129;17,72759
 341,21; 4971,338;  221,258;27403,763;17,47477
 341,80; 4892,647;  190,182;27284,599;17,35584
 342,40; 4925,444;  192,029;27448,053;17,36649
 342,99; 4917,819;  192,721;27617,581;17,22925
 343,58; 4899,760;  177,490;27680,452;17,17004
 344,18; 4940,948;  210,336;27856,488;17,11128
 344,77; 4924,945;  177,489;28189,448;16,94796
 345,36; 4971,015;  168,874;28526,705;16,93409
 345,96; 5041,623;  198,721;28806,771;16,92846
 346,55; 5039,010;  172,799;29074,229;16,83727
 347,14; 5105,470;  175,106;29463,955;16,83359
 347,74; 5147,191;  151,338;29876,856;16,80661
 348,33; 5246,396;  177,414;30568,928;16,67894
 348,92; 5335,260;  197,492;31059,996;16,64728
 349,52; 5407,439;  163,492;31620,908;16,66999
 350,11; 5437,834;  196,489;31791,797;16,58900
 350,70; 5452,408;  180,413;31869,073;16,63685
 351,29; 5363,754;  169,026;31602,155;16,52628
 351,89; 5357,405;  183,334;31617,378;16,46009
 352,48; 5345,383;  155,951;31620,556;16,49292
 353,07; 5369,188;  198,260;31515,576;16,51140
 353,67; 5300,764;  187,646;31464,461;16,34795
 354,26; 5259,632;  191,413;31280,768;16,30210
 354,85; 5219,341;  186,259;31114,405;16,27347
 355,45; 5172,749;  157,797;30942,398;16,29046
 356,04; 5139,069;  179,029;30814,766;16,19037
 356,63; 5148,997;  221,182;30512,861;16,26789
 357,22; 5113,917;  184,796;30393,972;16,31664
 357,82; 5039,080;  179,719;30237,852;16,16654
 358,41; 5074,288;  217,105;30159,735;16,22163
 359,00; 4980,270;  170,412;29906,256;16,17529
 359,60; 4967,691;  196,105;29894,429;16,06685
 360,19; 4930,599;  202,875;29604,748;16,07967
 360,78; 4933,142;  187,874;29502,546;16,18735
 361,37; 4852,177;  178,951;29229,646;16,08645
 361,97; 4855,878;  190,259;29164,051;16,10289
 362,56; 4797,483;  180,643;28835,037;16,11216
 363,15; 4805,912;  228,028;28609,686;16,12973
 363,74; 4720,850;  185,104;28219,728;16,17909
 364,34; 4677,304;  200,335;27812,496;16,21376
 364,93; 4594,739;  177,796;27362,374;16,24797
 365,52; 4501,100;  153,259;26959,582;16,21946
 366,11; 4486,202;  184,181;26671,685;16,24170
 366,71; 4409,749;  181,566;26294,344;16,19201
 367,30; 4388,920;  192,720;25839,309;16,36163
 367,89; 4385,837;  218,952;25722,415;16,33851
 368,48; 4311,995;  193,104;25334,774;16,38273
 369,07; 4241,408;  191,951;24932,458;16,36772
 369,67; 4204,842;  204,181;24666,339;16,35449
 370,26; 4151,708;  176,721;24419,273;16,39674
 370,85; 4105,014;  197,182;24122,384;16,33354
 371,44; 4085,519;  196,105;23856,709;16,43836
 372,03; 4035,928;  164,258;23641,387;16,49124
 372,63; 4022,750;  164,874;23290,772;16,68206
 373,22; 3994,314;  175,336;22995,972;16,73476
 373,81; 3909,852;  168,566;22645,032;16,64535
 374,40; 3888,393;  171,952;22401,082;16,71879
 374,99; 3858,176;  172,951;22193,542;16,73536
 375,59; 3800,128;  160,644;21936,353;16,71350
 376,18; 3859,177;  198,028;21780,709;16,96336
 376,77; 3812,160;  194,413;21549,393;16,94100
 377,36; 3819,450;  224,643;21467,328;16,92256
 377,95; 3805,279;  199,027;21154,160;17,20939
 378,55; 3784,991;  172,490;21046,388;17,30631
 379,14; 3797,365;  189,566;20986,053;17,34812
 379,73; 3768,655;  180,720;20901,513;17,31563
 380,32; 3815,502;  197,182;20856,710;17,51405
 380,91; 3767,551;  171,566;20684,799;17,53008
 381,50; 3804,133;  196,027;20711,291;17,58742
 382,10; 3798,271;  169,720;20599,326;17,76124
 382,69; 3757,185;  156,182;20590,536;17,62230
 383,28; 3845,748;  196,104;20516,471;17,96052
 383,87; 3797,424;  177,566;20384,768;17,91370
 384,46; 3802,388;  163,796;20289,711;18,07914
 385,05; 3858,893;  216,950;20284,093;18,14879
 385,64; 3857,125;  186,489;20310,223;18,24033
 386,24; 3839,088;  165,719;20304,896;18,23992
 386,83; 3934,080;  205,411;20324,517;18,53297
 387,42; 3959,424;  196,335;20414,654;18,61227
 388,01; 4021,796;  191,795;20621,246;18,74745
 388,60; 4093,627;  186,258;20902,090;18,86176
 389,19; 4121,042;  167,641;21161,645;18,83110
 389,78; 4239,966;  186,256;21319,853;19,18135
 390,37; 4353,857;  241,411;21800,341;19,07537
 390,96; 4373,028;  188,411;21952,817;19,22688
 391,56; 4444,144;  184,102;22066,698;19,46772
 392,15; 4504,051;  174,795;22351,322;19,52180
 392,74; 4548,722;  155,101;22477,227;19,68281
 393,33; 4646,887;  181,332;22829,923;19,71670
 393,92; 4806,302;  189,100;23228,672;20,04031
 394,51; 4855,289;  164,255;23368,614;20,21617
 395,10; 4950,452;  205,176;23626,385;20,26060
 395,69; 4976,769;  184,022;23761,419;20,32772
 396,28; 5024,955;  186,098;23813,356;20,47998
 396,87; 5085,943;  198,174;23924,834;20,60033
 397,46; 5117,872;  196,096;24059,842;20,62449
 398,06; 5191,485;  202,248;24262,200;20,73669
 398,65; 5243,863;  189,861;24358,656;20,91127
 399,24; 5345,631;  201,168;24520,893;21,15346
 399,83; 5333,407;  162,779;24565,190;21,18900
 400,42; 5459,244;  210,468;24690,071;21,44143
 401,01; 5483,148;  185,310;24763,748;21,55482
 401,60; 5510,313;  194,073;24808,019;21,59849
 402,19; 5551,011;  211,607;24685,427;21,81680
 402,78; 5546,430;  214,292;24820,688;21,66972
 403,37; 5542,901;  196,209;24514,077;21,98668
 403,96; 5541,368;  198,586;24400,992;22,07542
 404,55; 5585,646;  208,885;24274,014;22,34254
 405,14; 5565,199;  183,646;24146,870;22,45755
 405,73; 5586,441;  194,944;24035,799;22,61453
 406,32; 5607,075;  206,399;23967,199;22,72935
 406,91; 5530,981;  200,700;23697,924;22,68473
 407,50; 5561,570;  193,850;23483,793;23,04737
 408,09; 5522,606;  177,771;23130,343;23,28643
 408,68; 5486,730;  198,230;23096,381;23,09575
 409,27; 5489,719;  169,310;22825,513;23,48323
 409,86; 5487,023;  184,623;22752,322;23,49553
 410,45; 5517,522;  231,089;22714,483;23,51261
 411,04; 5525,440;  211,940;22550,156;23,78659
 411,63; 5461,601;  196,100;22310,902;23,80985
 412,22; 5479,025;  204,260;22062,728;24,13145
 412,81; 5423,286;  219,570;21821,883;24,08870
 413,40; 5394,977;  215,957;21483,805;24,35140
 413,99; 5399,291;  262,418;21158,622;24,58281
 414,58; 5195,369;  183,264;20758,923;24,35939
 415,17; 5202,398;  189,570;20599,137;24,56117
 415,76; 5185,913;  191,721;20427,036;24,68058
 416,35; 5169,686;  178,107;20267,511;24,84682
 416,94; 5204,487;  215,106;20325,347;24,81015
 417,53; 5280,911;  186,570;20542,981;25,02573
 418,12; 5356,528;  187,109;20587,590;25,33969
 418,71; 5481,635;  214,957;21015,270;25,32019
 419,30; 5486,477;  188,878;21090,930;25,34487
 419,89; 5532,914;  168,571;21269,007;25,42290
 420,48; 5659,447;  214,111;21609,337;25,45117
 421,07; 5669,243;  198,727;21725,667;25,41242
 421,66; 5721,434;  173,805;21651,563;25,82965
 422,25; 5708,320;  185,422;21626,983;25,75791
 422,84; 5755,321;  218,038;21546,194;25,96231
 423,43; 5684,413;  192,960;21244,309;26,08599
 424,02; 5675,901;  215,653;21025,870;26,23830
 424,60; 5534,489;  186,502;20563,006;26,24585
 425,19; 5537,511;  207,116;20336,507;26,48066
 425,78; 5524,751;  222,655;20209,592;26,52781
 426,37; 5462,120;  213,194;20160,322;26,31420
 426,96; 5458,616;  200,425;19959,422;26,61163
 427,55; 5427,500;  191,349;19795,027;26,71004
 428,14; 5398,374;  188,350;19520,962;26,94940
 428,73; 5379,678;  199,426;19377,370;27,01151
 429,32; 5372,103;  221,886;19424,578;26,82029
 429,91; 5439,567;  224,426;19414,066;27,17686
 430,50; 5392,552;  216,965;19218,666;27,23749
 431,08; 5350,059;  215,735;19063,948;27,24037
 431,67; 5376,411;  249,043;18944,600;27,42559
 432,26; 5330,840;  266,736;18747,700;27,40173
 432,85; 5288,480;  274,967;18307,997;27,80184
 433,44; 5185,722;  284,353;18026,950;27,62487
 434,03; 5109,871;  297,662;17679,692;27,68497
 434,62; 4995,466;  248,276;17235,844;27,94508
 435,21; 4924,378;  270,659;17096,750;27,65775
 435,79; 4915,553;  276,969;16915,193;27,87908
 436,38; 4920,873;  249,586;16830,163;28,17325
 436,97; 4903,959;  250,047;16690,338;28,30796
 437,56; 4843,101;  252,434;16501,837;28,25129
 438,15; 4795,458;  234,741;16519,327;28,00635
 438,74; 4826,647;  262,511;16454,788;28,18712
 439,33; 4873,501;  237,587;16460,521;28,57630
 439,91; 4855,708;  206,511;16563,348;28,42357
 440,50; 4903,093;  253,588;16608,682;28,42848
 441,09; 4965,763;  246,820;16681,653;28,71306
 441,68; 4934,202;  231,898;16665,637;28,61372
 442,27; 4921,064;  217,898;16713,963;28,51083
 442,86; 4894,908;  188,208;16641,731;28,60603
 443,44; 4991,436;  193,054;16758,386;28,96641
 444,03; 5050,532;  277,362;16759,711;28,95928
 444,62; 4925,216;  208,439;16611,975;28,75463
 445,21; 4928,317;  215,900;16471,322;28,98982
 445,80; 4922,252;  257,517;16385,074;28,92400
 446,39; 4868,542;  285,748;16040,688;29,08799
 446,97; 4780,470;  204,595;15904,989;29,14496
 447,56; 4714,960;  216,212;15654,301;29,14057
 448,15; 4666,734;  200,595;15493,614;29,20378
 448,74; 4632,598;  233,749;15250,050;29,29382
 449,33; 4545,446;  211,443;15093,829;29,12170
 449,91; 4522,732;  206,598;14854,405;29,46608
 450,50; 4435,500;  206,521;14653,940;29,27152
 451,09; 4432,697;  229,290;14559,201;29,33310
 451,68; 4452,938;  244,444;14490,252;29,54198
 452,26; 4393,478;  230,830;14331,118;29,52173
 452,85; 4346,332;  215,906;14228,209;29,47714
 453,44; 4368,362;  222,139;14313,786;29,42327
 454,03; 4333,129;  204,292;14298,940;29,29365
 454,61; 4334,114;  181,985;14236,738;29,54253
 455,20; 4381,287;  225,370;14456,692;29,20260
 455,79; 4396,472;  227,369;14443,625;29,32631
 456,38; 4395,170;  230,525;14509,919;29,16542
 456,97; 4449,588;  211,756;14557,771;29,54013
 457,55; 4435,650;  212,987;14560,372;29,43158
 458,14; 4456,955;  238,063;14555,924;29,46594
 458,73; 4435,556;  218,910;14458,631;29,61186
 459,31; 4454,943;  243,758;14508,336;29,52198
 459,90; 4490,395;  259,142;14567,272;29,57237
 460,49; 4589,514;  311,757;14651,771;29,83091
 461,08; 4542,782;  216,528;14778,298;29,70967
 461,66; 4584,858;  218,527;14835,817;29,87100
 462,25; 4599,920;  222,913;14893,280;29,83571
 462,84; 4636,689;  247,989;14954,942;29,84098
 463,43; 4562,658;  179,991;14937,002;29,69888
 464,01; 4586,549;  215,838;14909,294;29,74597
 464,60; 4647,572;  268,760;14821,607;30,08904
 465,19; 4541,242;  201,530;14647,618;30,04074
 465,77; 4538,474;  224,608;14585,484;30,03902
 466,36; 4518,975;  229,683;14474,816;30,11058
 466,95; 4394,061;  209,145;14125,285;30,07239
 467,53; 4311,989;  209,762;13904,321;29,95516
 468,12; 4257,733;  241,070;13514,396;30,26116
 468,71; 4157,242;  225,376;13353,119;29,95081
 469,29; 4067,297;  195,609;13061,799;30,09196
 469,88; 3996,580;  219,763;12791,352;30,04248
 470,47; 4099,130;  280,072;12955,613;30,12935
 471,06; 4004,378;  226,149;12958,638;29,67392
 471,64; 4040,882;  224,687;13003,842;29,86265
 472,23; 4021,391;  197,381;13020,421;29,82140
 472,81; 4079,534;  199,073;13178,327;29,89741
 473,40; 4112,229;  208,381;13302,467;29,81382
 473,99; 4247,784;  303,228;13541,709;29,79614
 474,57; 4194,904;  200,612;13608,903;29,78971
 475,16; 4234,278;  226,381;13756,722;29,62155
 475,75; 4277,119;  236,690;13848,581;29,68309
 476,33; 4306,566;  234,537;13995,579;29,59099
 476,92; 4327,306;  229,843;13978,520;29,80260
 477,51; 4341,103;  225,075;14137,780;29,58468
 478,09; 4340,907;  225,998;14077,726;29,70683
 478,68; 4308,523;  233,844;13970,896;29,66196
 479,27; 4323,743;  250,921;14069,792;29,47290
 479,85; 4321,899;  230,998;14058,300;29,58568
 480,44; 4327,721;  210,076;14163,134;29,51070
 481,02; 4722,825;  228,307;15987,544;28,51990
 481,61; 5300,995;  251,922;17848,231;28,69393
 482,20; 5665,022;  229,538;19058,534;28,86762
 482,78; 5961,156;  255,460;19786,038;29,21417
 483,37; 6073,153;  245,924;20222,876;29,16976
 483,95; 6209,358;  285,308;20432,426;29,40396
 484,54; 6272,627;  283,999;20674,818;29,36924
 485,13; 6217,788;  237,925;20525,439;29,47558
 485,71; 6107,710;  216,001;20372,115;29,23038
 486,30; 6064,514;  256,617;19975,599;29,45333
 486,88; 6016,147;  316,155;19465,678;29,76571
 487,47; 5819,857;  275,079;18796,141;29,93769
 488,05; 5495,225;  259,541;17814,634;29,82430
 488,64; 5147,997;  263,311;16499,413;30,08533
 489,23; 4641,363;  271,003;14379,689;30,97638
 489,81; 3989,859;  267,464;12573,779;30,24784
 490,40; 3737,842;  227,772;12041,436;29,71195
 490,98; 3611,672;  208,542;11805,455;29,34514
 491,57; 3613,705;  245,387;11762,200;29,24696
 492,15; 3564,604;  217,388;11758,231;29,00322
 492,74; 3579,738;  219,925;11549,297;29,65577
 493,32; 3534,322;  232,849;11502,605;29,29498
 493,91; 3475,605;  222,465;11317,505;29,32067
 494,50; 3469,900;  228,005;11347,922;29,15394
 495,08; 3443,164;  204,851;11214,072;29,41455
 495,67; 3442,930;  237,465;11249,631;29,10839
 496,25; 3353,094;  194,466;11124,916;28,89751
 496,84; 3352,126;  195,927;11122,671;28,88508
 497,42; 3326,274;  189,313;11131,667;28,66807
 498,01; 3292,289;  225,542;11073,231;28,27097
 498,59; 3272,796;  192,851;10959,849;28,60542
 499,18; 3265,759;  187,542;10885,609;28,77358
 499,76; 3254,752;  231,620;10830,983;28,52183
 500,35; 3177,755;  212,006;10641,150;28,43713
 500,93; 3158,026;  209,851;10562,180;28,47838
 501,52; 3150,292;  204,697;10524,244;28,54384
 502,10; 3143,594;  216,545;10504,433;28,45141
 502,69; 3063,989;  204,853;10347,009;28,19061
 503,27; 3004,532;  178,313;10116,485;28,43802
 503,86; 3010,005;  203,699;10019,800;28,58881
 504,44; 2891,750;  183,315; 9947,429;27,73867
 505,03; 2847,759;  178,084; 9680,474;28,09477
 505,61; 2812,792;  184,776; 9568,507;28,00609
 506,19; 2795,835;  199,623; 9396,076;28,23059
 506,78; 2703,898;  176,008; 9186,462;28,05508
 507,36; 2670,160;  187,315; 9018,766;28,11367
 507,95; 2633,241;  189,701; 8884,311;28,10408
 508,53; 2567,539;  193,316; 8768,966;27,68564
 509,12; 2548,113;  195,086; 8622,390;27,92147
 509,70; 2526,771;  210,624; 8464,293;28,06203
 510,29; 2494,431;  235,548; 8352,892;27,82786
 510,87; 2382,676;  186,470; 8178,723;27,47918
 511,46; 2352,984;  183,701; 8014,329;27,70255
 512,04; 2300,626;  201,009; 7886,468;27,31935
 512,62; 2273,018;  193,009; 7731,813;27,59071
 513,21; 2182,986;  173,163; 7567,148;27,18187
 513,79; 2150,538;  185,242; 7423,442;27,15172
 514,38; 2097,964;  177,549; 7285,489;27,01788
 514,96; 2122,331;  209,318; 7204,374;27,34807
 515,54; 2037,169;  178,088; 7073,822;26,95988
 516,13; 2053,059;  190,703; 6958,839;27,51652
 516,71; 1966,599;  187,935; 6787,193;26,95248
 517,30; 1902,378;  182,166; 6703,026;26,38014
 517,88; 1905,993;  196,089; 6641,859;26,52754
 518,46; 1873,815;  185,090; 6503,281;26,72798
 519,05; 1838,004;  190,167; 6463,592;26,26694
 519,63; 1824,892;  191,628; 6407,194;26,27699
 520,22; 1822,912;  210,552; 6363,038;26,20663
 520,80; 1794,536;  186,091; 6293,802;26,33466
 521,38; 1807,696;  233,936; 6259,696;26,11721
 521,97; 1751,802;  185,938; 6204,650;26,01660
 522,55; 1753,623;  199,861; 6209,364;25,85508
 523,13; 1707,102;  176,861; 6173,867;25,51675
 523,72; 1720,122;  182,166; 6159,730;25,72881
 524,30; 1792,001;  211,554; 6275,022;26,06507
 524,89; 1725,042;  173,784; 6313,952;25,26409
 525,47; 1783,275;  190,400; 6379,835;25,73538
 526,05; 1765,480;  172,708; 6443,050;25,40168
 526,64; 1790,054;  203,477; 6569,538;24,92242
 527,22; 1847,463;  197,631; 6666,768;25,50312
 527,80; 1884,105;  240,016; 6848,392;24,87886
 528,39; 1859,909;  188,555; 6886,752;24,95230
 528,97; 1873,635;  189,785; 7025,478;24,63320
 529,55; 1932,889;  203,861; 7239,571;24,57503
 530,14; 1986,517;  217,786; 7425,635;24,53896
 530,72; 1993,900;  196,939; 7472,424;24,69885
 531,30; 1996,372;  169,171; 7617,782;24,53076
 531,89; 2028,508;  197,247; 7713,232;24,36488
 532,47; 2078,398;  227,555; 7778,905;24,51009
 533,05; 2062,455;  215,016; 7857,523;24,17321
 533,63; 2085,244;  217,479; 7918,868;24,25232
 534,22; 2062,578;  184,479; 7908,770;24,31419
 534,80; 2105,930;  212,172; 7991,576;24,34323
 535,38; 2170,483;  294,094; 8063,832;24,14997
 535,97; 2058,680;  187,402; 8002,939;23,94305
 536,55; 2097,640;  239,633; 8107,461;23,61524
 537,13; 2059,500;  231,247; 8084,559;23,28002
 537,71; 2127,491;  253,247; 8132,027;23,78850
 538,30; 2116,784;  261,171; 8210,564;23,34282
 538,88; 2164,316;  281,172; 8303,071;23,47504
 539,46; 2220,289;  325,402; 8397,290;23,47514
 540,05; 2237,213;  306,172; 8588,025;23,31653
 540,63; 2280,504;  337,326; 8780,489;23,01481
 541,21; 2316,163;  349,865; 8939,676;22,89105
 541,79; 2341,761;  366,019; 9022,588;22,82362
 542,38; 2372,820;  391,864; 9188,185;22,52027
 542,96; 2408,900;  394,635; 9308,211;22,59772
 543,54; 2458,470;  409,172; 9507,419;22,52410
 544,12; 2465,292;  390,865; 9615,660;22,48751
 544,70; 2483,925;  368,558; 9725,973;22,60632
 545,29; 2537,862;  378,941; 9889,329;22,70066
 545,87; 2507,915;  371,249; 9895,357;22,43429
 546,45; 2460,050;  338,249; 9903,710;22,18190
 547,03; 2489,752;  347,403;10006,631;22,17930
 547,62; 2492,052;  319,942;10135,141;22,13007
 548,20; 2520,592;  343,865;10325,723;21,80682
 548,78; 2524,877;  304,328;10442,557;21,90273
 549,36; 2559,561;  285,021;10592,934;22,06596
 549,94; 2556,916;  266,557;10745,976;21,85578
 550,53; 2585,928;  282,020;10966,086;21,56396
 551,11; 2603,425;  245,252;11136,604;21,65180
 551,69; 2658,185;  259,636;11448,811;21,43633
 552,27; 2650,850;  217,251;11696,839;21,19936
 552,85; 2727,698;  227,790;12009,043;21,21938
 553,44; 2804,603;  228,944;12334,590;21,27652
 554,02; 2871,159;  244,944;12692,591;21,09809
 554,60; 2864,656;  202,175;12963,400;20,86384
 555,18; 2976,390;  231,482;13346,691;20,92919
 555,76; 3025,476;  218,790;13624,251;20,93688
 556,34; 3090,957;  228,252;14027,285;20,74569
 556,93; 3143,860;  210,867;14377,749;20,70317
 557,51; 3192,008;  201,329;14675,089;20,66276
 558,09; 3269,450;  222,867;15041,232;20,55951
 558,67; 3308,684;  219,791;15379,827;20,37524
 559,25; 3392,701;  234,022;15648,219;20,49201
 559,83; 3411,984;  223,869;15888,812;20,35191
 560,41; 3476,725;  201,945;16273,540;20,37620
 561,00; 3537,471;  225,022;16660,300;20,15450
 561,58; 3551,947;  206,021;16854,405;20,09760
 562,16; 3581,681;  201,252;17134,583;19,96317
 562,74; 3637,185;  191,636;17546,801;19,85316
 563,32; 3718,719;  186,638;17895,712;19,94504
 563,90; 3776,693;  219,022;18253,948;19,72656
 564,48; 3844,725;  214,175;18701,102;19,63847
 565,06; 3935,770;  215,868;19241,767;19,55178
 565,65; 4037,294;  213,946;19973,474;19,34939
 566,23; 4186,804;  253,638;20735,202;19,20345
 566,81; 4256,436;  197,560;21402,043;19,14159
 567,39; 4400,728;  208,253;22250,502;19,02018
 567,97; 4536,957;  232,560;22911,379;18,97981
 568,55; 4695,112;  252,484;23744,436;18,91128
 569,13; 4767,471;  213,945;24393,698;18,83198
 569,71; 4898,878;  200,483;25350,175;18,68172
 570,29; 5148,279;  253,944;26363,297;18,74552
 570,87; 5199,801;  241,867;26976,058;18,54529
 571,45; 5289,616;  234,022;27573,242;18,49209
 572,03; 5328,601;  190,561;28111,521;18,40209
 572,61; 5413,377;  177,176;28741,753;18,33110
 573,20; 5553,076;  213,714;29397,058;18,29592
 573,78; 5608,113;  196,099;30018,757;18,14732
 574,36; 5693,565;  214,638;30384,351;18,16036
 574,94; 5776,011;  267,023;30740,925;18,07773
 575,52; 5753,253;  193,255;31070,082;18,00703
 576,10; 5882,098;  251,408;31532,129;18,00051
 576,68; 5901,806;  225,023;32172,696;17,76900
 577,26; 6049,057;  236,409;32844,597;17,82573
 577,84; 6098,138;  233,561;33247,465;17,76396
 578,42; 6163,431;  290,639;33462,553;17,70411
 579,00; 6114,583;  221,946;33592,416;17,65824
 579,58; 6139,362;  260,177;33802,761;17,52752
 580,16; 6094,969;  225,562;33886,824;17,43668
 580,74; 6084,935;  224,177;34068,289;17,31692
 581,32; 6078,550;  216,177;34055,811;17,32398
 581,90; 6065,696;  245,870;34035,603;17,22365
 582,48; 6047,286;  208,716;34124,484;17,21491
 583,06; 6036,806;  232,715;34198,532;17,08804
 583,64; 6028,225;  215,485;34257,452;17,07522
 584,22; 5997,399;  228,947;33982,399;17,08996
 584,80; 5954,020;  232,485;33858,357;17,01528
 585,38; 5824,264;  242,099;33371,887;16,84938
 585,96; 5761,814;  208,330;33418,379;16,72230
 586,54; 5785,355;  248,486;33417,138;16,69308
 587,12; 5720,338;  215,331;33598,341;16,49044
 587,70; 5762,087;  245,484;33795,383;16,44298
 588,28; 5739,765;  213,639;33722,241;16,49166
 588,86; 5729,005;  228,639;33832,646;16,36818
 589,44; 5691,161;  209,256;33981,773;16,23185
 590,02; 5689,665;  212,409;34041,068;16,19117
 590,59; 5666,620;  199,255;34196,840;16,08163
 591,17; 5698,086;  217,180;34381,900;16,04259
 591,75; 5684,863;  195,718;34513,155;15,99521
 592,33; 5697,101;  232,025;34683,350;15,86318
 592,91; 5637,146;  181,256;34956,821;15,68886
 593,49; 5678,608;  201,641;35240,801;15,63099
 594,07; 5710,181;  207,257;35431,888;15,62238
 594,65; 5642,655;  225,409;35404,736;15,39895
 595,23; 5712,297;  223,178;35827,604;15,41696
 595,81; 5684,768;  209,486;35904,561;15,33904
 596,39; 5716,409;  202,256;36041,707;15,38571
 596,97; 5700,436;  200,102;36267,117;15,25032
 597,55; 5655,895;  202,717;36184,309;15,15547
 598,12; 5589,156;  178,642;36099,451;15,06234
 598,70; 5592,044;  188,487;36299,434;14,96376
 599,28; 5636,531;  224,180;36328,721;14,99078
 599,86; 5639,881;  203,564;36450,454;14,99802
 600,44; 5549,540;  159,949;36525,357;14,82065
 601,02; 5599,816;  221,027;36545,360;14,80767
 601,60; 5557,829;  210,102;36494,376;14,73841
 602,18; 5516,592;  168,872;36504,766;14,71746
 602,75; 5492,802;  177,563;36638,789;14,57778
 603,33; 5450,779;  197,103;36644,425;14,41444
 603,91; 5441,883;  184,257;36624,427;14,42811
 604,49; 5475,471;  194,410;36755,900;14,44433
 605,07; 5411,828;  203,102;36661,901;14,28661
 605,65; 5379,181;  204,718;36751,824;14,15834
 606,23; 5419,740;  231,947;36882,406;14,15478
 606,80; 5398,784;  243,255;36970,469;14,03735
 607,38; 5340,251;  244,334;36945,298;13,88497
 607,96; 5359,126;  266,948;37134,556;13,81207
 608,54; 5390,010;  300,257;37116,043;13,82492
 609,12; 5343,887;  287,025;37194,064;13,70162
 609,70; 5349,351;  315,564;37204,638;13,64574
 610,27; 5321,588;  292,332;37179,837;13,63404
 610,85; 5311,650;  318,872;37273,965;13,51039
 611,43; 5232,650;  307,949;37105,467;13,38324
 612,01; 5161,657;  278,717;36952,478;13,31453
 612,59; 5141,035;  290,026;37026,210;13,20499
 613,16; 5098,108;  268,101;37017,257;13,14318
 613,74; 5032,035;  262,257;36897,250;13,01973
 614,32; 5024,002;  263,334;36833,628;13,01785
 614,90; 5010,880;  258,025;36698,360;13,04284
 615,48; 4885,519;  242,101;36432,660;12,83047
 616,05; 4884,227;  211,486;36456,900;12,89195
 616,63; 4844,244;  231,255;36297,139;12,79045
 617,21; 4794,887;  230,101;36086,947;12,73058
 617,79; 4783,443;  234,333;36056,269;12,69923
 618,36; 4697,504;  228,948;35998,274;12,49270
 618,94; 4601,126;  176,486;35761,258;12,43408
 619,52; 4623,193;  217,409;35492,144;12,48991
 620,10; 4537,545;  197,794;35421,285;12,32062
 620,67; 4520,577;  203,485;35379,040;12,27299
 621,25; 4485,820;  231,794;35188,639;12,16936
 621,83; 4463,211;  209,794;35128,764;12,18082
 622,41; 4446,049;  260,947;35092,091;12,01540
 622,98; 4413,509;  231,331;34769,456;12,10887
 623,56; 4366,389;  230,024;34852,208;11,94715
 624,14; 4317,333;  221,949;34695,510;11,87978
 624,72; 4306,869;  211,947;34597,203;11,90895
 625,29; 4265,107;  201,947;34603,341;11,81103
 625,87; 4309,922;  254,640;34631,204;11,79665
 626,45; 4239,363;  197,870;34527,035;11,77277
 627,02; 4234,264;  203,794;34345,394;11,80516
 627,60; 4143,882;  197,180;34338,674;11,55984
 628,18; 4121,964;  175,563;34350,371;11,54769
 628,76; 4099,013;  189,716;34373,844;11,43600
 629,33; 4081,364;  217,101;34380,313;11,31118
 629,91; 4079,468;  204,640;34328,131;11,35531
 630,49; 4087,262;  222,101;34463,063;11,28812
 631,06; 4056,603;  206,485;34633,431;11,18344
 631,64; 4066,252;  213,947;34503,654;11,23458
 632,22; 3992,174;  183,254;34491,086;11,10219
 632,79; 4021,200;  218,254;34728,372;11,01980
 633,37; 4003,247;  186,871;34848,743;11,01030
 633,95; 3998,841;  211,177;34878,264;10,92582
 634,52; 4016,365;  202,640;35001,905;10,95921
 635,10; 4026,853;  219,640;34969,489;10,95606
 635,68; 4003,875;  207,254;35220,823;10,84328
 636,25; 3958,113;  193,792;35181,629;10,75894
 636,83; 3904,782;  184,562;35379,613;10,57029
 637,41; 3926,618;  199,715;35417,419;10,58247
 637,98; 3974,438;  234,408;35568,658;10,58472
 638,56; 3929,574;  214,561;35704,961;10,46766
 639,13; 3915,586;  192,870;35740,366;10,47251
 639,71; 3972,877;  270,639;35871,190;10,39938
 640,29; 3853,113;  163,793;35737,683;10,37087
 640,86; 3890,009;  190,332;35874,171;10,36794
 641,44; 3864,444;  192,255;35869,659;10,29276
 642,02; 3851,494;  214,101;35921,685;10,18661
 642,59; 3819,774;  194,639;35855,096;10,16570
 643,17; 3779,055;  197,639;35978,277;10,00937
 643,74; 3767,797;  191,716;36016,303; 9,98220
 644,32; 3777,001;  219,947;35982,176; 9,94640
 644,89; 3756,050;  207,486;35924,279; 9,93528
 645,47; 3759,254;  216,563;36034,921; 9,89071
 646,05; 3752,919;  212,640;35966,948; 9,90169
 646,62; 3735,046;  202,870;35902,897; 9,89404
 647,20; 3661,480;  202,409;36078,693; 9,64167
 647,77; 3618,992;  184,178;35856,489; 9,62879
 648,35; 3597,657;  177,947;35864,285; 9,58269
 648,92; 3615,937;  209,024;35788,311; 9,57555
 649,50; 3596,449;  171,871;35764,568; 9,62158
 650,08; 3521,806;  177,563;35648,672; 9,42808
 650,65; 3564,625;  188,486;35948,698; 9,44105
 651,23; 3613,675;  176,178;36827,648; 9,37888
 651,80; 3664,186;  171,486;37716,982; 9,30258
 652,38; 3686,929;  179,794;38094,547; 9,25005
 652,95; 3708,132;  169,563;38396,189; 9,25682
 653,53; 3743,105;  189,640;38581,139; 9,25586
 654,10; 3769,078;  228,409;38802,319; 9,17892
 654,68; 3715,897;  170,025;38625,422; 9,22074
 655,25; 3717,793;  172,332;38682,449; 9,20657
 655,83; 3687,458;  177,563;38828,398; 9,08103
 656,40; 3702,893;  222,102;38758,810; 9,03240
 656,98; 3695,096;  180,871;38635,528; 9,13862
 657,55; 3714,915;  180,640;38520,401; 9,21830
 658,13; 3588,657;  179,640;38096,658; 8,99073
 658,70; 3596,092;  200,256;37842,454; 9,02135
 659,28; 3517,372;  172,948;36871,788; 9,11316
 659,85; 3397,268;  210,025;36260,276; 8,84111
 660,43; 3415,164;  205,102;36233,687; 8,90977
 661,00; 3352,829;  186,487;36442,099; 8,73339
 661,58; 3379,802;  184,640;36709,971; 8,74780
 662,15; 3387,621;  175,410;36894,229; 8,74813
 662,73; 3488,517;  247,333;37194,486; 8,77249
 663,30; 3434,029;  196,564;37333,358; 8,71767
 663,88; 3452,771;  194,333;37568,462; 8,71843
 664,45; 3428,897;  182,410;37771,642; 8,63675
 665,03; 3425,640;  177,333;38130,053; 8,55882
 665,60; 3556,305;  265,256;38528,695; 8,60103
 666,17; 3492,816;  183,102;38683,491; 8,59657
 666,75; 3481,327;  178,487;38981,056; 8,51191
 667,32; 3508,223;  197,872;39204,467; 8,48665
 667,90; 3511,812;  182,256;39496,955; 8,46898
 668,47; 3523,708;  198,410;39700,597; 8,41801
 669,05; 3542,988;  185,179;40029,854; 8,42725
 669,62; 3542,269;  159,333;40134,727; 8,46254
 670,19; 3537,549;  158,026;40140,369; 8,45254
 670,77; 3551,753;  177,718;40302,011; 8,40896
 671,34; 3525,495;  176,949;40283,191; 8,34919
 671,92; 3534,545;  162,795;40657,448; 8,32641
 672,49; 3554,287;  195,333;40526,090; 8,32852
 673,06; 3518,798;  143,026;40561,655; 8,35202
 673,64; 3515,387;  159,410;40695,297; 8,27903
 674,21; 3507,283;  157,257;40646,016; 8,27397
 674,79; 3539,256;  195,564;40815,273; 8,23170
 675,36; 3548,536;  192,103;40909,838; 8,24317
 675,93; 3517,124;  156,872;40842,173; 8,25913
 676,51; 3491,943;  187,257;41025,891; 8,09206
 677,08; 3516,455;  185,718;41157,841; 8,12927
 677,65; 3525,735;  188,949;41169,329; 8,14240
 678,23; 3508,016;  179,411;41384,355; 8,07817
 678,80; 3526,296;  166,411;41517,459; 8,12527
 679,38; 3525,962;  172,872;41641,947; 8,08576
 679,95; 3581,781;  188,180;41833,897; 8,14874
 680,52; 3550,907;  175,180;42192,769; 8,03408
 681,10; 3603,726;  186,103;42567,257; 8,06402
 681,67; 3621,853;  192,411;42727,207; 8,06268
 682,24; 3593,441;  158,488;42921,541; 8,03253
 682,82; 3656,107;  168,719;43397,183; 8,06734
 683,39; 3714,618;  221,026;43676,286; 8,03951
 683,96; 3688,052;  179,180;44000,236; 8,00727
 684,54; 3695,102;  157,103;44307,109; 8,01359
 685,11; 3755,767;  220,719;44685,135; 7,95029
 685,68; 3789,048;  182,565;44995,777; 8,04781
 686,25; 3752,021;  164,026;45046,957; 7,99412
 686,83; 3747,917;  174,565;45260,369; 7,92567
 687,40; 3793,890;  157,642;45592,472; 8,00322
 687,97; 3844,324;  223,642;45824,422; 7,93996
 688,55; 3785,374;  166,103;45869,063; 7,91912
 689,12; 3802,578;  149,103;46256,090; 7,92391
 689,69; 3832,627;  162,257;46271,732; 7,96012
 690,26; 3825,831;  173,796;46381,143; 7,90358
 690,84; 3818,112;  167,873;46480,246; 7,88178
 691,41; 3849,469;  185,796;46614,734; 7,89093
 691,98; 3874,211;  176,411;46881,223; 7,91739
 692,56; 3866,876;  175,257;46946,095; 7,89299
 693,13; 3935,926;  219,411;46982,429; 7,94755
 693,70; 3892,207;  198,642;47151,148; 7,86660
 694,27; 3845,487;  168,719;47266,790; 7,80662
 694,84; 3848,306;  160,719;47355,740; 7,81351
 695,42; 3989,587;  296,488;47492,382; 7,82504
 695,99; 3901,714;  176,027;47636,562; 7,85007
 696,56; 3898,225;  173,027;47561,819; 7,86093
 697,13; 3934,813;  191,335;47925,615; 7,84233
 697,71; 3938,863;  168,489;47979,872; 7,88593
 698,28; 3954,605;  171,104;48314,976; 7,85874
 698,85; 3915,655;  139,566;48328,618; 7,83599
 699,42; 3958,936;  142,796;48537,644; 7,88542
 699,99; 3990,447;  190,796;48532,132; 7,86004
 700,57; 3962,112;  187,027;48628,851; 7,79303
 701,14; 3980,393;  165,566;48770,493; 7,84864
 701,71; 4006,135;  195,489;48932,904; 7,81873
 702,28; 4013,185;  168,027;49016,084; 7,87167
 702,85; 4022,773;  166,181;48958,957; 7,90402
 703,43; 4051,438;  189,566;49217,907; 7,87682
 704,00; 4039,257;  200,797;49487,625; 7,78800
 704,57; 4067,461;  178,027;49402,344; 7,90145
 705,14; 4119,587;  201,874;49624,986; 7,92689
 705,71; 4090,868;  198,258;49765,397; 7,85321
 706,28; 4083,533;  168,412;49654,655; 7,91153
 706,86; 4126,352;  199,335;49838,912; 7,91106
 707,43; 4142,171;  228,412;49859,938; 7,88563
 708,00; 4165,683;  204,489;49901,042; 7,97076
 708,57; 4111,655;  167,489;49767,991; 7,95187
 709,14; 4154,167;  196,489;49839,479; 7,97228
 709,71; 4145,986;  175,489;49910,275; 7,98334
 710,28; 4185,497;  185,105;50142,609; 8,00759
 710,86; 4172,162;  184,720;50283,482; 7,95916
 711,43; 4256,212;  201,797;50244,816; 8,10186
 712,00; 4208,570;  187,412;50293,227; 8,02533
 712,57; 4254,543;  202,643;50355,177; 8,07915
 713,14; 4228,439;  179,489;50522,511; 8,04272
 713,71; 4259,027;  195,412;50409,076; 8,09265
 714,28; 4275,461;  193,336;50513,718; 8,11227
 714,85; 4211,819;  182,720;50227,975; 8,05091
 715,42; 4290,253;  190,951;50359,002; 8,17114
 716,00; 4376,303;  260,566;50551,028; 8,18393
 716,57; 4299,737;  189,413;50721,670; 8,13406
 717,14; 4289,633;  180,797;50541,158; 8,15887
 717,71; 4327,606;  178,643;50662,185; 8,21845
 718,28; 4371,733;  233,028;50690,673; 8,20233
 718,85; 4352,860;  165,028;50687,776; 8,28900
 719,42; 4419,602;  188,874;50812,264; 8,35726
 719,99; 4379,421;  173,874;50711,291; 8,32165
 720,56; 4450,163;  204,567;50942,625; 8,36768
 721,13; 4442,290;  174,336;51058,805; 8,38754
 721,70; 4460,109;  173,951;51003,217; 8,43246
 722,27; 4470,774;  200,721;51069,782; 8,39420
 722,84; 4531,747;  265,490;51186,039; 8,37826
 723,41; 4482,566;  184,875;51215,527; 8,42178
 723,98; 4543,000;  180,182;51392,323; 8,51911
 724,55; 4562,819;  218,336;51524,041; 8,46784
 725,12; 4515,407;  139,336;51369,991; 8,54190
 725,69; 4580,534;  182,336;51582,710; 8,55674
 726,27; 4643,892;  193,721;51597,275; 8,65732
 726,84; 4644,557;  190,567;51927,455; 8,60892
 727,41; 4693,684;  198,029;51853,866; 8,70309
 727,98; 4769,426;  203,567;52134,739; 8,79213
 728,55; 4764,168;  227,259;52005,304; 8,76222
 729,12; 4770,987;  166,106;52163,330; 8,85601
 729,69; 4776,344;  209,259;52254,511; 8,77522
 730,26; 4807,856;  205,798;52444,999; 8,80959
 730,82; 4823,829;  190,106;52366,641; 8,88086
 731,39; 4889,725;  200,721;52505,437; 8,96478
 731,96; 4865,005;  168,567;52857,309; 8,91355
 732,53; 4970,901;  190,106;53014,259; 9,05040
 733,10; 4989,336;  196,798;52978,901; 9,07985
 733,67; 5003,231;  204,414;53174,850; 9,05943
 734,24; 4996,051;  173,183;52900,646; 9,14679
 734,81; 5048,331;  210,952;53047,980; 9,15528
 735,38; 5050,458;  191,029;52706,314; 9,25336
 735,95; 5060,738;  180,183;52617,956; 9,30733
 736,52; 5039,173;  199,029;52829,983; 9,19638
 737,09; 5088,530;  199,183;52466,163; 9,35456
 737,66; 5151,580;  250,029;52640,267; 9,35585
 738,23; 5112,476;  177,414;52710,139; 9,39426
 738,80; 5250,064;  252,952;53025,858; 9,46909
 739,37; 5231,730;  209,875;53203,577; 9,47632
 739,94; 5234,549;  189,260;53167,065; 9,52340
 740,51; 5372,983;  322,029;53235,938; 9,54561
 741,07; 5278,802;  195,645;53154,272; 9,59836
 741,64; 5361,467;  227,183;53358,606; 9,66337
 742,21; 5363,594;  193,414;53409,171; 9,71551
 742,78; 5317,644;  165,645;53267,351; 9,70213
 743,35; 5412,078;  186,183;53506,301; 9,80098
 743,92; 5479,128;  235,799;53649,558; 9,81644
 744,49; 5483,562;  230,030;53461,969; 9,86914
 745,06; 5496,458;  187,260;53549,073; 9,94943
 745,63; 5475,200;  176,260;53469,330; 9,94302
 746,19; 5507,866;  192,337;53521,818; 9,96734
 746,76; 5554,531;  208,030;53528,460;10,02712
 747,33; 5571,350;  204,491;53507,871;10,06851
 747,90; 5643,784;  215,722;53731,590;10,14290
 748,47; 5648,373;  204,260;53701,847;10,17637
 749,04; 5684,884;  201,799;53612,643;10,26586
 749,61; 5757,857;  224,645;53627,823;10,36120
 750,17; 5738,983;  216,645;53685,619;10,32812
 750,74; 5744,572;  212,414;53599,107;10,36243
 751,31; 5707,160;  192,722;53495,057;10,34558
 751,88; 5752,902;  167,568;53393,853;10,49356
 752,45; 5810,413;  191,876;53484,341;10,54284
 753,02; 5829,617;  205,876;53255,598;10,60089
 753,58; 5843,359;  179,184;53295,394;10,66374
 754,15; 5849,101;  186,876;53322,651;10,65614
 754,72; 5858,382;  184,338;53069,524;10,72899
 755,29; 5839,586;  173,261;53008,242;10,72457
 755,86; 5970,328;  204,569;53156,038;10,88876
 756,42; 6014,377;  214,722;53018,372;10,98344
 756,99; 5971,120;  172,415;53031,783;10,97006
 757,56; 6045,785;  189,261;52953,425;11,09943
 758,13; 5977,065;  156,646;52912,683;11,03271
 758,70; 6083,961;  192,030;52933,786;11,17128
 759,26; 6129,165;  194,184;52961,120;11,24754
 759,83; 6149,907;  197,492;53046,531;11,26305
 760,40; 6162,495;  176,646;52939,558;11,34481
 760,97; 6141,237;  178,415;52934,507;11,30262
 761,53; 6185,903;  174,877;52582,765;11,46970
 762,10; 6176,799;  167,723;52580,484;11,46491
 762,67; 6258,925;  204,261;52569,972;11,56227
 763,24; 6174,975;  159,723;52103,537;11,58031
 763,80; 6201,871;  193,031;52310,717;11,52937
 764,37; 6239,921;  182,800;52209,974;11,64223
 764,94; 6236,201;  157,492;51800,462;11,77064
 765,50; 6215,328;  173,954;51820,335;11,69758
 766,07; 6323,686;  222,108;51851,592;11,81801
 766,64; 6283,966;  170,723;51482,773;11,91386
 767,21; 6333,478;  175,569;51376,030;12,02706
 767,77; 6376,374;  192,723;51256,749;12,10960
 768,34; 6376,039;  191,108;51237,852;12,11621
 768,91; 6393,935;  202,415;51116,648;12,16068
 769,47; 6389,831;  190,723;51112,828;12,17371
 770,04; 6400,880;  197,954;50975,086;12,21598
 770,61; 6438,776;  184,416;50737,958;12,37176
 771,18; 6436,980;  183,031;50734,369;12,37148
 771,74; 6464,338;  196,954;50739,088;12,40031
 772,31; 6510,310;  196,569;50623,345;12,52061
 772,88; 6466,053;  161,569;50419,526;12,54425
 773,44; 6511,179;  163,185;50074,783;12,71848
 774,01; 6505,460;  192,646;50238,656;12,61402
 774,58; 6491,356;  182,647;49996,375;12,66460
 775,14; 6587,713;  168,031;50079,478;12,86214
 775,71; 6556,532;  168,262;49964,428;12,82884
 776,27; 6647,351;  239,800;50031,685;12,86867
 776,84; 6706,555;  275,185;49844,173;12,97458
 777,41; 6662,374;  200,724;49681,046;13,05903
 777,97; 6627,270;  179,570;49388,764;13,10263
 778,54; 6724,704;  199,031;49531,637;13,22791
 779,11; 6740,447;  221,416;49426,125;13,24879
 779,67; 6720,881;  185,031;49344,229;13,29527
 780,24; 6766,085;  210,493;49192,717;13,38361
 780,80; 6841,981;  206,570;49176,282;13,55003
 781,37; 6826,415;  207,647;49191,000;13,51228
 781,94; 6827,003;  199,878;48975,335;13,58701
 782,50; 6829,668;  205,493;48958,130;13,58732
 783,07; 6869,564;  229,570;48910,157;13,63992
 783,63; 6884,845;  196,955;48676,953;13,79515
 784,20; 6933,664;  228,878;48594,441;13,86273
 784,77; 6883,329;  201,109;48361,467;13,87494
 785,33; 6945,225;  172,878;48263,340;14,08252
 785,90; 6983,506;  199,186;48223,674;14,12679
 786,46; 7009,556;  219,493;48103,854;14,18013
 787,03; 7032,221;  196,647;47934,112;14,31910
 787,59; 7054,578;  192,570;47722,369;14,43728
 788,16; 7086,705;  213,186;47741,857;14,46184
 788,73; 7076,755;  213,955;47602,114;14,48210
 789,29; 7078,112;  204,570;47262,064;14,60669
 789,86; 7131,316;  226,186;47258,552;14,68166
 790,42; 7145,135;  205,955;47106,040;14,79567
 790,99; 7114,492;  212,032;46797,297;14,81683
 791,55; 7135,081;  199,647;46763,939;14,89432
 792,12; 7185,131;  227,186;46695,658;14,97347
 792,68; 7156,950;  207,955;46394,915;15,04536
 793,25; 7172,692;  219,494;46181,788;15,12805
 793,81; 7246,126;  281,109;45825,276;15,29288
 794,38; 7166,484;  191,571;45720,918;15,31960
 794,94; 7195,303;  194,955;45515,175;15,44641
 795,51; 7228,199;  222,878;45253,971;15,55663
 796,07; 7210,787;  215,263;45011,767;15,61623
 796,64; 7237,914;  236,340;45182,870;15,57756
 797,20; 7226,040;  218,955;44612,589;15,78399
 797,77; 7176,552;  184,571;44424,385;15,80472
 798,33; 7223,448;  219,417;44251,027;15,90682
 798,90; 7235,574;  227,340;44105,668;15,97197
 799,46; 7215,163;  211,032;43745,849;16,08857
 800,03; 7235,905;  210,032;43581,260;16,19939
 800,59; 7239,724;  233,263;43433,133;16,21871
 801,15; 7221,466;  236,417;43212,621;16,25329
 801,72; 7223,593;  220,340;42920,109;16,40115
 802,28; 7229,335;  243,494;42695,058;16,45603
 802,85; 7232,692;  212,802;42452,239;16,61928
 803,41; 7200,434;  210,110;42349,650;16,58852
 803,98; 7187,099;  214,571;42034,984;16,67255
 804,54; 7217,688;  212,340;41642,703;16,90873
 805,11; 7268,661;  218,417;41485,114;17,08458
 805,67; 7243,864;  232,033;41448,217;17,01233
 806,23; 7202,991;  219,802;40975,167;17,13440
 806,80; 7215,425;  228,571;40886,117;17,18464
 807,36; 7257,783;  239,956;40824,220;17,29199
 807,93; 7284,525;  247,648;40517,477;17,47431
 808,49; 7216,959;  207,110;40202,196;17,52678
 809,05; 7220,086;  203,264;39953,453;17,65230
 809,62; 7227,674;  228,725;39953,711;17,61851
 810,18; 7233,493;  227,802;39905,660;17,65642
 810,74; 7223,620;  200,187;39622,841;17,81573
 811,31; 7204,747;  206,725;39382,021;17,86335
 811,87; 7226,028;  229,725;39237,432;17,93569
 812,44; 7292,539;  248,956;39225,843;18,07118
 813,00; 7265,358;  174,418;39000,716;18,26324
 813,56; 7305,408;  219,110;39033,358;18,25695
 814,13; 7325,611;  220,495;38906,307;18,36621
 814,69; 7332,815;  220,572;38757,334;18,45574
 815,25; 7298,019;  192,572;38318,976;18,63655
 815,82; 7325,992;  240,418;38289,156;18,62236
 816,38; 7390,964;  275,572;38067,029;18,82805
 816,94; 7265,630;  218,187;37850,748;18,72698
 817,51; 7315,679;  203,110;37680,159;18,97847
 818,07; 7292,729;  204,880;37400,955;19,05537
 818,63; 7299,625;  226,726;37193,673;19,13304
 819,20; 7322,060;  225,880;37104,008;19,24225
 819,76; 7266,032;  205,034;36688,649;19,35389
 820,32; 7348,159;  245,264;36721,830;19,47249
 820,89; 7327,901;  241,187;36524,472;19,53162
 821,45; 7271,951;  209,803;36295,114;19,57070
 822,01; 7263,616;  232,803;35917,755;19,70246
 822,57; 7271,666;  244,880;35738,628;19,79725
 823,14; 7230,562;  200,803;35711,732;19,79604
 823,70; 7257,996;  211,418;35435,220;20,00516
 824,26; 7217,662;  207,034;35192,015;20,03896
 824,82; 7281,019;  239,418;35028,273;20,24097
 825,39; 7231,992;  214,342;34746,684;20,32196
 825,95; 7279,888;  226,342;34894,787;20,34572
 826,51; 7206,553;  226,649;34398,352;20,42598
 827,08; 7277,295;  263,726;34544,148;20,45940
 827,64; 7226,960;  243,034;34377,251;20,46019
 828,20; 7230,933;  206,265;34024,124;20,77207
 828,76; 7252,137;  242,726;34111,381;20,69586
 829,32; 7265,187;  257,034;33877,716;20,84477
 829,89; 7203,775;  207,650;33806,281;20,82265
 830,45; 7246,363;  226,573;33726,538;20,95462
 831,01; 7222,952;  224,726;33499,026;21,03192
 831,57; 7270,309;  224,957;33428,514;21,21867
 832,14; 7285,590;  210,957;33450,771;21,28361
 832,70; 7272,409;  207,188;33198,259;21,41555
 833,26; 7283,151;  187,957;33077,286;21,57294
 833,82; 7263,893;  217,419;33074,620;21,44575
 834,38; 7319,481;  209,573;33086,646;21,62573
 834,95; 7329,685;  199,419;32850,981;21,83744
 835,51; 7293,965;  176,573;32768,623;21,83782
 836,07; 7379,784;  218,804;32883,572;21,92264
 836,63; 7400,680;  226,650;32851,291;21,98961
 837,19; 7409,192;  232,958;32750,856;22,06857
 837,75; 7347,549;  180,958;32443,267;22,21351
 838,32; 7462,753;  242,881;32551,294;22,34673
 838,88; 7422,880;  226,804;32511,474;22,28945
 839,44; 7462,699;  233,112;32395,270;22,47855
 840,00; 7521,287;  223,496;32410,219;22,67330
 840,56; 7449,721;  206,727;32098,707;22,71102
 841,12; 7474,079;  203,650;32065,965;22,81827
 841,68; 7460,129;  187,573;31858,837;22,96263
 842,25; 7483,717;  213,573;31957,864;22,90221
 842,81; 7455,305;  198,958;31684,044;23,04693
 843,37; 7453,663;  196,035;31622,301;23,09415
 843,93; 7498,789;  213,343;31554,097;23,24592
 844,49; 7519,070;  223,189;31591,893;23,25847
 845,05; 7414,427;  173,881;31416,381;23,17531
 845,61; 7525,862;  233,189;31528,484;23,30278
 846,17; 7518,142;  202,497;31370,896;23,47136
 846,73; 7551,423;  213,497;31278,768;23,62100
 847,29; 7539,550;  199,189;31156,333;23,71136
 847,86; 7506,523;  199,189;31060,744;23,67779
 848,42; 7493,572;  200,958;30796,386;23,83563
 848,98; 7526,161;  215,420;30794,336;23,90778
 849,54; 7551,057;  200,881;30818,670;24,00623
 850,10; 7562,568;  226,189;30650,543;24,11351
 850,66; 7572,156;  204,420;30499,415;24,31998
 851,22; 7552,745;  190,651;30478,134;24,30738
 851,78; 7573,179;  237,881;30570,699;24,18271
 852,34; 7557,690;  232,497;30198,341;24,44514
 852,90; 7511,740;  207,189;30087,521;24,44602
 853,46; 7528,636;  201,343;29975,856;24,60928
 854,02; 7592,763;  221,805;30027,113;24,73035
 854,58; 7528,736;  207,497;29811,755;24,73036
 855,14; 7539,709;  208,728;29654,627;24,89644
 855,70; 7506,528;  179,574;29539,039;24,95602
 856,26; 7562,885;  227,959;29440,065;25,10920
 856,82; 7543,473;  213,497;29300,553;25,20013
 857,38; 7536,985;  237,113;29225,657;25,18192
 857,94; 7525,804;  208,805;29098,837;25,32707
 858,50; 7479,854;  227,959;28945,248;25,25271
 859,06; 7466,596;  196,420;28817,505;25,40147
 859,62; 7492,569;  225,574;28776,609;25,45265
 860,18; 7462,849;  211,190;28608,712;25,53624
 860,74; 7455,437;  187,190;28466,739;25,70143
 861,30; 7452,718;  186,113;28341,073;25,80933
 861,86; 7458,383;  269,882;28337,407;25,61145
 862,42; 7394,125;  212,805;28193,280;25,66547
 862,98; 7425,790;  243,190;28171,076;25,71838
 863,54; 7349,840;  219,190;27992,487;25,67448
 864,10; 7403,736;  212,959;27940,513;25,93369
 864,66; 7383,940;  188,882;27731,847;26,12303
 865,22; 7398,990;  213,036;27650,874;26,18994
 865,78; 7397,809;  216,882;27493,208;26,32659
 866,34; 7422,243;  197,498;27369,696;26,58874
 866,90; 7399,447;  223,267;27382,184;26,42292
 867,45; 7365,266;  215,728;27046,826;26,64646
 868,01; 7391,239;  209,652;27000,545;26,80608
 868,57; 7352,135;  215,113;26838,418;26,80742
 869,13; 7308,261;  196,652;26726,906;26,80566
 869,69; 7362,542;  209,729;26592,932;27,11124
 870,25; 7307,976;  192,729;26435,189;27,11349
 870,81; 7328,565;  206,036;26509,831;27,07795
 871,37; 7306,153;  215,806;26368,012;27,11185
 871,93; 7305,664;  238,190;26286,038;27,13266
 872,49; 7301,637;  262,190;26074,295;27,27188
 873,04; 7192,764;  209,421;25813,245;27,27461
 873,60; 7176,583;  195,960;25665,810;27,40740
 874,16; 7241,402;  225,037;25653,837;27,59220
 874,72; 7249,479;  222,113;25581,221;27,71141
 875,28; 7254,479;  210,960;25553,760;27,79298
 875,84; 7185,479;  209,806;25443,606;27,64416
 876,40; 7233,017;  200,960;25412,683;27,89202
 876,95; 7223,094;  214,037;25336,837;27,89919
 877,51; 7234,402;  237,575;25417,067;27,78780
 878,07; 7241,171;  245,960;25399,529;27,81002
 878,63; 7288,479;  210,037;25324,067;28,18521
 879,19; 7276,325;  228,421;25414,452;27,98338
 879,75; 7315,171;  210,113;25391,837;28,21514
 880,30; 7326,248;  209,883;25492,452;28,14732
 880,86; 7366,402;  259,883;25581,375;28,06517
 881,42; 7373,017;  197,575;25573,529;28,27654
 881,98; 7431,017;  219,190;25629,375;28,38164
 882,54; 7483,248;  210,729;25761,298;28,46324
 883,09; 7554,325;  233,113;25841,298;28,58934
 883,65; 7561,940;  203,037;25869,298;28,67151
 884,21; 7696,479;  240,267;25997,683;28,94783
 884,77; 7662,479;  210,960;26091,144;28,79237
 885,32; 7746,940;  214,113;26207,913;28,97932
 885,88; 7817,710;  250,729;26309,683;29,03793
 886,44; 7839,633;  226,421;26444,990;29,03748
 887,00; 7885,863;  246,421;26405,990;29,20324
 887,56; 7880,171;  210,113;26614,221;29,04873
 888,11; 7929,171;  221,113;26556,606;29,26871
 888,67; 7990,633;  251,960;26715,990;29,24223
 889,23; 8045,556;  221,575;26797,144;29,44050
 889,79; 7981,710;  203,037;26676,144;29,38330
 890,34; 8030,787;  228,883;26569,683;29,61908
 890,90; 8196,325;  295,575;26691,144;29,93211
 891,46; 8080,863;  212,575;26581,913;29,83878
 892,01; 8150,325;  235,883;26629,144;29,98660
 892,57; 8154,556;  254,960;26545,529;30,04726
 893,13; 8140,710;  215,652;26361,913;30,31048
 893,69; 8090,017;  213,190;26306,990;30,18658
 894,24; 8081,863;  217,806;26210,067;30,25538
 894,80; 8043,787;  226,729;26079,683;30,23661
 895,36; 8001,017;  219,729;25934,760;30,25969
 895,91; 8045,556;  216,960;25728,144;30,68692
 896,47; 8026,633;  230,652;25649,990;30,66949
 897,03; 7990,940;  217,267;25498,375;30,74894
 897,58; 8002,248;  229,883;25398,067;30,88171
 898,14; 7903,094;  252,498;25202,375;30,66386
 898,70; 7894,863;  191,806;25038,990;31,00173
 899,25; 7905,556;  232,960;25034,913;30,93545
 899,81; 7895,556;  247,113;24839,529;31,10082
 900,37; 7807,556;  197,806;24668,606;31,09727
 900,92; 7835,863;  219,421;24631,760;31,19915
 901,48; 7801,248;  217,498;24520,375;31,20515
 902,03; 7772,248;  219,037;24378,990;31,26335
 902,59; 7739,556;  216,960;24300,837;31,23499
 903,15; 7721,402;  235,113;24220,221;31,21224
 903,70; 7643,479;  217,575;23955,221;31,28324
 904,26; 7660,940;  210,883;23861,529;31,50044
 904,82; 7651,633;  220,960;23860,760;31,43289
 905,37; 7588,940;  224,652;23644,837;31,44419
 905,93; 7543,710;  215,498;23529,606;31,43252
 906,48; 7561,171;  231,652;23523,221;31,46855
 907,04; 7562,017;  232,806;23456,452;31,55926
 907,60; 7528,094;  228,113;23224,606;31,74389
 908,15; 7509,402;  218,267;23068,144;31,90886
 908,71; 7546,248;  243,037;23054,221;32,01592
 909,26; 7490,863;  228,344;22863,529;32,08509
 909,82; 7517,787;  229,421;22847,837;32,22315
 910,37; 7504,171;  268,960;22783,837;32,13525
 910,93; 7439,325;  211,652;22551,144;32,35379
 911,48; 7345,479;  216,190;22375,990;32,17217
 912,04; 7325,094;  216,806;22302,452;32,18511
 912,60; 7393,940;  228,190;22294,606;32,47356
 913,15; 7321,094;  231,883;22136,760;32,36362
 913,71; 7250,479;  207,652;22052,913;32,23961
 914,26; 7200,863;  185,267;21925,990;32,26938
 914,82; 7249,710;  228,498;21910,837;32,38217
 915,37; 7204,171;  214,267;21847,144;32,31149
 915,93; 7216,171;  274,421;21740,913;32,33761
 916,48; 7181,710;  211,498;21559,221;32,65084
 917,04; 7127,017;  233,883;21433,990;32,51462
 917,59; 7185,017;  250,960;21392,913;32,79762
 918,15; 7078,940;  190,652;21232,298;32,73645
 918,70; 7081,402;  219,652;21136,990;32,80413
 919,26; 7078,479;  220,806;21045,221;32,93093
 919,81; 7003,479;  212,037;20857,837;32,89503
 920,37; 7029,171;  214,652;20843,913;33,03327
 920,92; 7027,479;  233,037;20765,529;33,09117
 921,48; 6939,556;  200,729;20538,375;33,13474
 922,03; 6931,325;  205,344;20558,990;33,04558
 922,59; 6897,940;  216,729;20418,298;33,07274
 923,14; 6854,171;  229,498;20290,760;33,02222
 923,69; 6907,248;  236,190;20283,606;33,27640
 924,25; 6876,940;  247,883;20191,144;33,23959
 924,80; 6807,248;  221,652;19967,375;33,35201
 925,36; 6781,787;  206,960;20000,683;33,21673
 925,91; 6784,017;  215,960;19866,067;33,42505
 926,47; 6749,402;  195,267;19758,990;33,50147
 927,02; 6808,479;  277,729;19724,144;33,58331
 927,57; 6724,479;  214,344;19540,606;33,68543
 928,13; 6712,248;  204,113;19462,067;33,79453
 928,68; 6706,787;  216,883;19405,683;33,82131
 929,24; 6633,171;  187,037;19190,913;33,92010
 929,79; 6620,094;  203,190;19086,837;33,98128
 930,34; 6593,094;  214,267;18942,837;34,05934
 930,90; 6567,017;  215,960;18975,529;33,85503
 931,45; 6572,402;  234,652;18915,760;33,92599
 932,01; 6530,248;  230,344;18817,298;33,89422
 932,56; 6545,787;  236,729;18668,837;34,22863
 933,11; 6588,248;  255,806;18691,913;34,34804
 933,67; 6482,094;  221,806;18458,913;34,32720
 934,22; 6519,248;  223,037;18376,529;34,68320
 934,77; 6515,710;  241,575;18268,990;34,80330
 935,33; 6436,017;  228,037;18138,298;34,66159
 935,88; 6432,556;  233,190;18044,529;34,80572
 936,43; 6409,325;  219,190;18043,375;34,72885
 936,99; 6426,017;  225,267;17926,990;35,02908
 937,54; 6338,402;  206,037;17714,990;35,02417
 938,09; 6332,171;  228,575;17677,298;34,98019
 938,65; 6361,094;  232,729;17590,606;35,30596
 939,20; 6305,171;  206,806;17525,683;35,21225
 939,75; 6269,556;  211,806;17478,298;35,08385
 940,31; 6225,787;  201,344;17292,990;35,24788
 940,86; 6267,094;  230,421;17323,913;35,31562
 941,41; 6293,171;  318,575;17218,067;35,35370
 941,96; 6232,479;  210,190;17122,375;35,60917
 942,52; 6208,017;  220,344;17002,913;35,67793
 943,07; 6147,402;  206,037;16856,683;35,68249
 943,62; 6169,248;  215,344;16819,606;35,85769
 944,18; 6127,325;  196,575;16762,990;35,79984
 944,73; 6134,325;  230,037;16716,452;35,81305
 945,28; 6018,171;  189,806;16482,837;35,77214
 945,83; 6059,710;  211,806;16467,375;35,97477
 946,39; 6063,325;  216,652;16447,606;36,02175
 946,94; 6084,556;  236,267;16299,913;36,40698
 947,49; 6021,479;  217,498;16252,221;36,19633
 948,04; 6099,633;  261,575;16126,837;36,79774
 948,59; 6057,940;  238,883;16140,452;36,59424
 949,15; 6011,094;  204,037;16061,683;36,61992
 949,70; 5964,787;  210,883;15972,221;36,50644
 950,25; 5998,094;  230,806;15902,298;36,80114
 950,80; 5904,479;  169,652;15699,837;36,92697
 951,36; 5899,248;  184,190;15661,683;36,92496
 951,91; 5939,248;  235,883;15717,683;36,83916
 952,46; 5850,094;  213,267;15491,221;36,89517
 953,01; 5888,556;  230,267;15547,837;36,93986
 953,56; 5821,171;  196,806;15394,144;37,00888
 954,11; 5865,479;  223,344;15325,298;37,36030
 954,67; 5816,787;  208,421;15275,837;37,22181
 955,22; 5761,171;  191,652;15113,760;37,32394
 955,77; 5808,479;  238,883;15118,990;37,42981
 956,32; 5797,633;  268,883;15026,144;37,46461
 956,87; 5698,017;  199,883;14922,913;37,34377
 957,42; 5711,248;  213,113;14888,990;37,46376
 957,98; 5695,171;  195,883;14785,683;37,69269
 958,53; 5711,479;  244,806;14740,913;37,71132
 959,08; 5645,325;  199,575;14661,452;37,65590
 959,63; 5659,171;  209,421;14518,913;38,08486
 960,18; 5629,094;  233,267;14482,837;37,86660
 960,73; 5634,633;  213,729;14404,913;38,19909
 961,28; 5572,094;  202,575;14350,298;37,95324
 961,83; 5622,248;  232,421;14333,606;38,22251
 962,39; 5593,710;  198,575;14197,913;38,53850
 962,94; 5606,171;  222,575;14132,837;38,70234
 963,49; 5507,094;  223,344;14010,298;38,32427
 964,04; 5542,710;  229,421;13969,298;38,67057
 964,59; 5469,017;  183,498;13863,144;38,63784
 965,14; 5503,633;  230,421;13831,606;38,77024
 965,69; 5478,248;  221,729;13677,606;39,06486
 966,24; 5380,325;  205,498;13648,298;38,49516
 966,79; 5416,710;  228,498;13567,760;38,89429
 967,34; 5351,710;  187,960;13414,298;39,04142
 967,89; 5358,556;  205,729;13381,760;39,10758
 968,44; 5336,710;  213,267;13349,452;39,00251
 968,99; 5379,017;  222,267;13260,298;39,55160
 969,55; 5328,171;  212,421;13153,606;39,53077
 970,10; 5300,940;  224,421;13088,375;39,46313
 970,65; 5254,863;  231,113;12962,067;39,46091
 971,20; 5198,402;  198,344;12874,683;39,44402
 971,75; 5139,248;  194,037;12727,298;39,45670
 972,30; 5176,710;  218,498;12673,683;39,80841
 972,85; 5123,171;  202,037;12628,298;39,60270
 973,40; 5075,710;  201,960;12537,452;39,50998
 973,95; 5076,248;  217,037;12456,529;39,70109
 974,50; 5037,556;  247,037;12419,375;39,35578
 975,05; 4992,863;  223,421;12303,990;39,48028
 975,60; 4997,017;  235,421;12208,298;39,76986
 976,15; 4947,017;  205,498;12086,529;39,90832
 976,70; 4946,402;  201,729;12099,298;39,87935
 977,25; 4923,940;  228,960;11994,913;39,90310
 977,80; 4842,787;  210,960;11896,990;39,63559
 978,35; 4830,863;  228,037;11763,067;39,90303
 978,89; 4788,633;  196,267;11681,452;39,98512
 979,44; 4793,787;  217,190;11643,067;40,05466
 979,99; 4747,017;  206,421;11504,760;40,18818
 980,54; 4724,325;  238,652;11406,067;40,16751
 981,09; 4686,402;  238,498;11356,375;40,00677
 981,64; 4627,633;  224,113;11257,606;39,91048
 982,19; 4634,248;  257,960;11183,144;40,05688
 982,74; 4603,248;  226,267;11100,913;40,24941
 983,29; 4555,940;  203,806;10944,375;40,52052
 983,84; 4514,171;  232,113;10859,452;40,29285
 984,39; 4522,479;  300,190;10821,990;40,12896
 984,94; 4404,017;  201,729;10687,221;40,07717
 985,49; 4403,248;  243,498;10629,452;40,05169
 986,03; 4385,248;  233,344;10550,144;40,24411
 986,58; 4332,402;  263,190;10403,144;40,13047
 987,13; 4223,171;  234,267;10292,760;39,65708
 987,68; 4221,248;  249,806;10247,683;39,72286
 988,23; 4219,633;  241,575;10133,067;40,21696
 988,78; 4136,787;  216,806;10068,452;39,79011
 989,33; 4116,633;  246,037; 9913,144;40,03882
 989,88; 4136,094;  255,037; 9898,990;40,24343
 990,42; 4045,710;  220,960; 9733,837;40,20603
 990,97; 3998,863;  228,883; 9643,375;40,04444
 991,52; 4026,094;  251,498; 9558,760;40,55539
 992,07; 4015,556;  262,267; 9463,913;40,78932
 992,62; 3947,402;  226,421; 9433,760;40,41321
 993,17; 3878,787;  239,344; 9287,990;40,22085
 993,71; 3885,094;  242,960; 9239,067;40,48567
 994,26; 3796,402;  217,498; 9063,298;40,45879
 994,81; 3821,633;  257,037; 9098,913;40,31493
 995,36; 3708,325;  220,498; 8931,452;40,03955
 995,91; 3713,171;  226,498; 8871,913;40,32973
 996,45; 3680,479;  233,498; 8740,375;40,51993
 997,00; 3607,171;  207,652; 8653,067;40,25284
 997,55; 3620,787;  239,113; 8572,067;40,58192
 998,10; 3602,787;  251,806; 8474,375;40,75345
 998,65; 3570,863;  228,113; 8432,760;40,74216
 999,19; 3524,248;  259,267; 8315,990;40,52492
 999,74; 3503,863;  277,729; 8203,144;40,70619
1000,29; 3433,863;  257,344; 8169,683;40,14640
1000,84; 3398,248;  233,806; 8030,375;40,58763
1001,38; 3349,402;  237,344; 7932,913;40,43960
1001,93; 3354,479;  245,344; 7852,452;40,87144
1002,48; 3261,710;  228,498; 7736,990;40,39708
1003,03; 3303,479;  251,344; 7728,760;40,81804
1003,57; 3248,633;  237,421; 7635,529;40,70246
1004,12; 3242,325;  270,575; 7532,606;40,92175
1004,67; 3161,171;  225,267; 7460,760;40,57642
1005,22; 3126,556;  219,267; 7324,221;40,91917
1005,76; 3052,787;  211,806; 7186,298;40,73387
1006,31; 3050,863;  238,190; 7159,452;40,63816
1006,86; 2994,248;  217,883; 7054,683;40,60914
1007,40; 2944,171;  206,037; 6938,452;40,67091
1007,95; 2931,402;  237,344; 6894,221;40,47029
1008,50; 2873,633;  244,960; 6793,837;40,13930
1009,04; 2858,710;  226,421; 6672,298;40,83678
1009,59; 2822,556;  242,344; 6564,375;40,81302
1010,14; 2765,556;  213,421; 6473,913;40,76572
1010,68; 2750,171;  226,037; 6339,144;41,29053
1011,23; 2673,479;  223,267; 6261,837;40,57603
1011,78; 2678,940;  244,575; 6194,990;40,91085
1012,32; 2664,094;  255,113; 6091,452;41,27555
1012,87; 2617,556;  256,575; 6052,760;40,73336
1013,42; 2575,710;  216,729; 5961,683;41,06179
1013,96; 2633,863;  258,806; 5998,683;41,37820
1014,51; 2523,017;  196,421; 5856,529;41,10516
1015,06; 2526,094;  208,806; 5880,529;40,85687
1015,60; 2613,402;  268,575; 5914,529;41,53110
1016,15; 2536,787;  222,421; 5881,683;40,89518
1016,69; 2577,863;  233,498; 5948,375;41,02215
1017,24; 2562,094;  217,421; 5917,990;41,13051
1017,79; 2644,479;  273,267; 5998,990;41,41331
1018,33; 2599,402;  225,267; 5978,913;41,26313
1018,88; 2620,940;  243,729; 6005,298;41,25979
1019,42; 2600,479;  232,729; 6016,067;40,94089
1019,97; 2605,017;  212,883; 6022,529;41,17522
1020,51; 2655,248;  258,498; 6017,990;41,61391
1021,06; 2590,863;  212,421; 6012,221;41,00904
1021,61; 2609,325;  200,421; 5972,529;41,73352
1022,15; 2567,940;  185,575; 5927,067;41,49384
1022,70; 2576,402;  232,575; 5955,067;40,95815
1023,24; 2550,940;  207,113; 5895,990;41,20017
1023,79; 2531,094;  209,498; 5854,221;41,12861
1024,33; 2542,710;  233,267; 5797,298;41,50664
1024,88; 2521,171;  238,113; 5761,144;41,33704
1025,42; 2487,863;  233,729; 5648,913;41,62618
1025,97; 2439,171;  209,575; 5545,144;41,78741
1026,51; 2367,633;  184,344; 5470,606;41,30118
1027,06; 2346,094;  212,113; 5392,144;41,19630
1027,60; 2330,940;  232,883; 5313,913;41,29197
1028,15; 2338,402;  245,729; 5243,067;41,87575
1028,69; 2215,633;  185,498; 5112,837;41,20144
1029,24; 2244,402;  213,344; 5087,067;41,67364
1029,78; 2191,248;  201,652; 4970,913;41,71707
1030,33; 2171,556;  197,037; 4900,606;41,97917
1030,87; 2157,171;  214,806; 4821,683;42,16230
1031,42; 2092,017;  205,037; 4742,221;41,58924
1031,96; 2088,863;  229,344; 4705,375;41,54393
1032,51; 2049,248;  206,806; 4603,067;41,90930
1033,05; 2010,863;  218,037; 4534,067;41,53879
1033,60; 1962,787;  178,960; 4446,837;41,79659
1034,14; 1980,094;  206,652; 4402,683;42,26476
1034,69; 1947,710;  215,883; 4337,529;42,01785
1035,23; 1936,710;  219,806; 4274,913;42,33929
1035,77; 1905,171;  219,037; 4229,683;42,04147
1036,32; 1835,863;  190,729; 4146,606;41,58710
1036,86; 1840,248;  231,806; 4093,067;41,65588
1037,41; 1850,171;  221,190; 4061,990;42,41254
1037,95; 1781,710;  198,806; 3945,913;42,24335
1038,50; 1757,402;  202,113; 3915,529;41,88296
1039,04; 1773,171;  232,883; 3899,606;42,00722
1039,58; 1716,863;  195,652; 3808,221;42,10885
1040,13; 1698,171;  217,267; 3767,452;41,71343
1040,67; 1726,017;  252,960; 3767,683;41,91106
1041,21; 1672,094;  254,806; 3669,990;41,49961
1041,76; 1621,325;  200,421; 3577,913;42,06979
1042,30; 1610,710;  206,344; 3566,606;41,79334
1042,85; 1595,094;  218,267; 3485,452;42,14108
1043,39; 1567,248;  210,652; 3451,067;41,86488
1043,93; 1557,325;  232,652; 3439,144;41,31222
1044,48; 1538,556;  236,498; 3365,913;41,60706
1045,02; 1526,863;  213,806; 3323,606;42,22322
1045,56; 1535,633;  243,960; 3284,913;42,47592
1046,11; 1472,710;  222,960; 3231,683;41,53755
1046,65; 1439,633;  219,113; 3173,529;41,31170
1047,19; 1429,479;  207,652; 3143,529;41,61710
1047,74; 1410,017;  189,498; 3084,144;42,16471
1048,28; 1410,325;  228,575; 3024,375;42,26876
1048,82; 1436,633;  235,575; 3015,298;43,20782
1049,37; 1387,171;  231,113; 2983,144;42,00744
1049,91; 1365,863;  229,190; 2892,760;42,67481
1050,45; 1352,863;  237,883; 2901,452;41,86040
1050,99; 1315,171;  243,267; 2819,221;41,61192
1051,54; 1283,479;  214,267; 2781,298;41,65168
1052,08; 1314,633;  243,037; 2788,298;42,10161
1052,62; 1280,863;  245,498; 2739,067;41,52142
1053,16; 1261,248;  221,037; 2656,760;42,70648
1053,71; 1248,402;  231,344; 2660,837;41,86297
1054,25; 1228,248;  232,960; 2605,606;41,94846
1054,79; 1207,787;  232,421; 2552,913;42,03269
1055,33; 1169,633;  198,113; 2505,221;42,10983
1055,88; 1193,710;  239,575; 2511,837;41,99053
1056,42; 1174,710;  239,960; 2493,452;41,48006
1056,96; 1166,863;  240,421; 2438,606;42,14579
1057,50; 1152,633;  234,883; 2386,144;42,66101
1058,05; 1125,402;  227,575; 2347,375;42,35432
1058,59; 1123,710;  253,652; 2309,990;42,31102
1059,13; 1072,633;  207,883; 2257,606;42,18863
1059,67; 1087,633;  235,037; 2250,067;42,31182
1060,21; 1074,556;  228,113; 2201,990;42,88222
1060,76; 1066,402;  251,652; 2197,529;41,87058
1061,30; 1075,787;  255,344; 2168,760;42,87842
1061,84; 1031,710;  227,113; 2116,913;42,57573
1062,38;  992,402;  211,575; 2075,452;41,89262
1062,92; 1038,479;  270,344; 2116,298;41,61180
1063,46; 1002,863;  240,190; 2042,144;42,32478
1064,01;  972,556;  215,652; 2018,144;41,99207
1064,55;  976,633;  242,883; 1982,221;42,18558
1065,09;  921,940;  215,267; 1927,683;41,26762
1065,63;  971,171;  263,113; 1962,298;41,67044
1066,17;  977,248;  266,575; 1921,683;42,93818
1066,71;  950,094;  264,190; 1907,606;41,73649
1067,25;  914,787;  232,652; 1862,452;41,85388
1067,80;  909,787;  249,575; 1837,837;41,56819
1068,34;  924,633;  259,113; 1847,990;41,88614
1068,88;  872,171;  228,037; 1786,683;41,32655
1069,42;  901,094;  255,806; 1815,606;41,36995
1069,96;  868,863;  238,729; 1746,298;41,79805
1070,50;  902,556;  273,883; 1758,529;42,34498
1071,04;  854,633;  208,421; 1714,913;42,89511
1071,58;  845,017;  242,729; 1681,990;41,84705
1072,12;  835,325;  249,883; 1655,144;41,66074
1072,66;  839,325;  242,883; 1650,606;42,36929
1073,21;  851,863;  245,267; 1647,529;43,25842
1073,75;  819,479;  238,575; 1626,683;41,84862
1074,29;  810,633;  237,498; 1598,913;42,09844
1074,83;  817,479;  257,037; 1585,606;42,18390
1075,37;  814,248;  262,190; 1570,375;42,20029
1075,91;  798,633;  259,498; 1552,144;41,70783
1076,45;  794,017;  248,267; 1542,298;42,17442
1076,99;  786,325;  254,190; 1506,375;42,49650
1077,53;  756,940;  221,806; 1476,529;42,64962
1078,07;  772,017;  243,113; 1476,913;42,86788
1078,61;  751,094;  243,421; 1453,529;41,95272
1079,15;  738,402;  244,960; 1421,144;41,95279
1079,69;  738,094;  241,498; 1424,067;41,99299
1080,23;  736,556;  269,575; 1427,683;40,32274
1080,77;  771,710;  312,037; 1425,683;41,27640
1081,31;  701,479;  237,652; 1367,529;41,05110
1081,85;  721,017;  260,421; 1358,837;41,93278
1082,39;  705,171;  223,729; 1330,683;43,49254
1082,93;  702,171;  257,575; 1330,606;41,43368
1083,47;  680,017;  230,498; 1290,529;42,40624
1084,01;  686,479;  266,498; 1298,837;40,68247
1084,55;  676,863;  238,190; 1259,298;42,96051
1085,09;  678,402;  253,344; 1287,144;41,11605
1085,63;  665,248;  251,960; 1245,144;41,61245
1086,17;  656,248;  231,729; 1223,606;42,79959
1086,71;  644,402;  229,344; 1226,452;41,62616
1087,24;  672,479;  262,575; 1231,452;42,30711
1087,78;  661,710;  268,806; 1196,837;42,33737
1088,32;  623,940;  228,652; 1169,683;42,00590
1088,86;  651,479;  255,729; 1188,683;42,41903
1089,40;  631,402;  248,037; 1153,990;42,31622
1089,94;  593,094;  213,498; 1120,837;41,83622
1090,48;  618,787;  242,037; 1131,529;42,35562
1091,02;  639,940;  263,498; 1119,760;43,96347
1091,56;  603,017;  239,498; 1113,375;41,59845
1092,10;  576,248;  226,960; 1072,067;41,33065
1092,63;  616,248;  263,883; 1097,683;42,26018
1093,17;  602,325;  250,344; 1068,606;43,01568
1093,71;  568,017;  230,883; 1038,452;41,74684
1094,25;  597,479;  266,498; 1043,683;42,58715
1094,79;  582,710;  241,960; 1031,298;43,16906
1095,33;  585,633;  245,498; 1032,529;43,21745
1095,87;  567,479;  247,113; 1004,990;42,27143
1096,40;  541,171;  225,267;  956,452;43,20439
1096,94;  552,710;  248,421;  979,452;41,62458
1097,48;  564,940;  252,575;  989,760;42,37275
1098,02;  552,940;  238,652;  971,144;42,90673
1098,56;  524,787;  217,883;  920,452;43,68308
1099,10;  507,863;  223,113;  908,375;41,55348
1099,63;  508,248;  221,113;  914,990;41,38120
1100,17;  536,171;  257,652;  928,683;41,50618
1100,71;  567,017;  270,113;  916,837;45,90896

