
Integration time [ms]: 120,000
Averaging Nr. [scans]: 13
Smoothing Nr. [pixels]: 0
Data measured with spectrometer [name]: 2009305U1
Wave   ;Sample   ;Dark     ;Reference;Reflectance
[nm]   ;[counts] ;[counts] ;[counts] ;[%]

 175,72;  191,779;  183,171;  181,499; 0,00000
 176,32;  214,666;  212,786;  210,387; 0,00000
 176,92;  236,784;  213,864;  225,396;198,75126
 177,52;  252,236;  238,094;  247,611;148,59787
 178,12;  218,654;  215,248;  203,250; 0,00000
 178,72;  245,711;  239,709;  247,813;74,06633
 179,32;  251,191;  229,248;  233,882;473,54412
 179,92;  227,162;  240,786;  219,096; 0,00000
 180,52;  239,419;  223,787;  238,299;107,71718
 181,12;  245,574;  233,248;  227,889; 0,00000
 181,73;  256,358;  254,325;  251,284; 0,00000
 182,33;  321,845;  282,248;  286,145;1016,10820
 182,93;  258,569;  244,479;  244,283; 0,00000
 183,53;  233,772;  224,248;  208,403; 0,00000
 184,13;  233,980;  222,478;  215,605; 0,00000
 184,73;  262,077;  240,171;  238,529; 0,00000
 185,33;  250,837;  210,706;  327,657;34,31408
 185,93;  259,410;  219,937;  347,694;30,89683
 186,53;  270,906;  237,475;  346,865;30,56105
 187,13;  305,693;  258,168;  393,677;35,07154
 187,73;  258,091;  212,014;  352,264;32,85413
 188,33;  270,698;  227,706;  360,458;32,38516
 188,93;  264,796;  233,628;  362,831;24,12297
 189,53;  290,401;  234,089;  363,606;43,47856
 190,13;  301,889;  260,934;  388,107;32,20416
 190,73;  255,671;  203,397;  339,792;38,32579
 191,34;  300,659;  243,859;  378,912;42,05770
 191,94;  256,957;  214,629;  343,414;32,86730
 192,54;  280,578;  227,014;  380,813;34,82743
 193,14;  276,345;  246,014;  382,841;22,16766
 193,74;  273,304;  227,322;  363,836;33,68287
 194,34;  273,221;  235,091;  353,477;32,20817
 194,94;  241,217;  201,552;  336,897;29,30608
 195,54;  224,043;  190,322;  321,246;25,75619
 196,14;  241,764;  198,476;  351,258;28,33296
 196,74;  231,013;  204,091;  339,840;19,83237
 197,34;  220,211;  181,476;  341,406;24,21968
 197,94;  259,078;  215,706;  375,169;27,19875
 198,54;  258,520;  215,860;  373,369;27,08400
 199,14;  248,640;  199,168;  387,054;26,33059
 199,74;  232,307;  182,553;  364,766;27,30520
 200,34;  224,899;  176,861;  373,446;24,43621
 200,94;  270,003;  202,861;  429,927;29,56939
 201,54;  242,162;  204,707;  427,367;16,82184
 202,14;  273,814;  212,707;  454,628;25,25895
 202,74;  257,934;  203,015;  473,441;20,30843
 203,34;  244,014;  180,784;  498,828;19,88075
 203,94;  219,841;  153,476;  484,652;20,03913
 204,54;  288,913;  220,245;  592,293;18,45676
 205,14;  250,704;  177,245;  596,472;17,52237
 205,74;  293,911;  223,784;  688,942;15,07583
 206,34;  270,057;  188,476;  697,642;16,02245
 206,94;  287,183;  198,245;  778,788;15,31967
 207,54;  271,377;  177,784;  810,394;14,79469
 208,14;  294,263;  196,322;  901,107;13,89659
 208,74;  310,408;  189,168;  994,839;15,04828
 209,34;  311,359;  183,092; 1067,047;14,51060
 209,94;  344,627;  206,707; 1176,656;14,21935
 210,54;  346,920;  195,476; 1276,927;14,00374
 211,14;  361,601;  199,553; 1415,308;13,32900
 211,73;  372,174;  191,630; 1526,012;13,53015
 212,33;  389,259;  214,322; 1621,753;12,42950
 212,93;  403,305;  192,707; 1742,107;13,59223
 213,53;  379,306;  172,553; 1786,475;12,81058
 214,13;  413,340;  175,553; 1827,697;14,39262
 214,73;  407,737;  167,246; 1897,398;13,90002
 215,33;  399,012;  140,476; 1933,271;14,42082
 215,93;  450,781;  181,553; 2054,584;14,37393
 216,53;  424,958;  150,707; 2131,023;13,84885
 217,13;  517,882;  194,015; 2360,519;14,94882
 217,73;  539,346;  173,861; 2598,547;15,07351
 218,33;  549,830;  136,630; 2787,366;15,58809
 218,93;  619,539;  162,477; 3099,610;15,56152
 219,53;  681,112;  168,707; 3452,541;15,60385
 220,13;  713,782;  141,015; 3759,311;15,82975
 220,73;  826,961;  172,630; 4143,465;16,47843
 221,32;  898,639;  171,245; 4547,455;16,62154
 221,92;  976,999;  174,015; 5025,746;16,55047
 222,52; 1038,104;  170,246; 5450,564;16,43571
 223,12; 1134,335;  163,938; 5908,625;16,89208
 223,72; 1244,156;  190,784; 6305,799;17,22599
 224,32; 1306,491;  175,246; 6767,716;17,15965
 224,92; 1354,157;  172,938; 7077,475;17,10787
 225,52; 1452,465;  188,553; 7471,962;17,35330
 226,12; 1498,740;  176,399; 7802,994;17,33855
 226,72; 1581,931;  154,169; 8189,265;17,76908
 227,31; 1600,367;  142,169; 8653,639;17,13216
 227,91; 1732,117;  180,092; 9026,510;17,54411
 228,51; 1788,107;  169,784; 9504,643;17,33634
 229,11; 1900,174;  166,630; 9839,632;17,92147
 229,71; 1962,304;  170,091;10200,923;17,86704
 230,31; 2037,751;  161,246;10686,092;17,82929
 230,91; 2106,653;  152,168;10974,430;18,05985
 231,51; 2180,474;  149,015;11203,306;18,37711
 232,10; 2250,548;  155,707;11600,223;18,30432
 232,70; 2292,221;  166,553;11810,708;18,25524
 233,30; 2371,011;  175,784;12028,600;18,52072
 233,90; 2384,909;  162,630;12168,667;18,50967
 234,50; 2429,154;  162,246;12280,571;18,70645
 235,10; 2437,234;  163,476;12319,475;18,70482
 235,70; 2467,053;  186,245;12347,292;18,75502
 236,29; 2445,369;  178,245;12297,448;18,70687
 236,89; 2422,308;  154,937;12195,622;18,83091
 237,49; 2424,035;  167,938;12074,335;18,94861
 238,09; 2330,749;  171,784;11798,949;18,56829
 238,69; 2342,738;  182,399;11458,432;19,15868
 239,29; 2237,261;  155,169;11218,156;18,82034
 239,89; 2159,411;  176,937;10846,709;18,58028
 240,48; 2061,647;  169,630;10420,170;18,45773
 241,08; 1993,157;  164,630;10031,778;18,53146
 241,68; 1945,173;  179,476; 9712,341;18,52221
 242,28; 1810,254;  151,861; 9337,968;18,05327
 242,88; 1776,392;  192,477; 9026,794;17,92912
 243,48; 1708,984;  194,399; 8798,469;17,60311
 244,07; 1609,091;  166,630; 8550,269;17,20567
 244,67; 1580,290;  182,938; 8354,686;17,09979
 245,27; 1516,558;  188,630; 8210,166;16,55454
 245,87; 1495,288;  196,861; 8162,847;16,29963
 246,47; 1447,815;  175,399; 8149,484;15,95689
 247,06; 1449,555;  174,476; 8202,574;15,88270
 247,66; 1427,315;  164,015; 8244,712;15,63355
 248,26; 1460,906;  198,784; 8426,541;15,33981
 248,86; 1454,687;  181,322; 8518,062;15,27414
 249,46; 1453,653;  135,861; 8854,825;15,11409
 250,05; 1525,082;  173,476; 9269,822;14,85878
 250,65; 1571,531;  149,091; 9570,834;15,09742
 251,25; 1647,682;  162,169;10048,165;15,02644
 251,85; 1739,372;  179,476;10636,116;14,91775
 252,44; 1786,382;  132,322;11323,445;14,78011
 253,04; 1923,731;  186,707;12023,542;14,67473
 253,64; 1989,183;  135,399;12783,382;14,65676
 254,24; 2219,338;  177,169;13721,802;15,07733
 254,84; 2346,346;  164,092;14643,132;15,07181
 255,43; 2493,191;  169,938;15628,221;15,02918
 256,03; 2657,953;  172,476;16526,904;15,19758
 256,63; 2867,744;  178,014;17606,227;15,43319
 257,23; 3028,706;  158,322;18385,849;15,74752
 257,82; 3216,916;  174,783;19323,090;15,88721
 258,42; 3394,181;  137,014;20176,025;16,25413
 259,02; 3587,666;  173,015;20984,248;16,40773
 259,62; 3711,948;  155,399;21591,412;16,59147
 260,21; 3860,857;  166,630;22012,642;16,91030
 260,81; 3977,945;  173,630;22520,492;17,02393
 261,41; 4131,376;  158,168;22875,153;17,49003
 262,01; 4292,803;  205,629;23376,167;17,63953
 262,60; 4371,937;  157,399;23536,772;18,02674
 263,20; 4535,725;  150,861;23874,102;18,48341
 263,80; 4598,662;  185,783;24055,026;18,48772
 264,40; 4689,061;  161,552;24110,268;18,90502
 264,99; 4794,199;  184,629;24377,812;19,05318
 265,59; 4885,727;  163,398;24459,500;19,43657
 266,19; 4965,175;  149,629;24583,124;19,70879
 266,78; 5112,028;  197,322;24659,235;20,09126
 267,38; 5087,268;  170,398;24639,267;20,09439
 267,98; 5128,439;  154,629;24639,122;20,31412
 268,58; 5213,780;  170,245;24653,642;20,59982
 269,17; 5253,554;  158,398;24666,525;20,78966
 269,77; 5262,997;  180,245;24444,594;20,94741
 270,37; 5237,596;  148,552;24247,825;21,11700
 270,96; 5329,441;  193,399;24130,816;21,45613
 271,56; 5276,102;  154,245;23926,063;21,54592
 272,16; 5205,080;  162,245;23889,059;21,25374
 272,75; 5282,273;  170,322;23650,989;21,77089
 273,35; 5295,225;  165,937;23726,613;21,77054
 273,95; 5301,171;  168,322;23686,010;21,82548
 274,54; 5375,094;  138,169;23729,450;22,19856
 275,14; 5495,161;  188,091;24175,994;22,12394
 275,74; 5479,427;  144,860;24230,498;22,14833
 276,33; 5682,882;  180,245;24646,386;22,49082
 276,93; 5767,251;  172,169;25021,294;22,51621
 277,53; 5942,420;  173,091;25498,006;22,78124
 278,12; 6059,002;  152,707;26106,435;22,75702
 278,72; 6353,099;  186,091;26665,979;23,28940
 279,32; 6433,393;  157,784;27150,952;23,24888
 279,91; 6656,929;  151,322;27900,262;23,44452
 280,51; 6837,665;  171,938;28471,696;23,55401
 281,11; 7081,980;  172,399;29163,252;23,83366
 281,70; 7235,235;  151,553;29518,556;24,12123
 282,30; 7478,333;  152,630;30208,678;24,37347
 282,90; 7678,910;  169,630;30684,548;24,60855
 283,49; 7846,661;  182,168;31053,863;24,82693
 284,09; 8076,644;  192,245;31474,121;25,20437
 284,69; 8267,148;  192,168;31858,801;25,49996
 285,28; 8459,131;  176,014;32165,485;25,89326
 285,88; 8663,580;  197,706;32297,775;26,37338
 286,47; 8759,858;  168,476;32491,681;26,57961
 287,07; 8952,879;  191,784;32507,086;27,11129
 287,67; 9200,676;  180,169;32626,854;27,80101
 288,26; 9342,110;  168,784;32513,825;28,36084
 288,86; 9591,760;  173,014;32684,021;28,97094
 289,46; 9804,801;  178,553;32729,687;29,57270
 290,05;10037,092;  155,322;32774,299;30,29454
 290,65;10390,421;  164,707;32982,216;31,15933
 291,24;10639,829;  176,630;33007,541;31,86996
 291,84;10962,821;  190,245;33253,458;32,58176
 292,44;11222,421;  169,169;33447,550;33,21451
 293,03;11534,201;  220,168;33486,190;34,01078
 293,63;11734,423;  165,091;33620,999;34,58083
 294,22;12016,839;  186,322;33801,373;35,19411
 294,82;12102,998;  179,937;33764,034;35,50210
 295,41;12142,158;  167,014;33412,479;36,02038
 296,01;12303,835;  205,245;33320,464;36,53483
 296,61;12316,226;  180,476;33038,170;36,93427
 297,20;12237,310;  188,091;32672,414;37,09241
 297,80;12271,004;  186,707;32441,407;37,46523
 298,39;12150,987;  170,784;32141,732;37,47216
 298,99;12127,775;  183,168;31938,365;37,61465
 299,58;12040,161;  180,938;31816,127;37,48744
 300,18;12062,593;  201,476;31584,768;37,79437
 300,78;11853,293;  165,399;31200,462;37,66029
 301,37;11848,441;  182,168;31190,734;37,62274
 301,97;11881,160;  183,861;31222,831;37,68585
 302,56;11767,332;  169,476;31205,280;37,36928
 303,16;11736,855;  163,476;31191,085;37,30026
 303,75;11627,949;  176,784;31114,991;37,01302
 304,35;11707,886;  168,707;31350,484;37,00616
 304,94;11662,712;  166,168;31361,059;36,85393
 305,54;11591,408;  190,322;31235,762;36,72387
 306,13;11487,925;  153,707;31175,260;36,53659
 306,73;11346,305;  154,553;31004,727;36,27776
 307,33;11335,701;  189,322;30978,880;36,20181
 307,92;11273,073;  172,245;31060,277;35,93893
 308,52;11331,508;  160,245;31489,309;35,65783
 309,11;11412,654;  166,168;31990,624;35,33913
 309,71;11416,278;  142,399;32154,441;35,21762
 310,30;11445,803;  156,015;32451,655;34,95762
 310,90;11540,495;  172,399;32741,578;34,90446
 311,49;11429,584;  166,630;32845,099;34,46598
 312,09;11430,388;  138,476;32954,162;34,41010
 312,68;11515,075;  198,707;33304,167;34,18278
 313,28;11468,304;  157,322;33519,969;33,90313
 313,87;11356,469;  135,784;33641,076;33,48929
 314,47;11343,631;  150,783;33778,457;33,28463
 315,06;11308,676;  143,630;33947,494;33,02890
 315,66;11268,311;  154,553;34182,547;32,66063
 316,25;11082,612;  135,168;34095,025;32,23643
 316,85;10986,606;  138,322;34118,918;31,92494
 317,44;10914,091;  156,322;34209,751;31,59085
 318,04;10850,936;  145,168;34267,635;31,37454
 318,63;10790,164;  137,861;34370,386;31,11749
 319,22;10669,587;  168,091;34463,075;30,62108
 319,82;10571,592;  158,553;34407,301;30,40415
 320,41;10466,242;  165,014;34348,698;30,13493
 321,01;10350,040;  172,399;34476,740;29,66867
 321,60;10230,759;  166,168;34464,144;29,34456
 322,20;10076,856;  158,245;34304,428;29,04749
 322,79;10014,227;  194,322;34479,461;28,64187
 323,39; 9935,449;  162,399;34496,096;28,46489
 323,98; 9774,485;  153,322;34421,378;28,07618
 324,58; 9639,829;  159,168;34150,660;27,89128
 325,17; 9544,254;  162,322;34021,373;27,70879
 325,76; 9328,392;  188,784;33845,507;27,15537
 326,36; 9143,232;  137,630;33418,225;27,05962
 326,95; 8991,106;  178,245;33090,074;26,77718
 327,55; 8760,669;  146,861;32693,656;26,46592
 328,14; 8491,249;  156,938;32330,896;25,90390
 328,74; 8395,665;  192,322;31958,183;25,82440
 329,33; 8252,463;  173,476;31488,041;25,79945
 329,92; 7952,437;  158,706;30943,697;25,31666
 330,52; 7747,917;  166,707;30345,408;25,12106
 331,11; 7515,311;  163,861;29905,111;24,71803
 331,71; 7292,621;  166,322;29255,801;24,49786
 332,30; 7172,250;  187,476;28813,289;24,40026
 332,89; 6932,321;  195,553;28313,255;23,95917
 333,49; 6755,273;  170,861;27794,502;23,83615
 334,08; 6547,348;  168,168;27334,689;23,48177
 334,68; 6371,156;  176,245;26947,204;23,14041
 335,27; 6234,226;  179,707;26650,683;22,87229
 335,86; 6151,849;  195,476;26361,572;22,76371
 336,46; 6047,470;  176,861;26116,833;22,63152
 337,05; 5888,747;  172,322;25995,793;22,13655
 337,65; 5804,554;  155,322;25769,940;22,05472
 338,24; 5813,754;  201,476;25766,401;21,95304
 338,83; 5736,216;  189,015;25673,124;21,76730
 339,43; 5617,241;  152,476;25591,483;21,48183
 340,02; 5521,573;  168,091;25484,249;21,14650
 340,61; 5486,586;  163,015;25579,912;20,94501
 341,21; 5487,126;  202,091;25534,875;20,86243
 341,80; 5439,015;  167,322;25476,525;20,82915
 342,40; 5426,609;  175,553;25560,053;20,68607
 342,99; 5356,474;  175,938;25690,870;20,30394
 343,58; 5338,693;  169,784;25933,503;20,06275
 344,18; 5343,861;  174,399;26018,530;20,00246
 344,77; 5358,227;  162,553;26261,118;19,90789
 345,36; 5402,029;  149,553;26592,844;19,86317
 345,96; 5447,719;  187,861;26856,513;19,72300
 346,55; 5451,770;  160,400;27136,477;19,61505
 347,14; 5467,033;  139,476;27519,568;19,45777
 347,74; 5499,819;  137,784;27876,936;19,33020
 348,33; 5612,317;  165,323;28575,484;19,17270
 348,92; 5743,889;  185,015;29124,871;19,20837
 349,52; 5817,501;  148,015;29469,275;19,33575
 350,11; 5878,136;  164,937;29715,168;19,33385
 350,70; 5876,009;  160,938;29778,243;19,29639
 351,29; 5746,848;  156,629;29507,610;19,04611
 351,89; 5755,257;  171,937;29514,119;19,02830
 352,48; 5722,278;  149,476;29495,574;18,98992
 353,07; 5724,304;  165,246;29502,174;18,94901
 353,67; 5721,300;  187,554;29298,557;19,00912
 354,26; 5687,122;  169,322;29198,689;19,00765
 354,85; 5670,875;  173,861;28970,741;19,08892
 355,45; 5620,206;  150,399;28805,334;19,08853
 356,04; 5587,856;  160,784;28692,279;19,02134
 356,63; 5586,504;  184,630;28458,994;19,10520
 357,22; 5564,712;  172,860;28353,387;19,13325
 357,82; 5523,305;  181,091;28210,235;19,05950
 358,41; 5559,981;  178,245;28111,159;19,26665
 359,00; 5473,946;  164,245;27843,681;19,18284
 359,60; 5507,126;  185,861;27815,511;19,25926
 360,19; 5467,845;  158,246;27634,172;19,32455
 360,78; 5497,605;  174,553;27542,161;19,45019
 361,37; 5471,118;  160,937;27320,950;19,55146
 361,97; 5504,287;  176,784;27186,560;19,72435
 362,56; 5415,225;  161,322;26910,027;19,64171
 363,15; 5447,719;  181,322;26659,384;19,88966
 363,74; 5371,234;  170,399;26184,598;19,99229
 364,34; 5384,728;  198,168;25979,386;20,11759
 364,93; 5236,108;  159,322;25511,144;20,02533
 365,52; 5232,542;  138,553;25208,188;20,31936
 366,11; 5223,190;  162,937;24921,417;20,43846
 366,71; 5165,895;  154,860;24537,306;20,55181
 367,30; 5163,234;  166,784;24201,680;20,78832
 367,89; 5167,965;  199,553;24023,216;20,85494
 368,48; 5121,799;  170,399;23794,408;20,95919
 369,07; 5078,086;  173,015;23281,859;21,22595
 369,67; 5063,646;  188,168;23017,345;21,35635
 370,26; 5023,035;  165,553;22773,207;21,48601
 370,85; 5024,452;  167,399;22625,067;21,62759
 371,44; 5021,672;  161,476;22277,837;21,97557
 372,03; 5005,433;  152,630;22140,045;22,07082
 372,63; 4956,017;  145,399;21815,523;22,19931
 373,22; 4978,559;  168,630;21518,842;22,52872
 373,81; 4925,593;  141,861;21223,101;22,69189
 374,40; 4915,570;  161,707;21009,247;22,80299
 374,99; 4919,270;  157,168;20781,859;23,08933
 375,59; 4909,017;  154,938;20534,143;23,32809
 376,18; 4936,002;  179,630;20421,097;23,49816
 376,77; 4930,749;  171,322;20227,590;23,73037
 377,36; 4967,105;  191,322;20180,321;23,89206
 377,95; 4951,921;  172,937;19926,885;24,19255
 378,55; 4926,886;  157,245;19756,125;24,33629
 379,14; 4977,785;  173,091;19661,047;24,65468
 379,73; 5004,025;  174,014;19578,541;24,89115
 380,32; 5103,531;  180,245;19650,142;25,28666
 380,91; 5046,325;  160,014;19486,425;25,28308
 381,50; 5124,738;  186,630;19382,740;25,72453
 382,10; 5126,300;  152,707;19291,142;25,98746
 382,69; 5145,361;  142,476;19296,378;26,11941
 383,28; 5206,047;  171,783;19217,600;26,43239
 383,87; 5248,714;  170,399;19110,359;26,81270
 384,46; 5247,037;  162,245;19139,472;26,79418
 385,05; 5309,879;  194,783;19071,850;27,09688
 385,64; 5377,190;  163,553;19080,801;27,56023
 386,24; 5387,087;  148,245;19038,817;27,73258
 386,83; 5482,611;  180,783;19149,528;27,95034
 387,42; 5558,908;  179,707;19238,995;28,22352
 388,01; 5670,833;  169,168;19416,876;28,58348
 388,60; 5792,820;  179,706;19714,684;28,73366
 389,19; 5896,115;  158,090;19911,306;29,04856
 389,78; 6026,041;  156,014;20160,257;29,34391
 390,37; 6228,736;  215,629;20571,614;29,53975
 390,96; 6277,689;  180,706;20671,897;29,75417
 391,56; 6379,611;  176,090;20879,472;29,96380
 392,15; 6535,480;  153,167;21092,553;30,47994
 392,74; 6627,774;  147,705;21175,914;30,81608
 393,33; 6787,109;  156,706;21539,789;31,00771
 393,92; 6976,676;  172,936;21887,048;31,33326
 394,51; 7050,019;  151,244;22142,485;31,37056
 395,10; 7257,383;  194,628;22270,973;31,99241
 395,69; 7317,822;  169,551;22377,743;32,18754
 396,28; 7449,476;  179,320;22515,638;32,54859
 396,87; 7490,364;  191,704;22583,463;32,59530
 397,46; 7610,516;  179,627;22687,752;33,01425
 398,06; 7726,075;  192,703;22925,270;33,13911
 398,65; 7868,878;  187,933;22960,944;33,72828
 399,24; 7952,755;  192,471;23135,637;33,82394
 399,83; 7991,716;  168,316;23169,958;34,01235
 400,42; 8125,120;  216,623;23266,877;34,30981
 401,01; 8230,041;  179,852;23475,899;34,55603
 401,60; 8259,452;  198,004;23437,412;34,68870
 402,19; 8339,752;  210,233;23358,363;35,11955
 402,78; 8394,104;  210,385;23310,119;35,42777
 403,37; 8373,885;  211,459;23156,492;35,57382
 403,96; 8404,648;  207,841;23120,391;35,77431
 404,55; 8464,460;  201,454;22897,138;36,40783
 405,14; 8447,850;  189,374;22852,912;36,43948
 405,73; 8552,872;  201,910;22639,562;37,21852
 406,32; 8522,942;  198,754;22621,350;37,12410
 406,91; 8466,945;  210,982;22355,747;37,28178
 407,50; 8460,323;  207,365;22123,502;37,65699
 408,09; 8434,116;  188,980;21905,407;37,96728
 408,68; 8437,241;  210,595;21742,544;38,20669
 409,27; 8453,829;  197,442;21597,196;38,58169
 409,86; 8440,775;  198,136;21477,706;38,73499
 410,45; 8495,503;  231,907;21405,070;39,02863
 411,04; 8528,976;  243,062;21325,546;39,30236
 411,63; 8417,677;  225,910;21062,435;39,31446
 412,22; 8401,381;  225,605;20837,791;39,66477
 412,81; 8368,374;  228,990;20547,291;40,05937
 413,40; 8323,825;  245,606;20252,322;40,37753
 413,99; 8225,017;  270,452;19942,709;40,43545
 414,58; 8088,372;  210,452;19582,555;40,66631
 415,17; 8089,503;  219,913;19389,696;41,05205
 415,76; 8066,481;  218,989;19302,051;41,12281
 416,35; 8037,191;  202,990;19133,064;41,38495
 416,94; 8130,232;  239,912;19210,756;41,59182
 417,53; 8222,236;  218,605;19550,978;41,40015
 418,12; 8258,283;  219,298;19489,900;41,71631
 418,71; 8468,928;  231,298;19826,932;42,03809
 419,30; 8567,863;  216,375;19961,059;42,29740
 419,89; 8674,985;  212,683;20124,690;42,49849
 420,48; 8846,993;  237,760;20372,688;42,75770
 421,07; 8913,769;  234,837;20422,727;42,99078
 421,66; 8906,185;  209,761;20447,536;42,97125
 422,25; 8934,540;  215,761;20373,883;43,25194
 422,84; 9065,855;  246,838;20378,491;43,80672
 423,43; 8930,212;  218,684;20069,740;43,88446
 424,02; 8877,680;  247,607;19809,626;44,11648
 424,60; 8712,825;  218,531;19382,009;44,32543
 425,19; 8683,303;  235,685;19176,931;44,59907
 425,78; 8656,357;  236,223;19195,457;44,41178
 426,37; 8638,385;  245,377;18980,977;44,79711
 426,96; 8593,052;  221,762;18883,382;44,85832
 427,55; 8590,820;  228,993;18723,625;45,21218
 428,14; 8519,099;  208,147;18443,083;45,57708
 428,73; 8449,733;  218,532;18344,665;45,41069
 429,32; 8491,472;  230,839;18341,715;45,61145
 429,91; 8503,606;  261,686;18322,659;45,63387
 430,50; 8474,093;  235,609;18241,690;45,75390
 431,08; 8447,323;  257,532;18009,942;46,13340
 431,67; 8488,360;  289,071;17903,725;46,54811
 432,26; 8348,281;  297,456;17731,963;46,17753
 432,85; 8232,047;  307,533;17389,674;46,39064
 433,44; 8101,845;  306,610;16974,409;46,76823
 434,03; 7951,624;  314,918;16694,036;46,62464
 434,62; 7763,808;  281,071;16362,446;46,53045
 435,21; 7713,280;  306,302;16094,103;46,91583
 435,79; 7668,487;  277,995;15947,839;47,16379
 436,38; 7652,868;  287,534;15921,930;47,10980
 436,97; 7596,268;  287,072;15864,309;46,92229
 437,56; 7536,890;  291,842;15584,452;47,37614
 438,15; 7488,266;  268,996;15555,629;47,22603
 438,74; 7540,782;  291,996;15641,523;47,22482
 439,33; 7592,945;  267,150;15565,525;47,88610
 439,91; 7609,767;  233,458;15690,764;47,72053
 440,50; 7673,461;  278,919;15734,240;47,84463
 441,09; 7728,094;  275,381;15820,822;47,94147
 441,68; 7691,767;  261,228;15835,564;47,71015
 442,27; 7715,284;  261,228;15771,421;48,05908
 442,86; 7716,120;  236,305;15787,760;48,09720
 443,44; 7759,752;  237,228;15775,717;48,41220
 444,03; 7831,095;  282,075;15851,426;48,48641
 444,62; 7750,774;  236,767;15735,921;48,48011
 445,21; 7691,385;  255,382;15540,003;48,65023
 445,80; 7653,112;  272,767;15526,947;48,38244
 446,39; 7532,044;  267,690;15158,056;48,78560
 446,97; 7409,454;  244,998;15033,216;48,44705
 447,56; 7348,626;  249,537;14845,520;48,63728
 448,15; 7271,851;  252,768;14631,229;48,81665
 448,74; 7193,148;  267,075;14373,798;49,09767
 449,33; 7078,315;  246,153;14251,616;48,78212
 449,91; 7010,606;  249,076;14083,002;48,87644
 450,50; 6890,063;  235,384;13843,191;48,90339
 451,09; 6896,014;  265,615;13812,737;48,94323
 451,68; 6831,267;  284,307;13647,941;48,99087
 452,26; 6752,392;  265,307;13606,801;48,62338
 452,85; 6711,322;  253,999;13504,711;48,73189
 453,44; 6740,274;  266,615;13524,806;48,82762
 454,03; 6713,603;  254,846;13525,492;48,66950
 454,61; 6709,981;  243,923;13531,662;48,66184
 455,20; 6797,593;  279,847;13664,994;48,69387
 455,79; 6802,935;  279,077;13633,385;48,85208
 456,38; 6851,930;  268,924;13771,852;48,75243
 456,97; 6883,707;  251,924;13776,747;49,03416
 457,55; 6886,117;  269,078;13783,317;48,96346
 458,14; 6884,639;  282,001;13785,548;48,89558
 458,73; 6853,208;  270,232;13693,635;49,04104
 459,31; 6896,149;  291,694;13783,648;48,95107
 459,90; 6919,473;  288,693;13814,745;49,02228
 460,49; 6999,839;  312,463;13935,830;49,08755
 461,08; 6997,991;  257,232;14019,688;48,97933
 461,66; 7050,559;  278,847;14068,367;49,10767
 462,25; 7127,550;  266,771;14154,062;49,40329
 462,84; 7106,006;  299,078;14145,160;49,16140
 463,43; 7069,096;  244,771;14116,230;49,19688
 464,01; 7090,437;  286,695;14152,755;49,06760
 464,60; 7064,884;  304,463;14045,508;49,19873
 465,19; 6927,404;  246,233;13831,265;49,18038
 465,77; 6951,375;  276,849;13839,663;49,21196
 466,36; 6872,570;  282,464;13694,043;49,13744
 466,95; 6697,470;  277,387;13424,107;48,83410
 467,53; 6542,309;  269,464;13090,945;48,92450
 468,12; 6414,427;  295,080;12760,611;49,09014
 468,71; 6324,752;  279,925;12583,440;49,13090
 469,29; 6227,430;  265,003;12383,993;49,19904
 469,88; 6078,668;  259,465;12214,093;48,67741
 470,47; 6135,774;  318,619;12296,213;48,56698
 471,06; 6098,455;  267,696;12308,691;48,42422
 471,64; 6142,706;  278,311;12370,476;48,49748
 472,23; 6127,418;  251,235;12368,691;48,49354
 472,81; 6160,890;  266,081;12521,810;48,09840
 473,40; 6243,137;  269,773;12653,578;48,23529
 473,99; 6345,240;  340,312;12877,742;47,89600
 474,57; 6369,534;  277,389;13005,946;47,86202
 475,16; 6468,663;  285,696;13097,406;48,26028
 475,75; 6517,174;  291,235;13181,823;48,29833
 476,33; 6542,546;  297,312;13255,323;48,19593
 476,92; 6570,140;  295,927;13370,990;47,98610
 477,51; 6560,233;  300,158;13385,498;47,84037
 478,09; 6582,669;  299,774;13368,441;48,07602
 478,68; 6533,020;  289,081;13298,182;47,99670
 479,27; 6608,072;  307,697;13352,796;48,29688
 479,85; 6550,891;  294,235;13433,670;47,61739
 480,44; 6586,051;  285,389;13601,756;47,31517
 481,02; 7269,293;  288,005;15438,375;46,07998
 481,61; 8130,506;  316,851;17084,798;46,59876
 482,20; 8636,204;  298,159;18110,285;46,81106
 482,78; 9022,895;  324,235;18849,682;46,95520
 483,37; 9223,721;  306,698;19253,245;47,06411
 483,95; 9355,186;  335,313;19463,226;47,15555
 484,54; 9434,953;  348,697;19643,634;47,09140
 485,13; 9339,149;  316,929;19497,037;47,03947
 485,71; 9242,337;  301,159;19198,142;47,31537
 486,30; 9163,696;  329,621;18957,163;47,42480
 486,88; 8909,456;  341,544;18416,207;47,40289
 487,47; 8588,755;  337,467;17737,175;47,42199
 488,05; 8151,389;  327,467;16865,536;47,30856
 488,64; 7587,326;  336,314;15503,584;47,80697
 489,23; 6719,560;  345,621;13492,022;48,48429
 489,81; 5747,115;  344,545;11865,231;46,89452
 490,40; 5484,015;  281,083;11425,018;46,68847
 490,98; 5363,534;  288,160;11176,602;46,61249
 491,57; 5298,382;  314,237;11130,441;46,08036
 492,15; 5250,049;  285,237;11002,897;46,32366
 492,74; 5245,121;  297,544;11009,573;46,18712
 493,32; 5181,276;  301,545;10900,839;46,03827
 493,91; 5107,863;  297,545;10828,959;45,67590
 494,50; 5076,476;  299,084;10771,633;45,61824
 495,08; 5034,988;  286,776;10748,947;45,38457
 495,67; 5061,387;  310,545;10702,795;45,71524
 496,25; 4988,567;  257,545;10533,579;46,03937
 496,84; 4970,681;  264,699;10585,306;45,59792
 497,42; 4961,917;  268,161;10482,905;45,95080
 498,01; 4941,312;  291,006;10475,993;45,65843
 498,59; 4839,702;  249,699;10374,070;45,33618
 499,18; 4841,711;  254,622;10340,512;45,48026
 499,76; 4802,708;  273,391;10231,181;45,48516
 500,35; 4690,341;  271,392;10121,040;44,86403
 500,93; 4675,160;  252,776;10067,503;45,05866
 501,52; 4642,252;  257,545;10059,775;44,73173
 502,10; 4641,299;  282,623; 9954,241;45,06667
 502,69; 4564,205;  254,777; 9833,823;44,98807
 503,27; 4491,849;  250,468; 9611,189;45,31041
 503,86; 4422,342;  259,930; 9601,721;44,55690
 504,44; 4406,119;  248,008; 9468,513;45,09636
 505,03; 4281,286;  229,854; 9218,249;45,07404
 505,61; 4159,142;  238,469; 9078,311;44,35229
 506,19; 4128,862;  271,623; 8951,242;44,44019
 506,78; 4047,931;  236,777; 8811,322;44,44730
 507,36; 3976,080;  253,854; 8641,860;44,37557
 507,95; 3883,606;  262,008; 8500,104;43,96158
 508,53; 3839,700;  253,777; 8395,753;44,04241
 509,12; 3764,718;  242,931; 8277,976;43,83034
 509,70; 3696,133;  262,854; 8088,997;43,86935
 510,29; 3637,782;  265,778; 7942,522;43,92493
 510,87; 3553,751;  246,700; 7789,974;43,84106
 511,46; 3461,947;  233,623; 7615,932;43,73055
 512,04; 3399,148;  263,547; 7493,607;43,36896
 512,62; 3329,845;  257,931; 7326,875;43,45647
 513,21; 3260,462;  229,854; 7221,232;43,34780
 513,79; 3182,502;  237,547; 7096,833;42,93383
 514,38; 3139,441;  231,393; 6940,883;43,34231
 514,96; 3063,568;  265,547; 6841,629;42,54845
 515,54; 2994,253;  219,547; 6745,872;42,51560
 516,13; 2980,012;  246,009; 6630,026;42,82574
 516,71; 2922,292;  241,317; 6546,130;42,52267
 517,30; 2869,353;  234,625; 6462,034;42,30858
 517,88; 2836,544;  259,240; 6327,719;42,47035
 518,46; 2767,011;  230,548; 6266,637;42,02163
 519,05; 2739,454;  240,548; 6181,188;42,06459
 519,63; 2709,361;  249,856; 6167,518;41,56210
 520,22; 2688,710;  259,548; 6058,220;41,89170
 520,80; 2637,571;  244,856; 6018,969;41,43865
 521,38; 2625,917;  256,548; 6006,972;41,20339
 521,97; 2600,707;  244,010; 5955,598;41,26167
 522,55; 2592,283;  258,548; 5976,390;40,81496
 523,13; 2566,930;  226,779; 5969,687;40,74854
 523,72; 2529,356;  242,394; 5943,399;40,11507
 524,30; 2638,822;  254,779; 6089,087;40,86248
 524,89; 2581,721;  227,472; 6052,886;40,41343
 525,47; 2642,966;  246,933; 6186,102;40,34290
 526,05; 2624,353;  228,549; 6243,300;39,83214
 526,64; 2703,640;  250,164; 6329,516;40,35752
 527,22; 2738,056;  265,164; 6482,423;39,77463
 527,80; 2793,331;  278,626; 6567,301;39,98784
 528,39; 2786,235;  250,318; 6682,608;39,42479
 528,97; 2828,783;  242,164; 6859,670;39,08751
 529,55; 2893,341;  263,933; 6989,158;39,09769
 530,14; 2966,072;  266,011; 7157,221;39,18124
 530,72; 2973,680;  251,703; 7269,460;38,78700
 531,30; 3017,625;  242,934; 7435,202;38,57881
 531,89; 3052,215;  242,549; 7456,192;38,94933
 532,47; 3061,014;  280,011; 7594,444;38,02076
 533,05; 3091,664;  272,087; 7625,435;38,34413
 533,63; 3103,824;  283,857; 7652,003;38,27240
 534,22; 3105,324;  243,472; 7701,519;38,37267
 534,80; 3124,284;  267,242; 7728,148;38,29350
 535,38; 3179,678;  314,472; 7805,082;38,25064
 535,97; 3096,553;  252,549; 7795,013;37,70656
 536,55; 3138,773;  302,242; 7824,172;37,71015
 537,13; 3091,240;  313,626; 7844,141;36,88477
 537,71; 3157,533;  343,626; 7872,776;37,37350
 538,30; 3135,674;  349,319; 7932,968;36,74162
 538,88; 3146,525;  380,857; 8051,323;36,05606
 539,46; 3235,322;  418,550; 8198,018;36,20778
 540,05; 3226,521;  432,088; 8354,696;35,27163
 540,63; 3310,765;  472,242; 8517,231;35,28312
 541,21; 3354,798;  491,550; 8629,588;35,18352
 541,79; 3381,695;  513,781; 8749,501;34,82288
 542,38; 3415,045;  531,319; 8872,177;34,57350
 542,96; 3441,333;  537,704; 8979,735;34,39491
 543,54; 3481,797;  551,857; 9216,728;33,81400
 544,12; 3496,262;  531,011; 9315,555;33,75531
 544,70; 3512,718;  522,242; 9409,257;33,64995
 545,29; 3570,494;  522,780; 9566,625;33,69932
 545,87; 3553,311;  491,627; 9585,886;33,66612
 546,45; 3552,391;  471,319; 9588,631;33,79364
 547,03; 3576,333;  453,473; 9734,346;33,64834
 547,62; 3593,056;  451,165; 9819,889;33,53595
 548,20; 3677,870;  439,858;10022,183;33,79151
 548,78; 3653,162;  416,935;10124,352;33,33768
 549,36; 3697,801;  386,550;10315,287;33,35017
 549,94; 3741,238;  370,088;10447,312;33,45316
 550,53; 3779,964;  372,166;10684,473;33,04593
 551,11; 3785,872;  339,858;10855,745;32,76960
 551,69; 3878,621;  344,627;11131,478;32,76205
 552,27; 3954,305;  311,550;11399,117;32,85441
 552,85; 4062,513;  330,628;11778,494;32,59896
 553,44; 4125,403;  320,935;12023,414;32,50993
 554,02; 4233,394;  342,397;12383,767;32,31357
 554,60; 4267,335;  301,858;12710,759;31,95671
 555,18; 4388,160;  319,397;13031,047;32,00814
 555,76; 4467,714;  300,474;13359,195;31,91155
 556,34; 4575,331;  300,243;13727,568;31,83872
 556,93; 4620,520;  305,397;14061,020;31,36988
 557,51; 4724,793;  284,397;14394,752;31,46906
 558,09; 4823,789;  306,320;14773,197;31,22629
 558,67; 4923,774;  316,628;15071,658;31,22424
 559,25; 4974,565;  316,935;15310,318;31,06457
 559,83; 5016,537;  304,551;15671,054;30,66401
 560,41; 5108,713;  302,166;16025,540;30,56943
 561,00; 5173,877;  312,551;16276,745;30,45144
 561,58; 5222,353;  297,012;16558,413;30,28854
 562,16; 5272,295;  292,474;16789,798;30,18563
 562,74; 5339,817;  265,935;17227,359;29,91425
 563,32; 5402,408;  271,243;17595,727;29,61800
 563,90; 5524,787;  299,628;17932,932;29,63233
 564,48; 5615,556;  301,781;18353,974;29,43562
 565,06; 5736,863;  292,474;18942,533;29,19234
 565,65; 5896,509;  300,782;19603,159;28,98984
 566,23; 6083,608;  336,782;20364,721;28,69405
 566,81; 6211,360;  295,935;21026,913;28,53423
 567,39; 6445,347;  308,013;21878,182;28,45288
 567,97; 6566,144;  316,782;22428,309;28,26291
 568,55; 6780,382;  314,090;23185,378;28,27253
 569,13; 6875,455;  303,166;23961,290;27,78026
 569,71; 7125,474;  297,243;24824,778;27,83905
 570,29; 7361,455;  330,704;25715,418;27,69679
 570,87; 7535,203;  330,858;26308,988;27,73235
 571,45; 7621,902;  325,243;26988,925;27,36553
 572,03; 7693,426;  288,551;27402,334;27,31037
 572,61; 7806,779;  284,859;28069,776;27,07195
 573,20; 8001,665;  314,628;28764,715;27,01938
 573,78; 8074,498;  307,320;29309,078;26,78175
 574,36; 8167,174;  304,474;29655,776;26,78825
 574,94; 8265,506;  342,320;29984,716;26,72923
 575,52; 8256,072;  318,629;30330,514;26,44767
 576,10; 8389,451;  343,167;30914,074;26,32007
 576,68; 8421,465;  339,167;31407,742;26,01438
 577,26; 8573,976;  361,090;32016,667;25,94451
 577,84; 8630,035;  354,782;32519,649;25,72761
 578,42; 8675,292;  387,167;32655,540;25,68498
 579,00; 8657,742;  352,551;32802,044;25,59421
 579,58; 8622,955;  371,782;32968,241;25,31310
 580,16; 8564,563;  361,859;33014,253;25,12129
 580,74; 8607,590;  361,551;33214,555;25,09980
 581,32; 8503,316;  358,936;33204,275;24,79615
 581,90; 8484,576;  384,398;33242,651;24,65188
 582,48; 8502,807;  383,859;33392,451;24,59647
 583,06; 8444,045;  378,628;33439,007;24,39602
 583,64; 8425,557;  366,628;33498,321;24,32393
 584,22; 8324,370;  376,782;33263,037;24,16690
 584,80; 8196,369;  384,167;33037,494;23,92468
 585,38; 8057,984;  376,935;32645,407;23,80357
 585,96; 8019,244;  367,859;32843,757;23,56019
 586,54; 7991,264;  376,629;32800,491;23,48467
 587,12; 7931,657;  357,628;32946,432;23,24120
 587,70; 7940,040;  377,551;33074,059;23,12935
 588,28; 7885,067;  371,475;33052,027;22,99102
 588,86; 7841,467;  351,013;33263,252;22,75887
 589,44; 7848,675;  353,475;33215,245;22,80827
 590,02; 7812,735;  354,936;33388,113;22,57669
 590,59; 7800,508;  339,167;33621,273;22,41848
 591,17; 7808,729;  341,244;33833,544;22,29612
 591,75; 7818,617;  343,167;33904,651;22,27389
 592,33; 7792,933;  352,244;34177,576;21,99739
 592,91; 7781,045;  319,629;34430,500;21,87401
 593,49; 7790,591;  318,552;34707,031;21,72832
 594,07; 7829,603;  337,321;34855,736;21,70517
 594,65; 7759,484;  337,167;34843,615;21,50994
 595,23; 7849,568;  337,244;35291,116;21,49211
 595,81; 7767,700;  323,090;35395,733;21,22626
 596,39; 7723,008;  325,167;35478,793;21,04432
 596,97; 7761,866;  336,321;35621,566;21,04433
 597,55; 7682,847;  314,475;35679,770;20,83504
 598,12; 7636,031;  307,552;35635,647;20,74405
 598,70; 7581,240;  310,321;35716,243;20,53588
 599,28; 7635,356;  323,091;35916,989;20,54359
 599,86; 7548,034;  313,321;35837,269;20,36573
 600,44; 7464,603;  291,245;35866,291;20,16402
 601,02; 7536,300;  342,245;36060,291;20,14123
 601,60; 7400,373;  323,552;35937,869;19,87072
 602,18; 7358,799;  309,168;36043,125;19,72810
 602,75; 7269,057;  295,936;36097,970;19,47689
 603,33; 7273,459;  323,706;36054,537;19,45030
 603,91; 7198,934;  294,706;36032,416;19,31917
 604,49; 7164,267;  321,475;36158,237;19,09434
 605,07; 7118,488;  332,629;36173,400;18,93335
 605,65; 7123,797;  339,629;36237,435;18,89856
 606,23; 7088,301;  389,398;36368,239;18,61901
 606,80; 7015,185;  404,936;36416,652;18,35583
 607,38; 6962,253;  438,168;36483,231;18,09980
 607,96; 6998,121;  482,398;36484,819;18,09801
 608,54; 6926,925;  527,937;36436,348;17,82030
 609,12; 6939,378;  511,860;36635,859;17,79293
 609,70; 6881,623;  557,398;36603,537;17,54481
 610,27; 6805,889;  560,321;36689,574;17,28673
 610,85; 6788,725;  556,091;36772,640;17,20935
 611,43; 6744,689;  559,244;36674,276;17,12706
 612,01; 6634,845;  539,706;36359,838;17,01596
 612,59; 6601,764;  526,860;36547,647;16,86500
 613,16; 6551,242;  499,705;36393,278;16,85967
 613,74; 6562,728;  485,475;36337,745;16,95082
 614,32; 6485,335;  444,091;36255,543;16,86959
 614,90; 6419,760;  417,321;36213,067;16,76858
 615,48; 6310,090;  376,936;35892,121;16,70596
 616,05; 6217,881;  366,782;35923,167;16,45583
 616,63; 6191,979;  369,552;35651,827;16,50242
 617,21; 6107,645;  363,859;35594,838;16,30322
 617,79; 6071,444;  360,167;35557,506;16,22645
 618,36; 6035,078;  370,783;35431,544;16,15565
 618,94; 5933,848;  305,013;35123,246;16,16634
 619,52; 5860,865;  339,244;34907,587;15,97306
 620,10; 5798,596;  326,860;34803,461;15,87087
 620,67; 5762,556;  331,628;34701,650;15,80135
 621,25; 5704,284;  328,090;34606,364;15,68397
 621,83; 5662,476;  331,090;34592,828;15,56076
 622,41; 5653,809;  346,090;34534,700;15,52482
 622,98; 5544,453;  346,398;34254,302;15,32992
 623,56; 5529,618;  333,628;34260,994;15,31504
 624,14; 5456,942;  323,860;34284,967;15,11459
 624,72; 5439,732;  334,167;34117,192;15,11281
 625,29; 5357,580;  293,859;34127,432;14,96656
 625,87; 5414,163;  336,936;34114,439;15,03138
 626,45; 5296,077;  297,628;33966,996;14,84569
 627,02; 5281,176;  306,013;33876,620;14,82000
 627,60; 5231,846;  298,552;33792,073;14,72910
 628,18; 5196,455;  299,013;33921,859;14,56581
 628,76; 5142,788;  279,628;33942,142;14,44681
 629,33; 5128,819;  315,013;33912,254;14,32798
 629,91; 5082,904;  311,398;33899,769;14,20583
 630,49; 5088,893;  319,398;34011,718;14,15603
 631,06; 5117,289;  319,705;34205,179;14,15823
 631,64; 5067,258;  312,398;34172,605;14,04262
 632,22; 4970,021;  269,090;34019,319;13,92859
 632,79; 5043,213;  295,474;34318,142;13,95464
 633,37; 5010,154;  289,860;34452,868;13,81697
 633,95; 4987,371;  294,090;34412,538;13,75585
 634,52; 4997,976;  288,244;34578,821;13,73477
 635,10; 4995,826;  282,629;34601,832;13,73341
 635,68; 4999,726;  287,859;34741,285;13,67605
 636,25; 4988,884;  278,090;34737,707;13,67048
 636,83; 4934,249;  270,398;34952,680;13,44736
 637,41; 4926,185;  273,013;34898,211;13,43869
 637,98; 4937,338;  311,320;35188,304;13,26381
 638,56; 4920,573;  301,551;35203,218;13,23439
 639,13; 4929,414;  278,398;35289,987;13,28422
 639,71; 4959,507;  302,475;35420,089;13,26124
 640,29; 4850,285;  247,782;35227,119;13,15778
 640,86; 4853,437;  272,167;35440,988;13,02651
 641,44; 4818,436;  269,167;35409,549;12,94598
 642,02; 4839,434;  292,167;35365,725;12,96494
 642,59; 4793,739;  271,167;35414,363;12,86898
 643,17; 4780,276;  271,013;35476,231;12,80851
 643,74; 4787,890;  261,475;35494,407;12,84711
 644,32; 4749,119;  294,859;35477,353;12,66044
 644,89; 4738,732;  287,705;35436,683;12,66332
 645,47; 4740,653;  294,244;35495,013;12,63157
 646,05; 4692,575;  273,475;35402,343;12,57968
 646,62; 4646,419;  285,167;35401,289;12,41951
 647,20; 4633,186;  292,629;35611,696;12,28956
 647,77; 4611,492;  256,629;35327,872;12,41719
 648,35; 4591,106;  250,398;35338,279;12,37096
 648,92; 4549,565;  281,244;35367,993;12,16505
 649,50; 4517,871;  243,167;35303,324;12,19248
 650,08; 4518,254;  255,321;35232,807;12,18765
 650,65; 4530,637;  253,398;35544,907;12,11974
 651,23; 4592,558;  235,783;36403,852;12,04592
 651,80; 4669,171;  250,013;37197,413;11,96067
 652,38; 4731,477;  260,859;37493,282;12,00732
 652,95; 4725,783;  242,398;37862,458;11,91754
 653,53; 4754,012;  260,859;38029,865;11,89640
 654,10; 4795,318;  286,244;38120,810;11,91787
 654,68; 4743,854;  261,936;38109,679;11,84197
 655,25; 4782,314;  245,629;38243,470;11,93932
 655,83; 4729,466;  255,244;38135,031;11,81163
 656,40; 4735,387;  273,475;38132,361;11,78564
 656,98; 4741,616;  248,475;38142,307;11,85718
 657,55; 4687,691;  256,244;37827,714;11,79471
 658,13; 4630,382;  241,398;37573,967;11,75645
 658,70; 4619,303;  278,629;37236,297;11,74499
 659,28; 4502,532;  259,013;36275,550;11,78214
 659,85; 4412,068;  256,398;35687,726;11,72880
 660,43; 4414,528;  264,090;35925,902;11,63833
 661,00; 4383,757;  261,860;35945,309;11,55129
 661,58; 4440,294;  234,783;36358,101;11,64209
 662,15; 4411,138;  245,937;36428,893;11,51150
 662,73; 4489,213;  281,552;36687,915;11,55749
 663,30; 4515,211;  262,783;36894,091;11,60873
 663,88; 4495,979;  266,629;37070,421;11,49161
 664,45; 4489,669;  241,783;37299,213;11,46298
 665,03; 4579,975;  262,552;37691,081;11,53511
 665,60; 4657,665;  300,937;38088,027;11,52967
 666,17; 4620,279;  258,860;38193,203;11,49728
 666,75; 4633,508;  258,014;38429,918;11,46260
 667,32; 4653,967;  274,321;38684,786;11,40222
 667,90; 4686,735;  259,860;39003,732;11,42600
 668,47; 4708,194;  283,475;39285,985;11,34470
 669,05; 4730,731;  250,014;39530,392;11,40701
 669,62; 4711,191;  234,860;39695,722;11,34372
 670,19; 4762,343;  241,937;39679,360;11,46222
 670,77; 4772,726;  259,783;39862,997;11,39539
 671,34; 4764,416;  252,783;39769,789;11,41694
 671,92; 4814,106;  246,937;40082,965;11,46492
 672,49; 4832,874;  272,398;40071,603;11,45871
 673,06; 4767,872;  222,244;40156,010;11,38292
 673,64; 4778,255;  232,860;40005,032;11,42858
 674,21; 4755,176;  237,783;40079,593;11,33832
 674,79; 4868,405;  252,629;40166,616;11,56431
 675,36; 4823,480;  259,091;40471,715;11,35064
 675,93; 4817,478;  247,706;40281,660;11,41474
 676,51; 4849,015;  267,629;40500,529;11,38716
 677,08; 4873,628;  264,552;40585,782;11,43089
 677,65; 4898,780;  260,398;40705,574;11,46832
 678,23; 4901,471;  258,014;40927,519;11,41754
 678,80; 4930,161;  247,860;41093,849;11,46331
 679,38; 4949,621;  240,706;41104,641;11,52340
 679,95; 4943,080;  256,783;41393,125;11,39211
 680,52; 4990,232;  245,629;41644,532;11,46070
 681,10; 5057,615;  247,783;42074,785;11,49935
 681,67; 5106,075;  256,937;42335,192;11,52409
 682,24; 5125,688;  228,860;42364,906;11,62147
 682,82; 5196,840;  246,937;42918,544;11,59999
 683,39; 5206,146;  271,629;43194,490;11,49624
 683,96; 5239,760;  256,245;43395,435;11,55218
 684,54; 5288,681;  228,552;43829,380;11,60558
 685,11; 5362,987;  256,629;44079,864;11,65217
 685,68; 5384,831;  242,860;44525,118;11,61181
 686,25; 5409,599;  241,629;44535,678;11,66741
 686,83; 5431,674;  242,014;44732,778;11,66458
 687,40; 5500,903;  223,937;45041,800;11,77425
 687,97; 5564,901;  257,014;45277,361;11,78997
 688,55; 5514,668;  227,322;45353,152;11,71690
 689,12; 5540,435;  209,014;45620,790;11,74017
 689,69; 5630,818;  229,322;45676,736;11,88516
 690,26; 5637,739;  238,552;45715,604;11,87233
 690,84; 5669,276;  235,322;45970,473;11,88135
 691,41; 5692,043;  249,168;46014,726;11,89295
 691,98; 5775,195;  248,629;46377,979;11,98059
 692,56; 5796,655;  235,706;46369,848;12,05387
 693,13; 5813,653;  299,783;46457,331;11,94576
 693,70; 5858,267;  258,937;46553,200;12,09508
 694,27; 5919,496;  250,322;46801,838;12,17828
 694,84; 5882,340;  242,322;46837,629;12,10426
 695,42; 5971,107;  283,014;46911,575;12,19873
 695,99; 5986,952;  254,860;47113,674;12,23269
 696,56; 6001,796;  237,706;46968,696;12,33462
 697,13; 6020,717;  250,245;47337,565;12,25483
 697,71; 6045,177;  222,553;47384,818;12,34594
 698,28; 6140,867;  256,476;47724,456;12,39655
 698,85; 6114,019;  219,553;47792,401;12,39040
 699,42; 6153,556;  213,399;47897,731;12,45725
 699,99; 6235,169;  256,630;48030,677;12,51420
 700,57; 6258,168;  250,014;48016,699;12,57813
 701,14; 6251,627;  233,014;48203,183;12,54657
 701,71; 6287,318;  255,091;48376,359;12,53547
 702,28; 6341,316;  250,168;48458,228;12,63512
 702,85; 6309,929;  258,476;48463,250;12,55364
 703,43; 6368,235;  255,860;48544,426;12,65802
 704,00; 6450,233;  273,399;48919,603;12,69746
 704,57; 6447,155;  253,014;48858,240;12,74377
 705,14; 6516,230;  282,245;49138,263;12,75991
 705,71; 6531,612;  276,783;49143,747;12,79971
 706,28; 6529,611;  252,784;49091,231;12,85222
 706,86; 6660,532;  289,707;49277,330;13,00497
 707,43; 6623,838;  287,322;49280,814;12,93338
 708,00; 6636,066;  277,322;49315,759;12,96686
 708,57; 6628,911;  241,630;49152,705;13,05897
 709,14; 6653,601;  281,860;49398,958;12,97255
 709,71; 6701,369;  260,784;49338,134;13,12333
 710,28; 6766,982;  250,784;49589,541;13,20706
 710,86; 6788,211;  277,707;49746,256;13,16090
 711,43; 6871,286;  279,784;49788,663;13,31378
 712,00; 6827,977;  268,861;49742,531;13,25779
 712,57; 6934,282;  272,937;49988,400;13,39894
 713,14; 6945,281;  256,937;50054,730;13,43100
 713,71; 6959,279;  261,476;49820,137;13,51490
 714,28; 6982,969;  261,091;49978,467;13,52018
 714,85; 6965,429;  244,322;49702,720;13,58941
 715,42; 7008,965;  259,168;49948,435;13,58401
 716,00; 7149,041;  298,322;50085,919;13,75989
 716,57; 7126,962;  247,245;50173,633;13,77972
 717,14; 7113,498;  232,091;50079,656;13,80490
 717,71; 7156,035;  227,476;50137,063;13,88222
 718,28; 7234,725;  257,399;50213,008;13,96705
 718,85; 7184,031;  243,015;50235,492;13,88412
 719,42; 7271,029;  250,553;50372,284;14,00685
 719,99; 7272,104;  245,322;50183,921;14,07084
 720,56; 7359,949;  249,168;50406,098;14,17706
 721,13; 7395,178;  243,015;50505,658;14,22958
 721,70; 7367,560;  250,861;50386,219;14,19497
 722,27; 7415,943;  261,784;50438,088;14,25804
 722,84; 7491,711;  282,707;50505,418;14,35407
 723,41; 7473,247;  247,245;50530,440;14,37061
 723,98; 7553,861;  255,784;50717,770;14,46252
 724,55; 7651,013;  272,245;50878,177;14,58083
 725,12; 7605,857;  207,707;50804,507;14,62177
 725,69; 7713,394;  236,553;50967,299;14,73828
 726,27; 7748,315;  255,553;51014,167;14,76156
 726,84; 7837,621;  256,168;51395,805;14,82500
 727,41; 7876,542;  260,784;51367,520;14,90167
 727,98; 7948,771;  273,861;51686,388;14,92809
 728,55; 7988,461;  287,092;51389,795;15,07038
 729,12; 7972,459;  223,707;51582,279;15,08755
 729,69; 8082,150;  267,245;51871,609;15,14388
 730,26; 8089,763;  267,015;51989,632;15,12443
 730,82; 8093,223;  254,169;51864,885;15,18881
 731,39; 8158,067;  248,784;51890,061;15,31582
 731,96; 8237,681;  241,553;52264,007;15,37053
 732,53; 8314,756;  266,246;52365,952;15,44828
 733,10; 8339,216;  269,399;52501,897;15,44980
 733,67; 8452,598;  266,015;52788,766;15,58674
 734,24; 8387,827;  251,092;52279,788;15,63894
 734,81; 8474,902;  279,246;52444,503;15,71095
 735,38; 8528,901;  257,707;52195,141;15,92530
 735,95; 8561,514;  239,784;52218,163;16,00998
 736,52; 8601,358;  271,861;52254,493;16,02362
 737,09; 8519,280;  262,015;52003,362;15,95874
 737,66; 8626,355;  305,553;52108,615;16,06237
 738,23; 8682,122;  255,553;52167,714;16,23236
 738,80; 8793,505;  283,323;52508,429;16,29519
 739,37; 8851,888;  285,553;52527,528;16,39742
 739,94; 8866,886;  268,246;52735,166;16,38869
 740,51; 8992,730;  319,246;52747,573;16,54351
 741,07; 8899,036;  262,169;52594,518;16,50388
 741,64; 8982,496;  297,861;52835,233;16,53039
 742,21; 9024,186;  264,630;52886,871;16,64611
 742,78; 9005,569;  243,015;52727,893;16,69539
 743,35; 9147,875;  248,630;52924,300;16,89441
 743,92; 9189,411;  289,553;53060,092;16,86520
 744,49; 9239,179;  256,092;52951,499;17,04719
 745,06; 9235,792;  245,169;52863,829;17,08638
 745,63; 9222,252;  246,784;52984,082;17,01920
 746,19; 9260,096;  252,015;53070,181;17,05489
 746,76; 9319,094;  270,553;53072,742;17,13668
 747,33; 9368,246;  255,092;52877,149;17,31813
 747,90; 9449,860;  278,630;53140,095;17,34956
 748,47; 9512,396;  267,938;53004,348;17,52956
 749,04; 9524,625;  272,015;52971,293;17,55738
 749,61; 9609,700;  280,015;52945,931;17,71484
 750,17; 9616,545;  281,784;52988,876;17,71063
 750,74; 9655,004;  277,707;52915,437;17,81478
 751,31; 9613,310;  245,169;52884,460;17,79686
 751,88; 9652,231;  240,323;52720,405;17,93425
 752,45; 9774,306;  248,554;52940,735;18,07811
 753,02; 9796,689;  258,861;52700,373;18,18755
 753,58; 9795,457;  235,246;52709,549;18,21884
 754,15; 9823,685;  251,631;52757,187;18,23056
 754,72; 9832,530;  240,015;52458,055;18,37012
 755,29; 9825,682;  235,784;52465,462;18,36101
 755,86; 9888,295;  256,784;52414,023;18,46630
 756,42; 9968,217;  262,784;52432,584;18,60354
 756,99; 9920,061;  221,707;52363,222;18,60006
 757,56; 9933,059;  233,631;52258,167;18,64395
 758,13;10016,057;  194,938;52127,805;18,91118
 758,70;10039,286;  214,708;52317,366;18,85619
 759,26;10067,284;  196,477;52316,465;18,93862
 759,83;10095,282;  214,631;52422,103;18,92574
 760,40;10098,050;  193,400;52283,971;19,01429
 760,97;10183,048;  200,784;52358,840;19,13849
 761,53;10142,815;  182,169;51890,093;19,26329
 762,10;10173,736;  172,938;51917,269;19,32733
 762,67;10220,273;  226,477;51920,984;19,33241
 763,24;10122,425;  182,323;51419,006;19,40036
 763,80;10214,192;  214,400;51575,952;19,46941
 764,37;10259,267;  219,631;51610,282;19,53592
 764,94;10196,035;  201,631;51140,920;19,62023
 765,50;10272,187;  204,785;51089,480;19,78474
 766,07;10357,954;  246,938;51163,118;19,85816
 766,64;10284,645;  218,169;50850,064;19,88169
 767,21;10292,258;  227,938;50685,701;19,94603
 767,77;10334,872;  240,246;50675,570;20,01499
 768,34;10337,947;  246,554;50572,131;20,05222
 768,91;10377,253;  242,323;50451,307;20,18549
 769,47;10360,635;  239,477;50440,791;20,16114
 770,04;10454,018;  258,246;50330,505;20,36212
 770,61;10430,093;  230,785;50175,528;20,42119
 771,18;10385,091;  220,400;49974,704;20,42977
 771,74;10513,859;  245,631;50084,496;20,60285
 772,31;10510,626;  241,246;49954,287;20,65732
 772,88;10511,470;  222,862;49665,771;20,80907
 773,44;10546,545;  224,477;49510,870;20,94304
 774,01;10597,621;  245,862;49596,124;20,97610
 774,58;10575,388;  220,169;49209,377;21,13775
 775,14;10629,309;  213,554;49460,630;21,15000
 775,71;10575,769;  228,785;49308,883;21,08183
 776,27;10688,998;  261,785;49213,213;21,30114
 776,84;10730,227;  268,246;49247,928;21,35984
 777,41;10772,609;  245,785;49065,412;21,56269
 777,97;10668,454;  225,785;48837,588;21,48176
 778,54;10704,913;  243,477;48843,303;21,52567
 779,11;10710,296;  249,169;48852,479;21,52349
 779,67;10767,371;  219,169;48766,117;21,72784
 780,24;10783,677;  238,093;48507,524;21,84734
 780,80;10845,521;  252,708;48536,161;21,93881
 781,37;10846,058;  238,246;48529,491;21,96632
 781,94;10866,748;  243,093;48229,821;22,13874
 782,50;10825,285;  247,246;48162,921;22,07636
 783,07;10898,283;  264,477;48216,866;22,17576
 783,63;10947,204;  228,323;48064,350;22,40755
 784,20;10965,279;  254,016;47904,219;22,47895
 784,77;10969,585;  243,246;47732,318;22,58696
 785,33;10922,122;  221,708;47536,417;22,61541
 785,90;11050,351;  247,016;47506,747;22,85949
 786,46;10992,118;  261,246;47452,308;22,73920
 787,03;11018,501;  229,785;47291,869;22,92443
 787,59;11064,653;  235,708;47221,814;23,04712
 788,16;11041,343;  238,631;47178,914;23,01374
 788,73;11109,957;  248,708;46966,859;23,24846
 789,29;10987,647;  233,170;46615,035;23,18682
 789,86;11109,030;  254,247;46561,904;23,44058
 790,42;11092,644;  247,554;46488,772;23,45330
 790,99;11051,950;  252,939;46064,795;23,57252
 791,55;11057,486;  230,477;46080,279;23,61408
 792,12;11120,638;  240,631;46025,224;23,76347
 792,68;11148,713;  247,247;45743,939;23,96101
 793,25;11128,634;  250,939;45551,192;24,01244
 793,81;11119,709;  268,631;45195,907;24,15254
 794,38;11040,785;  213,170;44951,083;24,20232
 794,94;11099,860;  232,400;44831,336;24,36708
 795,51;11056,550;  240,554;44571,589;24,39825
 796,07;11052,087;  242,785;44336,073;24,51462
 796,64;11077,085;  261,862;44466,942;24,46602
 797,20;11052,775;  248,785;44022,118;24,68167
 797,77;10988,004;  232,631;43751,909;24,71404
 798,33;10995,156;  225,170;43575,855;24,84387
 798,90;11069,462;  264,785;43398,646;25,04918
 799,46;10982,460;  234,401;42987,746;25,13969
 800,03;10944,612;  246,247;42966,230;25,04300
 800,59;10927,149;  254,170;42717,560;25,13454
 801,15;10926,070;  255,093;42462,813;25,28205
 801,72;10876,299;  253,016;42124,989;25,37087
 802,28;10848,912;  272,401;41956,242;25,37317
 802,85;10851,064;  243,478;41778,803;25,53871
 803,41;10814,909;  241,324;41674,748;25,51946
 803,98;10776,061;  235,478;41313,771;25,65974
 804,54;10735,059;  248,631;41031,793;25,71264
 805,11;10750,826;  252,170;40881,354;25,84018
 805,67;10768,824;  261,401;40751,838;25,95038
 806,23;10688,976;  258,785;40263,399;26,07247
 806,80;10757,282;  267,324;40190,575;26,27531
 807,36;10703,896;  259,478;40067,674;26,23685
 807,93;10717,125;  259,785;39838,235;26,42180
 808,49;10656,584;  215,478;39487,488;26,58664
 809,05;10681,659;  219,016;39440,818;26,67558
 809,62;10680,427;  259,170;39292,764;26,69817
 810,18;10746,502;  253,401;39216,017;26,93120
 810,74;10671,808;  227,632;38928,732;26,98677
 811,31;10736,344;  224,785;38704,139;27,31740
 811,87;10672,958;  230,401;38596,930;27,21788
 812,44;10736,494;  265,401;38559,260;27,34405
 813,00;10642,339;  204,170;38246,360;27,43840
 813,56;10738,952;  243,324;38335,228;27,55344
 814,13;10749,720;  239,247;38272,404;27,63503
 814,69;10678,641;  240,093;38069,196;27,59396
 815,25;10595,331;  217,939;37666,603;27,71098
 815,82;10672,406;  249,401;37573,702;27,92552
 816,38;10627,789;  251,709;37450,955;27,89325
 816,94;10539,480;  232,555;37196,208;27,88394
 817,51;10505,632;  215,324;37011,154;27,96596
 818,07;10466,399;  227,016;36753,330;28,03289
 818,63;10476,859;  243,093;36596,660;28,15065
 819,20;10436,241;  230,247;36519,144;28,12429
 819,76;10386,778;  223,786;36052,782;28,36527
 820,32;10448,392;  259,632;35963,573;28,53679
 820,89;10359,005;  255,247;35850,057;28,38548
 821,45;10318,619;  223,709;35493,926;28,62163
 822,01;10320,540;  251,555;35386,179;28,65830
 822,57;10256,615;  244,863;35178,586;28,65928
 823,14;10243,536;  213,247;35004,531;28,82989
 823,70;10246,765;  219,786;34805,785;28,99144
 824,26;10237,071;  231,016;34697,576;29,03120
 824,82;10289,838;  245,170;34549,599;29,28097
 825,39;10193,221;  223,093;34168,775;29,37083
 825,95;10250,065;  258,170;34232,028;29,41054
 826,51;10184,756;  238,016;33845,435;29,59686
 827,08;10227,292;  279,478;33979,534;29,51869
 827,64;10206,367;  249,247;33769,864;29,70447
 828,20;10180,596;  223,709;33572,810;29,85654
 828,76;10212,364;  246,555;33549,678;29,92455
 829,32;10224,208;  252,632;33306,701;30,16747
 829,89;10147,206;  221,632;33214,031;30,08443
 830,45;10179,281;  221,786;33172,284;30,21956
 831,01;10155,356;  227,017;32946,152;30,34414
 831,57;10167,431;  232,786;32854,867;30,45375
 832,14;10201,122;  224,786;32816,736;30,60982
 832,70;10161,581;  234,401;32573,989;30,69668
 833,26;10119,657;  203,632;32526,088;30,67844
 833,82;10134,809;  231,478;32488,110;30,70169
 834,38;10235,345;  221,478;32505,671;31,01786
 834,95;10137,189;  221,786;32347,386;30,86449
 835,51;10095,957;  196,632;32173,101;30,95816
 836,07;10163,647;  228,401;32313,892;30,96492
 836,63;10223,645;  253,555;32253,068;31,15701
 837,19;10219,413;  226,094;32130,014;31,32317
 837,75;10117,334;  199,632;31768,652;31,41593
 838,32;10211,178;  253,171;31872,366;31,49355
 838,88;10207,946;  247,478;31943,850;31,42463
 839,44;10237,636;  225,632;31875,334;31,63380
 840,00;10231,173;  219,555;31828,510;31,67336
 840,56;10213,709;  214,478;31430,763;32,03210
 841,12;10267,477;  220,478;31471,170;32,14968
 841,68;10187,090;  208,324;31292,424;32,10248
 842,25;10227,935;  213,940;31280,754;32,23374
 842,81;10192,471;  219,248;31079,314;32,31757
 843,37;10179,546;  206,248;31096,414;32,28632
 843,93;10225,160;  211,632;30953,128;32,57333
 844,49;10279,466;  217,171;31046,382;32,63883
 845,05;10235,464;  192,171;30882,173;32,72497
 845,61;10281,847;  226,863;30938,734;32,73973
 846,17;10279,075;  217,940;30723,910;32,98087
 846,73;10284,304;  232,940;30740,010;32,94766
 847,29;10248,456;  198,940;30500,340;33,16519
 847,86;10261,224;  193,786;30467,208;33,25504
 848,42;10240,606;  196,325;30241,000;33,43116
 848,98;10233,758;  213,478;30196,407;33,41995
 849,54;10268,372;  207,632;30282,506;33,45231
 850,10;10269,755;  219,555;30178,759;33,54628
 850,66;10221,061;  205,017;29971,858;33,64833
 851,22;10284,290;  200,325;29965,881;33,87797
 851,78;10347,365;  243,709;29982,826;33,97430
 852,34;10265,593;  218,402;29725,003;34,05066
 852,90;10290,976;  217,786;29643,563;34,23254
 853,46;10208,821;  198,094;29476,432;34,19158
 854,02;10264,819;  221,402;29554,300;34,23943
 854,58;10227,048;  210,863;29187,707;34,56617
 855,14;10225,584;  194,786;29233,191;34,54321
 855,70;10222,967;  183,171;29021,444;34,81414
 856,26;10252,734;  228,632;28918,544;34,93947
 856,82;10179,963;  198,555;28771,951;34,93252
 857,38;10219,577;  220,248;28721,973;35,08324
 857,94;10178,267;  204,632;28613,303;35,10771
 858,50;10211,265;  221,555;28481,787;35,34900
 859,06;10163,802;  208,632;28257,425;35,49233
 859,62;10216,108;  219,017;28314,370;35,58272
 860,18;10127,721;  217,248;28077,239;35,57242
 860,74;10104,104;  189,556;27960,569;35,70107
 861,30;10075,948;  178,863;27783,437;35,85306
 861,86;10163,408;  218,786;27802,921;36,05196
 862,42;10110,099;  219,248;27721,021;35,96441
 862,98;10185,251;  237,402;27646,351;36,29416
 863,54;10093,787;  213,940;27492,065;36,21894
 864,10;10120,631;  219,863;27537,318;36,24338
 864,66;10090,860;  200,017;27354,341;36,42456
 865,22;10005,089;  209,940;27168,056;36,33470
 865,78;10021,934;  229,325;27029,001;36,54003
 866,34;10061,470;  208,402;26989,869;36,79062
 866,90;10011,776;  224,325;26884,200;36,71229
 867,45; 9967,005;  218,094;26747,376;36,74774
 868,01; 9920,157;  217,017;26566,475;36,82482
 868,57; 9912,078;  212,556;26332,728;37,13422
 869,13; 9881,307;  190,710;26263,366;37,16766
 869,69; 9902,382;  206,325;26172,927;37,34049
 870,25; 9852,919;  198,940;26036,026;37,36481
 870,81; 9916,917;  214,863;26068,279;37,52716
 871,37; 9918,069;  220,556;25911,071;37,74745
 871,93; 9840,682;  217,633;25782,170;37,64218
 872,49; 9878,296;  215,248;25549,116;38,14281
 873,04; 9779,909;  201,710;25472,907;37,90165
 873,60; 9777,523;  200,479;25333,237;38,10582
 874,16; 9793,598;  217,710;25272,721;38,21945
 874,72; 9809,137;  191,402;25217,183;38,43131
 875,28; 9831,213;  223,940;25143,798;38,55268
 875,84; 9783,367;  206,556;25034,798;38,57225
 876,40; 9832,290;  216,017;25029,490;38,75424
 876,95; 9830,290;  223,710;24973,029;38,81554
 877,51; 9860,444;  239,402;25078,567;38,73336
 878,07; 9893,367;  240,556;25010,567;38,96975
 878,63; 9880,829;  211,940;24988,721;39,02399
 879,19; 9904,598;  228,094;24892,567;39,23256
 879,75; 9942,213;  220,325;24973,413;39,27546
 880,30; 9970,752;  206,479;24980,413;39,41349
 880,86;10053,290;  248,710;25099,260;39,45418
 881,42;10048,829;  208,017;25119,337;39,50337
 881,98;10146,598;  230,248;25235,952;39,65635
 882,54;10142,290;  206,710;25242,952;39,68479
 883,09;10309,829;  226,325;25323,644;40,17761
 883,65;10265,752;  205,325;25445,490;39,85880
 884,21;10436,290;  241,940;25647,183;40,12695
 884,77;10422,521;  205,940;25673,875;40,11547
 885,32;10527,290;  212,094;25774,721;40,35265
 885,88;10599,521;  250,710;25909,798;40,33195
 886,44;10614,137;  226,940;26041,721;40,23740
 887,00;10651,675;  227,863;26016,644;40,41995
 887,56;10710,213;  213,940;26106,260;40,53817
 888,11;10775,290;  213,940;26105,260;40,79108
 888,67;10821,752;  253,710;26298,721;40,57607
 889,23;10899,983;  225,940;26345,183;40,86658
 889,79;10837,367;  207,940;26159,106;40,95934
 890,34;10878,906;  209,940;26132,875;41,15647
 890,90;11022,983;  264,710;26255,952;41,39192
 891,46;10926,444;  202,094;26233,952;41,19702
 892,01;10979,137;  230,248;26169,260;41,43908
 892,57;10921,598;  250,556;26068,106;41,33251
 893,13;10877,444;  218,017;25982,029;41,37332
 893,69;10855,521;  221,094;25864,337;41,47068
 894,24;10838,906;  216,248;25787,952;41,54067
 894,80;10834,983;  225,863;25629,490;41,76222
 895,36;10811,444;  223,402;25504,106;41,88191
 895,91;10718,367;  210,325;25330,875;41,83046
 896,47;10770,137;  230,633;25218,644;42,17824
 897,03;10687,752;  206,710;25082,029;42,13430
 897,58;10710,444;  230,171;24955,952;42,38601
 898,14;10652,598;  221,710;24743,029;42,53804
 898,70;10630,521;  196,710;24705,644;42,57146
 899,25;10672,213;  214,402;24610,952;42,86594
 899,81;10615,137;  237,710;24455,183;42,85099
 900,37;10542,060;  189,940;24256,106;43,01524
 900,92;10602,675;  212,325;24306,644;43,12365
 901,48;10588,829;  207,248;24135,952;43,38547
 902,03;10541,598;  212,171;23913,952;43,58081
 902,59;10500,367;  211,787;23834,721;43,55336
 903,15;10520,675;  232,940;23742,106;43,76053
 903,70;10429,060;  222,171;23576,337;43,70479
 904,26;10404,367;  188,479;23422,337;43,96983
 904,82;10455,983;  221,556;23392,106;44,16998
 905,37;10449,137;  225,787;23196,337;44,50634
 905,93;10408,983;  210,863;23086,260;44,58117
 906,48;10426,829;  222,325;23078,721;44,64616
 907,04;10443,829;  236,787;22954,337;44,93021
 907,60;10381,290;  201,402;22736,952;45,17258
 908,15;10341,906;  197,479;22637,644;45,20656
 908,71;10359,290;  241,556;22671,413;45,10833
 909,26;10296,906;  202,094;22518,490;45,23495
 909,82;10268,213;  231,556;22409,798;45,25452
 910,37;10262,598;  246,787;22344,952;45,32418
 910,93;10163,367;  203,863;22160,798;45,35926
 911,48;10135,906;  200,094;21938,952;45,70531
 912,04;10104,675;  198,633;21960,875;45,51940
 912,60;10151,983;  219,863;21949,952;45,70676
 913,15;10082,752;  217,325;21813,183;45,68203
 913,71;10041,829;  209,863;21646,721;45,86477
 914,26;10020,598;  198,248;21536,567;46,03151
 914,82; 9985,829;  226,094;21468,644;45,94427
 915,37;10021,060;  203,710;21371,798;46,37807
 915,93; 9990,829;  239,248;21264,952;46,37933
 916,48; 9898,290;  203,940;21173,875;46,22976
 917,04; 9928,983;  224,325;21094,260;46,50066
 917,59; 9903,137;  232,863;21077,490;46,39216
 918,15; 9845,675;  186,402;20802,490;46,85308
 918,70; 9833,444;  212,787;20725,029;46,90203
 919,26; 9818,367;  209,171;20710,106;46,87199
 919,81; 9713,213;  203,325;20498,644;46,85755
 920,37; 9682,290;  205,787;20391,183;46,94733
 920,92; 9699,444;  217,863;20377,490;47,03252
 921,48; 9642,983;  191,325;20212,875;47,20742
 922,03; 9643,521;  203,017;20186,260;47,24210
 922,59; 9613,444;  202,633;20010,413;47,51068
 923,14; 9562,906;  196,094;19827,183;47,71417
 923,69; 9624,598;  218,556;19851,721;47,90894
 924,25; 9609,752;  217,710;19782,798;48,00409
 924,80; 9519,521;  222,017;19578,183;48,03381
 925,36; 9506,213;  208,787;19509,260;48,17202
 925,91; 9428,367;  200,787;19376,106;48,12218
 926,47; 9422,137;  194,556;19399,490;48,04797
 927,02; 9460,137;  230,940;19277,413;48,45620
 927,57; 9452,598;  203,402;19131,490;48,86492
 928,13; 9386,213;  196,863;19064,952;48,70313
 928,68; 9407,213;  202,479;18981,029;49,01728
 929,24; 9342,983;  181,402;18864,875;49,03575
 929,79; 9291,521;  193,633;18695,413;49,17304
 930,34; 9300,752;  207,710;18587,183;49,47390
 930,90; 9288,137;  188,787;18473,952;49,76356
 931,45; 9261,521;  210,171;18543,952;49,36980
 932,01; 9263,675;  220,787;18395,644;49,75493
 932,56; 9227,137;  220,402;18291,644;49,84015
 933,11; 9220,906;  227,479;18317,798;49,71403
 933,67; 9158,367;  195,094;18096,952;50,06896
 934,22; 9145,675;  200,171;18021,490;50,19552
 934,77; 9119,983;  228,940;17903,644;50,30377
 935,33; 9066,521;  222,787;17863,644;50,13211
 935,88; 9057,367;  220,017;17820,337;50,21131
 936,43; 9024,752;  195,863;17647,875;50,58952
 936,99; 9018,290;  205,633;17630,798;50,57431
 937,54; 8948,213;  208,556;17464,875;50,64613
 938,09; 8969,060;  209,402;17434,644;50,85361
 938,65; 8934,137;  209,171;17293,260;51,07071
 939,20; 8952,060;  194,171;17224,875;51,42411
 939,75; 8884,213;  194,479;17104,721;51,38740
 940,31; 8894,367;  196,325;16949,567;51,91856
 940,86; 8878,752;  213,248;17014,952;51,57515
 941,41; 8890,675;  238,940;16936,260;51,81511
 941,96; 8823,444;  199,094;16788,567;51,98688
 942,52; 8807,521;  212,787;16746,260;51,98384
 943,07; 8762,983;  182,787;16597,490;52,27140
 943,62; 8781,367;  199,787;16518,952;52,58590
 944,18; 8746,752;  192,171;16423,029;52,70566
 944,73; 8684,829;  200,863;16363,798;52,49025
 945,28; 8575,983;  171,171;16198,413;52,44078
 945,83; 8629,906;  205,556;16231,721;52,56622
 946,39; 8612,060;  199,787;16125,337;52,82250
 946,94; 8638,137;  228,248;16070,875;53,08393
 947,49; 8544,752;  202,787;15946,952;52,98449
 948,04; 8575,521;  203,402;15838,029;53,54857
 948,59; 8564,752;  218,787;15863,567;53,34664
 949,15; 8496,060;  191,017;15765,875;53,32339
 949,70; 8489,290;  201,325;15664,029;53,59972
 950,25; 8484,290;  229,556;15622,875;53,62544
 950,80; 8405,060;  174,940;15543,337;53,55223
 951,36; 8430,752;  181,325;15419,337;54,13716
 951,91; 8518,983;  217,248;15413,106;54,63156
 952,46; 8386,521;  173,479;15229,644;54,54936
 953,01; 8404,983;  222,940;15262,183;54,40462
 953,56; 8360,598;  189,248;15112,567;54,75558
 954,11; 8320,598;  208,633;15081,413;54,54236
 954,67; 8331,983;  199,863;15016,490;54,88509
 955,22; 8269,983;  182,633;14851,952;55,13105
 955,77; 8318,983;  216,710;14831,875;55,43744
 956,32; 8270,137;  240,479;14776,567;55,23947
 956,87; 8188,598;  187,325;14598,875;55,51986
 957,42; 8220,598;  193,402;14635,106;55,58344
 957,98; 8184,521;  206,017;14444,644;56,03422
 958,53; 8234,598;  214,940;14448,413;56,34365
 959,08; 8171,213;  193,863;14347,490;56,36258
 959,63; 8117,290;  195,094;14238,875;56,41071
 960,18; 8120,521;  210,556;14229,875;56,42189
 960,73; 8073,675;  213,940;14161,413;56,35239
 961,28; 8059,444;  183,940;14082,106;56,66578
 961,83; 8067,444;  223,633;13983,798;57,00376
 962,39; 8000,752;  188,017;13891,260;57,01377
 962,94; 8009,598;  201,940;13811,567;57,36864
 963,49; 7927,752;  196,171;13663,260;57,41093
 964,04; 7930,060;  215,094;13731,721;57,07759
 964,59; 7878,213;  181,787;13604,413;57,33920
 965,14; 7868,367;  209,940;13541,260;57,44688
 965,69; 7843,290;  204,017;13393,875;57,91778
 966,24; 7771,444;  195,479;13347,567;57,60276
 966,79; 7721,444;  204,940;13269,952;57,53155
 967,34; 7674,752;  185,094;13161,337;57,71823
 967,89; 7655,598;  194,556;13100,106;57,81266
 968,44; 7638,444;  203,556;13037,106;57,93322
 968,99; 7600,290;  204,556;13015,337;57,73055
 969,55; 7565,598;  208,710;12906,875;57,93663
 970,10; 7567,598;  205,094;12817,875;58,37336
 970,65; 7508,137;  213,479;12672,721;58,54816
 971,20; 7485,060;  197,248;12628,337;58,62569
 971,75; 7414,752;  181,094;12530,183;58,57645
 972,30; 7398,521;  199,787;12455,721;58,73673
 972,85; 7338,444;  194,863;12424,644;58,41136
 973,40; 7291,829;  192,710;12253,952;58,85894
 973,95; 7244,137;  202,787;12208,952;58,64778
 974,50; 7293,060;  211,787;12115,029;59,49029
 975,05; 7226,752;  219,094;12072,183;59,12094
 975,60; 7195,675;  215,633;11933,567;59,56717
 976,15; 7172,521;  200,017;11908,721;59,54975
 976,70; 7156,906;  211,402;11871,567;59,56608
 977,25; 7144,752;  214,248;11739,490;60,13326
 977,80; 7082,906;  198,787;11615,183;60,30028
 978,35; 7033,213;  218,940;11535,106;60,21716
 978,89; 7001,983;  182,402;11439,413;60,58074
 979,44; 7005,290;  214,171;11413,260;60,63993
 979,99; 6906,598;  188,479;11228,644;60,85162
 980,54; 6890,675;  228,479;11211,875;60,65698
 981,09; 6853,213;  218,248;11091,490;61,02104
 981,64; 6788,290;  211,863;10941,490;61,29222
 982,19; 6811,137;  240,017;10947,952;61,36682
 982,74; 6778,906;  221,402;10811,490;61,92114
 983,29; 6661,598;  189,171;10639,106;61,93749
 983,84; 6660,675;  219,863;10629,490;61,87361
 984,39; 6683,290;  236,017;10534,798;62,60229
 984,94; 6571,829;  185,787;10456,721;62,17586
 985,49; 6583,983;  227,171;10366,029;62,69751
 986,03; 6538,829;  225,171;10315,644;62,57048
 986,58; 6515,983;  232,171;10171,413;63,22224
 987,13; 6460,290;  210,710;10096,183;63,21985
 987,68; 6400,752;  216,094; 9977,644;63,35733
 988,23; 6407,444;  213,171; 9938,106;63,69475
 988,78; 6300,444;  207,710; 9808,106;63,46337
 989,33; 6263,213;  211,402; 9716,183;63,67124
 989,88; 6294,060;  230,325; 9693,337;64,07828
 990,42; 6263,521;  215,094; 9509,644;65,07498
 990,97; 6176,906;  212,787; 9416,029;64,80454
 991,52; 6163,444;  231,402; 9359,721;64,98504
 992,07; 6102,137;  240,940; 9281,798;64,83009
 992,62; 6038,367;  219,940; 9184,413;64,90540
 993,17; 5989,444;  218,248; 9060,952;65,26506
 993,71; 5943,675;  206,017; 8998,183;65,25876
 994,26; 5857,367;  199,402; 8851,721;65,39247
 994,81; 5886,598;  228,402; 8805,798;65,96636
 995,36; 5820,521;  207,171; 8664,337;66,37389
 995,91; 5810,444;  226,940; 8650,260;66,28627
 996,45; 5744,367;  230,171; 8498,952;66,68693
 997,00; 5671,444;  189,710; 8421,567;66,59171
 997,55; 5643,906;  215,940; 8409,260;66,24867
 998,10; 5623,983;  238,710; 8309,260;66,72746
 998,65; 5548,290;  207,787; 8207,260;66,76070
 999,19; 5539,367;  230,325; 8105,029;67,41895
 999,74; 5529,444;  242,787; 8005,798;68,10060
1000,29; 5477,444;  228,248; 7968,029;67,82099
1000,84; 5394,598;  207,633; 7833,413;68,01881
1001,38; 5357,060;  205,633; 7760,029;68,19111
1001,93; 5409,829;  224,094; 7710,875;69,26521
1002,48; 5259,675;  201,248; 7571,644;68,63168
1003,03; 5279,060;  211,402; 7472,413;69,79272
1003,57; 5217,521;  230,787; 7466,337;68,91991
1004,12; 5182,137;  229,556; 7342,106;69,63158
1004,67; 5124,521;  219,325; 7247,413;69,79417
1005,22; 5028,752;  204,094; 7172,413;69,23704
1005,76; 4932,906;  202,787; 6985,106;69,74191
1006,31; 4977,906;  233,325; 6978,183;70,34367
1006,86; 4893,290;  208,479; 6873,567;70,28881
1007,40; 4813,137;  188,556; 6764,567;70,32501
1007,95; 4772,290;  213,402; 6677,413;70,52723
1008,50; 4730,521;  221,171; 6610,029;70,58148
1009,04; 4661,060;  221,171; 6487,490;70,85321
1009,59; 4603,906;  228,094; 6370,798;71,23592
1010,14; 4580,675;  197,787; 6267,029;72,21475
1010,68; 4487,752;  204,556; 6195,029;71,50013
1011,23; 4452,367;  204,094; 6110,644;71,92478
1011,78; 4400,983;  231,787; 6060,490;71,52870
1012,32; 4326,367;  206,787; 5949,183;71,73975
1012,87; 4319,060;  239,479; 5983,721;71,02035
1013,42; 4274,675;  203,171; 5806,952;72,65637
1013,96; 4295,290;  231,863; 5820,183;72,71286
1014,51; 4208,444;  182,094; 5744,490;72,38517
1015,06; 4193,521;  185,633; 5719,567;72,42385
1015,60; 4286,906;  248,402; 5781,567;72,98722
1016,15; 4219,829;  213,248; 5750,413;72,35798
1016,69; 4252,983;  216,556; 5796,952;72,33226
1017,24; 4240,444;  184,556; 5771,106;72,60095
1017,79; 4286,906;  228,940; 5855,260;72,12469
1018,33; 4233,521;  194,017; 5813,952;71,87813
1018,88; 4314,983;  221,325; 5881,413;72,32498
1019,42; 4348,367;  211,787; 5827,260;73,66398
1019,97; 4330,983;  201,171; 5846,567;73,15362
1020,51; 4364,752;  209,787; 5852,567;73,63329
1021,06; 4337,290;  195,710; 5831,183;73,49127
1021,61; 4341,290;  176,248; 5805,798;73,98535
1022,15; 4311,829;  169,710; 5779,260;73,84049
1022,70; 4349,752;  207,863; 5738,260;74,89316
1023,24; 4336,290;  203,094; 5718,567;74,93820
1023,79; 4282,290;  209,863; 5678,029;74,47520
1024,33; 4268,290;  206,094; 5598,567;75,33086
1024,88; 4222,675;  200,325; 5564,875;74,98019
1025,42; 4149,367;  200,787; 5434,260;75,44857
1025,97; 4122,598;  197,556; 5404,183;75,38551
1026,51; 4051,675;  167,863; 5260,721;76,25997
1027,06; 4065,290;  201,402; 5256,413;76,43679
1027,60; 3973,752;  219,940; 5126,260;76,50973
1028,15; 3949,060;  213,787; 5057,567;77,11483
1028,69; 3888,521;  166,325; 4957,952;77,68126
1029,24; 3794,906;  195,556; 4895,490;76,58298
1029,78; 3755,213;  188,171; 4799,413;77,35534
1030,33; 3709,906;  182,248; 4735,413;77,47704
1030,87; 3702,675;  203,556; 4670,567;78,33244
1031,42; 3615,752;  182,402; 4575,644;78,15071
1031,96; 3603,598;  204,094; 4533,490;78,52143
1032,51; 3513,906;  191,402; 4461,106;77,81579
1033,05; 3492,906;  209,017; 4396,644;78,41884
1033,60; 3408,598;  167,094; 4307,952;78,28098
1034,14; 3390,444;  187,787; 4270,490;78,44453
1034,69; 3349,367;  196,017; 4204,875;78,65956
1035,23; 3281,290;  201,325; 4127,337;78,45024
1035,77; 3248,598;  195,248; 4086,875;78,45947
1036,32; 3218,829;  180,863; 3994,721;79,65597
1036,86; 3172,060;  191,402; 3990,260;78,46195
1037,41; 3151,060;  211,402; 3923,875;79,18327
1037,95; 3104,598;  180,402; 3849,567;79,69649
1038,50; 3070,983;  193,710; 3775,490;80,33080
1039,04; 3080,675;  197,248; 3757,183;80,99663
1039,58; 3007,598;  175,479; 3676,490;80,89431
1040,13; 2968,598;  205,325; 3654,644;80,11068
1040,67; 2953,213;  221,556; 3636,875;79,98250
1041,21; 2909,598;  214,556; 3559,337;80,57456
1041,76; 2847,521;  186,863; 3480,260;80,78766
1042,30; 2823,213;  201,325; 3445,721;80,81283
1042,85; 2768,829;  200,940; 3411,644;79,97899
1043,39; 2739,906;  183,787; 3333,413;81,15625
1043,93; 2713,675;  209,094; 3293,875;81,19153
1044,48; 2696,906;  194,787; 3258,490;81,66975
1045,02; 2672,060;  189,710; 3218,952;81,94623
1045,56; 2642,213;  205,171; 3147,029;82,84025
1046,11; 2590,983;  211,017; 3160,721;80,68489
1046,65; 2580,137;  211,633; 3081,721;82,52372
1047,19; 2505,906;  195,171; 3032,260;81,44739
1047,74; 2458,598;  174,863; 2982,644;81,33593
1048,28; 2465,906;  203,479; 2948,721;82,41265
1048,82; 2429,829;  213,171; 2913,644;82,08405
1049,37; 2399,521;  198,633; 2848,798;83,04721
1049,91; 2367,444;  187,556; 2830,029;82,49425
1050,45; 2369,521;  216,940; 2804,875;83,17756
1050,99; 2284,829;  194,171; 2731,875;82,38383
1051,54; 2260,521;  186,017; 2703,337;82,40925
1052,08; 2287,444;  209,171; 2685,567;83,92329
1052,62; 2243,290;  213,710; 2647,952;83,37628
1053,16; 2212,906;  187,556; 2579,106;84,68775
1053,71; 2194,290;  211,556; 2577,875;83,78982
1054,25; 2168,906;  220,248; 2506,029;85,25129
1054,79; 2131,367;  204,710; 2495,337;84,11050
1055,33; 2088,213;  184,633; 2396,029;86,08050
1055,88; 2076,752;  219,325; 2415,029;84,59369
1056,42; 2077,906;  228,787; 2402,029;85,08574
1056,96; 2050,906;  204,248; 2364,260;85,49295
1057,50; 2031,137;  204,402; 2296,490;87,31632
1058,05; 1978,829;  202,710; 2267,260;86,02936
1058,59; 1988,367;  221,787; 2261,337;86,61620
1059,13; 1909,521;  178,633; 2165,644;87,11014
1059,67; 1920,829;  219,094; 2172,337;87,12358
1060,21; 1861,137;  202,325; 2140,490;85,58669
1060,76; 1858,060;  224,479; 2098,106;87,18816
1061,30; 1850,290;  222,094; 2104,413;86,49947
1061,84; 1809,983;  206,402; 2034,337;87,72637
1062,38; 1758,906;  194,556; 2015,183;85,92370
1062,92; 1786,367;  233,556; 2021,490;86,84946
1063,46; 1736,290;  224,940; 1987,567;85,74418
1064,01; 1719,752;  203,940; 1956,183;86,50696
1064,55; 1712,444;  218,787; 1921,260;87,73459
1065,09; 1663,598;  174,633; 1871,567;87,74442
1065,63; 1683,906;  239,787; 1908,413;86,54536
1066,17; 1677,290;  234,556; 1874,183;87,99164
1066,71; 1644,137;  231,940; 1841,106;87,75954
1067,25; 1631,598;  206,787; 1790,567;89,96267
1067,80; 1628,444;  229,094; 1806,337;88,72131
1068,34; 1628,983;  242,248; 1804,798;88,74818
1068,88; 1552,675;  204,556; 1720,798;88,91186
1069,42; 1578,521;  232,325; 1768,183;87,65110
1069,96; 1553,675;  215,325; 1681,798;91,26318
1070,50; 1554,521;  242,479; 1699,798;90,03122
1071,04; 1498,060;  202,863; 1656,952;89,07272
1071,58; 1498,137;  210,402; 1637,029;90,26429
1072,12; 1489,829;  212,863; 1590,337;92,70347
1072,66; 1471,444;  205,248; 1609,183;90,18911
1073,21; 1460,060;  218,248; 1587,413;90,69843
1073,75; 1452,521;  218,863; 1577,952;90,77096
1074,29; 1416,367;  220,556; 1557,952;89,41341
1074,83; 1411,290;  236,094; 1548,106;89,57209
1075,37; 1406,906;  220,863; 1498,106;92,85962
1075,91; 1392,675;  231,094; 1511,875;90,69318
1076,45; 1369,444;  219,863; 1453,721;93,16964
1076,99; 1362,521;  225,094; 1467,952;91,51707
1077,53; 1314,137;  210,479; 1436,644;90,00888
1078,07; 1324,060;  223,787; 1420,413;91,94788
1078,61; 1315,444;  212,863; 1393,798;93,36510
1079,15; 1294,598;  219,940; 1392,567;91,64532
1079,69; 1294,060;  220,402; 1379,798;92,60490
1080,23; 1294,521;  231,710; 1368,721;93,47412
1080,77; 1295,829;  229,017; 1335,875;96,38200
1081,31; 1242,829;  204,325; 1310,567;93,87671
1081,85; 1233,752;  221,402; 1309,721;93,01958
1082,39; 1227,060;  211,325; 1302,644;93,07401
1082,93; 1210,598;  210,248; 1285,183;93,06147
1083,47; 1167,521;  199,094; 1256,106;91,61933
1084,01; 1192,213;  225,940; 1275,260;92,08571
1084,55; 1170,137;  204,556; 1221,721;94,92859
1085,09; 1180,983;  225,710; 1241,413;94,05036
1085,63; 1139,137;  210,171; 1208,798;93,02427
1086,17; 1132,290;  207,325; 1201,337;93,05379
1086,71; 1124,137;  221,402; 1164,644;95,70548
1087,24; 1125,137;  238,787; 1193,798;92,81040
1087,78; 1102,598;  221,479; 1138,490;96,08595
1088,32; 1075,983;  216,863; 1125,106;94,59141
1088,86; 1083,444;  230,094; 1142,567;93,52057
1089,40; 1064,983;  220,325; 1095,644;96,49710
1089,94; 1031,829;  191,940; 1073,260;95,29901
1090,48; 1051,983;  219,633; 1074,413;97,37585
1091,02; 1047,521;  221,017; 1087,260;95,41255
1091,56; 1023,213;  220,633; 1065,337;95,01327
1092,10; 1010,906;  201,787; 1040,721;96,44604
1092,63; 1022,137;  228,940; 1049,260;96,69359
1093,17;  993,983;  221,787; 1028,260;95,74977
1093,71;  978,598;  214,479; 1032,029;93,46453
1094,25; 1001,060;  234,017; 1031,029;96,23980
1094,79;  978,521;  212,556;  997,183;97,62160
1095,33;  961,906;  222,017;  975,875;98,14697
1095,87;  936,983;  220,171;  966,567;96,03634
1096,40;  921,829;  201,863;  945,413;96,82811
1096,94;  925,137;  222,633;  958,952;95,40751
1097,48;  910,906;  212,402;  945,183;95,32235
1098,02;  906,598;  218,940;  938,490;95,56774
1098,56;  884,213;  186,171;  901,029;97,64773
1099,10;  867,213;  196,479;  893,260;96,26193
1099,63;  859,060;  198,940;  898,183;94,40493
1100,17;  873,829;  225,787;  887,029;98,00376
1100,71;  873,675;  221,940;  896,721;96,58465

