
Integration time [ms]: 120,000
Averaging Nr. [scans]: 13
Smoothing Nr. [pixels]: 0
Data measured with spectrometer [name]: 2009305U1
Wave   ;Sample   ;Dark     ;Reference;Reflectance
[nm]   ;[counts] ;[counts] ;[counts] ;[%]

 175,72;  197,365;  188,260;  191,032;328,47760
 176,32;  218,096;  224,410;  220,873; 0,00000
 176,92;  244,844;  232,797;  240,423;157,96213
 177,52;  263,846;  239,797;  253,164;179,91526
 178,12;  232,910;  226,102;  208,578; 0,00000
 178,72;  252,344;  255,947;  239,478; 0,00000
 179,32;  241,546;  240,102;  239,368; 0,00000
 179,92;  246,003;  233,873;  234,772; 0,00000
 180,52;  239,803;  231,570;  253,930;36,81998
 181,12;  252,532;  244,488;  238,404; 0,00000
 181,73;  266,347;  262,027;  251,328; 0,00000
 182,33;  337,916;  322,568;  321,283; 0,00000
 182,93;  262,878;  258,259;  259,299;444,14044
 183,53;  230,869;  241,408;  225,007; 0,00000
 184,13;  235,542;  230,793;  223,348; 0,00000
 184,73;  269,087;  261,100;  267,377;127,23406
 185,33;  256,505;  229,461;  330,588;26,74292
 185,93;  259,460;  233,150;  351,317;22,26511
 186,53;  268,214;  243,690;  377,755;18,29247
 187,13;  305,205;  267,616;  401,255;28,12709
 187,73;  256,396;  225,381;  357,645;23,44906
 188,33;  262,983;  231,764;  359,112;24,51426
 188,93;  280,763;  240,452;  371,007;30,87732
 189,53;  278,351;  237,678;  366,423;31,59196
 190,13;  311,226;  265,826;  401,940;33,35435
 190,73;  254,739;  214,522;  345,202;30,77452
 191,34;  292,362;  252,219;  374,280;32,88717
 191,94;  254,162;  231,686;  356,499;18,00829
 192,54;  282,555;  233,926;  381,714;32,90455
 193,14;  282,665;  255,847;  373,580;22,77906
 193,74;  273,465;  243,385;  375,282;22,80598
 194,34;  271,525;  240,155;  375,352;23,20330
 194,94;  241,544;  215,155;  344,253;20,44146
 195,54;  221,539;  171,538;  318,943;33,92080
 196,14;  247,902;  217,541;  352,884;22,43272
 196,74;  231,140;  216,229;  339,632;12,08308
 197,34;  217,789;  187,081;  333,058;21,03605
 197,94;  237,656;  208,309;  357,667;19,64874
 198,54;  259,737;  230,464;  369,533;21,04936
 199,14;  226,925;  202,467;  365,217;15,02823
 199,74;  235,046;  188,851;  355,466;27,72554
 200,34;  223,125;  190,236;  375,136;17,78722
 200,94;  257,336;  230,311;  409,207;15,10659
 201,54;  236,132;  202,158;  419,775;15,61158
 202,14;  256,853;  240,776;  448,835; 7,72757
 202,74;  234,386;  208,236;  445,607;11,01669
 203,34;  221,496;  187,546;  478,231;11,67937
 203,94;  193,690;  165,391;  477,928; 9,05447
 204,54;  261,690;  230,771;  557,401; 9,46613
 205,14;  231,376;  189,159;  568,328;11,13401
 205,74;  273,408;  231,777;  642,194;10,14362
 206,34;  242,337;  191,545;  673,542;10,53781
 206,94;  251,906;  210,237;  710,931; 8,32238
 207,54;  223,523;  174,621;  749,837; 8,50140
 208,14;  249,206;  194,006;  823,309; 8,77150
 208,74;  246,331;  206,236;  906,545; 5,72537
 209,34;  253,618;  198,851;  975,821; 7,04877
 209,94;  256,211;  205,159; 1073,894; 5,87660
 210,54;  271,416;  203,468; 1163,194; 7,07994
 211,14;  283,815;  206,082; 1275,318; 7,26996
 211,73;  276,329;  203,697; 1392,580; 6,10926
 212,33;  285,446;  217,773; 1454,727; 5,47096
 212,93;  283,320;  192,620; 1576,969; 6,55177
 213,53;  259,452;  170,928; 1611,410; 6,14545
 214,13;  282,380;  188,855; 1679,996; 6,27203
 214,73;  266,930;  176,468; 1722,219; 5,85233
 215,33;  260,596;  159,390; 1733,894; 6,42780
 215,93;  293,067;  190,777; 1870,147; 6,09098
 216,53;  270,374;  149,928; 1930,504; 6,76445
 217,13;  335,911;  208,392; 2155,785; 6,54822
 217,73;  324,463;  185,854; 2334,646; 6,45056
 218,33;  296,359;  145,701; 2528,040; 6,32395
 218,93;  345,515;  178,320; 2794,897; 6,38984
 219,53;  378,788;  175,009; 3069,444; 7,04037
 220,13;  370,758;  154,702; 3320,505; 6,82467
 220,73;  404,069;  177,390; 3675,855; 6,47938
 221,32;  432,946;  181,005; 4080,007; 6,46169
 221,92;  466,460;  179,471; 4448,636; 6,72237
 222,52;  478,738;  166,469; 4854,044; 6,66163
 223,12;  516,640;  166,008; 5197,330; 6,96898
 223,72;  548,376;  191,469; 5620,888; 6,57358
 224,32;  575,454;  185,008; 5935,261; 6,79007
 224,92;  573,817;  173,239; 6231,405; 6,61220
 225,52;  610,412;  192,390; 6568,027; 6,55655
 226,12;  625,087;  183,545; 6855,570; 6,61780
 226,72;  623,536;  164,084; 7133,076; 6,59281
 227,31;  647,899;  155,930; 7458,375; 6,73705
 227,91;  704,565;  186,544; 7817,044; 6,78882
 228,51;  720,557;  175,927; 8164,301; 6,81779
 229,11;  758,338;  166,468; 8499,371; 7,10280
 229,71;  776,561;  173,082; 8828,865; 6,97198
 230,31;  798,633;  159,547; 9191,543; 7,07579
 230,91;  817,993;  161,464; 9447,266; 7,07024
 231,51;  845,133;  151,854; 9776,021; 7,20353
 232,10;  880,843;  151,701;10112,665; 7,31999
 232,70;  903,064;  189,386;10284,967; 7,06921
 233,30;  958,703;  184,930;10562,860; 7,45595
 233,90;  954,604;  161,930;10634,082; 7,56935
 234,50;  980,660;  177,931;10782,132; 7,56992
 235,10;  995,509;  176,700;10893,482; 7,64043
 235,70; 1035,817;  179,467;10947,597; 7,95263
 236,29; 1040,462;  174,774;10875,157; 8,09026
 236,89; 1011,005;  163,311;10803,451; 7,96694
 237,49; 1053,614;  182,468;10763,065; 8,23343
 238,09; 1050,337;  165,468;10595,465; 8,48388
 238,69; 1068,023;  191,925;10346,595; 8,62753
 239,29; 1021,039;  166,006;10067,372; 8,63550
 239,89; 1016,873;  169,388; 9849,922; 8,75453
 240,48;  990,930;  175,468; 9436,456; 8,80535
 241,08; 1002,576;  160,160; 9185,460; 9,33395
 241,68;  968,436;  192,391; 8843,392; 8,97058
 242,28;  965,582;  158,007; 8565,309; 9,60564
 242,88;  981,039;  209,393; 8230,322; 9,62041
 243,48;  984,339;  199,853; 8013,354;10,04014
 244,07;  954,235;  181,236; 7835,804;10,09853
 244,67;  991,525;  188,545; 7635,116;10,78322
 245,27;  996,175;  187,620; 7538,964;10,99874
 245,87; 1000,049;  198,778; 7465,459;11,02665
 246,47; 1001,428;  182,235; 7394,051;11,35903
 247,06; 1014,489;  170,929; 7473,098;11,55219
 247,66; 1036,338;  177,545; 7528,223;11,68318
 248,26; 1093,714;  204,620; 7649,178;11,94288
 248,86; 1118,285;  193,774; 7851,780;12,07248
 249,46; 1115,089;  148,777; 8038,618;12,24755
 250,05; 1206,457;  193,622; 8381,418;12,37006
 250,65; 1211,954;  158,158; 8642,640;12,42027
 251,25; 1306,807;  170,621; 9137,081;12,67151
 251,85; 1403,225;  174,080; 9729,024;12,86396
 252,44; 1448,386;  144,697;10270,305;12,87516
 253,04; 1596,915;  186,467;10972,701;13,07637
 253,64; 1650,106;  141,773;11593,426;13,17132
 254,24; 1796,567;  193,160;12498,938;13,02971
 254,84; 1911,704;  171,084;13398,156;13,15952
 255,43; 2064,639;  175,236;14232,155;13,44109
 256,03; 2169,931;  173,927;15090,790;13,38086
 256,63; 2288,060;  186,311;16121,134;13,18966
 257,23; 2410,775;  163,619;16865,215;13,45474
 257,82; 2538,780;  184,617;17785,184;13,37549
 258,42; 2632,370;  141,386;18538,523;13,54007
 259,02; 2777,244;  188,851;19404,408;13,47030
 259,62; 2835,423;  171,924;20013,536;13,42381
 260,21; 2923,089;  180,005;20446,656;13,53497
 260,81; 2957,614;  175,776;20939,686;13,39747
 261,41; 3017,889;  161,540;21348,639;13,48155
 262,01; 3117,047;  195,692;21745,537;13,55627
 262,60; 3108,005;  159,772;22088,138;13,44484
 263,20; 3130,812;  173,081;22406,441;13,30312
 263,80; 3170,300;  185,846;22576,552;13,32898
 264,40; 3194,115;  159,770;22635,554;13,50051
 264,99; 3203,629;  177,923;22873,727;13,33157
 265,59; 3211,489;  169,690;22986,235;13,33155
 266,19; 3190,190;  151,923;23173,571;13,19744
 266,78; 3236,340;  198,691;23313,249;13,14171
 267,38; 3201,436;  180,998;23225,991;13,10670
 267,98; 3158,505;  170,999;23273,748;12,93139
 268,58; 3153,414;  176,460;23341,058;12,85131
 269,17; 3129,462;  169,612;23247,520;12,82547
 269,77; 3110,684;  185,772;23104,975;12,76184
 270,37; 3025,804;  159,846;23034,665;12,52888
 270,96; 3044,153;  211,386;22877,757;12,49766
 271,56; 2986,653;  175,618;22703,894;12,47781
 272,16; 2919,844;  181,617;22485,318;12,27701
 272,75; 2902,097;  173,540;22347,937;12,30499
 273,35; 2883,451;  175,464;22343,010;12,21600
 273,95; 2855,680;  178,540;22331,725;12,08467
 274,54; 2821,248;  162,775;22448,895;11,92883
 275,14; 2915,605;  186,848;22732,619;12,10319
 275,74; 2834,954;  151,771;22757,986;11,86923
 276,33; 2895,574;  194,541;23139,769;11,77165
 276,93; 2943,887;  189,006;23493,651;11,82117
 277,53; 2969,891;  175,313;23943,637;11,75757
 278,12; 2989,808;  159,388;24522,641;11,61758
 278,72; 3113,055;  198,082;25049,538;11,72959
 279,32; 3117,758;  166,851;25603,285;11,60110
 279,91; 3195,888;  167,927;26140,914;11,65812
 280,51; 3287,122;  171,236;26717,785;11,73744
 281,11; 3368,173;  166,389;27408,135;11,75323
 281,70; 3419,304;  158,158;27854,830;11,77451
 282,30; 3496,807;  149,618;28400,894;11,84792
 282,90; 3560,697;  171,003;28765,457;11,85437
 283,49; 3662,649;  189,002;29327,182;11,92129
 284,09; 3781,271;  202,311;29720,168;12,12473
 284,69; 3812,373;  202,697;30055,598;12,09154
 285,28; 3925,996;  186,927;30425,072;12,36541
 285,88; 3999,196;  219,155;30550,573;12,46246
 286,47; 4051,422;  181,618;30628,362;12,71007
 287,07; 4146,483;  207,620;30770,805;12,88761
 287,67; 4222,955;  196,699;30819,200;13,14803
 288,26; 4307,416;  172,543;30800,315;13,50041
 288,86; 4386,842;  157,465;30903,297;13,75594
 289,46; 4556,130;  193,850;30940,721;14,18772
 290,05; 4719,840;  177,775;31098,678;14,68930
 290,65; 4882,860;  177,926;31293,056;15,12105
 291,24; 5025,868;  185,851;31413,870;15,49896
 291,84; 5204,367;  190,234;31527,211;16,00069
 292,44; 5402,131;  183,930;31619,198;16,59983
 293,03; 5617,319;  237,851;31807,212;17,04015
 293,63; 5697,059;  169,080;31969,525;17,38334
 294,22; 5858,184;  199,927;32062,332;17,75841
 294,82; 5934,115;  175,231;32052,163;18,06599
 295,41; 6019,612;  172,619;31769,137;18,50518
 296,01; 6117,403;  207,463;31764,345;18,72790
 296,61; 6123,890;  191,081;31442,501;18,98412
 297,20; 6113,316;  192,001;31183,213;19,10643
 297,80; 6159,160;  181,468;31055,544;19,36153
 298,39; 6140,686;  167,542;30706,947;19,55881
 298,99; 6156,791;  191,540;30486,766;19,69040
 299,58; 6133,712;  191,468;30353,097;19,70133
 300,18; 6138,939;  208,006;30076,989;19,85650
 300,78; 6096,277;  169,313;29818,241;19,99048
 301,37; 6124,221;  193,923;29790,504;20,03711
 301,97; 6098,416;  196,543;29891,096;19,87527
 302,56; 6044,531;  166,310;29794,349;19,84006
 303,16; 6065,496;  173,310;29747,165;19,92363
 303,75; 6065,970;  177,005;29704,147;19,94424
 304,35; 6124,508;  171,162;29945,807;19,99468
 304,94; 6078,878;  179,620;30022,782;19,76754
 305,54; 6080,869;  199,159;29908,315;19,79764
 306,13; 6033,146;  150,700;29919,965;19,76013
 306,73; 6019,175;  158,469;29661,222;19,86495
 307,33; 6039,075;  201,314;29617,230;19,84558
 307,92; 5969,418;  177,466;29728,606;19,59976
 308,52; 6050,858;  165,310;30129,008;19,64226
 309,11; 6149,864;  177,463;30600,279;19,63132
 309,71; 6166,982;  149,923;30889,426;19,57435
 310,30; 6212,164;  158,235;31107,064;19,56109
 310,90; 6305,088;  189,620;31395,141;19,59739
 311,49; 6247,735;  180,697;31519,743;19,35936
 312,09; 6260,653;  152,852;31647,999;19,39283
 312,68; 6407,837;  217,005;32025,256;19,46297
 313,28; 6312,802;  153,466;32217,913;19,20924
 313,87; 6326,691;  148,004;32290,642;19,22271
 314,47; 6389,481;  165,001;32560,795;19,21385
 315,06; 6355,473;  152,312;32629,744;19,09991
 315,66; 6364,192;  161,083;32887,229;18,95460
 316,25; 6315,925;  142,233;32772,640;18,92006
 316,85; 6296,093;  145,775;32723,291;18,87903
 317,44; 6238,898;  162,770;32979,557;18,51530
 318,04; 6237,642;  142,542;33009,774;18,54461
 318,63; 6214,878;  153,469;32982,266;18,46370
 319,22; 6241,651;  177,310;33207,071;18,36023
 319,82; 6190,930;  171,542;33200,582;18,22453
 320,41; 6172,905;  178,234;33238,536;18,13254
 321,01; 6138,257;  187,313;33272,351;17,98681
 321,60; 6105,315;  174,927;33443,038;17,82604
 322,20; 6036,034;  177,466;33333,061;17,66992
 322,79; 6001,946;  202,082;33485,172;17,42586
 323,39; 5971,869;  165,469;33530,501;17,40265
 323,98; 5944,100;  153,620;33516,545;17,35603
 324,58; 5860,408;  168,079;33435,205;17,11097
 325,17; 5850,091;  177,618;33278,600;17,13687
 325,76; 5797,702;  187,927;33051,152;17,07007
 326,36; 5687,301;  145,313;32763,607;16,99043
 326,95; 5646,337;  186,619;32466,503;16,91369
 327,55; 5540,171;  156,850;32186,170;16,80748
 328,14; 5430,534;  155,391;31749,720;16,69649
 328,74; 5395,256;  195,618;31376,561;16,67569
 329,33; 5294,542;  178,852;31015,425;16,58969
 329,92; 5126,788;  158,463;30489,273;16,38046
 330,52; 5026,106;  177,468;29925,383;16,29909
 331,11; 4959,480;  170,542;29424,081;16,37045
 331,71; 4862,349;  174,542;28887,606;16,32639
 332,30; 4753,262;  182,312;28506,244;16,13812
 332,89; 4722,113;  218,928;27953,719;16,23659
 333,49; 4567,810;  188,081;27460,316;16,05930
 334,08; 4459,698;  176,696;27081,896;15,91887
 334,68; 4381,116;  171,003;26621,410;15,91701
 335,27; 4340,987;  183,161;26314,649;15,91117
 335,86; 4321,172;  223,311;26075,312;15,85123
 336,46; 4255,987;  193,699;25908,643;15,79738
 337,05; 4162,996;  168,542;25732,918;15,62508
 337,65; 4162,896;  162,850;25569,915;15,74384
 338,24; 4181,067;  219,466;25604,877;15,60582
 338,83; 4118,980;  188,390;25458,290;15,55443
 339,43; 4091,387;  171,310;25412,557;15,53044
 340,02; 4084,441;  172,464;25321,790;15,55500
 340,61; 4086,308;  166,851;25444,701;15,50550
 341,21; 4086,795;  204,157;25448,022;15,38052
 341,80; 4056,907;  171,080;25342,271;15,43760
 342,40; 4071,942;  182,083;25467,180;15,38400
 342,99; 4079,344;  180,698;25574,489;15,35275
 343,58; 4116,234;  175,929;25701,271;15,43684
 344,18; 4115,840;  183,467;25830,755;15,33251
 344,77; 4153,485;  168,772;26136,507;15,34486
 345,36; 4220,029;  149,850;26424,657;15,49081
 345,96; 4258,949;  199,698;26729,203;15,30089
 346,55; 4278,562;  160,546;27003,111;15,34137
 347,14; 4313,667;  158,160;27333,078;15,29170
 347,74; 4348,449;  153,548;27683,830;15,23741
 348,33; 4488,601;  173,778;28344,770;15,31655
 348,92; 4568,387;  176,857;28888,277;15,29541
 349,52; 4629,769;  143,548;29276,465;15,39915
 350,11; 4664,265;  173,464;29496,100;15,31513
 350,70; 4716,660;  165,774;29591,495;15,46567
 351,29; 4635,010;  167,230;29365,086;15,30174
 351,89; 4705,007;  179,924;29396,697;15,48796
 352,48; 4672,857;  150,235;29408,135;15,45778
 353,07; 4700,130;  175,391;29301,061;15,53523
 353,67; 4690,311;  182,857;29268,573;15,49714
 354,26; 4644,371;  176,007;29055,737;15,47232
 354,85; 4676,434;  170,698;28908,882;15,67857
 355,45; 4584,972;  153,926;28663,239;15,54245
 356,04; 4631,197;  161,238;28584,853;15,72622
 356,63; 4616,953;  195,696;28511,190;15,61427
 357,22; 4565,233;  178,692;28361,920;15,56437
 357,82; 4583,664;  176,462;28098,443;15,78399
 358,41; 4579,768;  188,927;28014,345;15,77996
 359,00; 4545,091;  166,310;27765,985;15,86533
 359,60; 4576,979;  180,159;27791,911;15,92373
 360,19; 4548,923;  174,084;27611,971;15,94452
 360,78; 4551,182;  177,773;27378,597;16,07822
 361,37; 4518,457;  168,080;27240,693;16,06929
 361,97; 4542,097;  183,235;27141,751;16,16877
 362,56; 4477,979;  165,156;26829,884;16,17426
 363,15; 4516,775;  209,773;26604,363;16,31775
 363,74; 4468,844;  175,463;26267,856;16,45453
 364,34; 4427,266;  205,926;25900,000;16,42924
 364,93; 4313,121;  164,694;25431,083;16,41875
 365,52; 4287,480;  149,927;25138,389;16,55785
 366,11; 4274,102;  167,926;24863,643;16,62708
 366,71; 4238,959;  153,926;24456,994;16,80871
 367,30; 4204,084;  168,619;24175,263;16,80978
 367,89; 4213,533;  213,544;23987,128;16,82535
 368,48; 4170,009;  189,925;23639,355;16,97305
 369,07; 4100,813;  174,235;23231,803;17,02945
 369,67; 4076,901;  202,771;22888,593;17,07732
 370,26; 4001,671;  170,389;22698,609;17,00659
 370,85; 4003,776;  177,773;22478,961;17,15605
 371,44; 4011,415;  179,465;22229,877;17,37813
 372,03; 3956,662;  153,695;22038,966;17,37683
 372,63; 3958,623;  150,850;21657,334;17,70523
 373,22; 3918,846;  166,312;21462,867;17,62038
 373,81; 3888,688;  148,157;21068,918;17,87952
 374,40; 3889,699;  162,006;20908,917;17,96746
 374,99; 3847,874;  166,465;20615,301;18,00302
 375,59; 3798,709;  152,083;20347,587;18,05662
 376,18; 3860,434;  190,696;20264,920;18,28085
 376,77; 3823,317;  186,773;20125,702;18,23841
 377,36; 3847,051;  205,619;19963,063;18,43068
 377,95; 3832,355;  181,003;19718,878;18,68858
 378,55; 3808,642;  163,621;19545,659;18,80618
 379,14; 3825,194;  177,004;19552,173;18,82920
 379,73; 3831,444;  176,388;19375,377;19,03775
 380,32; 3854,723;  190,312;19468,102;19,00846
 380,91; 3806,208;  157,232;19352,830;19,00944
 381,50; 3878,023;  188,848;19199,057;19,40628
 382,10; 3852,492;  157,850;19163,486;19,43972
 382,69; 3885,391;  151,773;19078,044;19,72717
 383,28; 3900,068;  190,079;19065,371;19,65526
 383,87; 3887,277;  164,387;18997,516;19,76777
 384,46; 3888,917;  157,077;18908,985;19,90112
 385,05; 3963,396;  193,387;18894,860;20,15889
 385,64; 3945,333;  166,233;18855,797;20,22037
 386,24; 3924,521;  144,462;18790,871;20,27232
 386,83; 4029,311;  195,616;18864,359;20,53537
 387,42; 4070,806;  185,695;18993,065;20,65738
 388,01; 4110,360;  184,999;19167,441;20,67890
 388,60; 4173,743;  184,616;19384,728;20,77658
 389,19; 4209,999;  170,304;19650,927;20,73699
 389,78; 4288,935;  172,228;19769,403;21,00664
 390,37; 4481,748;  229,461;20281,999;21,20573
 390,96; 4494,444;  180,077;20375,492;21,36310
 391,56; 4551,359;  182,457;20481,112;21,52311
 392,15; 4651,091;  163,305;20748,919;21,80059
 392,74; 4692,743;  144,685;20872,859;21,94143
 393,33; 4817,819;  166,303;21235,744;22,07707
 393,92; 4927,066;  172,607;21599,493;22,18922
 394,51; 4951,896;  156,226;21745,211;22,21350
 395,10; 5082,170;  203,449;22005,912;22,37693
 395,69; 5109,139;  189,834;22082,050;22,47057
 396,28; 5190,086;  194,370;22278,926;22,62086
 396,87; 5203,477;  189,674;22327,851;22,64777
 397,46; 5305,884;  194,903;22395,976;23,02133
 398,06; 5338,475;  204,746;22698,731;22,82268
 398,65; 5377,786;  188,200;22681,367;23,07183
 399,24; 5511,923;  200,352;22887,404;23,41234
 399,83; 5502,964;  182,110;22749,864;23,57724
 400,42; 5562,363;  220,254;23035,427;23,41472
 401,01; 5575,480;  189,781;23094,134;23,51387
 401,60; 5646,460;  211,766;23119,590;23,72418
 402,19; 5660,299;  217,369;23112,094;23,77373
 402,78; 5717,606;  228,889;23019,193;24,08356
 403,37; 5666,058;  216,025;22874,577;24,05288
 403,96; 5733,510;  206,927;22765,566;24,49874
 404,55; 5730,182;  221,981;22707,621;24,49653
 405,14; 5674,599;  204,344;22516,338;24,51710
 405,73; 5726,287;  224,473;22495,027;24,70443
 406,32; 5731,953;  221,687;22330,563;24,92332
 406,91; 5708,818;  218,052;22106,316;25,08543
 407,50; 5714,579;  221,658;22007,485;25,21328
 408,09; 5663,066;  192,651;21694,036;25,44215
 408,68; 5667,232;  215,338;21519,842;25,59034
 409,27; 5630,127;  197,652;21360,402;25,66999
 409,86; 5628,937;  207,437;21233,055;25,78521
 410,45; 5722,374;  238,449;21169,855;26,19951
 411,04; 5706,516;  249,770;21139,912;26,12116
 411,63; 5651,905;  229,633;20851,355;26,29399
 412,22; 5618,662;  228,725;20634,154;26,41423
 412,81; 5576,486;  242,654;20402,820;26,45728
 413,40; 5525,559;  254,122;20116,361;26,53999
 413,99; 5520,110;  297,197;19840,419;26,72494
 414,58; 5386,358;  222,814;19381,613;26,95129
 415,17; 5385,530;  226,423;19244,223;27,12778
 415,76; 5344,450;  226,878;19048,351;27,19007
 416,35; 5363,375;  219,728;18952,438;27,45811
 416,94; 5399,104;  247,187;18919,791;27,59078
 417,53; 5463,741;  224,577;19198,185;27,61290
 418,12; 5523,373;  221,502;19256,610;27,85312
 418,71; 5658,021;  240,738;19628,350;27,94198
 419,30; 5719,804;  227,656;19681,062;28,23232
 419,89; 5773,150;  214,888;19818,661;28,35302
 420,48; 5880,384;  238,353;20128,335;28,36620
 421,07; 5945,851;  247,508;20203,804;28,55411
 421,66; 5946,688;  220,434;20201,298;28,65869
 422,25; 6004,944;  218,210;20172,872;28,99941
 422,84; 5998,015;  246,980;20160,447;28,88013
 423,43; 5955,488;  237,593;19881,303;29,10802
 424,02; 5914,493;  259,671;19663,157;29,14333
 424,60; 5778,677;  222,986;19315,964;29,09808
 425,19; 5753,881;  251,982;19050,908;29,26709
 425,78; 5796,344;  248,136;18934,501;29,69121
 426,37; 5777,948;  254,216;18845,491;29,71142
 426,96; 5763,685;  241,293;18690,278;29,93331
 427,55; 5726,603;  224,528;18531,259;30,05493
 428,14; 5660,720;  225,914;18339,747;30,00362
 428,73; 5663,421;  233,142;18150,342;30,30763
 429,32; 5668,936;  245,754;18147,086;30,29485
 429,91; 5690,498;  261,603;18179,330;30,29902
 430,50; 5630,705;  256,682;17992,998;30,29954
 431,08; 5595,736;  259,684;17864,964;30,30938
 431,67; 5616,282;  294,533;17761,465;30,46757
 432,26; 5599,191;  310,073;17587,962;30,61206
 432,85; 5539,958;  324,380;17315,996;30,69501
 433,44; 5410,541;  331,383;16930,504;30,59896
 434,03; 5334,743;  354,387;16581,647;30,69130
 434,62; 5235,091;  319,460;16216,459;30,92176
 435,21; 5185,146;  330,380;16033,955;30,91504
 435,79; 5132,177;  332,154;15856,794;30,91874
 436,38; 5100,302;  310,927;15766,789;30,98743
 436,97; 5107,865;  314,466;15676,846;31,20219
 437,56; 5077,833;  305,164;15540,304;31,32671
 438,15; 5017,783;  288,778;15421,443;31,25031
 438,74; 5084,456;  296,086;15440,861;31,61730
 439,33; 5086,486;  275,470;15433,036;31,74003
 439,91; 5123,056;  243,088;15478,979;32,02943
 440,50; 5152,948;  296,011;15560,986;31,81752
 441,09; 5234,246;  299,938;15607,794;32,23383
 441,68; 5206,491;  277,018;15662,066;32,04067
 442,27; 5230,496;  253,786;15654,574;32,31465
 442,86; 5193,415;  238,716;15607,961;32,23775
 443,44; 5249,925;  248,714;15637,417;32,49924
 444,03; 5346,833;  310,023;15701,546;32,72457
 444,62; 5230,130;  250,870;15600,811;32,43830
 445,21; 5216,851;  267,946;15432,377;32,63496
 445,80; 5209,230;  281,873;15344,067;32,71341
 446,39; 5200,557;  299,410;15123,963;33,06101
 446,97; 5034,784;  246,722;14874,932;32,73170
 447,56; 4996,918;  254,879;14755,921;32,70136
 448,15; 4973,805;  252,645;14532,562;33,06154
 448,74; 4924,741;  264,492;14244,737;33,33453
 449,33; 4848,608;  261,879;14123,571;33,08924
 449,91; 4759,173;  252,652;13966,166;32,86190
 450,50; 4720,191;  248,343;13744,298;33,13473
 451,09; 4722,237;  266,882;13684,832;33,20444
 451,68; 4696,980;  280,345;13522,457;33,35295
 452,26; 4674,503;  278,578;13547,812;33,12870
 452,85; 4603,257;  273,807;13364,749;33,07210
 453,44; 4620,784;  271,120;13391,559;33,15181
 454,03; 4629,497;  258,733;13374,937;33,32339
 454,61; 4627,137;  235,736;13373,868;33,42485
 455,20; 4686,144;  287,891;13551,847;33,15943
 455,79; 4704,571;  275,658;13551,548;33,36057
 456,38; 4732,660;  278,433;13579,250;33,48838
 456,97; 4750,162;  264,509;13634,166;33,55100
 457,55; 4743,369;  259,665;13642,373;33,50372
 458,14; 4752,489;  282,431;13601,600;33,56109
 458,73; 4737,568;  277,357;13568,451;33,55789
 459,31; 4788,647;  297,745;13654,538;33,62261
 459,90; 4801,112;  313,205;13694,602;33,53841
 460,49; 4880,449;  329,896;13738,558;33,93741
 461,08; 4842,983;  267,362;13809,923;33,78697
 461,66; 4858,844;  285,899;13893,722;33,60527
 462,25; 4892,131;  271,132;14016,723;33,61805
 462,84; 4967,028;  305,208;14005,694;34,02668
 463,43; 4902,387;  247,674;13967,110;33,92787
 464,01; 4899,151;  280,522;13983,519;33,70525
 464,60; 4886,404;  319,365;13979,188;33,43410
 465,19; 4789,001;  248,677;13709,314;33,73038
 465,77; 4787,986;  274,755;13711,515;33,58869
 466,36; 4786,629;  298,751;13589,768;33,76625
 466,95; 4622,938;  269,982;13266,515;33,49321
 467,53; 4546,290;  276,526;12990,901;33,58218
 468,12; 4471,963;  299,988;12772,094;33,45044
 468,71; 4375,992;  287,985;12587,940;33,23595
 469,29; 4294,140;  265,604;12368,158;33,28666
 469,88; 4209,662;  265,682;12051,222;33,46457
 470,47; 4310,476;  314,300;12243,422;33,49933
 471,06; 4270,290;  289,070;12169,589;33,51049
 471,64; 4315,495;  293,761;12260,548;33,60747
 472,23; 4286,772;  255,767;12284,308;33,51200
 472,81; 4348,211;  251,534;12391,804;33,74453
 473,40; 4392,014;  273,459;12489,961;33,71304
 473,99; 4488,036;  354,998;12720,662;33,42350
 474,57; 4438,969;  276,690;12800,256;33,23558
 475,16; 4549,906;  291,073;12949,077;33,64538
 475,75; 4583,099;  299,538;13052,077;33,58987
 476,33; 4608,867;  299,925;13155,518;33,51803
 476,92; 4592,335;  304,306;13162,129;33,34957
 477,51; 4609,610;  304,155;13255,104;33,24432
 478,09; 4624,500;  303,309;13252,200;33,37113
 478,68; 4595,581;  299,002;13219,379;33,25428
 479,27; 4632,286;  320,308;13271,124;33,29503
 479,85; 4570,239;  288,848;13239,870;33,05833
 480,44; 4614,332;  283,157;13366,235;33,10517
 481,02; 5089,549;  290,005;14754,419;33,18174
 481,61; 5712,336;  325,850;16683,557;32,92935
 482,20; 6078,527;  317,543;17730,327;33,08479
 482,78; 6368,847;  348,310;18494,941;33,17716
 483,37; 6510,880;  335,854;18984,669;33,11216
 483,95; 6591,729;  353,470;19260,097;32,99509
 484,54; 6644,368;  369,773;19392,478;32,98477
 485,13; 6574,058;  332,088;19375,073;32,77831
 485,71; 6474,592;  309,856;19113,433;32,78491
 486,30; 6425,483;  357,395;18821,298;32,86460
 486,88; 6317,310;  370,011;18444,864;32,90372
 487,47; 6071,521;  364,088;17768,276;32,79345
 488,05; 5753,779;  355,936;16968,991;32,49157
 488,64; 5365,338;  353,784;15692,364;32,67286
 489,23; 4724,023;  361,705;13908,077;32,20285
 489,81; 4097,641;  352,168;11955,421;32,27951
 490,40; 3844,786;  318,014;11421,657;31,76229
 490,98; 3761,021;  295,861;11187,985;31,81344
 491,57; 3717,574;  328,552;11109,257;31,43599
 492,15; 3726,176;  303,862;11034,039;31,89430
 492,74; 3674,714;  314,320;10925,792;31,66755
 493,32; 3669,712;  332,015;10825,227;31,80816
 493,91; 3595,687;  300,478;10721,071;31,62208
 494,50; 3584,461;  311,790;10703,486;31,49314
 495,08; 3565,461;  291,175;10638,266;31,64451
 495,67; 3564,410;  326,940;10584,531;31,56170
 496,25; 3503,288;  277,250;10557,794;31,38004
 496,84; 3484,574;  275,170;10500,201;31,38772
 497,42; 3467,072;  272,250;10466,406;31,33973
 498,01; 3457,675;  308,248;10427,105;31,12434
 498,59; 3411,886;  266,558;10334,408;31,24131
 499,18; 3404,808;  264,402;10265,002;31,40218
 499,76; 3384,343;  287,327;10243,240;31,10731
 500,35; 3316,268;  276,099;10056,250;31,08509
 500,93; 3324,258;  259,481; 9968,316;31,56688
 501,52; 3285,985;  266,097; 9884,961;31,39547
 502,10; 3252,088;  281,177; 9934,100;30,77732
 502,69; 3214,116;  259,948; 9763,568;31,08466
 503,27; 3150,198;  252,713; 9606,114;30,97788
 503,86; 3118,564;  259,870; 9496,559;30,94933
 504,44; 3075,317;  247,795; 9379,008;30,96546
 505,03; 2982,020;  231,718; 9135,436;30,88937
 505,61; 2965,721;  251,564; 9042,821;30,87337
 506,19; 2925,844;  272,410; 8919,817;30,68473
 506,78; 2831,823;  232,336; 8719,356;30,62897
 507,36; 2799,382;  254,564; 8571,746;30,59712
 507,95; 2751,169;  257,338; 8427,565;30,52341
 508,53; 2695,372;  241,875; 8388,713;30,11595
 509,12; 2653,728;  263,491; 8199,757;30,11790
 509,70; 2626,819;  277,569; 8024,683;30,32420
 510,29; 2582,891;  274,724; 7912,708;30,21958
 510,87; 2466,889;  238,567; 7741,088;29,70097
 511,46; 2432,386;  253,414; 7570,645;29,77864
 512,04; 2397,612;  250,646; 7473,356;29,72521
 512,62; 2377,199;  245,875; 7322,433;30,11809
 513,21; 2288,858;  237,570; 7160,798;29,62907
 513,79; 2252,141;  237,113; 7046,664;29,59120
 514,38; 2187,673;  230,650; 6937,217;29,18070
 514,96; 2212,991;  271,727; 6821,508;29,63861
 515,54; 2121,698;  230,958; 6697,648;29,23814
 516,13; 2126,337;  262,497; 6637,101;29,23851
 516,71; 2068,674;  239,345; 6444,079;29,48280
 517,30; 1995,055;  234,809; 6385,554;28,61842
 517,88; 2022,955;  255,808; 6315,627;29,16171
 518,46; 1947,541;  241,425; 6188,138;28,69008
 519,05; 1940,503;  248,811; 6157,963;28,62834
 519,63; 1925,808;  250,194; 6109,772;28,59614
 520,22; 1912,479;  253,197; 6020,861;28,76869
 520,80; 1876,304;  239,890; 5976,604;28,52529
 521,38; 1884,779;  275,118; 5973,970;28,24534
 521,97; 1825,727;  241,122; 5909,274;27,95629
 522,55; 1851,002;  249,660; 5887,376;28,40408
 523,13; 1810,665;  233,969; 5889,875;27,87699
 523,72; 1820,211;  250,040; 5842,673;28,07570
 524,30; 1903,088;  258,816; 6010,167;28,58931
 524,89; 1838,168;  225,199; 6014,248;27,86241
 525,47; 1905,233;  252,586; 6105,089;28,23829
 526,05; 1886,268;  216,048; 6127,663;28,25318
 526,64; 1918,447;  245,434; 6251,934;27,85337
 527,22; 1956,716;  265,586; 6371,874;27,69490
 527,80; 2014,083;  292,049; 6477,417;27,84046
 528,39; 1985,615;  237,127; 6572,541;27,59864
 528,97; 2047,393;  238,511; 6705,850;27,96950
 529,55; 2101,380;  261,354; 6871,423;27,83671
 530,14; 2145,970;  276,666; 7049,828;27,59869
 530,72; 2143,360;  251,049; 7155,484;27,40718
 531,30; 2161,180;  234,589; 7274,494;27,36672
 531,89; 2191,850;  258,666; 7329,638;27,33972
 532,47; 2268,095;  284,744; 7367,872;28,00106
 533,05; 2253,039;  283,203; 7460,398;27,44577
 533,63; 2249,085;  288,513; 7504,575;27,16956
 534,22; 2224,503;  251,744; 7557,781;27,00177
 534,80; 2277,819;  282,439; 7624,205;27,17848
 535,38; 2333,654;  352,282; 7757,212;26,75747
 535,97; 2239,469;  269,359; 7665,361;26,63749
 536,55; 2269,348;  320,054; 7738,914;26,27484
 537,13; 2250,201;  315,820; 7763,976;25,97128
 537,71; 2295,914;  360,358; 7797,618;26,02513
 538,30; 2273,144;  375,360; 7853,904;25,37637
 538,88; 2276,134;  412,979; 7969,256;24,65705
 539,46; 2341,786;  474,900; 8121,076;24,41594
 540,05; 2357,450;  487,055; 8267,185;24,04066
 540,63; 2419,604;  529,747; 8429,026;23,92442
 541,21; 2421,862;  565,902; 8567,890;23,19373
 541,79; 2463,148;  608,210; 8638,880;23,09817
 542,38; 2475,932;  637,516; 8826,904;22,44876
 542,96; 2504,110;  640,981; 8990,841;22,31330
 543,54; 2552,202;  654,595; 9152,882;22,32929
 544,12; 2569,204;  639,441; 9316,540;22,23972
 544,70; 2559,243;  606,827; 9383,128;22,24645
 545,29; 2637,988;  609,439; 9530,274;22,73945
 545,87; 2624,302;  604,826; 9507,342;22,68433
 546,45; 2584,448;  556,978; 9574,439;22,48383
 547,03; 2635,255;  520,286; 9587,665;23,32503
 547,62; 2655,478;  491,133; 9758,186;23,35527
 548,20; 2697,450;  497,981; 9886,142;23,42812
 548,78; 2691,599;  456,754; 9964,744;23,50491
 549,36; 2742,751;  423,984;10197,228;23,72566
 549,94; 2743,206;  388,980;10269,440;23,82708
 550,53; 2802,924;  402,907;10455,739;23,87404
 551,11; 2811,514;  366,139;10633,732;23,81644
 551,69; 2889,047;  370,753;10900,806;23,91530
 552,27; 2887,997;  337,060;11133,021;23,62863
 552,85; 2976,470;  340,832;11487,328;23,64544
 553,44; 3069,684;  336,061;11749,436;23,95105
 554,02; 3127,973;  357,216;12100,310;23,59478
 554,60; 3158,174;  289,832;12357,816;23,76820
 555,18; 3269,267;  332,754;12654,911;23,83116
 555,76; 3326,830;  318,985;12952,815;23,80786
 556,34; 3447,895;  312,756;13377,508;23,99692
 556,93; 3491,455;  298,600;13673,035;23,87282
 557,51; 3553,884;  285,141;13978,537;23,87095
 558,09; 3630,268;  316,292;14352,367;23,61041
 558,67; 3697,703;  306,527;14678,948;23,59502
 559,25; 3761,359;  319,603;14952,243;23,52108
 559,83; 3801,718;  304,297;15233,088;23,42735
 560,41; 3853,266;  291,756;15567,263;23,31517
 561,00; 3935,878;  307,219;15895,804;23,27767
 561,58; 3975,310;  295,294;16100,832;23,28308
 562,16; 4036,547;  288,139;16420,784;23,23492
 562,74; 4069,621;  273,523;16733,363;23,06279
 563,32; 4138,135;  265,759;17138,608;22,95034
 563,90; 4220,637;  307,142;17441,068;22,84062
 564,48; 4281,561;  299,832;17811,095;22,73810
 565,06; 4411,745;  290,527;18441,061;22,70577
 565,65; 4550,824;  287,376;19066,758;22,70282
 566,23; 4706,758;  338,604;19715,164;22,54349
 566,81; 4796,545;  290,372;20393,994;22,41473
 567,39; 4969,544;  295,221;21244,127;22,31297
 567,97; 5096,975;  304,142;21778,226;22,31915
 568,55; 5276,431;  326,759;22585,878;22,23661
 569,13; 5373,439;  294,373;23217,961;22,15651
 569,71; 5552,887;  284,216;24067,688;22,15266
 570,29; 5751,322;  330,984;25005,357;21,96748
 570,87; 5892,051;  332,524;25684,447;21,92941
 571,45; 5997,230;  314,450;26317,295;21,85445
 572,03; 6019,491;  270,683;26711,575;21,74211
 572,61; 6133,838;  285,297;27360,047;21,60146
 573,20; 6273,819;  315,449;27919,651;21,58501
 573,78; 6402,377;  293,066;28598,728;21,58335
 574,36; 6423,507;  312,604;29027,362;21,28140
 574,94; 6530,822;  367,683;29348,869;21,26600
 575,52; 6547,437;  314,993;29622,985;21,26534
 576,10; 6667,257;  368,839;30101,802;21,18329
 576,68; 6720,688;  350,606;30665,907;21,01276
 577,26; 6871,969;  368,533;31195,417;21,09664
 577,84; 6900,419;  370,066;31790,538;20,78375
 578,42; 6953,363;  406,915;31996,906;20,72317
 579,00; 6925,003;  370,066;32069,155;20,67863
 579,58; 6967,262;  399,145;32314,777;20,57962
 580,16; 6867,123;  375,915;32434,378;20,24803
 580,74; 6930,662;  376,377;32448,444;20,43612
 581,32; 6907,659;  381,068;32557,110;20,28401
 581,90; 6893,683;  400,146;32515,932;20,21915
 582,48; 6884,980;  394,607;32594,883;20,15627
 583,06; 6846,801;  402,606;32782,310;19,90196
 583,64; 6826,184;  401,452;32858,398;19,79463
 584,22; 6778,977;  405,994;32602,494;19,79403
 584,80; 6655,814;  405,915;32445,241;19,50696
 585,38; 6599,488;  422,833;32054,582;19,52676
 585,96; 6505,994;  393,067;32147,397;19,25069
 586,54; 6519,009;  413,532;32050,345;19,29865
 587,12; 6518,137;  382,916;32247,541;19,25402
 587,70; 6555,225;  417,836;32301,539;19,24930
 588,28; 6512,477;  390,916;32379,522;19,13669
 588,86; 6543,963;  384,762;32493,734;19,18218
 589,44; 6462,589;  374,996;32468,964;18,96803
 590,02; 6462,125;  379,303;32622,004;18,86573
 590,59; 6483,799;  352,840;32890,283;18,84278
 591,17; 6508,831;  360,844;33036,886;18,81497
 591,75; 6496,242;  356,843;33156,882;18,71766
 592,33; 6498,964;  371,304;33354,211;18,57829
 592,91; 6514,004;  310,459;33555,089;18,66029
 593,49; 6566,998;  333,460;33842,587;18,60251
 594,07; 6552,558;  344,768;34059,679;18,41260
 594,65; 6518,043;  352,455;33987,463;18,33086
 595,23; 6562,509;  353,533;34362,009;18,25714
 595,81; 6548,017;  333,457;34528,224;18,17401
 596,39; 6575,227;  333,073;34613,281;18,20921
 596,97; 6576,674;  339,459;34856,464;18,06998
 597,55; 6512,935;  341,225;34775,216;17,92331
 598,12; 6474,430;  316,846;34640,725;17,93965
 598,70; 6437,061;  319,306;34828,743;17,72777
 599,28; 6485,479;  330,152;35007,719;17,75017
 599,86; 6443,181;  313,844;34973,927;17,68414
 600,44; 6393,195;  294,076;35219,777;17,46313
 601,02; 6468,021;  334,079;35207,156;17,58934
 601,60; 6357,297;  327,151;35108,636;17,33723
 602,18; 6339,066;  301,846;35161,284;17,31875
 602,75; 6352,093;  303,072;35169,082;17,34934
 603,33; 6328,962;  319,229;35224,113;17,21746
 603,91; 6261,500;  313,001;35227,234;17,03746
 604,49; 6303,831;  330,229;35311,501;17,07657
 605,07; 6282,121;  326,074;35312,786;17,02374
 605,65; 6257,427;  353,384;35453,683;16,82049
 606,23; 6248,710;  395,147;35653,718;16,60182
 606,80; 6252,917;  462,303;35590,688;16,48415
 607,38; 6211,564;  492,693;35651,676;16,26575
 607,96; 6208,862;  550,149;35737,319;16,08175
 608,54; 6223,020;  623,230;35673,519;15,97645
 609,12; 6163,104;  603,611;35783,818;15,80290
 609,70; 6162,862;  649,229;35832,813;15,67104
 610,27; 6166,740;  652,149;35920,081;15,63628
 610,85; 6145,213;  664,305;35938,074;15,53820
 611,43; 6111,511;  661,921;35914,162;15,45885
 612,01; 6030,746;  632,996;35657,077;15,41154
 612,59; 6001,005;  630,306;35736,539;15,29842
 613,16; 5940,384;  593,917;35683,581;15,23659
 613,74; 5921,765;  564,460;35521,319;15,32548
 614,32; 5866,109;  528,153;35566,018;15,23482
 614,90; 5831,101;  470,459;35343,594;15,37184
 615,48; 5752,946;  428,610;35089,336;15,36130
 616,05; 5718,987;  397,224;35099,324;15,33556
 616,63; 5659,951;  402,454;34784,311;15,29149
 617,21; 5652,421;  402,764;34824,960;15,25079
 617,79; 5562,348;  378,919;34725,299;15,09163
 618,36; 5544,791;  389,997;34671,700;15,03658
 618,94; 5435,596;  333,764;34370,147;14,98935
 619,52; 5400,722;  353,839;34089,679;14,96000
 620,10; 5353,160;  342,611;34056,956;14,86177
 620,67; 5334,677;  344,762;33898,672;14,87134
 621,25; 5333,824;  370,689;33852,516;14,82337
 621,83; 5292,453;  345,764;33770,420;14,79952
 622,41; 5252,727;  389,610;33837,758;14,53927
 622,98; 5223,588;  363,454;33668,096;14,59296
 623,56; 5186,411;  353,377;33540,488;14,56299
 624,14; 5159,311;  325,536;33369,870;14,62815
 624,72; 5111,024;  345,533;33240,633;14,48693
 625,29; 5117,752;  315,916;33394,233;14,51657
 625,87; 5136,601;  365,150;33393,232;14,44665
 626,45; 5058,772;  315,684;33170,425;14,43654
 627,02; 5036,744;  332,842;33123,946;14,34506
 627,60; 4987,525;  312,460;33135,253;14,24335
 628,18; 4998,181;  302,995;33174,356;14,28352
 628,76; 4965,281;  302,993;33091,623;14,21922
 629,33; 4975,033;  324,379;33200,941;14,14580
 629,91; 4932,698;  321,918;33119,956;14,05810
 630,49; 4924,547;  334,686;33238,877;13,94917
 631,06; 4956,063;  324,839;33363,193;14,01772
 631,64; 4932,850;  331,377;33310,413;13,95272
 632,22; 4873,439;  294,684;33229,231;13,90259
 632,79; 4922,241;  313,607;33484,975;13,89341
 633,37; 4877,658;  295,227;33515,567;13,79405
 633,95; 4876,233;  298,607;33615,584;13,73962
 634,52; 4890,584;  283,533;33701,571;13,78612
 635,10; 4923,268;  292,764;33721,334;13,85194
 635,68; 4891,296;  286,068;33895,120;13,70234
 636,25; 4847,499;  269,528;33825,119;13,64294
 636,83; 4885,128;  269,993;34157,007;13,61918
 637,41; 4855,888;  273,068;34157,441;13,52488
 637,98; 4868,371;  305,837;34289,462;13,42568
 638,56; 4893,486;  302,143;34357,566;13,48197
 639,13; 4864,797;  275,300;34443,400;13,43211
 639,71; 4899,272;  325,147;34583,409;13,35189
 640,29; 4804,279;  257,070;34377,977;13,32675
 640,86; 4796,497;  265,378;34505,459;13,23338
 641,44; 4804,716;  279,917;34433,864;13,24825
 642,02; 4827,549;  294,455;34588,884;13,21816
 642,59; 4799,229;  276,840;34663,058;13,15175
 643,17; 4766,293;  268,532;34715,540;13,05704
 643,74; 4747,434;  270,071;34605,329;13,04013
 644,32; 4781,729;  292,763;34656,350;13,06315
 644,89; 4793,409;  282,994;34640,985;13,12770
 645,47; 4775,704;  302,994;34616,005;13,03503
 646,05; 4734,230;  293,610;34608,026;12,94098
 646,62; 4707,294;  283,840;34572,969;12,90046
 647,20; 4722,512;  281,994;34689,451;12,90569
 647,77; 4706,884;  259,148;34582,548;12,95832
 648,35; 4657,641;  254,610;34426,953;12,88478
 648,92; 4659,936;  289,764;34584,434;12,74301
 649,50; 4656,154;  244,687;34387,685;12,92056
 650,08; 4604,218;  257,225;34360,244;12,74665
 650,65; 4640,129;  260,379;34672,110;12,72749
 651,23; 4689,654;  245,149;35465,054;12,61930
 651,80; 4777,565;  253,841;36224,920;12,57600
 652,38; 4888,245;  262,149;36596,940;12,73186
 652,95; 4898,617;  237,918;36848,499;12,73047
 653,53; 4913,142;  256,611;37080,519;12,64540
 654,10; 4926,899;  292,380;37233,693;12,54563
 654,68; 4905,809;  246,995;37266,483;12,58476
 655,25; 4883,335;  243,380;37201,272;12,55471
 655,83; 4858,399;  242,842;37430,369;12,41157
 656,40; 4892,464;  269,534;37324,466;12,47588
 656,98; 4876,220;  258,611;37258,641;12,48002
 657,55; 4833,054;  260,073;37055,353;12,42817
 658,13; 4794,580;  248,996;36718,219;12,46416
 658,70; 4725,490;  269,688;36423,778;12,32448
 659,28; 4593,247;  255,073;35604,183;12,27237
 659,85; 4505,465;  265,227;34891,895;12,24558
 660,43; 4511,221;  273,304;34953,839;12,21987
 661,00; 4540,516;  243,150;35105,090;12,32681
 661,58; 4557,042;  247,227;35396,956;12,26130
 662,15; 4559,876;  244,381;35524,746;12,23200
 662,73; 4624,940;  310,073;35886,997;12,12827
 663,30; 4612,312;  251,766;36023,017;12,19009
 663,88; 4634,145;  257,150;36221,268;12,17045
 664,45; 4615,133;  259,304;36345,750;12,07054
 665,03; 4693,505;  247,535;36732,462;12,18577
 665,60; 4764,723;  326,228;37169,790;12,04687
 666,17; 4713,249;  257,459;37191,272;12,06426
 666,75; 4787,928;  252,151;37496,523;12,17842
 667,32; 4840,070;  279,766;37793,389;12,15639
 667,90; 4848,211;  266,997;37992,563;12,14353
 668,47; 4895,121;  271,305;38275,968;12,16644
 669,05; 4919,878;  254,613;38491,373;12,20099
 669,62; 4900,481;  241,305;38653,008;12,12957
 670,19; 4926,468;  241,767;38690,567;12,18426
 670,77; 4917,071;  255,382;38869,587;12,07247
 671,34; 4939,366;  251,305;38826,454;12,15306
 671,92; 4960,507;  238,152;39184,243;12,12536
 672,49; 4950,494;  272,459;39123,802;12,04086
 673,06; 4929,405;  212,767;39219,361;12,09190
 673,64; 4959,469;  223,844;39275,227;12,12665
 674,21; 4929,226;  235,614;39186,401;12,05011
 674,79; 4988,982;  263,306;39349,267;12,09047
 675,36; 4986,354;  276,537;39505,595;12,00594
 675,93; 4978,957;  227,229;39329,231;12,15213
 676,51; 5015,252;  265,306;39550,559;12,09091
 677,08; 5071,085;  256,383;39663,502;12,21785
 677,65; 5071,842;  243,383;39751,830;12,22133
 678,23; 5088,829;  251,614;40022,850;12,16260
 678,80; 5079,971;  253,153;40032,409;12,13401
 679,38; 5100,343;  245,307;40115,352;12,17715
 679,95; 5148,253;  257,153;40459,911;12,16608
 680,52; 5136,240;  239,153;40731,393;12,09389
 681,10; 5244,843;  255,691;41077,028;12,22192
 681,67; 5254,138;  263,845;41356,279;12,14407
 682,24; 5238,510;  231,768;41411,915;12,15814
 682,82; 5299,497;  234,384;41947,858;12,14263
 683,39; 5409,562;  276,999;42202,032;12,24224
 683,96; 5409,318;  254,846;42377,822;12,23672
 684,54; 5442,844;  230,769;42724,457;12,26553
 685,11; 5516,447;  273,000;43057,862;12,25538
 685,68; 5544,357;  248,461;43332,651;12,29197
 686,25; 5530,575;  238,538;43518,364;12,22749
 686,83; 5580,255;  239,231;43610,846;12,31456
 687,40; 5603,165;  232,154;43866,097;12,30925
 687,97; 5709,307;  268,154;44327,425;12,34962
 688,55; 5657,294;  218,154;44330,599;12,33017
 689,12; 5710,204;  212,385;44561,619;12,39665
 689,69; 5739,192;  220,846;44695,101;12,40795
 690,26; 5794,795;  234,847;44697,121;12,50487
 690,84; 5795,090;  234,385;44863,680;12,45976
 691,41; 5828,923;  261,462;44960,084;12,45555
 691,98; 5905,372;  249,693;45226,028;12,57479
 692,56; 5913,744;  237,616;45337,356;12,58572
 693,13; 5997,731;  302,539;45392,145;12,63083
 693,70; 5968,642;  262,462;45500,165;12,61377
 694,27; 5991,014;  232,770;45653,570;12,67755
 694,84; 6003,616;  232,232;45790,744;12,66807
 695,42; 6103,450;  289,078;45798,995;12,77605
 695,99; 6096,130;  248,924;46022,169;12,77429
 696,56; 6097,886;  250,694;45882,420;12,81388
 697,13; 6160,643;  259,232;46260,748;12,82873
 697,71; 6133,784;  224,848;46288,538;12,82775
 698,28; 6186,771;  250,155;46692,866;12,78266
 698,85; 6154,913;  206,463;46700,193;12,79409
 699,42; 6201,515;  219,232;46809,829;12,84011
 699,99; 6273,349;  257,156;46980,234;12,87628
 700,57; 6277,182;  249,386;46888,100;12,92445
 701,14; 6305,554;  239,002;47039,813;12,96249
 701,71; 6374,080;  253,848;47261,679;13,01960
 702,28; 6390,221;  244,002;47341,930;13,04987
 702,85; 6390,978;  253,079;47365,643;13,02816
 703,43; 6478,427;  268,079;47528,201;13,14078
 704,00; 6528,568;  279,002;47766,606;13,16041
 704,57; 6549,171;  263,079;47766,011;13,23306
 705,14; 6601,927;  282,541;48108,570;13,21328
 705,71; 6615,222;  286,233;48083,667;13,24127
 706,28; 6601,133;  261,772;47955,379;13,29185
 706,86; 6657,812;  302,464;48164,630;13,27844
 707,43; 6646,954;  306,234;48130,958;13,25825
 708,00; 6665,633;  294,695;48135,440;13,31697
 708,57; 6627,236;  260,541;48105,614;13,30690
 709,14; 6698,762;  288,849;48148,327;13,39319
 709,71; 6704,211;  269,926;48357,424;13,38037
 710,28; 6744,429;  272,926;48525,521;13,41172
 710,86; 6750,032;  266,926;48618,772;13,40819
 711,43; 6796,404;  290,234;48594,177;13,46923
 712,00; 6841,160;  267,850;48651,812;13,58572
 712,57; 6877,763;  287,542;48726,140;13,60531
 713,14; 6888,750;  257,619;48840,468;13,64912
 713,71; 6880,891;  269,542;48676,950;13,65772
 714,28; 6906,110;  265,081;48751,893;13,69657
 714,85; 6927,097;  241,004;48550,683;13,84007
 715,42; 6991,700;  258,312;48729,241;13,89160
 716,00; 7017,456;  311,081;48896,646;13,80323
 716,57; 7034,444;  250,466;49013,513;13,91213
 717,14; 7034,816;  233,158;48930,994;13,96706
 717,71; 7043,111;  227,158;49031,553;13,96586
 718,28; 7078,790;  268,389;49097,727;13,94736
 718,85; 7122,316;  238,158;49183,055;14,06512
 719,42; 7157,380;  260,928;49361,075;14,04569
 719,99; 7151,598;  244,851;49265,019;14,08960
 720,56; 7215,047;  256,389;49440,346;14,14823
 721,13; 7199,573;  248,159;49581,828;14,09061
 721,70; 7243,099;  232,390;49450,002;14,24431
 722,27; 7277,471;  257,467;49351,330;14,29915
 722,84; 7359,535;  293,697;49525,504;14,35218
 723,41; 7364,446;  241,082;49513,524;14,45709
 723,98; 7364,818;  260,698;49721,468;14,36314
 724,55; 7439,882;  266,390;49713,411;14,50743
 725,12; 7397,562;  203,313;49721,354;14,52854
 725,69; 7473,011;  239,621;49901,605;14,56524
 726,27; 7445,690;  256,390;49959,779;14,46441
 726,84; 7552,370;  263,775;50291,261;14,56918
 727,41; 7593,357;  256,390;50250,743;14,67559
 727,98; 7640,191;  265,929;50505,840;14,67809
 728,55; 7727,409;  289,314;50426,399;14,83552
 729,12; 7708,242;  228,006;50565,957;14,86003
 729,69; 7785,768;  274,929;50800,824;14,86533
 730,26; 7827,294;  268,622;50876,998;14,93562
 730,82; 7810,358;  256,929;50642,403;14,99128
 731,39; 7864,192;  255,852;50879,115;15,02933
 731,96; 7933,025;  238,468;51237,597;15,08762
 732,53; 8018,397;  272,237;51323,463;15,17331
 733,10; 8020,385;  278,314;51434,330;15,13423
 733,67; 8084,987;  258,545;51656,504;15,22715
 734,24; 8039,744;  243,622;51308,986;15,26695
 734,81; 8143,193;  269,930;51450,467;15,38331
 735,38; 8118,180;  263,468;51176,949;15,42757
 735,95; 8123,014;  246,776;51183,662;15,46274
 736,52; 8165,539;  268,545;51265,605;15,48519
 737,09; 8141,681;  267,853;50929,471;15,54200
 737,66; 8228,514;  303,392;51058,261;15,61451
 738,23; 8214,578;  277,007;51168,973;15,59690
 738,80; 8389,489;  311,469;51444,993;15,79789
 739,37; 8331,938;  288,238;51629,552;15,66711
 739,94; 8408,310;  272,084;51594,419;15,85319
 740,51; 8529,451;  351,469;51751,593;15,91043
 741,07; 8402,361;  265,777;51608,305;15,84765
 741,64; 8537,349;  280,777;51832,633;16,01605
 742,21; 8506,259;  258,469;51879,115;15,97770
 742,78; 8532,170;  236,162;51746,520;16,10551
 743,35; 8578,618;  251,470;51908,155;16,12018
 743,92; 8625,452;  300,393;52145,329;16,05761
 744,49; 8635,747;  272,700;52005,119;16,16597
 745,06; 8636,888;  252,624;51929,370;16,22444
 745,63; 8696,183;  238,854;51907,159;16,36850
 746,19; 8757,863;  252,162;51980,949;16,44288
 746,76; 8738,081;  265,932;51939,353;16,39557
 747,33; 8752,838;  264,778;51974,835;16,41472
 747,90; 8799,748;  273,778;52208,009;16,41686
 748,47; 8855,428;  271,701;52144,183;16,54775
 749,04; 8891,646;  271,470;52129,819;16,62254
 749,61; 8897,326;  291,086;52025,916;16,63529
 750,17; 8991,082;  286,240;52168,859;16,77795
 750,74; 8994,839;  271,932;52000,957;16,86269
 751,31; 8941,365;  252,163;51940,592;16,81073
 751,88; 8995,044;  237,855;51827,074;16,97484
 752,45; 9085,108;  259,932;52112,556;17,01973
 753,02; 9031,557;  271,009;51839,345;16,98823
 753,58; 9092,391;  247,625;51722,519;17,18268
 754,15; 9098,301;  258,163;51863,309;17,13034
 754,72; 9128,750;  239,548;51584,713;17,31264
 755,29; 9150,891;  246,471;51476,426;17,38128
 755,86; 9200,109;  262,779;51546,908;17,42709
 756,42; 9297,481;  262,318;51534,928;17,62181
 756,99; 9288,700;  220,471;51381,717;17,72480
 757,56; 9281,302;  241,087;51421,661;17,66337
 758,13; 9310,597;  198,702;51274,373;17,83999
 758,70; 9440,508;  228,010;51322,778;18,03022
 759,26; 9408,418;  222,318;51420,568;17,94222
 759,83; 9459,021;  232,164;51531,126;17,98644
 760,40; 9531,854;  217,549;51386,454;18,20306
 760,97; 9460,457;  197,703;51441,244;18,07595
 761,53; 9468,291;  186,164;51057,187;18,24639
 762,10; 9473,278;  186,780;51068,976;18,25098
 762,67; 9556,650;  223,857;51064,766;18,35686
 763,24; 9440,714;  184,549;50673,940;18,33289
 763,80; 9496,394;  216,703;50865,422;18,32167
 764,37; 9531,304;  221,549;50747,211;18,42580
 764,94; 9443,523;  202,088;50275,770;18,45567
 765,50; 9468,741;  206,934;50332,405;18,47725
 766,07; 9541,343;  251,396;50402,426;18,52394
 766,64; 9502,792;  211,396;50035,061;18,64856
 767,21; 9558,241;  214,627;50003,466;18,76648
 767,77; 9517,305;  236,473;49955,025;18,66674
 768,34; 9494,677;  243,473;49880,968;18,63753
 768,91; 9537,511;  255,627;49750,142;18,75336
 769,47; 9591,268;  249,781;49773,162;18,86278
 770,04; 9569,178;  244,243;49757,952;18,83304
 770,61; 9611,319;  229,704;49299,203;19,11904
 771,18; 9568,383;  224,704;49269,531;19,05130
 771,74; 9621,140;  242,089;49485,474;19,04632
 772,31; 9617,743;  245,089;49168,648;19,15775
 772,88; 9590,884;  219,474;49048,130;19,19244
 773,44; 9603,794;  223,320;48829,073;19,29910
 774,01; 9693,551;  236,397;48924,247;19,42405
 774,58; 9697,769;  222,705;48550,190;19,60595
 775,14; 9643,218;  215,474;48706,211;19,44236
 775,71; 9759,052;  226,782;48668,000;19,67801
 776,27; 9791,654;  270,628;48617,328;19,69323
 776,84; 9863,103;  292,090;48585,271;19,81856
 777,41; 9835,937;  242,090;48367,830;19,93496
 777,97; 9787,847;  234,321;48133,389;19,94512
 778,54; 9857,450;  236,552;48140,178;20,08386
 779,11; 9890,745;  264,013;48163,583;20,09774
 779,67; 9847,040;  233,475;48114,988;20,07782
 780,24; 9852,181;  244,244;47944,931;20,14214
 780,80; 9921,399;  261,706;47863,105;20,29288
 781,37; 9879,771;  251,090;47772,895;20,26161
 781,94; 9891,451;  239,398;47618,299;20,37205
 782,50; 9881,131;  255,629;47480,012;20,38248
 783,07; 9931,733;  276,475;47663,263;20,37542
 783,63; 9946,336;  222,706;47381,129;20,61907
 784,20; 9930,785;  262,398;47373,457;20,52254
 784,77; 9904,388;  251,168;47123,939;20,59451
 785,33; 9886,990;  214,860;46988,113;20,67876
 785,90; 9888,132;  236,706;47031,210;20,62513
 786,46; 9905,350;  255,707;46798,846;20,73269
 787,03; 9896,029;  228,553;46779,251;20,76763
 787,59; 9941,555;  231,322;46570,886;20,95452
 788,16; 9892,773;  246,322;46619,291;20,80188
 788,73; 9932,299;  259,091;46442,004;20,94543
 789,29; 9918,671;  252,553;46130,793;21,06907
 789,86; 9958,505;  255,707;46001,659;21,21018
 790,42; 9903,107;  253,476;45925,526;21,12809
 790,99; 9894,095;  255,784;45600,931;21,25544
 791,55; 9946,159;  238,476;45557,258;21,42088
 792,12; 9967,377;  254,323;45499,663;21,46752
 792,68; 9938,211;  247,323;45235,991;21,54073
 793,25; 9944,967;  262,861;44989,011;21,64753
 793,81; 9926,339;  299,246;44741,032;21,66226
 794,38; 9823,557;  228,015;44555,052;21,64715
 794,94; 9854,698;  233,708;44329,457;21,81841
 795,51; 9874,224;  252,554;44151,477;21,91778
 796,07; 9760,904;  241,093;43886,036;21,81195
 796,64; 9843,122;  255,785;43947,364;21,94322
 797,20; 9756,648;  240,939;43487,615;22,00333
 797,77; 9704,097;  225,939;43314,327;21,99701
 798,33; 9746,546;  235,324;43127,963;22,17449
 798,90; 9741,302;  264,939;42981,214;22,18443
 799,46; 9660,367;  252,401;42522,772;22,25664
 800,03; 9676,662;  250,708;42570,485;22,27316
 800,59; 9665,187;  264,247;42334,890;22,34561
 801,15; 9642,098;  259,709;42172,064;22,38574
 801,72; 9607,316;  258,709;41768,699;22,52134
 802,28; 9569,534;  272,247;41590,027;22,50190
 802,85; 9542,675;  248,324;41492,047;22,53519
 803,41; 9549,201;  249,940;41365,375;22,61745
 803,98; 9461,342;  245,632;40917,857;22,65849
 804,54; 9465,253;  249,863;40654,800;22,80758
 805,11; 9496,702;  245,478;40385,513;23,04737
 805,67; 9465,458;  271,402;40373,687;22,92652
 806,23; 9346,599;  250,863;39949,246;22,91211
 806,80; 9385,202;  270,940;39863,343;23,02023
 807,36; 9436,574;  275,863;39837,132;23,15576
 807,93; 9440,023;  277,402;39479,229;23,37294
 808,49; 9365,241;  243,633;39212,634;23,40734
 809,05; 9359,305;  234,479;38990,731;23,54414
 809,62; 9400,139;  268,171;38935,829;23,61655
 810,18; 9425,126;  269,248;38906,695;23,69690
 810,74; 9315,267;  233,325;38588,638;23,67845
 811,31; 9300,255;  228,864;38424,351;23,74990
 811,87; 9393,781;  244,710;38288,063;24,04906
 812,44; 9390,922;  273,633;38373,314;23,93009
 813,00; 9359,525;  206,787;38039,181;24,19286
 813,56; 9428,358;  253,249;38181,509;24,19069
 814,13; 9388,884;  251,480;37965,760;24,22797
 814,69; 9380,794;  238,864;37852,780;24,30465
 815,25; 9318,936;  218,249;37402,646;24,47448
 815,82; 9326,307;  261,326;37384,359;24,41875
 816,38; 9333,987;  280,711;37139,917;24,56178
 816,94; 9271,128;  240,249;36894,322;24,63813
 817,51; 9223,500;  218,865;36704,727;24,67979
 818,07; 9187,257;  230,173;36415,901;24,75309
 818,63; 9200,398;  254,942;36180,614;24,89990
 819,20; 9194,693;  246,480;36215,942;24,87725
 819,76; 9127,988;  219,788;35852,269;25,00022
 820,32; 9146,514;  270,019;35838,290;24,95622
 820,89; 9142,886;  259,250;35614,002;25,12713
 821,45; 9056,719;  228,865;35311,484;25,16304
 822,01; 9076,784;  259,635;35122,427;25,29100
 822,57; 9085,848;  251,866;34968,601;25,44589
 823,14; 8990,605;  222,327;34700,083;25,43169
 823,70; 9007,284;  230,943;34547,565;25,57461
 824,26; 8956,349;  227,866;34396,508;25,54530
 824,82; 9020,490;  253,481;34222,990;25,80846
 825,39; 8918,323;  232,481;34046,626;25,68701
 825,95; 8959,695;  253,251;34014,107;25,78858
 826,51; 8871,144;  249,635;33684,589;25,78592
 827,08; 8937,439;  283,251;33766,917;25,84600
 827,64; 8918,350;  262,020;33493,629;26,04848
 828,20; 8830,952;  227,943;33295,342;26,01659
 828,76; 8894,324;  259,174;33225,670;26,19372
 829,32; 8900,004;  262,867;33137,690;26,27280
 829,89; 8819,068;  219,790;32910,787;26,30473
 830,45; 8853,517;  234,482;32956,500;26,34017
 831,01; 8837,889;  240,636;32782,443;26,41910
 831,57; 8822,338;  246,944;32631,925;26,47954
 832,14; 8858,402;  232,790;32640,407;26,61600
 832,70; 8813,697;  229,482;32405,196;26,67917
 833,26; 8805,531;  203,021;32310,601;26,79277
 833,82; 8810,595;  237,021;32244,621;26,78606
 834,38; 8814,198;  230,637;32262,103;26,79728
 834,95; 8835,416;  228,406;32021,738;27,07175
 835,51; 8797,788;  209,252;32014,759;27,00330
 836,07; 8845,698;  239,252;32037,548;27,06575
 836,63; 8894,840;  246,406;32006,568;27,23044
 837,19; 8876,596;  232,022;31925,819;27,27529
 837,75; 8759,507;  205,175;31619,455;27,23071
 838,32; 8866,494;  259,329;31716,398;27,36162
 838,88; 8872,943;  244,253;31750,495;27,38724
 839,44; 8913,315;  251,945;31666,669;27,57105
 840,00; 8874,456;  222,099;31582,459;27,59011
 840,56; 8816,597;  219,330;31365,941;27,60258
 841,12; 8879,431;  221,253;31319,115;27,84171
 841,68; 8815,033;  208,022;31134,366;27,83068
 842,25; 8821,098;  221,484;31143,694;27,81048
 842,81; 8822,547;  214,792;30940,714;28,01464
 843,37; 8808,534;  203,407;30873,965;28,05664
 843,93; 8791,983;  230,023;30895,062;27,92092
 844,49; 8865,663;  241,176;30817,621;28,20631
 845,05; 8783,111;  191,869;30641,333;28,21476
 845,61; 8864,253;  236,023;30743,046;28,28277
 846,17; 8786,702;  219,407;30596,374;28,20326
 846,73; 8828,612;  227,561;30595,932;28,32240
 847,29; 8770,830;  206,869;30359,029;28,40248
 847,86; 8784,048;  216,638;30319,050;28,46088
 848,42; 8771,805;  217,023;30150,147;28,57965
 848,98; 8739,177;  227,177;30061,782;28,53063
 849,54; 8793,856;  216,408;30169,341;28,63642
 850,10; 8754,305;  226,793;29957,669;28,68235
 850,66; 8713,754;  215,331;29826,612;28,69995
 851,22; 8738,511;  210,485;29781,863;28,83878
 851,78; 8781,267;  256,254;29847,268;28,80947
 852,34; 8801,332;  231,793;29662,827;29,11736
 852,90; 8725,242;  221,024;29433,847;29,11125
 853,46; 8679,922;  213,870;29369,406;29,03754
 854,02; 8727,063;  235,562;29330,041;29,18595
 854,58; 8665,512;  221,178;29076,908;29,26398
 855,14; 8742,807;  202,870;29011,774;29,64339
 855,70; 8673,563;  188,563;28872,333;29,58119
 856,26; 8719,320;  231,255;28706,968;29,80809
 856,82; 8663,307;  217,871;28629,527;29,72525
 857,38; 8704,833;  232,717;28545,316;29,92348
 857,94; 8657,205;  217,332;28447,567;29,89657
 858,50; 8673,116;  230,794;28301,511;30,07519
 859,06; 8674,103;  227,179;28141,608;30,26006
 859,62; 8637,398;  235,563;28086,013;30,16768
 860,18; 8633,001;  213,948;27986,956;30,31380
 860,74; 8584,450;  192,179;27894,284;30,29470
 861,30; 8575,668;  197,333;27648,150;30,52126
 861,86; 8647,963;  257,410;27749,786;30,51956
 862,42; 8571,796;  225,410;27556,652;30,53790
 862,98; 8653,322;  251,025;27538,519;30,79175
 863,54; 8587,463;  219,718;27348,924;30,84405
 864,10; 8584,912;  214,179;27380,867;30,81249
 864,66; 8513,592;  202,410;27150,964;30,84092
 865,22; 8547,272;  219,872;27017,446;31,07520
 865,78; 8559,874;  227,410;26862,620;31,28364
 866,34; 8540,246;  210,180;26878,871;31,23538
 866,90; 8521,311;  234,103;26742,660;31,26239
 867,45; 8436,606;  228,180;26529,757;31,20887
 868,01; 8476,593;  216,334;26471,008;31,46205
 868,57; 8406,273;  218,488;26288,105;31,40738
 869,13; 8429,337;  207,257;26107,741;31,74489
 869,69; 8379,401;  227,180;26073,992;31,54053
 870,25; 8337,619;  198,334;25914,166;31,65087
 870,81; 8379,914;  219,488;25913,494;31,76004
 871,37; 8348,671;  222,103;25892,207;31,65771
 871,93; 8359,043;  239,565;25735,996;31,84555
 872,49; 8290,646;  245,104;25502,785;31,85384
 873,04; 8266,710;  209,104;25358,575;32,03887
 873,60; 8191,466;  206,181;25287,364;31,83775
 874,16; 8200,223;  232,950;25104,769;32,03333
 874,72; 8199,838;  215,488;25067,231;32,12793
 875,28; 8201,223;  229,335;25103,385;32,04902
 875,84; 8222,608;  226,719;24948,615;32,34335
 876,40; 8218,992;  207,796;24922,462;32,41475
 876,95; 8236,300;  225,950;24930,846;32,42414
 877,51; 8233,223;  245,181;24925,077;32,36660
 878,07; 8270,069;  261,950;24869,846;32,54288
 878,63; 8320,685;  213,565;24810,769;32,95952
 879,19; 8333,454;  237,104;24839,154;32,90925
 879,75; 8333,223;  216,565;24854,615;32,94359
 880,30; 8354,377;  214,719;24934,077;32,92827
 880,86; 8443,454;  257,104;25041,077;33,03082
 881,42; 8415,685;  210,258;25074,385;33,00107
 881,98; 8494,377;  234,335;25065,231;33,26518
 882,54; 8510,300;  211,488;25246,000;33,14948
 883,09; 8560,608;  236,181;25284,000;33,23414
 883,65; 8573,762;  210,258;25268,769;33,37590
 884,21; 8671,300;  242,565;25458,538;33,42617
 884,77; 8716,454;  206,181;25488,000;33,66163
 885,32; 8760,838;  218,488;25703,385;33,51927
 885,88; 8859,377;  252,104;25821,308;33,66266
 886,44; 8886,838;  225,488;25889,615;33,74886
 887,00; 8917,069;  238,027;25979,154;33,71664
 887,56; 9010,531;  221,412;25981,385;34,11929
 888,11; 9035,531;  223,412;26086,385;34,07234
 888,67; 9081,377;  256,258;26192,538;34,02616
 889,23; 9079,454;  226,719;26160,769;34,13557
 889,79; 9058,069;  202,104;26091,769;34,20657
 890,34; 9096,069;  224,258;26095,769;34,29182
 890,90; 9176,454;  283,104;26182,154;34,33852
 891,46; 9133,069;  223,719;26152,923;34,36029
 892,01; 9132,454;  248,719;26115,308;34,34444
 892,57; 9183,762;  255,873;26060,923;34,59745
 893,13; 9122,377;  233,642;25861,692;34,68362
 893,69; 9096,223;  220,873;25798,000;34,70034
 894,24; 9082,838;  230,488;25735,077;34,70885
 894,80; 9122,146;  240,950;25538,231;35,10732
 895,36; 9094,685;  222,796;25436,769;35,18640
 895,91; 9036,838;  223,565;25247,000;35,22008
 896,47; 9000,146;  229,027;25147,692;35,19899
 897,03; 8968,069;  218,873;25030,692;35,26221
 897,58; 8987,762;  234,335;24921,923;35,45679
 898,14; 8978,608;  230,873;24745,923;35,68312
 898,70; 8917,685;  209,258;24557,846;35,76563
 899,25; 8934,608;  227,950;24569,846;35,76820
 899,81; 8886,454;  241,412;24388,769;35,80119
 900,37; 8824,300;  196,642;24264,385;35,84739
 900,92; 8893,608;  234,027;24253,615;36,05216
 901,48; 8841,300;  221,104;24082,846;36,12559
 902,03; 8823,531;  218,642;23990,692;36,19750
 902,59; 8777,992;  215,488;23932,077;36,10344
 903,15; 8763,377;  236,950;23759,000;36,24866
 903,70; 8687,992;  222,950;23520,769;36,33405
 904,26; 8655,992;  217,027;23439,000;36,34043
 904,82; 8734,454;  230,565;23476,231;36,58268
 905,37; 8709,992;  234,642;23271,923;36,78972
 905,93; 8691,838;  217,796;23153,077;36,94763
 906,48; 8686,069;  222,104;23146,385;36,92140
 907,04; 8676,454;  239,104;23028,769;37,02270
 907,60; 8580,992;  218,642;22823,769;36,99316
 908,15; 8592,069;  223,950;22778,308;37,10201
 908,71; 8643,762;  245,412;22727,385;37,35593
 909,26; 8595,146;  218,181;22645,385;37,35180
 909,82; 8593,608;  242,719;22468,077;37,57370
 910,37; 8564,992;  260,719;22397,538;37,51340
 910,93; 8549,838;  212,335;22187,385;37,94077
 911,48; 8458,146;  203,412;22062,769;37,76293
 912,04; 8445,608;  217,258;22000,154;37,77436
 912,60; 8478,685;  227,642;21990,462;37,91348
 913,15; 8440,762;  228,335;21811,846;38,04954
 913,71; 8403,531;  213,027;21601,692;38,29366
 914,26; 8429,915;  201,027;21594,231;38,46497
 914,82; 8386,762;  225,873;21515,923;38,33194
 915,37; 8388,146;  216,873;21474,077;38,44002
 915,93; 8424,223;  258,412;21337,846;38,73829
 916,48; 8306,685;  218,104;21185,308;38,57730
 917,04; 8339,762;  241,719;21087,923;38,84660
 917,59; 8285,454;  254,258;21035,538;38,64630
 918,15; 8252,377;  195,181;20857,231;38,99514
 918,70; 8201,838;  214,258;20725,923;38,94165
 919,26; 8226,069;  228,258;20759,538;38,95427
 919,81; 8159,992;  212,335;20535,231;39,10691
 920,37; 8158,377;  221,488;20466,462;39,20424
 920,92; 8128,454;  235,642;20381,308;39,17871
 921,48; 8021,915;  199,181;20238,000;39,03790
 922,03; 8035,608;  217,488;20179,538;39,16491
 922,59; 8028,685;  207,412;20045,923;39,42470
 923,14; 7977,685;  219,335;19965,308;39,29080
 923,69; 7948,608;  237,565;19844,462;39,32822
 924,25; 7954,838;  232,950;19874,231;39,31459
 924,80; 7893,069;  229,873;19695,769;39,36729
 925,36; 7825,915;  215,181;19641,000;39,17845
 925,91; 7801,223;  220,950;19470,077;39,37983
 926,47; 7813,915;  191,796;19447,846;39,58298
 927,02; 7825,915;  245,335;19319,538;39,74258
 927,57; 7753,300;  216,565;19132,615;39,84307
 928,13; 7743,454;  209,335;19102,615;39,87724
 928,68; 7705,838;  209,873;19068,077;39,74910
 929,24; 7620,146;  186,950;18903,154;39,71530
 929,79; 7667,608;  205,181;18749,462;40,24112
 930,34; 7604,992;  214,873;18672,923;40,03738
 930,90; 7583,223;  205,104;18569,154;40,17697
 931,45; 7598,531;  222,258;18575,769;40,18998
 932,01; 7555,531;  222,950;18471,923;40,18079
 932,56; 7537,531;  227,027;18341,846;40,35648
 933,11; 7578,146;  236,565;18302,308;40,63814
 933,67; 7487,531;  211,104;18164,385;40,52979
 934,22; 7522,223;  228,258;18116,385;40,77546
 934,77; 7453,223;  234,950;18054,538;40,50752
 935,33; 7421,223;  223,950;17880,462;40,76271
 935,88; 7364,454;  234,950;17859,000;40,45327
 936,43; 7341,762;  215,488;17766,077;40,60418
 936,99; 7324,377;  219,565;17629,154;40,80976
 937,54; 7306,608;  203,873;17455,231;41,17203
 938,09; 7324,608;  221,642;17464,538;41,19358
 938,65; 7244,762;  224,796;17387,231;40,90309
 939,20; 7254,685;  197,950;17305,538;41,24915
 939,75; 7239,223;  199,719;17178,154;41,46144
 940,31; 7160,685;  203,642;17127,308;41,10837
 940,86; 7195,685;  222,488;17076,769;41,37344
 941,41; 7219,069;  285,258;16921,077;41,68001
 941,96; 7149,300;  206,412;16901,692;41,58593
 942,52; 7087,377;  209,104;16811,231;41,43007
 943,07; 7056,377;  191,181;16720,692;41,53296
 943,62; 7107,762;  202,412;16572,846;42,18184
 944,18; 7036,454;  186,950;16549,077;41,86194
 944,73; 7077,608;  220,488;16471,231;42,19573
 945,28; 6973,838;  179,488;16238,462;42,30875
 945,83; 7027,300;  203,181;16281,769;42,44228
 946,39; 7013,377;  212,565;16275,538;42,33844
 946,94; 6992,223;  222,027;16181,077;42,42230
 947,49; 6966,069;  199,719;16089,231;42,58375
 948,04; 7002,915;  230,027;16042,231;42,83330
 948,59; 6942,762;  226,488;15986,846;42,61498
 949,15; 6902,146;  202,181;15877,077;42,74328
 949,70; 6889,608;  201,027;15815,385;42,83609
 950,25; 6878,762;  230,412;15687,615;43,01134
 950,80; 6820,300;  187,642;15695,538;42,76955
 951,36; 6751,992;  187,258;15531,308;42,78358
 951,91; 6809,454;  217,719;15578,462;42,91287
 952,46; 6735,992;  187,719;15322,154;43,26738
 953,01; 6804,608;  226,027;15402,385;43,34756
 953,56; 6696,377;  197,642;15262,846;43,13738
 954,11; 6715,608;  214,719;15186,000;43,42239
 954,67; 6712,992;  205,181;15120,538;43,63162
 955,22; 6629,992;  184,027;14942,923;43,67512
 955,77; 6698,223;  226,719;14970,615;43,89277
 956,32; 6648,069;  252,412;14885,769;43,70602
 956,87; 6624,377;  207,104;14778,769;44,03939
 957,42; 6594,454;  198,412;14712,615;44,06747
 957,98; 6555,531;  196,335;14608,769;44,12298
 958,53; 6576,762;  231,873;14586,385;44,20135
 959,08; 6509,223;  194,950;14485,615;44,18460
 959,63; 6483,454;  203,412;14371,231;44,32610
 960,18; 6454,069;  232,335;14404,154;43,90216
 960,73; 6462,454;  208,565;14290,769;44,40987
 961,28; 6420,915;  186,412;14175,615;44,56654
 961,83; 6468,454;  225,258;14118,308;44,93755
 962,39; 6399,915;  190,642;13989,154;44,99959
 962,94; 6366,685;  220,488;13965,462;44,71596
 963,49; 6331,685;  205,104;13809,231;45,03472
 964,04; 6326,454;  224,950;13855,077;44,76484
 964,59; 6302,377;  189,258;13704,846;45,23014
 965,14; 6313,915;  220,873;13630,077;45,43925
 965,69; 6295,300;  206,181;13612,462;45,41990
 966,24; 6214,146;  214,181;13478,692;45,23322
 966,79; 6189,992;  217,412;13381,923;45,36880
 967,34; 6157,838;  193,258;13295,538;45,52323
 967,89; 6195,608;  195,488;13286,538;45,83375
 968,44; 6174,377;  212,258;13162,538;46,03853
 968,99; 6187,223;  214,873;13079,769;46,42362
 969,55; 6136,762;  222,719;13075,923;46,01220
 970,10; 6108,915;  219,873;12964,923;46,20651
 970,65; 6082,915;  229,181;12913,077;46,15092
 971,20; 6052,685;  205,873;12780,154;46,49818
 971,75; 5981,069;  186,873;12637,308;46,53810
 972,30; 6000,300;  209,950;12610,462;46,69444
 972,85; 5957,454;  202,027;12480,154;46,87545
 973,40; 5926,762;  209,104;12370,154;47,01615
 973,95; 5929,069;  211,488;12308,538;47,26426
 974,50; 5919,069;  230,027;12304,308;47,11703
 975,05; 5887,531;  217,412;12175,462;47,41675
 975,60; 5840,992;  227,796;12128,538;47,16677
 976,15; 5795,838;  212,873;12036,154;47,22010
 976,70; 5781,762;  221,335;11990,692;47,24495
 977,25; 5777,992;  221,719;11916,923;47,50899
 977,80; 5711,838;  209,181;11752,538;47,66947
 978,35; 5662,915;  220,719;11651,000;47,61210
 978,89; 5629,685;  200,950;11582,538;47,69751
 979,44; 5594,915;  213,488;11540,692;47,50887
 979,99; 5524,915;  206,335;11445,462;47,32201
 980,54; 5557,069;  229,719;11341,462;47,94343
 981,09; 5524,223;  227,412;11285,692;47,89905
 981,64; 5447,377;  221,027;11144,692;47,84429
 982,19; 5462,608;  249,565;11117,846;47,96566
 982,74; 5414,377;  227,335;11010,769;48,10195
 983,29; 5363,838;  209,565;10892,615;48,24721
 983,84; 5306,531;  217,873;10746,308;48,33252
 984,39; 5374,069;  269,488;10738,538;48,75878
 984,94; 5246,838;  193,642;10578,846;48,65765
 985,49; 5291,608;  243,258;10563,846;48,91533
 986,03; 5234,992;  237,796;10448,923;48,93873
 986,58; 5228,300;  258,719;10339,462;49,29777
 987,13; 5126,223;  225,488;10240,154;48,93558
 987,68; 5095,377;  233,950;10120,692;49,17117
 988,23; 5090,531;  229,873;10080,846;49,34190
 988,78; 4993,377;  217,258;10014,077;48,75173
 989,33; 4994,300;  234,488; 9855,846;49,47131
 989,88; 4964,838;  240,565; 9836,462;49,23222
 990,42; 4900,300;  217,027; 9720,077;49,28179
 990,97; 4859,608;  217,181; 9595,385;49,50230
 991,52; 4886,838;  243,642; 9496,231;50,18267
 992,07; 4836,223;  251,258; 9446,846;49,86049
 992,62; 4780,685;  232,412; 9340,538;49,93643
 993,17; 4741,992;  227,258; 9286,154;49,83758
 993,71; 4685,454;  222,642; 9164,231;49,91072
 994,26; 4641,915;  212,873; 9036,000;50,19810
 994,81; 4650,069;  247,412; 9032,231;50,11666
 995,36; 4571,454;  212,335; 8858,462;50,41702
 995,91; 4555,223;  227,642; 8838,538;50,25703
 996,45; 4518,531;  222,104; 8726,308;50,52121
 997,00; 4462,762;  197,873; 8618,154;50,65019
 997,55; 4415,608;  227,027; 8578,385;50,15449
 998,10; 4387,762;  256,258; 8453,692;50,39996
 998,65; 4367,838;  215,335; 8365,462;50,95017
 999,19; 4308,992;  239,565; 8279,154;50,61735
 999,74; 4272,608;  260,719; 8182,769;50,64205
1000,29; 4231,685;  244,950; 8119,923;50,62537
1000,84; 4165,992;  208,642; 7979,538;50,92527
1001,38; 4125,608;  230,335; 7906,308;50,74631
1001,93; 4122,685;  234,950; 7885,692;50,81513
1002,48; 4031,608;  206,642; 7711,000;50,96992
1003,03; 4052,762;  227,104; 7758,846;50,79379
1003,57; 3970,069;  236,565; 7587,385;50,79031
1004,12; 3972,300;  253,258; 7494,077;51,36218
1004,67; 3910,223;  219,642; 7450,769;51,03742
1005,22; 3859,531;  208,488; 7283,692;51,60335
1005,76; 3822,377;  214,258; 7178,538;51,80893
1006,31; 3782,377;  247,642; 7171,385;51,05237
1006,86; 3738,300;  214,412; 6999,231;51,93784
1007,40; 3670,223;  207,950; 6929,077;51,51328
1007,95; 3673,069;  220,565; 6885,231;51,80311
1008,50; 3574,685;  224,796; 6739,231;51,42255
1009,04; 3538,608;  228,104; 6675,154;51,34913
1009,59; 3492,762;  234,565; 6526,692;51,78211
1010,14; 3457,915;  211,335; 6464,846;51,91612
1010,68; 3392,223;  225,258; 6382,769;51,43255
1011,23; 3382,838;  216,027; 6227,000;52,68384
1011,78; 3331,992;  234,258; 6193,154;51,98504
1012,32; 3304,685;  229,258; 6099,769;52,38772
1012,87; 3289,531;  240,565; 6102,615;52,01193
1013,42; 3208,915;  208,027; 5991,615;51,88627
1013,96; 3266,300;  244,104; 5981,846;52,67222
1014,51; 3161,069;  186,104; 5891,692;52,14125
1015,06; 3190,300;  198,873; 5874,615;52,70547
1015,60; 3264,377;  265,104; 5948,077;52,77648
1016,15; 3208,915;  211,950; 5894,385;52,74087
1016,69; 3227,069;  223,565; 5911,231;52,80732
1017,24; 3196,300;  192,027; 5917,769;52,46958
1017,79; 3282,454;  244,335; 5945,154;53,29268
1018,33; 3243,762;  205,642; 5950,231;52,88663
1018,88; 3293,454;  237,258; 6016,692;52,88054
1019,42; 3269,300;  223,335; 5982,154;52,89219
1019,97; 3272,300;  209,027; 5999,923;52,89808
1020,51; 3314,608;  237,104; 6019,000;53,22655
1021,06; 3281,992;  205,642; 6009,077;53,00913
1021,61; 3280,685;  193,335; 5971,846;53,42812
1022,15; 3247,300;  180,027; 5951,077;53,14931
1022,70; 3252,915;  210,335; 5900,308;53,47267
1023,24; 3231,531;  196,796; 5892,077;53,28507
1023,79; 3225,531;  221,181; 5877,769;53,11240
1024,33; 3205,300;  213,488; 5796,000;53,59257
1024,88; 3170,915;  216,796; 5746,000;53,42757
1025,42; 3117,762;  219,104; 5599,000;53,87944
1025,97; 3104,915;  213,565; 5583,692;53,84137
1026,51; 3016,838;  171,642; 5441,615;53,98882
1027,06; 3007,608;  206,488; 5398,154;53,95416
1027,60; 2975,377;  219,719; 5305,231;54,18644
1028,15; 2938,685;  221,796; 5265,846;53,86323
1028,69; 2881,146;  196,642; 5087,615;54,88691
1029,24; 2859,223;  211,488; 5082,692;54,35483
1029,78; 2814,838;  205,104; 4956,077;54,93053
1030,33; 2748,608;  190,950; 4822,923;55,21746
1030,87; 2733,069;  196,104; 4851,308;54,49741
1031,42; 2686,300;  192,488; 4772,308;54,45218
1031,96; 2686,454;  214,719; 4699,462;55,11431
1032,51; 2623,685;  190,719; 4611,308;55,03714
1033,05; 2595,685;  217,642; 4587,923;54,41395
1033,60; 2518,762;  170,104; 4450,769;54,86665
1034,14; 2521,223;  201,181; 4417,846;55,02078
1034,69; 2489,762;  211,412; 4387,154;54,56156
1035,23; 2469,531;  205,104; 4293,692;55,38408
1035,77; 2435,531;  203,412; 4215,231;55,63858
1036,32; 2369,992;  184,642; 4177,923;54,72568
1036,86; 2394,223;  208,104; 4109,231;56,03815
1037,41; 2354,915;  217,873; 4066,077;55,53350
1037,95; 2294,762;  181,565; 4006,538;55,24735
1038,50; 2283,531;  197,873; 3958,462;55,46094
1039,04; 2295,454;  223,335; 3928,769;55,92108
1039,58; 2233,454;  194,412; 3855,000;55,70258
1040,13; 2215,915;  209,642; 3777,846;56,22641
1040,67; 2226,531;  233,027; 3757,846;56,55620
1041,21; 2177,300;  228,027; 3721,077;55,80433
1041,76; 2132,223;  185,258; 3618,154;56,71495
1042,30; 2120,300;  205,181; 3569,077;56,93158
1042,85; 2102,069;  203,027; 3537,769;56,94720
1043,39; 2058,762;  203,335; 3485,077;56,53786
1043,93; 2050,377;  221,719; 3464,923;56,38430
1044,48; 2020,531;  211,796; 3401,615;56,70336
1045,02; 1995,608;  204,796; 3327,538;57,34740
1045,56; 2001,915;  231,181; 3315,231;57,41589
1046,11; 1949,762;  219,181; 3292,769;56,30490
1046,65; 1927,531;  220,642; 3224,077;56,83122
1047,19; 1897,146;  192,488; 3170,231;57,24665
1047,74; 1856,069;  183,258; 3096,385;57,42323
1048,28; 1844,146;  198,873; 3065,615;57,39173
1048,82; 1821,531;  228,488; 3054,846;56,36379
1049,37; 1823,762;  215,642; 2970,923;58,36499
1049,91; 1800,838;  197,488; 2944,385;58,36952
1050,45; 1782,146;  217,104; 2946,077;57,34913
1050,99; 1755,069;  210,488; 2879,077;57,88007
1051,54; 1702,762;  202,950; 2820,846;57,29072
1052,08; 1697,069;  233,258; 2792,231;57,20308
1052,62; 1691,146;  219,488; 2780,231;57,46996
1053,16; 1644,069;  210,027; 2699,538;57,60336
1053,71; 1647,146;  210,796; 2701,154;57,67645
1054,25; 1614,915;  231,488; 2645,462;57,30913
1054,79; 1599,146;  219,873; 2617,231;57,53305
1055,33; 1554,146;  190,642; 2513,769;58,69261
1055,88; 1563,685;  221,873; 2539,154;57,90457
1056,42; 1567,915;  226,412; 2507,154;58,81874
1056,96; 1521,069;  221,258; 2475,615;57,65773
1057,50; 1525,300;  215,565; 2434,846;59,01617
1058,05; 1469,915;  215,335; 2397,231;57,49956
1058,59; 1496,300;  240,412; 2335,538;59,94331
1059,13; 1425,146;  200,642; 2290,923;58,58083
1059,67; 1437,146;  226,181; 2308,615;58,15142
1060,21; 1407,454;  214,335; 2240,231;58,89341
1060,76; 1405,069;  223,796; 2227,769;58,94655
1061,30; 1401,454;  234,488; 2208,462;59,11759
1061,84; 1358,300;  215,181; 2163,615;58,66860
1062,38; 1324,531;  197,950; 2118,538;58,65810
1062,92; 1348,300;  251,565; 2124,538;58,55581
1063,46; 1318,762;  237,104; 2083,308;58,58820
1064,01; 1298,377;  209,027; 2045,154;59,32869
1064,55; 1282,762;  227,873; 2009,231;59,21823
1065,09; 1237,069;  197,642; 1970,769;58,62112
1065,63; 1278,915;  247,027; 1987,154;59,29961
1066,17; 1261,992;  237,027; 1958,231;59,54933
1066,71; 1228,531;  239,181; 1928,077;58,57968
1067,25; 1207,685;  213,950; 1876,692;59,76480
1067,80; 1214,069;  232,796; 1891,615;59,15491
1068,34; 1227,146;  241,873; 1867,692;60,60164
1068,88; 1172,069;  223,488; 1805,769;59,95022
1069,42; 1198,146;  244,104; 1836,538;59,91092
1069,96; 1160,531;  203,796; 1778,462;60,75796
1070,50; 1174,685;  252,950; 1790,154;59,96177
1071,04; 1107,300;  208,258; 1720,000;59,47061
1071,58; 1118,531;  222,027; 1711,923;60,17224
1072,12; 1113,685;  213,258; 1714,462;59,98032
1072,66; 1120,762;  218,181; 1674,462;61,97849
1073,21; 1110,531;  232,719; 1692,231;60,14420
1073,75; 1075,069;  225,104; 1652,077;59,56422
1074,29; 1076,915;  239,335; 1613,615;60,94684
1074,83; 1074,300;  247,181; 1623,385;60,10151
1075,37; 1072,685;  239,873; 1593,000;61,54719
1075,91; 1058,377;  238,719; 1559,462;62,06038
1076,45; 1029,454;  225,950; 1549,846;60,69236
1076,99; 1026,838;  232,950; 1527,077;61,34549
1077,53;  990,915;  211,796; 1491,769;60,86997
1078,07; 1005,146;  232,488; 1502,769;60,82574
1078,61;  987,377;  218,719; 1458,769;61,98602
1079,15;  975,762;  222,873; 1460,692;60,82378
1079,69;  964,146;  238,796; 1427,769;61,00643
1080,23;  968,992;  245,258; 1426,923;61,24700
1080,77;  989,992;  270,565; 1448,077;61,09723
1081,31;  925,992;  218,027; 1377,000;61,08558
1081,85;  947,300;  236,950; 1402,846;60,92738
1082,39;  916,838;  232,181; 1352,154;61,13162
1082,93;  901,992;  233,488; 1352,615;59,73441
1083,47;  877,915;  211,104; 1306,000;60,90181
1084,01;  906,300;  243,488; 1335,154;60,71563
1084,55;  877,531;  218,027; 1301,615;60,86294
1085,09;  887,454;  232,642; 1288,692;62,00573
1085,63;  869,915;  224,104; 1279,846;61,17132
1086,17;  864,223;  227,565; 1238,000;63,00830
1086,71;  844,300;  218,565; 1226,769;62,06430
1087,24;  875,531;  249,488; 1243,615;62,97408
1087,78;  863,223;  227,796; 1227,000;63,59332
1088,32;  810,454;  215,642; 1171,615;62,22053
1088,86;  834,223;  247,181; 1195,846;61,88086
1089,40;  820,915;  229,181; 1187,923;61,71988
1089,94;  774,223;  205,565; 1135,000;61,18318
1090,48;  804,915;  227,104; 1167,615;61,43588
1091,02;  802,915;  242,873; 1144,538;62,11199
1091,56;  792,300;  223,642; 1136,154;62,31786
1092,10;  770,454;  213,104; 1098,846;62,92462
1092,63;  794,915;  245,181; 1131,308;62,03791
1093,17;  770,377;  237,181; 1092,231;62,35848
1093,71;  745,300;  228,719; 1072,923;61,19147
1094,25;  766,454;  243,719; 1082,308;62,33506
1094,79;  746,838;  227,719; 1049,077;63,20258
1095,33;  748,069;  230,258; 1032,000;64,58578
1095,87;  727,992;  229,565; 1010,462;63,82756
1096,40;  705,300;  212,950; 1001,538;62,43434
1096,94;  727,146;  237,181; 1012,615;63,18591
1097,48;  719,838;  228,873;  996,615;63,94924
1098,02;  719,223;  221,027;  976,769;65,92143
1098,56;  670,300;  194,488;  948,462;63,10723
1099,10;  665,223;  199,181;  928,154;63,93135
1099,63;  669,685;  203,719;  937,538;63,49866
1100,17;  682,838;  232,873;  944,154;63,26129
1100,71;  693,069;  248,258;  936,615;64,61924

