
Integration time [ms]: 120,000
Averaging Nr. [scans]: 13
Smoothing Nr. [pixels]: 0
Data measured with spectrometer [name]: 2009305U1
Wave   ;Sample   ;Dark     ;Reference;Reflectance
[nm]   ;[counts] ;[counts] ;[counts] ;[%]

 175,72;  190,001;  183,171;  181,499; 0,00000
 176,32;  219,883;  212,786;  210,387; 0,00000
 176,92;  238,934;  213,864;  225,396;217,39121
 177,52;  251,030;  238,094;  247,611;135,92067
 178,12;  217,188;  215,248;  203,250; 0,00000
 178,72;  247,412;  239,709;  247,813;95,04986
 179,32;  244,946;  229,248;  233,882;338,77494
 179,92;  241,161;  240,786;  219,096; 0,00000
 180,52;  230,842;  223,787;  238,299;48,61032
 181,12;  249,512;  233,248;  227,889; 0,00000
 181,73;  257,009;  254,325;  251,284; 0,00000
 182,33;  310,630;  282,248;  286,145;728,29852
 182,93;  254,205;  244,479;  244,283; 0,00000
 183,53;  220,437;  224,248;  208,403; 0,00000
 184,13;  228,524;  222,478;  215,605; 0,00000
 184,73;  262,713;  240,171;  238,529; 0,00000
 185,33;  248,871;  210,706;  327,657;32,63316
 185,93;  267,814;  219,937;  347,694;37,47546
 186,53;  263,169;  237,475;  346,865;23,48870
 187,13;  297,753;  258,168;  393,677;29,21213
 187,73;  256,674;  212,014;  352,264;31,84321
 188,33;  264,956;  227,706;  360,458;28,06016
 188,93;  271,293;  233,628;  362,831;29,15147
 189,53;  282,977;  234,089;  363,606;37,74617
 190,13;  311,400;  260,934;  388,107;39,68281
 190,73;  255,897;  203,397;  339,792;38,49136
 191,34;  280,608;  243,859;  378,912;27,21096
 191,94;  261,038;  214,629;  343,414;36,03638
 192,54;  270,310;  227,014;  380,813;28,15121
 193,14;  282,157;  246,014;  382,841;26,41542
 193,74;  261,930;  227,322;  363,836;25,35146
 194,34;  262,843;  235,091;  353,477;23,44200
 194,94;  228,102;  201,552;  336,897;19,61655
 195,54;  217,854;  190,322;  321,246;21,02944
 196,14;  242,194;  198,476;  351,258;28,61467
 196,74;  238,168;  204,091;  339,840;25,10343
 197,34;  221,983;  181,476;  341,406;25,32769
 197,94;  243,758;  215,706;  375,169;17,59162
 198,54;  256,103;  215,860;  373,369;25,54975
 199,14;  242,011;  199,168;  387,054;22,80271
 199,74;  221,605;  182,553;  364,766;21,43185
 200,34;  220,604;  176,861;  373,446;22,25161
 200,94;  255,978;  202,861;  429,927;23,39281
 201,54;  234,965;  204,707;  427,367;13,58956
 202,14;  257,490;  212,707;  454,628;18,51154
 202,74;  252,915;  203,015;  473,441;18,45259
 203,34;  226,535;  180,784;  498,828;14,38517
 203,94;  193,919;  153,476;  484,652;12,21172
 204,54;  275,684;  220,245;  592,293;14,90104
 205,14;  247,151;  177,245;  596,472;16,67503
 205,74;  288,349;  223,784;  688,942;13,88014
 206,34;  262,730;  188,476;  697,642;14,58333
 206,94;  273,444;  198,245;  778,788;12,95323
 207,54;  245,963;  177,784;  810,394;10,77746
 208,14;  269,487;  196,322;  901,107;10,38119
 208,74;  281,539;  189,168;  994,839;11,46506
 209,34;  290,203;  183,092; 1067,047;12,11733
 209,94;  320,311;  206,707; 1176,656;11,71235
 210,54;  317,094;  195,476; 1276,927;11,24578
 211,14;  333,816;  199,553; 1415,308;11,04362
 211,73;  329,963;  191,630; 1526,012;10,36683
 212,33;  353,846;  214,322; 1621,753; 9,91337
 212,93;  358,199;  192,707; 1742,107;10,68102
 213,53;  345,440;  172,553; 1786,475;10,71223
 214,13;  354,921;  175,553; 1827,697;10,85668
 214,73;  365,875;  167,246; 1897,398;11,48047
 215,33;  351,618;  140,476; 1933,271;11,77727
 215,93;  396,058;  181,553; 2054,584;11,45226
 216,53;  362,537;  150,707; 2131,023;10,69677
 217,13;  442,751;  194,015; 2360,519;11,48097
 217,73;  453,552;  173,861; 2598,547;11,53514
 218,33;  461,893;  136,630; 2787,366;12,27066
 218,93;  533,856;  162,477; 3099,610;12,64428
 219,53;  570,410;  168,707; 3452,541;12,23273
 220,13;  596,656;  141,015; 3759,311;12,59270
 220,73;  650,190;  172,630; 4143,465;12,02668
 221,32;  726,001;  171,245; 4547,455;12,67662
 221,92;  778,862;  174,015; 5025,746;12,46663
 222,52;  837,395;  170,246; 5450,564;12,63465
 223,12;  908,483;  163,938; 5908,625;12,96058
 223,72;  959,922;  190,784; 6305,799;12,57786
 224,32; 1014,576;  175,246; 6767,716;12,73165
 224,92; 1035,010;  172,938; 7077,475;12,48559
 225,52; 1091,807;  188,553; 7471,962;12,40153
 226,12; 1140,528;  176,399; 7802,994;12,64167
 226,72; 1166,245;  154,169; 8189,265;12,59570
 227,31; 1180,756;  142,169; 8653,639;12,20221
 227,91; 1279,827;  180,092; 9026,510;12,43142
 228,51; 1296,867;  169,784; 9504,643;12,07392
 229,11; 1359,018;  166,630; 9839,632;12,32696
 229,71; 1404,193;  170,091;10200,923;12,30309
 230,31; 1432,795;  161,246;10686,092;12,08140
 230,91; 1450,745;  152,168;10974,430;11,99913
 231,51; 1483,371;  149,015;11203,306;12,07093
 232,10; 1535,075;  155,707;11600,223;12,05265
 232,70; 1558,920;  166,553;11810,708;11,95765
 233,30; 1612,432;  175,784;12028,600;12,12073
 233,90; 1611,789;  162,630;12168,667;12,07025
 234,50; 1608,742;  162,246;12280,571;11,93644
 235,10; 1647,395;  163,476;12319,475;12,20729
 235,70; 1614,912;  186,245;12347,292;11,74789
 236,29; 1620,646;  178,245;12297,448;11,90178
 236,89; 1553,028;  154,937;12195,622;11,61139
 237,49; 1570,822;  167,938;12074,335;11,78261
 238,09; 1517,268;  171,784;11798,949;11,57190
 238,69; 1512,480;  182,399;11458,432;11,79564
 239,29; 1436,224;  155,169;11218,156;11,57966
 239,89; 1394,286;  176,937;10846,709;11,40932
 240,48; 1324,164;  169,630;10420,170;11,26315
 241,08; 1282,340;  164,630;10031,778;11,32759
 241,68; 1266,391;  179,476; 9712,341;11,40177
 242,28; 1195,204;  151,861; 9337,968;11,35783
 242,88; 1202,745;  192,477; 9026,794;11,43573
 243,48; 1156,690;  194,399; 8798,469;11,18414
 244,07; 1117,876;  166,630; 8550,269;11,34646
 244,67; 1109,751;  182,938; 8354,686;11,34168
 245,27; 1089,271;  188,630; 8210,166;11,22778
 245,87; 1116,086;  196,861; 8162,847;11,53938
 246,47; 1070,067;  175,399; 8149,484;11,21970
 247,06; 1107,672;  174,476; 8202,574;11,62412
 247,66; 1124,768;  164,015; 8244,712;11,88948
 248,26; 1173,789;  198,784; 8426,541;11,85020
 248,86; 1214,869;  181,322; 8518,062;12,39750
 249,46; 1199,547;  135,861; 8854,825;12,19968
 250,05; 1316,054;  173,476; 9269,822;12,56084
 250,65; 1361,919;  149,091; 9570,834;12,87265
 251,25; 1450,167;  162,169;10048,165;13,02852
 251,85; 1556,552;  179,476;10636,116;13,16940
 252,44; 1650,819;  132,322;11323,445;13,56876
 253,04; 1817,728;  186,707;12023,542;13,77920
 253,64; 1902,785;  135,399;12783,382;13,97366
 254,24; 2107,845;  177,169;13721,802;14,25418
 254,84; 2281,316;  164,092;14643,132;14,62268
 255,43; 2441,020;  169,938;15628,221;14,69168
 256,03; 2646,488;  172,476;16526,904;15,12748
 256,63; 2845,231;  178,014;17606,227;15,30402
 257,23; 2992,124;  158,322;18385,849;15,54682
 257,82; 3235,409;  174,783;19323,090;15,98379
 258,42; 3360,863;  137,014;20176,025;16,08786
 259,02; 3624,660;  173,015;20984,248;16,58549
 259,62; 3724,528;  155,399;21591,412;16,65016
 260,21; 3878,218;  166,630;22012,642;16,98977
 260,81; 3974,726;  173,630;22520,492;17,00953
 261,41; 4092,931;  158,168;22875,153;17,32080
 262,01; 4243,197;  205,629;23376,167;17,42544
 262,60; 4299,355;  157,399;23536,772;17,71628
 263,20; 4394,356;  150,861;23874,102;17,88750
 263,80; 4481,897;  185,783;24055,026;17,99853
 264,40; 4524,625;  161,552;24110,268;18,21840
 264,99; 4588,040;  184,629;24377,812;18,20104
 265,59; 4583,993;  163,398;24459,500;18,19467
 266,19; 4666,337;  149,629;24583,124;18,48572
 266,78; 4761,973;  197,322;24659,235;18,66024
 267,38; 4700,790;  170,398;24639,267;18,51492
 267,98; 4747,159;  154,629;24639,122;18,75689
 268,58; 4736,685;  170,245;24653,642;18,65117
 269,17; 4710,064;  158,398;24666,525;18,57207
 269,77; 4711,380;  180,245;24444,594;18,67404
 270,37; 4657,818;  148,552;24247,825;18,71121
 270,96; 4691,241;  193,399;24130,816;18,79001
 271,56; 4634,896;  154,245;23926,063;18,84858
 272,16; 4593,626;  162,245;23889,059;18,67668
 272,75; 4534,442;  170,322;23650,989;18,58601
 273,35; 4515,881;  165,937;23726,613;18,46273
 273,95; 4512,881;  168,322;23686,010;18,47358
 274,54; 4497,370;  138,169;23729,450;18,47802
 275,14; 4627,746;  188,091;24175,994;18,50789
 275,74; 4556,898;  144,860;24230,498;18,31813
 276,33; 4676,031;  180,245;24646,386;18,37554
 276,93; 4697,935;  172,169;25021,294;18,21298
 277,53; 4776,163;  173,091;25498,006;18,17606
 278,12; 4863,511;  152,707;26106,435;18,15078
 278,72; 5018,754;  186,091;26665,979;18,25031
 279,32; 5059,345;  157,784;27150,952;18,15852
 279,91; 5247,856;  151,322;27900,262;18,36659
 280,51; 5344,490;  171,938;28471,696;18,27773
 281,11; 5475,444;  172,399;29163,252;18,29213
 281,70; 5580,225;  151,553;29518,556;18,48562
 282,30; 5700,742;  152,630;30208,678;18,45922
 282,90; 5849,239;  169,630;30684,548;18,61257
 283,49; 5941,167;  182,168;31053,863;18,65462
 284,09; 6075,934;  192,245;31474,121;18,80862
 284,69; 6207,402;  192,168;31858,801;18,99550
 285,28; 6300,725;  176,014;32165,485;19,14602
 285,88; 6448,585;  197,706;32297,775;19,47310
 286,47; 6511,877;  168,476;32491,681;19,62491
 287,07; 6615,905;  191,784;32507,086;19,87950
 287,67; 6710,075;  180,169;32626,854;20,12503
 288,26; 6815,438;  168,784;32513,825;20,54922
 288,86; 6945,206;  173,014;32684,021;20,83046
 289,46; 7094,966;  178,553;32729,687;21,24784
 290,05; 7270,266;  155,322;32774,299;21,81228
 290,65; 7484,273;  164,707;32982,216;22,30384
 291,24; 7694,405;  176,630;33007,541;22,89847
 291,84; 7857,231;  190,245;33253,458;23,18887
 292,44; 8030,525;  169,169;33447,550;23,62301
 293,03; 8278,776;  220,168;33486,190;24,22474
 293,63; 8405,058;  165,091;33620,999;24,62933
 294,22; 8595,458;  186,322;33801,373;25,01598
 294,82; 8674,259;  179,937;33764,034;25,29269
 295,41; 8673,686;  167,014;33412,479;25,58747
 296,01; 8825,058;  205,245;33320,464;26,02976
 296,61; 8751,567;  180,476;33038,170;26,08549
 297,20; 8741,698;  188,091;32672,414;26,33149
 297,80; 8768,048;  186,707;32441,407;26,60493
 298,39; 8633,629;  170,784;32141,732;26,47042
 298,99; 8626,115;  183,168;31938,365;26,58761
 299,58; 8560,773;  180,938;31816,127;26,48897
 300,18; 8537,928;  201,476;31584,768;26,56334
 300,78; 8396,816;  165,399;31200,462;26,52296
 301,37; 8382,956;  182,168;31190,734;26,44685
 301,97; 8374,092;  183,861;31222,831;26,38693
 302,56; 8345,264;  169,476;31205,280;26,34309
 303,16; 8307,762;  163,476;31191,085;26,24851
 303,75; 8215,874;  176,784;31114,991;25,98434
 304,35; 8274,030;  168,707;31350,484;25,99378
 304,94; 8207,804;  166,168;31361,059;25,77869
 305,54; 8168,231;  190,322;31235,762;25,69752
 306,13; 8063,230;  153,707;31175,260;25,49686
 306,73; 7979,946;  154,553;31004,727;25,36580
 307,33; 7959,938;  189,322;30978,880;25,23783
 307,92; 7874,188;  172,245;31060,277;24,93504
 308,52; 7975,485;  160,245;31489,309;24,94565
 309,11; 8055,097;  166,168;31990,624;24,78889
 309,71; 8027,903;  142,399;32154,441;24,63293
 310,30; 8018,987;  156,015;32451,655;24,34686
 310,90; 8040,680;  172,399;32741,578;24,15867
 311,49; 8058,529;  166,630;32845,099;24,15015
 312,09; 8028,109;  138,476;32954,162;24,04226
 312,68; 8083,132;  198,707;33304,167;23,81609
 313,28; 7998,572;  157,322;33519,969;23,50308
 313,87; 7963,185;  135,784;33641,076;23,36169
 314,47; 7937,634;  150,783;33778,457;23,15608
 315,06; 7893,641;  143,630;33947,494;22,92641
 315,66; 7838,186;  154,553;34182,547;22,58033
 316,25; 7755,375;  135,168;34095,025;22,43887
 316,85; 7695,947;  138,322;34118,918;22,24100
 317,44; 7686,003;  156,322;34209,751;22,11137
 318,04; 7565,267;  145,168;34267,635;21,74549
 318,63; 7495,728;  137,861;34370,386;21,49379
 319,22; 7467,435;  168,091;34463,075;21,28400
 319,82; 7387,489;  158,553;34407,301;21,10715
 320,41; 7300,405;  165,014;34348,698;20,87367
 321,01; 7242,442;  172,399;34476,740;20,60976
 321,60; 7164,123;  166,168;34464,144;20,40341
 322,20; 7081,130;  158,245;34304,428;20,27426
 322,79; 6992,732;  194,322;34479,461;19,82903
 323,39; 6951,349;  162,399;34496,096;19,77343
 323,98; 6847,462;  153,322;34421,378;19,53464
 324,58; 6763,114;  159,168;34150,660;19,42823
 325,17; 6674,484;  162,322;34021,373;19,23315
 325,76; 6535,180;  188,784;33845,507;18,85625
 326,36; 6473,247;  137,630;33418,225;19,03697
 326,95; 6319,093;  178,245;33090,074;18,65848
 327,55; 6205,253;  146,861;32693,656;18,61440
 328,14; 6051,765;  156,938;32330,896;18,32174
 328,74; 5981,594;  192,322;31958,183;18,22482
 329,33; 5813,549;  173,476;31488,041;18,01102
 329,92; 5635,654;  158,706;30943,697;17,79097
 330,52; 5523,133;  166,707;30345,408;17,74903
 331,11; 5374,214;  163,861;29905,111;17,51895
 331,71; 5254,010;  166,322;29255,801;17,48979
 332,30; 5115,342;  187,476;28813,289;17,21476
 332,89; 5030,398;  195,553;28313,255;17,19502
 333,49; 4887,337;  170,861;27794,502;17,07406
 334,08; 4792,777;  168,168;27334,689;17,02319
 334,68; 4662,280;  176,245;26947,204;16,75709
 335,27; 4567,770;  179,707;26650,683;16,57688
 335,86; 4564,752;  195,476;26361,572;16,69824
 336,46; 4444,251;  176,861;26116,833;16,45102
 337,05; 4387,417;  172,322;25995,793;16,32273
 337,65; 4350,678;  155,322;25769,940;16,37876
 338,24; 4344,575;  201,476;25766,401;16,20618
 338,83; 4334,734;  189,015;25673,124;16,26786
 339,43; 4258,163;  152,476;25591,483;16,13934
 340,02; 4239,482;  168,091;25484,249;16,08218
 340,61; 4233,858;  163,015;25579,912;16,01629
 341,21; 4246,902;  202,091;25534,875;15,96670
 341,80; 4200,673;  167,322;25476,525;15,93630
 342,40; 4208,369;  175,553;25560,053;15,88692
 342,99; 4212,937;  175,938;25690,870;15,82210
 343,58; 4228,165;  169,784;25933,503;15,75231
 344,18; 4248,497;  174,399;26018,530;15,76411
 344,77; 4264,441;  162,553;26261,118;15,71691
 345,36; 4314,016;  149,553;26592,844;15,74866
 345,96; 4394,577;  187,861;26856,513;15,77401
 346,55; 4393,906;  160,400;27136,477;15,69356
 347,14; 4451,564;  139,476;27519,568;15,74899
 347,74; 4501,753;  137,784;27876,936;15,73216
 348,33; 4646,388;  165,323;28575,484;15,77275
 348,92; 4766,957;  185,015;29124,871;15,83264
 349,52; 4810,997;  148,015;29469,275;15,90307
 350,11; 4881,339;  164,937;29715,168;15,96063
 350,70; 4866,509;  160,938;29778,243;15,88791
 351,29; 4831,638;  156,629;29507,610;15,92795
 351,89; 4892,852;  171,937;29514,119;16,08917
 352,48; 4900,699;  149,476;29495,574;16,19030
 353,07; 4917,083;  165,246;29502,174;16,19746
 353,67; 4950,919;  187,554;29298,557;16,36276
 354,26; 4911,347;  169,322;29198,689;16,33527
 354,85; 4910,988;  173,861;28970,741;16,45014
 355,45; 4877,006;  150,399;28805,334;16,49491
 356,04; 4901,338;  160,784;28692,279;16,61516
 356,63; 4922,958;  184,630;28458,994;16,75839
 357,22; 4903,854;  172,860;28353,387;16,78817
 357,82; 4899,792;  181,091;28210,235;16,83498
 358,41; 4917,378;  178,245;28111,159;16,96612
 359,00; 4915,484;  164,245;27843,681;17,16523
 359,60; 4922,023;  185,861;27815,511;17,14159
 360,19; 4968,264;  158,246;27634,172;17,50630
 360,78; 4970,574;  174,553;27542,161;17,52444
 361,37; 4956,167;  160,937;27320,950;17,65548
 361,97; 4998,752;  176,784;27186,560;17,85268
 362,56; 4930,040;  161,322;26910,027;17,82785
 363,15; 4966,758;  181,322;26659,384;18,07321
 363,74; 4926,242;  170,399;26184,598;18,28172
 364,34; 4887,954;  198,168;25979,386;18,19071
 364,93; 4823,527;  159,322;25511,144;18,39791
 365,52; 4822,598;  138,553;25208,188;18,68414
 366,11; 4798,960;  162,937;24921,417;18,72499
 366,71; 4760,050;  154,860;24537,306;18,88732
 367,30; 4741,373;  166,784;24201,680;19,03312
 367,89; 4773,304;  199,553;24023,216;19,19835
 368,48; 4741,121;  170,399;23794,408;19,34778
 369,07; 4699,663;  173,015;23281,859;19,58838
 369,67; 4682,598;  188,168;23017,345;19,68722
 370,26; 4661,465;  165,553;22773,207;19,88668
 370,85; 4647,969;  167,399;22625,067;19,95118
 371,44; 4660,746;  161,476;22277,837;20,34363
 372,03; 4641,583;  152,630;22140,045;20,41601
 372,63; 4613,854;  145,399;21815,523;20,62035
 373,22; 4620,974;  168,630;21518,842;20,85386
 373,81; 4560,186;  141,861;21223,101;20,95857
 374,40; 4557,625;  161,707;21009,247;21,08603
 374,99; 4549,305;  157,168;20781,859;21,29553
 375,59; 4521,985;  154,938;20534,143;21,42894
 376,18; 4565,505;  179,630;20421,097;21,66778
 376,77; 4566,834;  171,322;20227,590;21,91590
 377,36; 4575,774;  191,322;20180,321;21,93433
 377,95; 4582,622;  172,937;19926,885;22,32305
 378,55; 4567,596;  157,245;19756,125;22,50307
 379,14; 4586,145;  173,091;19661,047;22,64503
 379,73; 4608,808;  174,014;19578,541;22,85443
 380,32; 4646,535;  180,245;19650,142;22,93946
 380,91; 4648,194;  160,014;19486,425;23,22304
 381,50; 4705,249;  186,630;19382,740;23,53924
 382,10; 4687,073;  152,707;19291,142;23,69246
 382,69; 4728,873;  142,476;19296,378;23,94498
 383,28; 4780,419;  171,783;19217,600;24,19763
 383,87; 4757,084;  170,399;19110,359;24,21697
 384,46; 4756,685;  162,245;19139,472;24,21028
 385,05; 4823,620;  194,783;19071,850;24,52095
 385,64; 4847,883;  163,553;19080,801;24,76222
 386,24; 4860,960;  148,245;19038,817;24,94745
 386,83; 4941,853;  180,783;19149,528;25,09955
 387,42; 5041,685;  179,707;19238,995;25,50976
 388,01; 5119,751;  169,168;19416,876;25,72038
 388,60; 5184,561;  179,706;19714,684;25,61997
 389,19; 5260,218;  158,090;19911,306;25,82935
 389,78; 5330,712;  156,014;20160,257;25,86800
 390,37; 5561,711;  215,629;20571,614;26,26295
 390,96; 5617,787;  180,706;20671,897;26,53375
 391,56; 5713,672;  176,090;20879,472;26,74723
 392,15; 5767,865;  153,167;21092,553;26,81405
 392,74; 5865,363;  147,705;21175,914;27,19042
 393,33; 6024,077;  156,706;21539,789;27,43931
 393,92; 6150,950;  172,936;21887,048;27,53055
 394,51; 6223,134;  151,244;22142,485;27,61049
 395,10; 6348,030;  194,628;22270,973;27,87328
 395,69; 6380,430;  169,551;22377,743;27,96661
 396,28; 6498,109;  179,320;22515,638;28,28930
 396,87; 6551,238;  191,704;22583,463;28,40122
 397,46; 6612,936;  179,627;22687,752;28,58216
 398,06; 6709,696;  192,703;22925,270;28,66809
 398,65; 6782,535;  187,933;22960,944;28,95797
 399,24; 6903,331;  192,471;23135,637;29,24993
 399,83; 6899,033;  168,316;23169,958;29,26190
 400,42; 7019,865;  216,623;23266,877;29,51483
 401,01; 7075,356;  179,852;23475,899;29,59946
 401,60; 7081,489;  198,004;23437,412;29,61988
 402,19; 7093,695;  210,233;23358,363;29,73658
 402,78; 7174,336;  210,385;23310,119;30,14732
 403,37; 7145,770;  211,459;23156,492;30,22140
 403,96; 7111,779;  207,841;23120,391;30,13168
 404,55; 7189,772;  201,454;22897,138;30,79140
 405,14; 7128,778;  189,374;22852,912;30,61924
 405,73; 7155,051;  201,910;22639,562;30,98872
 406,32; 7196,071;  198,754;22621,350;31,20654
 406,91; 7117,182;  210,982;22355,747;31,18660
 407,50; 7126,987;  207,365;22123,502;31,57318
 408,09; 7082,680;  188,980;21905,407;31,74417
 408,68; 7096,517;  210,595;21742,544;31,98002
 409,27; 7065,939;  197,442;21597,196;32,09615
 409,86; 7074,988;  198,136;21477,706;32,31669
 410,45; 7104,682;  231,907;21405,070;32,45984
 411,04; 7071,063;  243,062;21325,546;32,38708
 411,63; 7042,900;  225,910;21062,435;32,71654
 412,22; 6985,264;  225,605;20837,791;32,79448
 412,81; 6895,182;  228,990;20547,291;32,80881
 413,40; 6844,728;  245,606;20252,322;32,98453
 413,99; 6770,951;  270,452;19942,709;33,04399
 414,58; 6655,386;  210,452;19582,555;33,26915
 415,17; 6630,622;  219,913;19389,696;33,44174
 415,76; 6603,100;  218,989;19302,051;33,45433
 416,35; 6525,678;  202,990;19133,064;33,40023
 416,94; 6632,466;  239,912;19210,756;33,69673
 417,53; 6705,382;  218,605;19550,978;33,55396
 418,12; 6768,740;  219,298;19489,900;33,98670
 418,71; 6950,689;  231,298;19826,932;34,29025
 419,30; 6982,045;  216,375;19961,059;34,26578
 419,89; 7036,007;  212,683;20124,690;34,26739
 420,48; 7202,989;  237,760;20372,688;34,59277
 421,07; 7279,756;  234,837;20422,727;34,89676
 421,66; 7230,513;  209,761;20447,536;34,69132
 422,25; 7241,909;  215,761;20373,883;34,85517
 422,84; 7265,605;  246,838;20378,491;34,86433
 423,43; 7182,424;  218,684;20069,740;35,07995
 424,02; 7137,653;  247,607;19809,626;35,22155
 424,60; 6994,759;  218,531;19382,009;35,36011
 425,19; 6930,096;  235,685;19176,931;35,34304
 425,78; 6927,327;  236,223;19195,457;35,29206
 426,37; 6921,969;  245,377;18980,977;35,63586
 426,96; 6878,485;  221,762;18883,382;35,67066
 427,55; 6868,721;  228,993;18723,625;35,90084
 428,14; 6812,645;  208,147;18443,083;36,21892
 428,73; 6763,311;  218,532;18344,665;36,10687
 429,32; 6759,109;  230,839;18341,715;36,04613
 429,91; 6808,657;  261,686;18322,659;36,24928
 430,50; 6767,575;  235,609;18241,690;36,27644
 431,08; 6664,619;  257,532;18009,942;36,09136
 431,67; 6744,155;  289,071;17903,725;36,64610
 432,26; 6644,105;  297,456;17731,963;36,40280
 432,85; 6548,606;  307,533;17389,674;36,53566
 433,44; 6437,413;  306,610;16974,409;36,78232
 434,03; 6317,103;  314,918;16694,036;36,64535
 434,62; 6188,465;  281,071;16362,446;36,73438
 435,21; 6153,243;  306,302;16094,103;37,03455
 435,79; 6077,423;  277,995;15947,839;37,01012
 436,38; 6052,171;  287,534;15921,930;36,87151
 436,97; 5982,294;  287,072;15864,309;36,56118
 437,56; 5980,929;  291,842;15584,452;37,20155
 438,15; 5963,761;  268,996;15555,629;37,25323
 438,74; 5994,156;  291,996;15641,523;37,14877
 439,33; 5992,429;  267,150;15565,525;37,42410
 439,91; 5983,857;  233,458;15690,764;37,20182
 440,50; 5997,950;  278,919;15734,240;37,00364
 441,09; 6103,841;  275,381;15820,822;37,49305
 441,68; 6075,010;  261,228;15835,564;37,32924
 442,27; 6085,526;  261,228;15771,421;37,55142
 442,86; 6073,533;  236,305;15787,760;37,53493
 443,44; 6112,699;  237,228;15775,717;37,81237
 444,03; 6162,670;  282,075;15851,426;37,77033
 444,62; 6071,041;  236,767;15735,921;37,64253
 445,21; 6023,525;  255,382;15540,003;37,73822
 445,80; 6041,012;  272,767;15526,947;37,81419
 446,39; 5985,290;  267,690;15158,056;38,39798
 446,97; 5828,411;  244,998;15033,216;37,75582
 447,56; 5773,000;  249,537;14845,520;37,84235
 448,15; 5718,342;  252,768;14631,229;38,01224
 448,74; 5624,048;  267,075;14373,798;37,97461
 449,33; 5606,270;  246,153;14251,616;38,27162
 449,91; 5470,933;  249,076;14083,002;37,74674
 450,50; 5384,115;  235,384;13843,191;37,83660
 451,09; 5413,169;  265,615;13812,737;37,99740
 451,68; 5365,203;  284,307;13647,941;38,02032
 452,26; 5322,577;  265,307;13606,801;37,90632
 452,85; 5270,680;  253,999;13504,711;37,85971
 453,44; 5272,305;  266,615;13524,806;37,75545
 454,03; 5245,158;  254,846;13525,492;37,60414
 454,61; 5229,956;  243,923;13531,662;37,52356
 455,20; 5352,973;  279,847;13664,994;37,90116
 455,79; 5306,449;  279,077;13633,385;37,64607
 456,38; 5397,159;  268,924;13771,852;37,97869
 456,97; 5364,811;  251,924;13776,747;37,80373
 457,55; 5404,190;  269,078;13783,317;37,99779
 458,14; 5352,551;  282,001;13785,548;37,54976
 458,73; 5336,764;  270,232;13693,635;37,74402
 459,31; 5367,803;  291,694;13783,648;37,62324
 459,90; 5409,339;  288,693;13814,745;37,85765
 460,49; 5431,650;  312,463;13935,830;37,57652
 461,08; 5431,117;  257,232;14019,688;37,59420
 461,66; 5451,282;  278,847;14068,367;37,50989
 462,25; 5487,679;  266,771;14154,062;37,59486
 462,84; 5515,306;  299,078;14145,160;37,67295
 463,43; 5423,265;  244,771;14116,230;37,33200
 464,01; 5485,615;  286,695;14152,755;37,49385
 464,60; 5462,140;  304,463;14045,508;37,53482
 465,19; 5344,017;  246,233;13831,265;37,52501
 465,77; 5320,084;  276,849;13839,663;37,18428
 466,36; 5267,971;  282,464;13694,043;37,17316
 466,95; 5174,586;  277,387;13424,107;37,25035
 467,53; 5068,740;  269,464;13090,945;37,43153
 468,12; 5001,501;  295,080;12760,611;37,75548
 468,71; 4881,157;  279,925;12583,440;37,39770
 469,29; 4770,912;  265,003;12383,993;37,18057
 469,88; 4713,152;  259,465;12214,093;37,25492
 470,47; 4778,190;  318,619;12296,213;37,23261
 471,06; 4713,648;  267,696;12308,691;36,92346
 471,64; 4750,314;  278,311;12370,476;36,98265
 472,23; 4733,507;  251,235;12368,691;36,99021
 472,81; 4779,747;  266,081;12521,810;36,82903
 473,40; 4778,540;  269,773;12653,578;36,40857
 473,99; 4965,798;  340,312;12877,742;36,89342
 474,57; 4915,312;  277,389;13005,946;36,43715
 475,16; 4958,323;  285,696;13097,406;36,47153
 475,75; 5014,922;  291,235;13181,823;36,64446
 476,33; 5063,348;  297,312;13255,323;36,78061
 476,92; 5028,726;  295,927;13370,990;36,19714
 477,51; 5078,591;  300,158;13385,498;36,51745
 478,09; 5065,569;  299,774;13368,441;36,46734
 478,68; 4999,664;  289,081;13298,182;36,20990
 479,27; 5080,982;  307,697;13352,796;36,59064
 479,85; 5034,603;  294,235;13433,670;36,07741
 480,44; 5084,366;  285,389;13601,756;36,03818
 481,02; 5636,028;  288,005;15438,375;35,29962
 481,61; 6265,653;  316,851;17084,798;35,47722
 482,20; 6618,789;  298,159;18110,285;35,48498
 482,78; 6930,108;  324,235;18849,682;35,65837
 483,37; 7033,480;  306,698;19253,245;35,50400
 483,95; 7170,902;  335,313;19463,226;35,73620
 484,54; 7263,002;  348,697;19643,634;35,83481
 485,13; 7170,162;  316,929;19497,037;35,73094
 485,71; 7081,298;  301,159;19198,142;35,87948
 486,30; 6993,045;  329,621;18957,163;35,77189
 486,88; 6852,767;  341,544;18416,207;36,02403
 487,47; 6564,258;  337,467;17737,175;35,78675
 488,05; 6272,880;  327,467;16865,536;35,94986
 488,64; 5827,794;  336,314;15503,584;36,20612
 489,23; 5158,393;  345,621;13492,022;36,60904
 489,81; 4435,988;  344,545;11865,231;35,51389
 490,40; 4204,378;  281,083;11425,018;35,20565
 490,98; 4115,415;  288,160;11176,602;35,14970
 491,57; 4074,002;  314,237;11130,441;34,76049
 492,15; 4059,799;  285,237;11002,897;35,21815
 492,74; 4024,855;  297,544;11009,573;34,79556
 493,32; 3984,915;  301,545;10900,839;34,75109
 493,91; 3927,064;  297,545;10828,959;34,46374
 494,50; 3928,910;  299,084;10771,633;34,66039
 495,08; 3863,026;  286,776;10748,947;34,18267
 495,67; 3884,105;  310,545;10702,795;34,38678
 496,25; 3814,572;  257,545;10533,579;34,61479
 496,84; 3788,004;  264,699;10585,306;34,13855
 497,42; 3786,200;  268,161;10482,905;34,44080
 498,01; 3759,742;  291,006;10475,993;34,05734
 498,59; 3684,082;  249,699;10374,070;33,92194
 499,18; 3668,311;  254,622;10340,512;33,84618
 499,76; 3646,025;  273,391;10231,181;33,86930
 500,35; 3578,450;  271,392;10121,040;33,57539
 500,93; 3543,126;  252,776;10067,503;33,52462
 501,52; 3560,090;  257,545;10059,775;33,69177
 502,10; 3544,118;  282,623; 9954,241;33,72233
 502,69; 3443,336;  254,777; 9833,823;33,28681
 503,27; 3370,292;  250,468; 9611,189;33,32888
 503,86; 3350,131;  259,930; 9601,721;33,07931
 504,44; 3313,217;  248,008; 9468,513;33,24340
 505,03; 3226,153;  229,854; 9218,249;33,33520
 505,61; 3160,514;  238,469; 9078,311;33,05540
 506,19; 3122,645;  271,623; 8951,242;32,84732
 506,78; 3036,119;  236,777; 8811,322;32,64712
 507,36; 2994,780;  253,854; 8641,860;32,67673
 507,95; 2928,716;  262,008; 8500,104;32,37045
 508,53; 2907,729;  253,777; 8395,753;32,59592
 509,12; 2862,341;  242,931; 8277,976;32,59981
 509,70; 2809,796;  262,854; 8088,997;32,54402
 510,29; 2754,453;  265,778; 7942,522;32,41837
 510,87; 2670,933;  246,700; 7789,974;32,13767
 511,46; 2616,858;  233,623; 7615,932;32,28305
 512,04; 2563,919;  263,547; 7493,607;31,81678
 512,62; 2514,836;  257,931; 7326,875;31,92704
 513,21; 2441,681;  229,854; 7221,232;31,63649
 513,79; 2399,139;  237,547; 7096,833;31,51336
 514,38; 2335,834;  231,393; 6940,883;31,36513
 514,96; 2338,867;  265,547; 6841,629;31,52819
 515,54; 2266,610;  219,547; 6745,872;31,36624
 516,13; 2246,233;  246,009; 6630,026;31,33175
 516,71; 2162,547;  241,317; 6546,130;30,47243
 517,30; 2166,704;  234,625; 6462,034;31,02541
 517,88; 2136,580;  259,240; 6327,719;30,93593
 518,46; 2097,403;  230,548; 6266,637;30,92823
 519,05; 2034,000;  240,548; 6181,188;30,18955
 519,63; 2026,790;  249,856; 6167,518;30,02764
 520,22; 2014,918;  259,548; 6058,220;30,27193
 520,80; 1968,640;  244,856; 6018,969;29,85366
 521,38; 2005,478;  256,548; 6006,972;30,41394
 521,97; 1962,545;  244,010; 5955,598;30,08857
 522,55; 1954,581;  258,548; 5976,390;29,66211
 523,13; 1906,442;  226,779; 5969,687;29,24760
 523,72; 1906,588;  242,394; 5943,399;29,19123
 524,30; 1960,328;  254,779; 6089,087;29,23308
 524,89; 1947,190;  227,472; 6052,886;29,52097
 525,47; 1955,890;  246,933; 6186,102;28,77434
 526,05; 1957,681;  228,549; 6243,300;28,74819
 526,64; 2004,707;  250,164; 6329,516;28,86069
 527,22; 2011,821;  265,164; 6482,423;28,09369
 527,80; 2069,389;  278,626; 6567,301;28,47599
 528,39; 2057,893;  250,318; 6682,608;28,10157
 528,97; 2100,100;  242,164; 6859,670;28,07606
 529,55; 2146,854;  263,933; 6989,158;27,99788
 530,14; 2186,466;  266,011; 7157,221;27,86818
 530,72; 2216,077;  251,703; 7269,460;27,99149
 531,30; 2206,034;  242,934; 7435,202;27,29459
 531,89; 2229,545;  242,549; 7456,192;27,54498
 532,47; 2277,077;  280,011; 7594,444;27,30309
 533,05; 2270,334;  272,087; 7625,435;27,17465
 533,63; 2287,909;  283,857; 7652,003;27,19886
 534,22; 2268,181;  243,472; 7701,519;27,14798
 534,80; 2291,025;  267,242; 7728,148;27,12516
 535,38; 2369,413;  314,472; 7805,082;27,43356
 535,97; 2255,313;  252,549; 7795,013;26,55318
 536,55; 2295,684;  302,242; 7824,172;26,50173
 537,13; 2267,639;  313,626; 7844,141;25,94793
 537,71; 2305,455;  343,626; 7872,776;26,05645
 538,30; 2298,804;  349,319; 7932,968;25,70642
 538,88; 2307,138;  380,857; 8051,323;25,11295
 539,46; 2369,599;  418,550; 8198,018;25,07947
 540,05; 2384,633;  432,088; 8354,696;24,64523
 540,63; 2440,421;  472,242; 8517,231;24,46466
 541,21; 2444,832;  491,550; 8629,588;24,00188
 541,79; 2458,343;  513,781; 8749,501;23,61132
 542,38; 2492,988;  531,319; 8872,177;23,51879
 542,96; 2526,382;  537,704; 8979,735;23,55687
 543,54; 2568,046;  551,857; 9216,728;23,26854
 544,12; 2548,699;  531,011; 9315,555;22,96861
 544,70; 2546,162;  522,242; 9409,257;22,77390
 545,29; 2624,364;  522,780; 9566,625;23,23772
 545,87; 2635,189;  491,627; 9585,886;23,57050
 546,45; 2602,634;  471,319; 9588,631;23,37657
 547,03; 2600,558;  453,473; 9734,346;23,13452
 547,62; 2623,870;  451,165; 9819,889;23,19104
 548,20; 2665,596;  439,858;10022,183;23,22754
 548,78; 2668,891;  416,935;10124,352;23,19830
 549,36; 2713,276;  386,550;10315,287;23,43425
 549,94; 2707,776;  370,088;10447,312;23,19773
 550,53; 2742,323;  372,166;10684,473;22,98377
 551,11; 2768,337;  339,858;10855,745;23,09343
 551,69; 2808,781;  344,627;11131,478;22,84405
 552,27; 2861,074;  311,550;11399,117;22,99444
 552,85; 2912,436;  330,628;11778,494;22,55275
 553,44; 2966,251;  320,935;12023,414;22,60475
 554,02; 3052,204;  342,397;12383,767;22,50414
 554,60; 3059,661;  301,858;12710,759;22,22439
 555,18; 3157,171;  319,397;13031,047;22,32420
 555,76; 3221,217;  300,474;13359,195;22,36623
 556,34; 3306,283;  300,243;13727,568;22,38748
 556,93; 3345,770;  305,397;14061,020;22,10277
 557,51; 3394,365;  284,397;14394,752;22,04032
 558,09; 3498,190;  306,320;14773,197;22,06330
 558,67; 3567,572;  316,628;15071,658;22,03279
 559,25; 3595,090;  316,935;15310,318;21,86401
 559,83; 3646,931;  304,551;15671,054;21,75107
 560,41; 3713,404;  302,166;16025,540;21,69533
 561,00; 3772,600;  312,551;16276,745;21,67381
 561,58; 3756,806;  297,012;16558,413;21,27611
 562,16; 3813,455;  292,474;16789,798;21,34274
 562,74; 3886,168;  265,935;17227,359;21,34392
 563,32; 3952,722;  271,243;17595,727;21,25015
 563,90; 4034,663;  299,628;17932,932;21,18171
 564,48; 4105,757;  301,781;18353,974;21,07210
 565,06; 4188,877;  292,474;18942,533;20,89218
 565,65; 4332,783;  300,782;19603,159;20,88862
 566,23; 4480,641;  336,782;20364,721;20,69039
 566,81; 4578,189;  295,935;21026,913;20,65630
 567,39; 4759,999;  308,013;21878,182;20,63955
 567,97; 4823,685;  316,782;22428,309;20,38260
 568,55; 5015,920;  314,090;23185,378;20,55778
 569,13; 5126,492;  303,166;23961,290;20,38761
 569,71; 5295,554;  297,243;24824,778;20,37837
 570,29; 5497,009;  330,704;25715,418;20,35203
 570,87; 5569,415;  330,858;26308,988;20,16526
 571,45; 5683,462;  325,243;26988,925;20,09557
 572,03; 5717,718;  288,551;27402,334;20,02364
 572,61; 5863,621;  284,859;28069,776;20,07838
 573,20; 5959,398;  314,628;28764,715;19,84096
 573,78; 6058,274;  307,320;29309,078;19,82967
 574,36; 6121,613;  304,474;29655,776;19,81901
 574,94; 6178,668;  342,320;29984,716;19,68919
 575,52; 6160,382;  318,629;30330,514;19,46480
 576,10; 6305,855;  343,167;30914,074;19,50445
 576,68; 6346,600;  339,167;31407,742;19,33604
 577,26; 6493,347;  361,090;32016,667;19,37181
 577,84; 6514,022;  354,782;32519,649;19,14897
 578,42; 6586,032;  387,167;32655,540;19,21034
 579,00; 6506,057;  352,551;32802,044;18,96333
 579,58; 6571,813;  371,782;32968,241;19,02057
 580,16; 6504,634;  361,859;33014,253;18,81263
 580,74; 6521,902;  361,551;33214,555;18,75126
 581,32; 6506,269;  358,936;33204,275;18,71600
 581,90; 6466,334;  384,398;33242,651;18,50962
 582,48; 6451,109;  383,859;33392,451;18,38082
 583,06; 6470,371;  378,628;33439,007;18,42611
 583,64; 6429,256;  366,628;33498,321;18,29857
 584,22; 6369,708;  376,782;33263,037;18,22319
 584,80; 6250,345;  384,167;33037,494;17,96503
 585,38; 6142,467;  376,935;32645,407;17,86738
 585,96; 6129,581;  367,859;32843,757;17,74153
 586,54; 6108,653;  376,629;32800,491;17,67842
 587,12; 6055,839;  357,628;32946,432;17,48518
 587,70; 6092,773;  377,551;33074,059;17,47961
 588,28; 6049,015;  371,475;33052,027;17,37284
 588,86; 6017,214;  351,013;33263,252;17,21609
 589,44; 6009,115;  353,475;33215,245;17,21039
 590,02; 6008,135;  354,936;33388,113;17,11370
 590,59; 5998,585;  339,167;33621,273;17,00439
 591,17; 6000,861;  341,244;33833,544;16,89826
 591,75; 5996,501;  343,167;33904,651;16,84471
 592,33; 6021,697;  352,244;34177,576;16,76097
 592,91; 6026,293;  319,629;34430,500;16,72975
 593,49; 6021,066;  318,552;34707,031;16,58263
 594,07; 6023,536;  337,321;34855,736;16,47299
 594,65; 6023,194;  337,167;34843,615;16,47816
 595,23; 6043,500;  337,244;35291,116;16,32511
 595,81; 6023,054;  323,090;35395,733;16,25188
 596,39; 6007,911;  325,167;35478,793;16,16546
 596,97; 5990,881;  336,321;35621,566;16,02528
 597,55; 5979,748;  314,475;35679,770;16,01930
 598,12; 5953,082;  307,552;35635,647;15,98028
 598,70; 5926,592;  310,321;35716,243;15,86252
 599,28; 5974,941;  323,091;35916,989;15,87871
 599,86; 5889,532;  313,321;35837,269;15,69705
 600,44; 5882,064;  291,245;35866,291;15,71556
 601,02; 5919,557;  342,245;36060,291;15,61483
 601,60; 5805,954;  323,552;35937,869;15,39381
 602,18; 5827,764;  309,168;36043,125;15,44356
 602,75; 5771,247;  295,936;36097,970;15,29330
 603,33; 5760,353;  323,706;36054,537;15,21556
 603,91; 5762,740;  294,706;36032,416;15,30046
 604,49; 5700,015;  321,475;36158,237;15,00844
 605,07; 5659,830;  332,629;36173,400;14,86352
 605,65; 5676,044;  339,629;36237,435;14,86557
 606,23; 5697,360;  389,398;36368,239;14,75301
 606,80; 5672,758;  404,936;36416,652;14,62808
 607,38; 5589,804;  438,168;36483,231;14,29221
 607,96; 5600,074;  482,398;36484,819;14,21481
 608,54; 5628,402;  527,937;36436,348;14,20409
 609,12; 5591,338;  511,860;36635,859;14,06123
 609,70; 5579,730;  557,398;36603,537;13,93306
 610,27; 5564,673;  560,321;36689,574;13,85125
 610,85; 5539,670;  556,091;36772,640;13,76050
 611,43; 5495,886;  559,244;36674,276;13,66922
 612,01; 5435,172;  539,706;36359,838;13,66680
 612,59; 5417,947;  526,860;36547,647;13,57851
 613,16; 5363,658;  499,705;36393,278;13,55104
 613,74; 5330,317;  485,475;36337,745;13,51335
 614,32; 5302,742;  444,091;36255,543;13,56731
 614,90; 5271,591;  417,321;36213,067;13,56102
 615,48; 5187,454;  376,936;35892,121;13,54496
 616,05; 5164,203;  366,782;35923,167;13,49243
 616,63; 5140,874;  369,552;35651,827;13,52328
 617,21; 5123,275;  363,859;35594,838;13,50918
 617,79; 5050,274;  360,167;35557,506;13,32517
 618,36; 5027,034;  370,783;35431,544;13,28052
 618,94; 4923,995;  305,013;35123,246;13,26599
 619,52; 4923,008;  339,244;34907,587;13,26001
 620,10; 4877,791;  326,860;34803,461;13,20006
 620,67; 4825,300;  331,628;34701,650;13,07439
 621,25; 4804,940;  328,090;34606,364;13,06031
 621,83; 4749,394;  331,090;34592,828;12,89574
 622,41; 4766,641;  346,090;34534,700;12,92989
 622,98; 4732,575;  346,398;34254,302;12,93556
 623,56; 4673,182;  333,628;34260,994;12,79072
 624,14; 4672,563;  323,860;34284,967;12,80495
 624,72; 4614,185;  334,167;34117,192;12,66914
 625,29; 4577,839;  293,859;34127,432;12,66192
 625,87; 4591,763;  336,936;34114,439;12,59663
 626,45; 4530,078;  297,628;33966,996;12,57063
 627,02; 4530,172;  306,013;33876,620;12,58291
 627,60; 4506,918;  298,552;33792,073;12,56472
 628,18; 4471,953;  299,013;33921,859;12,41102
 628,76; 4445,690;  279,628;33942,142;12,37597
 629,33; 4456,469;  315,013;33912,254;12,32677
 629,91; 4448,637;  311,398;33899,769;12,31747
 630,49; 4452,673;  319,398;34011,718;12,26771
 631,06; 4442,280;  319,705;34205,179;12,16620
 631,64; 4421,424;  312,398;34172,605;12,13527
 632,22; 4376,898;  269,090;34019,319;12,17120
 632,79; 4403,785;  295,474;34318,142;12,07522
 633,37; 4398,100;  289,860;34452,868;12,02541
 633,95; 4421,905;  294,090;34412,538;12,09849
 634,52; 4386,886;  288,244;34578,821;11,95268
 635,10; 4390,544;  282,629;34601,832;11,96973
 635,68; 4419,296;  287,859;34741,285;11,99137
 636,25; 4360,675;  278,090;34737,707;11,84745
 636,83; 4378,382;  270,398;34952,680;11,84462
 637,41; 4393,808;  273,013;34898,211;11,90115
 637,98; 4395,720;  311,320;35188,304;11,71087
 638,56; 4417,796;  301,551;35203,218;11,79384
 639,13; 4389,836;  278,398;35289,987;11,74308
 639,71; 4410,195;  302,475;35420,089;11,69704
 640,29; 4338,974;  247,782;35227,119;11,69602
 640,86; 4353,977;  272,167;35440,988;11,60633
 641,44; 4347,287;  269,167;35409,549;11,60522
 642,02; 4375,521;  292,167;35365,725;11,64226
 642,59; 4333,370;  271,167;35414,363;11,55900
 643,17; 4365,911;  271,013;35476,231;11,63151
 643,74; 4338,991;  261,475;35494,407;11,57303
 644,32; 4325,917;  294,859;35477,353;11,45757
 644,89; 4315,997;  287,705;35436,683;11,46062
 645,47; 4336,538;  294,244;35495,013;11,48354
 646,05; 4306,772;  273,475;35402,343;11,48143
 646,62; 4283,005;  285,167;35401,289;11,38462
 647,20; 4279,701;  292,629;35611,696;11,28872
 647,77; 4258,704;  256,629;35327,872;11,41127
 648,35; 4199,322;  250,398;35338,279;11,25438
 648,92; 4254,632;  281,244;35367,993;11,32447
 649,50; 4195,943;  243,167;35303,324;11,27427
 650,08; 4208,254;  255,321;35232,807;11,30136
 650,65; 4205,103;  253,398;35544,907;11,19732
 651,23; 4287,490;  235,783;36403,852;11,20244
 651,80; 4415,647;  250,013;37197,413;11,27450
 652,38; 4495,880;  260,859;37493,282;11,37455
 652,95; 4483,730;  242,398;37862,458;11,27412
 653,53; 4568,809;  260,859;38029,865;11,40605
 654,10; 4594,505;  286,244;38120,810;11,38710
 654,68; 4533,815;  261,936;38109,679;11,28701
 655,25; 4546,587;  245,629;38243,470;11,31895
 655,83; 4576,975;  255,244;38135,031;11,40907
 656,40; 4613,439;  273,475;38132,361;11,46353
 656,98; 4560,596;  248,475;38142,307;11,37948
 657,55; 4558,676;  256,244;37827,714;11,45133
 658,13; 4488,679;  241,398;37573,967;11,37688
 658,70; 4497,451;  278,629;37236,297;11,41528
 659,28; 4338,146;  259,013;36275,550;11,32572
 659,85; 4233,610;  256,398;35687,726;11,22513
 660,43; 4269,382;  264,090;35925,902;11,23132
 661,00; 4304,770;  261,860;35945,309;11,32993
 661,58; 4295,004;  234,783;36358,101;11,23989
 662,15; 4363,853;  245,937;36428,893;11,38082
 662,73; 4428,548;  281,552;36687,915;11,39085
 663,30; 4388,474;  262,783;36894,091;11,26275
 663,88; 4406,707;  266,629;37070,421;11,24905
 664,45; 4424,326;  241,783;37299,213;11,28665
 665,03; 4480,098;  262,552;37691,081;11,26826
 665,60; 4554,562;  300,937;38088,027;11,25682
 666,17; 4539,873;  258,860;38193,203;11,28532
 666,75; 4614,491;  258,014;38429,918;11,41279
 667,32; 4686,802;  274,321;38684,786;11,48770
 667,90; 4708,112;  259,860;39003,732;11,48118
 668,47; 4737,192;  283,475;39285,985;11,41905
 669,05; 4754,118;  250,014;39530,392;11,46655
 669,62; 4719,967;  234,860;39695,722;11,36596
 670,19; 4775,432;  241,937;39679,360;11,49541
 670,77; 4807,973;  259,783;39862,997;11,48440
 671,34; 4796,899;  252,783;39769,789;11,49914
 671,92; 4843,440;  246,937;40082,965;11,53856
 672,49; 4869,905;  272,398;40071,603;11,55175
 673,06; 4862,369;  222,244;40156,010;11,61955
 673,64; 4860,218;  232,860;40005,032;11,63466
 674,21; 4869,990;  237,783;40079,593;11,62650
 674,79; 4923,147;  252,629;40166,616;11,70146
 675,36; 4998,842;  259,091;40471,715;11,78673
 675,93; 4904,614;  247,706;40281,660;11,63240
 676,51; 4979,002;  267,629;40500,529;11,71025
 677,08; 4970,005;  264,552;40585,782;11,66991
 677,65; 5031,777;  260,398;40705,574;11,79715
 678,23; 5069,626;  258,014;40927,519;11,83101
 678,80; 5080,013;  247,860;41093,849;11,83018
 679,38; 5090,016;  240,706;41104,641;11,86697
 679,95; 5129,327;  256,783;41393,125;11,84486
 680,52; 5180,022;  245,629;41644,532;11,91914
 681,10; 5287,025;  247,783;42074,785;12,04782
 681,67; 5279,259;  256,937;42335,192;11,93567
 682,24; 5327,261;  228,860;42364,906;12,09986
 682,82; 5401,264;  246,937;42918,544;12,07906
 683,39; 5471,729;  271,629;43194,490;12,11499
 683,96; 5536,424;  256,245;43395,435;12,23987
 684,54; 5507,888;  228,552;43829,380;12,10834
 685,11; 5582,968;  256,629;44079,864;12,15414
 685,68; 5663,817;  242,860;44525,118;12,24183
 686,25; 5686,897;  241,629;44535,678;12,29345
 686,83; 5731,669;  242,014;44732,778;12,33886
 687,40; 5797,672;  223,937;45041,800;12,43641
 687,97; 5875,752;  257,014;45277,361;12,48044
 688,55; 5891,216;  227,322;45353,152;12,55134
 689,12; 5896,835;  209,014;45620,790;12,52499
 689,69; 5954,837;  229,322;45676,736;12,59811
 690,26; 5959,379;  238,552;45715,604;12,57959
 690,84; 6017,997;  235,322;45970,473;12,64383
 691,41; 6080,846;  249,168;46014,726;12,74250
 691,98; 6154,695;  248,629;46377,979;12,80327
 692,56; 6194,698;  235,706;46369,848;12,91666
 693,13; 6271,855;  299,783;46457,331;12,93845
 693,70; 6303,396;  258,937;46553,200;13,05660
 694,27; 6266,245;  250,322;46801,838;12,92315
 694,84; 6344,710;  242,322;46837,629;13,09657
 695,42; 6421,328;  283,014;46911,575;13,16428
 695,99; 6393,792;  254,860;47113,674;13,10091
 696,56; 6441,334;  237,706;46968,696;13,27519
 697,13; 6566,413;  250,245;47337,565;13,41374
 697,71; 6559,109;  222,553;47384,818;13,43565
 698,28; 6615,496;  256,476;47724,456;13,39644
 698,85; 6596,114;  219,553;47792,401;13,40378
 699,42; 6724,194;  213,399;47897,731;13,65395
 699,99; 6736,351;  256,630;48030,677;13,56327
 700,57; 6767,123;  250,014;48016,699;13,64363
 701,14; 6792,818;  233,014;48203,183;13,67476
 701,71; 6830,667;  255,091;48376,359;13,66459
 702,28; 6916,209;  250,168;48458,228;13,82765
 702,85; 6932,135;  258,476;48463,250;13,84439
 703,43; 6987,676;  255,860;48544,426;13,94081
 704,00; 7023,987;  273,399;48919,603;13,87691
 704,57; 7083,682;  253,014;48858,240;14,05336
 705,14; 7130,838;  282,245;49138,263;14,01791
 705,71; 7177,687;  276,783;49143,747;14,12182
 706,28; 7183,613;  252,784;49091,231;14,19134
 706,86; 7263,463;  289,707;49277,330;14,23575
 707,43; 7324,542;  287,322;49280,814;14,36358
 708,00; 7340,161;  277,322;49315,759;14,40266
 708,57; 7308,779;  241,630;49152,705;14,44898
 709,14; 7435,628;  281,860;49398,958;14,56472
 709,71; 7393,554;  260,784;49338,134;14,53373
 710,28; 7539,864;  250,784;49589,541;14,77354
 710,86; 7585,098;  277,707;49746,256;14,77179
 711,43; 7605,024;  279,784;49788,663;14,79581
 712,00; 7655,412;  268,861;49742,531;14,93027
 712,57; 7739,722;  272,937;49988,400;15,01904
 713,14; 7763,802;  256,937;50054,730;15,07469
 713,71; 7775,497;  261,476;49820,137;15,16187
 714,28; 7783,115;  261,091;49978,467;15,12957
 714,85; 7813,041;  244,322;49702,720;15,30320
 715,42; 7875,044;  259,168;49948,435;15,32700
 716,00; 7964,663;  298,322;50085,919;15,39809
 716,57; 7954,435;  247,245;50173,633;15,43711
 717,14; 7967,668;  232,091;50079,656;15,51847
 717,71; 7987,979;  227,476;50137,063;15,54912
 718,28; 8103,828;  257,399;50213,008;15,70680
 718,85; 8092,600;  243,015;50235,492;15,70153
 719,42; 8192,141;  250,553;50372,284;15,84460
 719,99; 8171,221;  245,322;50183,921;15,87129
 720,56; 8234,378;  249,168;50406,098;15,92045
 721,13; 8300,304;  243,015;50505,658;16,03037
 721,70; 8280,153;  250,861;50386,219;16,01523
 722,27; 8363,925;  261,784;50438,088;16,14735
 722,84; 8458,159;  282,707;50505,418;16,27840
 723,41; 8441,239;  247,245;50530,440;16,29569
 723,98; 8516,703;  255,784;50717,770;16,37058
 724,55; 8526,398;  272,245;50878,177;16,31064
 725,12; 8547,863;  207,707;50804,507;16,48356
 725,69; 8684,712;  236,553;50967,299;16,65294
 726,27; 8641,945;  255,553;51014,167;16,52211
 726,84; 8793,179;  256,168;51395,805;16,69353
 727,41; 8842,182;  260,784;51367,520;16,79113
 727,98; 8923,492;  273,861;51686,388;16,82398
 728,55; 9014,957;  287,092;51389,795;17,07907
 729,12; 8986,267;  223,707;51582,279;17,06153
 729,69; 9070,501;  267,245;51871,609;17,05913
 730,26; 9104,504;  267,015;51989,632;17,08631
 730,82; 9153,584;  254,169;51864,885;17,24335
 731,39; 9254,433;  248,784;51890,061;17,43886
 731,96; 9249,897;  241,553;52264,007;17,31626
 732,53; 9356,746;  266,246;52365,952;17,44828
 733,10; 9449,211;  269,399;52501,897;17,57490
 733,67; 9521,675;  266,015;52788,766;17,62219
 734,24; 9399,909;  251,092;52279,788;17,58418
 734,81; 9553,835;  279,246;52444,503;17,77925
 735,38; 9524,838;  257,707;52195,141;17,84287
 735,95; 9532,764;  239,784;52218,163;17,87855
 736,52; 9596,228;  271,861;52254,493;17,93747
 737,09; 9603,616;  262,015;52003,362;18,05442
 737,66; 9707,311;  305,553;52108,615;18,14904
 738,23; 9768,929;  255,553;52167,714;18,32591
 738,80; 9846,240;  283,323;52508,429;18,31096
 739,37; 9885,473;  285,553;52527,528;18,37587
 739,94; 9965,707;  268,246;52735,166;18,48300
 740,51;10078,325;  319,246;52747,573;18,61413
 741,07;10009,251;  262,169;52594,518;18,62535
 741,64;10112,869;  297,861;52835,233;18,68196
 742,21;10162,026;  264,630;52886,871;18,80839
 742,78;10173,875;  243,015;52727,893;18,92137
 743,35;10297,878;  248,630;52924,300;19,07759
 743,92;10367,804;  289,553;53060,092;19,09825
 744,49;10343,345;  256,092;52951,499;19,14257
 745,06;10431,964;  245,169;52863,829;19,35966
 745,63;10463,043;  246,784;52984,082;19,37198
 746,19;10490,893;  252,015;53070,181;19,38514
 746,76;10530,818;  270,553;53072,742;19,43151
 747,33;10560,514;  255,092;52877,149;19,58384
 747,90;10670,209;  278,630;53140,095;19,65814
 748,47;10673,981;  267,938;53004,348;19,73218
 749,04;10743,292;  272,015;52971,293;19,86987
 749,61;10801,602;  280,015;52945,931;19,97798
 750,17;10849,297;  281,784;52988,876;20,04951
 750,74;10869,069;  277,707;52915,437;20,12124
 751,31;10842,611;  245,169;52884,460;20,13219
 751,88;10851,614;  240,323;52720,405;20,21965
 752,45;10959,694;  248,554;52940,735;20,32776
 753,02;10971,389;  258,861;52700,373;20,42757
 753,58;10993,315;  235,246;52709,549;20,50159
 754,15;11049,702;  251,631;52757,187;20,56558
 754,72;11066,320;  240,015;52458,055;20,73288
 755,29;11032,400;  235,784;52465,462;20,67142
 755,86;11127,788;  256,784;52414,023;20,84275
 756,42;11216,945;  262,784;52432,584;20,99713
 756,99;11188,563;  221,707;52363,222;21,03287
 757,56;11242,181;  233,631;52258,167;21,16030
 758,13;11204,799;  194,938;52127,805;21,20018
 758,70;11333,341;  214,708;52317,366;21,33986
 759,26;11356,267;  196,477;52316,465;21,41173
 759,83;11471,577;  214,631;52422,103;21,56195
 760,40;11511,042;  193,400;52283,971;21,72685
 760,97;11545,121;  200,784;52358,840;21,74992
 761,53;11541,894;  182,169;51890,093;21,96902
 762,10;11558,281;  172,938;51917,269;22,00307
 762,67;11617,361;  226,477;51920,984;22,03500
 763,24;11548,825;  182,323;51419,006;22,18431
 763,80;11678,290;  214,400;51575,952;22,31998
 764,37;11702,908;  219,631;51610,282;22,34507
 764,94;11639,449;  201,631;51140,920;22,45382
 765,50;11628,914;  204,785;51089,480;22,45101
 766,07;11784,224;  246,938;51163,118;22,65937
 766,64;11761,381;  218,169;50850,064;22,79830
 767,21;11752,230;  227,938;50685,701;22,83948
 767,77;11761,695;  240,246;50675,570;22,84401
 768,34;11829,544;  246,554;50572,131;23,01611
 768,91;11854,008;  242,323;50451,307;23,12671
 769,47;11899,011;  239,477;50440,791;23,22556
 770,04;11939,783;  258,246;50330,505;23,32936
 770,61;11882,401;  230,785;50175,528;23,32902
 771,18;11924,020;  220,400;49974,704;23,52283
 771,74;12035,099;  245,631;50084,496;23,65517
 772,31;11990,333;  241,246;49954,287;23,63381
 772,88;12022,874;  222,862;49665,771;23,86594
 773,44;12021,647;  224,477;49510,870;23,93596
 774,01;12093,496;  245,862;49596,124;24,00724
 774,58;12042,037;  220,169;49209,377;24,13158
 775,14;12128,194;  213,554;49460,630;24,19360
 775,71;12131,581;  228,785;49308,883;24,25178
 776,27;12199,046;  261,785;49213,213;24,38593
 776,84;12290,048;  268,246;49247,928;24,54447
 777,41;12228,590;  245,785;49065,412;24,54506
 777,97;12271,593;  225,785;48837,588;24,77959
 778,54;12275,288;  243,477;48843,303;24,75690
 779,11;12321,983;  249,169;48852,479;24,83949
 779,67;12335,909;  219,169;48766,117;24,95881
 780,24;12343,220;  238,093;48507,524;25,07825
 780,80;12429,069;  252,708;48536,161;25,21850
 781,37;12484,456;  238,246;48529,491;25,35907
 781,94;12414,228;  243,093;48229,821;25,36355
 782,50;12485,693;  247,246;48162,921;25,54163
 783,07;12536,388;  264,477;48216,866;25,59187
 783,63;12504,622;  228,323;48064,350;25,66329
 784,20;12573,624;  254,016;47904,219;25,85426
 784,77;12508,474;  243,246;47732,318;25,82747
 785,33;12537,938;  221,708;47536,417;26,03045
 785,90;12589,556;  247,016;47506,747;26,11640
 786,46;12592,098;  261,246;47452,308;26,12963
 787,03;12600,639;  229,785;47291,869;26,28624
 787,59;12616,565;  235,708;47221,814;26,35004
 788,16;12665,875;  238,631;47178,914;26,47458
 788,73;12614,571;  248,708;46966,859;26,46908
 789,29;12640,881;  233,170;46615,035;26,75121
 789,86;12587,346;  254,247;46561,904;26,63296
 790,42;12656,195;  247,554;46488,772;26,83459
 790,99;12542,505;  252,939;46064,795;26,82617
 791,55;12529,200;  230,477;46080,279;26,82394
 792,12;12625,126;  240,631;46025,224;27,04948
 792,68;12598,206;  247,247;45743,939;27,14694
 793,25;12552,363;  250,939;45551,192;27,15531
 793,81;12644,212;  268,631;45195,907;27,54581
 794,38;12468,600;  213,170;44951,083;27,39383
 794,94;12546,141;  232,400;44831,336;27,60994
 795,51;12543,067;  240,554;44571,589;27,75147
 796,07;12509,454;  242,785;44336,073;27,81981
 796,64;12584,303;  261,862;44466,942;27,87562
 797,20;12483,460;  248,785;44022,118;27,95007
 797,77;12431,386;  232,631;43751,909;28,03069
 798,33;12443,004;  225,170;43575,855;28,18372
 798,90;12433,700;  264,785;43398,646;28,21198
 799,46;12366,549;  234,401;42987,746;28,37707
 800,03;12364,782;  246,247;42966,230;28,36737
 800,59;12422,247;  254,170;42717,560;28,65545
 801,15;12364,019;  255,093;42462,813;28,68889
 801,72;12342,176;  253,016;42124,989;28,87172
 802,28;12281,717;  272,401;41956,242;28,81048
 802,85;12279,797;  243,478;41778,803;28,97851
 803,41;12307,877;  241,324;41674,748;29,12275
 803,98;12221,572;  235,478;41313,771;29,17866
 804,54;12207,805;  248,631;41031,793;29,32380
 805,11;12187,424;  252,170;40881,354;29,37606
 805,67;12205,119;  261,401;40751,838;29,49763
 806,23;12113,737;  258,785;40263,399;29,63396
 806,80;12080,048;  267,324;40190,575;29,58858
 807,36;12159,974;  259,478;40067,674;29,89459
 807,93;12130,053;  259,785;39838,235;29,99175
 808,49;12077,826;  215,478;39487,488;30,20560
 809,05;12021,367;  219,016;39440,818;30,09130
 809,62;12035,524;  259,170;39292,764;30,16979
 810,18;12059,450;  253,401;39216,017;30,30097
 810,74;12034,914;  227,632;38928,732;30,50891
 811,31;11952,686;  224,785;38704,139;30,47842
 811,87;11933,074;  230,401;38596,930;30,50230
 812,44;11988,538;  265,401;38559,260;30,61362
 813,00;11953,695;  204,170;38246,360;30,88551
 813,56;12012,698;  243,324;38335,228;30,89731
 814,13;11981,470;  239,247;38272,404;30,87365
 814,69;11934,704;  240,093;38069,196;30,91432
 815,25;11861,553;  217,939;37666,603;31,09220
 815,82;11881,709;  249,401;37573,702;31,16551
 816,38;11874,097;  251,709;37450,955;31,24361
 816,94;11740,330;  232,555;37196,208;31,13268
 817,51;11736,256;  215,324;37011,154;31,31043
 818,07;11698,490;  227,016;36753,330;31,40605
 818,63;11710,954;  243,093;36596,660;31,54535
 819,20;11708,957;  230,247;36519,144;31,63147
 819,76;11614,499;  223,786;36052,782;31,79188
 820,32;11645,117;  259,632;35963,573;31,88859
 820,89;11604,812;  255,247;35850,057;31,88545
 821,45;11476,815;  223,709;35493,926;31,90541
 822,01;11528,203;  251,555;35386,179;32,09554
 822,57;11487,975;  244,863;35178,586;32,18412
 823,14;11441,362;  213,247;35004,531;32,27278
 823,70;11395,980;  219,786;34805,785;32,31422
 824,26;11354,830;  231,016;34697,576;32,27422
 824,82;11370,448;  245,170;34549,599;32,43102
 825,39;11317,297;  223,093;34168,775;32,68222
 825,95;11370,146;  258,170;34232,028;32,70743
 826,51;11263,533;  238,016;33845,435;32,80680
 827,08;11391,229;  279,478;33979,534;32,97250
 827,64;11342,385;  249,247;33769,864;33,09348
 828,20;11202,465;  223,709;33572,810;32,92070
 828,76;11320,006;  246,555;33549,678;33,25049
 829,32;11215,625;  252,632;33306,701;33,16685
 829,89;11242,858;  221,632;33214,031;33,40535
 830,45;11270,938;  221,786;33172,284;33,53258
 831,01;11271,095;  227,017;32946,152;33,75419
 831,57;11274,021;  232,786;32854,867;33,84589
 832,14;11262,485;  224,786;32816,736;33,86634
 832,70;11265,796;  234,401;32573,989;34,11112
 833,26;11288,183;  203,632;32526,088;34,29365
 833,82;11266,725;  231,478;32488,110;34,21078
 834,38;11269,882;  221,478;32505,671;34,22233
 834,95;11269,423;  221,786;32347,386;34,38889
 835,51;11232,887;  196,632;32173,101;34,51368
 836,07;11294,198;  228,401;32313,892;34,48848
 836,63;11359,816;  253,555;32253,068;34,70759
 837,19;11293,665;  226,094;32130,014;34,69032
 837,75;11278,130;  199,632;31768,652;35,09294
 838,32;11301,286;  253,171;31872,366;34,94117
 838,88;11328,058;  247,478;31943,850;34,95851
 839,44;11318,831;  225,632;31875,334;35,04993
 840,00;11363,372;  219,555;31828,510;35,25525
 840,56;11241,375;  214,478;31430,763;35,32418
 841,12;11309,455;  220,478;31471,170;35,48394
 841,68;11254,611;  208,324;31292,424;35,53678
 842,25;11223,537;  213,940;31280,754;35,43845
 842,81;11193,694;  219,248;31079,314;35,56197
 843,37;11240,466;  206,248;31096,414;35,72081
 843,93;11280,700;  211,632;30953,128;36,00693
 844,49;11355,010;  217,171;31046,382;36,12755
 845,05;11225,475;  192,171;30882,173;35,95081
 845,61;11313,324;  226,863;30938,734;36,09829
 846,17;11264,096;  217,940;30723,910;36,20982
 846,73;11302,176;  232,940;30740,010;36,28417
 847,29;11234,333;  198,940;30500,340;36,41876
 847,86;11288,874;  193,786;30467,208;36,64960
 848,42;11281,108;  196,325;30241,000;36,89433
 848,98;11247,264;  213,478;30196,407;36,80023
 849,54;11308,806;  207,632;30282,506;36,91179
 850,10;11298,039;  219,555;30178,759;36,97857
 850,66;11322,427;  205,017;29971,858;37,34830
 851,22;11298,045;  200,325;29965,881;37,28377
 851,78;11342,740;  243,709;29982,826;37,32132
 852,34;11284,051;  218,402;29725,003;37,50228
 852,90;11272,284;  217,786;29643,563;37,56740
 853,46;11198,441;  198,094;29476,432;37,57163
 854,02;11257,136;  221,402;29554,300;37,62238
 854,58;11192,293;  210,863;29187,707;37,89726
 855,14;11173,988;  194,786;29233,191;37,80925
 855,70;11116,453;  183,171;29021,444;37,91240
 856,26;11161,379;  228,632;28918,544;38,10659
 856,82;11125,459;  198,555;28771,951;38,24153
 857,38;11153,692;  220,248;28721,973;38,36064
 857,94;11110,003;  204,632;28613,303;38,38747
 858,50;11145,929;  221,555;28481,787;38,65635
 859,06;11075,624;  208,632;28257,425;38,74317
 859,62;11093,858;  219,017;28314,370;38,70690
 860,18;11052,784;  217,248;28077,239;38,89282
 860,74;11023,940;  189,556;27960,569;39,01329
 861,30;11052,482;  178,863;27783,437;39,39064
 861,86;11104,638;  218,786;27802,921;39,46418
 862,42;10987,411;  219,248;27721,021;39,15443
 862,98;11068,029;  237,402;27646,351;39,51493
 863,54;10954,186;  213,940;27492,065;39,37311
 864,10;10952,958;  219,863;27537,318;39,29024
 864,66;10915,037;  200,017;27354,341;39,45972
 865,22;10935,579;  209,940;27168,056;39,78631
 865,78;10900,043;  229,325;27029,001;39,81659
 866,34;10898,892;  208,402;26989,869;39,91749
 866,90;10889,280;  224,325;26884,200;40,00377
 867,45;10841,360;  218,094;26747,376;40,04355
 868,01;10827,670;  217,017;26566,475;40,26896
 868,57;10756,904;  212,556;26332,728;40,36860
 869,13;10716,907;  190,710;26263,366;40,37255
 869,69;10721,217;  206,325;26172,927;40,49391
 870,25;10699,451;  198,940;26036,026;40,64123
 870,81;10675,992;  214,863;26068,279;40,46324
 871,37;10706,149;  220,556;25911,071;40,81504
 871,93;10633,383;  217,633;25782,170;40,74296
 872,49;10578,770;  215,248;25549,116;40,90778
 873,04;10598,927;  201,710;25472,907;41,14256
 873,60;10538,853;  200,479;25333,237;41,13506
 874,16;10587,548;  217,710;25272,721;41,38828
 874,72;10556,702;  191,402;25217,183;41,41849
 875,28;10506,010;  223,940;25143,798;41,26055
 875,84;10502,163;  206,556;25034,798;41,46732
 876,40;10512,317;  216,017;25029,490;41,49480
 876,95;10537,163;  223,710;24973,029;41,67167
 877,51;10538,471;  239,402;25078,567;41,46302
 878,07;10574,010;  240,556;25010,567;41,71760
 878,63;10556,779;  211,940;24988,721;41,75215
 879,19;10605,087;  228,094;24892,567;42,07263
 879,75;10637,471;  220,325;24973,413;42,08423
 880,30;10679,548;  206,479;24980,413;42,27455
 880,86;10667,625;  248,710;25099,260;41,92630
 881,42;10710,317;  208,017;25119,337;42,15875
 881,98;10772,933;  230,248;25235,952;42,16112
 882,54;10831,163;  206,710;25242,952;42,43630
 883,09;10908,779;  226,325;25323,644;42,56412
 883,65;10913,548;  205,325;25445,490;42,42533
 884,21;11095,933;  241,940;25647,183;42,72344
 884,77;11097,394;  205,940;25673,875;42,76536
 885,32;11153,548;  212,094;25774,721;42,80254
 885,88;11215,625;  250,710;25909,798;42,73307
 886,44;11311,394;  226,940;26041,721;42,93840
 887,00;11338,010;  227,863;26016,644;43,08132
 887,56;11416,087;  213,940;26106,260;43,26436
 888,11;11394,702;  213,940;26105,260;43,18344
 888,67;11521,087;  253,710;26298,721;43,26117
 889,23;11548,317;  225,940;26345,183;43,34880
 889,79;11520,548;  207,940;26159,106;43,59191
 890,34;11552,548;  209,940;26132,875;43,75511
 890,90;11608,010;  264,710;26255,952;43,64278
 891,46;11528,087;  202,094;26233,952;43,50820
 892,01;11589,856;  230,248;26169,260;43,79353
 892,57;11533,779;  250,556;26068,106;43,70369
 893,13;11454,625;  218,017;25982,029;43,61358
 893,69;11532,471;  221,094;25864,337;44,11056
 894,24;11472,702;  216,248;25787,952;44,01918
 894,80;11452,702;  225,863;25629,490;44,19384
 895,36;11417,163;  223,402;25504,106;44,27789
 895,91;11349,471;  210,325;25330,875;44,34276
 896,47;11403,933;  230,633;25218,644;44,71464
 897,03;11372,702;  206,710;25082,029;44,88784
 897,58;11277,010;  230,171;24955,952;44,67741
 898,14;11257,779;  221,710;24743,029;45,00602
 898,70;11180,087;  196,710;24705,644;44,81377
 899,25;11270,087;  214,402;24610,952;45,31659
 899,81;11190,548;  237,710;24455,183;45,22701
 900,37;11097,856;  189,940;24256,106;45,32469
 900,92;11088,087;  212,325;24306,644;45,13828
 901,48;11096,779;  207,248;24135,952;45,50823
 902,03;10993,625;  212,171;23913,952;45,48795
 902,59;11101,548;  211,787;23834,721;46,09826
 903,15;10970,240;  232,940;23742,106;45,67283
 903,70;10929,163;  222,171;23576,337;45,84618
 904,26;10921,240;  188,479;23422,337;46,19449
 904,82;10922,779;  221,556;23392,106;46,18459
 905,37;10885,548;  225,787;23196,337;46,40621
 905,93;10822,702;  210,863;23086,260;46,38975
 906,48;10845,779;  222,325;23078,721;46,47913
 907,04;10863,856;  236,787;22954,337;46,77912
 907,60;10772,625;  201,402;22736,952;46,90910
 908,15;10734,240;  197,479;22637,644;46,95492
 908,71;10730,856;  241,556;22671,413;46,76490
 909,26;10690,548;  202,094;22518,490;46,99887
 909,82;10706,394;  231,556;22409,798;47,23025
 910,37;10621,625;  246,787;22344,952;46,94887
 910,93;10556,856;  203,863;22160,798;47,15136
 911,48;10534,087;  200,094;21938,952;47,53696
 912,04;10493,317;  198,633;21960,875;47,30526
 912,60;10480,317;  219,863;21949,952;47,21773
 913,15;10439,010;  217,325;21813,183;47,33169
 913,71;10350,317;  209,863;21646,721;47,30383
 914,26;10295,702;  198,248;21536,567;47,32076
 914,82;10336,163;  226,094;21468,644;47,59348
 915,37;10302,317;  203,710;21371,798;47,70675
 915,93;10264,856;  239,248;21264,952;47,68263
 916,48;10185,163;  203,940;21173,875;47,59778
 917,04;10203,548;  224,325;21094,260;47,81626
 917,59;10198,317;  232,863;21077,490;47,80826
 918,15;10092,471;  186,402;20802,490;48,05019
 918,70;10075,394;  212,787;20725,029;48,08157
 919,26;10115,625;  209,171;20710,106;48,32196
 919,81; 9995,087;  203,325;20498,644;48,24640
 920,37;10034,702;  205,787;20391,183;48,69320
 920,92; 9983,548;  217,863;20377,490;48,44179
 921,48; 9912,625;  191,325;20212,875;48,55418
 922,03; 9937,317;  203,017;20186,260;48,71232
 922,59; 9931,933;  202,633;20010,413;49,11858
 923,14; 9897,163;  196,094;19827,183;49,41687
 923,69; 9912,394;  218,556;19851,721;49,37481
 924,25; 9897,317;  217,710;19782,798;49,47388
 924,80; 9815,856;  222,017;19578,183;49,56477
 925,36; 9796,087;  208,787;19509,260;49,67391
 925,91; 9780,471;  200,787;19376,106;49,95841
 926,47; 9721,010;  194,556;19399,490;49,60420
 927,02; 9727,240;  230,940;19277,413;49,85857
 927,57; 9680,548;  203,402;19131,490;50,06922
 928,13; 9705,240;  196,863;19064,952;50,39396
 928,68; 9642,779;  202,479;18981,029;50,27172
 929,24; 9564,702;  181,402;18864,875;50,22246
 929,79; 9574,625;  193,633;18695,413;50,70319
 930,34; 9481,702;  207,710;18587,183;50,45842
 930,90; 9495,010;  188,787;18473,952;50,89494
 931,45; 9476,010;  210,171;18543,952;50,53970
 932,01; 9519,933;  220,787;18395,644;51,16489
 932,56; 9432,471;  220,402;18291,644;50,97640
 933,11; 9401,856;  227,479;18317,798;50,71429
 933,67; 9328,702;  195,094;18096,952;51,02045
 934,22; 9332,240;  200,171;18021,490;51,24239
 934,77; 9306,010;  228,940;17903,644;51,35627
 935,33; 9237,702;  222,787;17863,644;51,10248
 935,88; 9195,625;  220,017;17820,337;50,99685
 936,43; 9220,087;  195,863;17647,875;51,70878
 936,99; 9170,625;  205,633;17630,798;51,44853
 937,54; 9108,856;  208,556;17464,875;51,57705
 938,09; 9137,087;  209,402;17434,644;51,82908
 938,65; 9050,779;  209,171;17293,260;51,75346
 939,20; 9031,394;  194,171;17224,875;51,88995
 939,75; 9004,010;  194,479;17104,721;52,09583
 940,31; 8965,548;  196,325;16949,567;52,34344
 940,86; 8995,163;  213,248;17014,952;52,26800
 941,41; 8964,856;  238,940;16936,260;52,25938
 941,96; 8942,087;  199,094;16788,567;52,70205
 942,52; 8835,625;  212,787;16746,260;52,15382
 943,07; 8795,779;  182,787;16597,490;52,47120
 943,62; 8809,163;  199,787;16518,952;52,75623
 944,18; 8739,702;  192,171;16423,029;52,66222
 944,73; 8775,087;  200,863;16363,798;53,04868
 945,28; 8704,702;  171,171;16198,413;53,24391
 945,83; 8714,856;  205,556;16231,721;53,09629
 946,39; 8690,933;  199,787;16125,337;53,31776
 946,94; 8685,010;  228,248;16070,875;53,37979
 947,49; 8608,471;  202,787;15946,952;53,38920
 948,04; 8604,856;  203,402;15838,029;53,73620
 948,59; 8598,163;  218,787;15863,567;53,56021
 949,15; 8552,394;  191,017;15765,875;53,68509
 949,70; 8528,856;  201,325;15664,029;53,85559
 950,25; 8519,856;  229,556;15622,875;53,85648
 950,80; 8485,317;  174,940;15543,337;54,07446
 951,36; 8460,010;  181,325;15419,337;54,32917
 951,91; 8480,394;  217,248;15413,106;54,37762
 952,46; 8391,471;  173,479;15229,644;54,58224
 953,01; 8463,702;  222,940;15262,183;54,79506
 953,56; 8353,394;  189,248;15112,567;54,70731
 954,11; 8351,087;  208,633;15081,413;54,74735
 954,67; 8296,856;  199,863;15016,490;54,64801
 955,22; 8263,471;  182,633;14851,952;55,08666
 955,77; 8291,163;  216,710;14831,875;55,24709
 956,32; 8242,933;  240,479;14776,567;55,05232
 956,87; 8125,856;  187,325;14598,875;55,08450
 957,42; 8143,625;  193,402;14635,106;55,05045
 957,98; 8150,471;  206,017;14444,644;55,79508
 958,53; 8134,240;  214,940;14448,413;55,63856
 959,08; 8127,317;  193,863;14347,490;56,05244
 959,63; 8058,317;  195,094;14238,875;55,99078
 960,18; 8052,163;  210,556;14229,875;55,93430
 960,73; 8016,163;  213,940;14161,413;55,94005
 961,28; 7959,856;  183,940;14082,106;55,94922
 961,83; 7968,394;  223,633;13983,798;56,28393
 962,39; 7895,625;  188,017;13891,260;56,24660
 962,94; 7878,087;  201,940;13811,567;56,40233
 963,49; 7834,163;  196,171;13663,260;56,71599
 964,04; 7811,856;  215,094;13731,721;56,20309
 964,59; 7785,625;  181,787;13604,413;56,64941
 965,14; 7763,317;  209,940;13541,260;56,65889
 965,69; 7700,779;  204,017;13393,875;56,83732
 966,24; 7634,010;  195,479;13347,567;56,55779
 966,79; 7672,163;  204,940;13269,952;57,15436
 967,34; 7567,394;  185,094;13161,337;56,89089
 967,89; 7550,779;  194,556;13100,106;57,00046
 968,44; 7564,625;  203,556;13037,106;57,35801
 968,99; 7537,548;  204,556;13015,337;57,24079
 969,55; 7511,010;  208,710;12906,875;57,50673
 970,10; 7423,471;  205,094;12817,875;57,23065
 970,65; 7483,702;  213,479;12672,721;58,35205
 971,20; 7386,702;  197,248;12628,337;57,83447
 971,75; 7312,394;  181,094;12530,183;57,74758
 972,30; 7306,010;  199,787;12455,721;57,98189
 972,85; 7289,240;  194,863;12424,644;58,00903
 973,40; 7185,471;  192,710;12253,952;57,97713
 973,95; 7230,625;  202,787;12208,952;58,53525
 974,50; 7191,856;  211,787;12115,029;58,64007
 975,05; 7160,010;  219,094;12072,183;58,55786
 975,60; 7084,317;  215,633;11933,567;58,61685
 976,15; 7049,856;  200,017;11908,721;58,50211
 976,70; 7018,856;  211,402;11871,567;58,38214
 977,25; 7024,471;  214,248;11739,490;59,08963
 977,80; 6920,240;  198,787;11615,183;58,87544
 978,35; 6869,548;  218,940;11535,106;58,77086
 978,89; 6835,548;  182,402;11439,413;59,10224
 979,44; 6803,779;  214,171;11413,260;58,84057
 979,99; 6722,856;  188,479;11228,644;59,18731
 980,54; 6718,240;  228,479;11211,875;59,08702
 981,09; 6665,471;  218,248;11091,490;59,29439
 981,64; 6598,779;  211,863;10941,490;59,52598
 982,19; 6611,240;  240,017;10947,952;59,50002
 982,74; 6540,548;  221,402;10811,490;59,67038
 983,29; 6476,856;  189,171;10639,106;60,16961
 983,84; 6445,317;  219,863;10629,490;59,80477
 984,39; 6461,010;  236,017;10534,798;60,44397
 984,94; 6315,240;  185,787;10456,721;59,67766
 985,49; 6318,702;  227,171;10366,029;60,08104
 986,03; 6329,010;  225,171;10315,644;60,49110
 986,58; 6278,394;  232,171;10171,413;60,83183
 987,13; 6153,856;  210,710;10096,183;60,12000
 987,68; 6142,548;  216,094; 9977,644;60,71222
 988,23; 6135,625;  213,171; 9938,106;60,89968
 988,78; 6013,394;  207,710; 9808,106;60,47339
 989,33; 6050,087;  211,402; 9716,183;61,42892
 989,88; 6007,087;  230,325; 9693,337;61,04570
 990,42; 5905,394;  215,094; 9509,644;61,22190
 990,97; 5874,394;  212,787; 9416,029;61,51753
 991,52; 5814,240;  231,402; 9359,721;61,15954
 992,07; 5790,779;  240,940; 9281,798;61,38619
 992,62; 5755,087;  219,940; 9184,413;61,74536
 993,17; 5685,317;  218,248; 9060,952;61,82576
 993,71; 5635,087;  206,017; 8998,183;61,74894
 994,26; 5556,625;  199,402; 8851,721;61,91661
 994,81; 5546,548;  228,402; 8805,798;62,00187
 995,36; 5434,010;  207,171; 8664,337;61,80367
 995,91; 5421,240;  226,940; 8650,260;61,66571
 996,45; 5362,856;  230,171; 8498,952;62,07305
 997,00; 5286,933;  189,710; 8421,567;61,92069
 997,55; 5268,702;  215,940; 8409,260;61,66929
 998,10; 5237,471;  238,710; 8309,260;61,93830
 998,65; 5179,702;  207,787; 8207,260;62,15304
 999,19; 5085,856;  230,325; 8105,029;61,65985
 999,74; 5083,779;  242,787; 8005,798;62,35972
1000,29; 5031,010;  228,248; 7968,029;62,05294
1000,84; 4948,240;  207,633; 7833,413;62,16554
1001,38; 4906,548;  205,633; 7760,029;62,22755
1001,93; 4868,779;  224,094; 7710,875;62,03847
1002,48; 4799,933;  201,248; 7571,644;62,39400
1003,03; 4815,933;  211,402; 7472,413;63,41445
1003,57; 4768,317;  230,787; 7466,337;62,71162
1004,12; 4717,163;  229,556; 7342,106;63,09422
1004,67; 4659,087;  219,325; 7247,413;63,17168
1005,22; 4590,394;  204,094; 7172,413;62,94631
1005,76; 4489,163;  202,787; 6985,106;63,19928
1006,31; 4513,163;  233,325; 6978,183;63,45335
1006,86; 4467,933;  208,479; 6873,567;63,90694
1007,40; 4391,471;  188,556; 6764,567;63,91283
1007,95; 4338,702;  213,402; 6677,413;63,81950
1008,50; 4271,317;  221,171; 6610,029;63,39390
1009,04; 4228,548;  221,171; 6487,490;63,95105
1009,59; 4147,087;  228,094; 6370,798;63,79914
1010,14; 4091,779;  197,787; 6267,029;64,15945
1010,68; 4045,779;  204,556; 6195,029;64,12220
1011,23; 3987,548;  204,094; 6110,644;64,05522
1011,78; 3967,010;  231,787; 6060,490;64,08325
1012,32; 3895,856;  206,787; 5949,183;64,24268
1012,87; 3909,240;  239,479; 5983,721;63,88591
1013,42; 3850,394;  203,171; 5806,952;65,08504
1013,96; 3860,933;  231,863; 5820,183;64,94026
1014,51; 3823,933;  182,094; 5744,490;65,47248
1015,06; 3816,702;  185,633; 5719,567;65,61460
1015,60; 3853,010;  248,402; 5781,567;65,14549
1016,15; 3801,779;  213,248; 5750,413;64,80808
1016,69; 3832,625;  216,556; 5796,952;64,79951
1017,24; 3821,087;  184,556; 5771,106;65,09439
1017,79; 3877,471;  228,940; 5855,260;64,84756
1018,33; 3847,087;  194,017; 5813,952;65,00199
1018,88; 3899,933;  221,325; 5881,413;64,99205
1019,42; 3885,163;  211,787; 5827,260;65,41527
1019,97; 3862,394;  201,171; 5846,567;64,85325
1020,51; 3945,317;  209,787; 5852,567;66,20018
1021,06; 3899,471;  195,710; 5831,183;65,72228
1021,61; 3872,625;  176,248; 5805,798;65,66026
1022,15; 3830,087;  169,710; 5779,260;65,25259
1022,70; 3849,163;  207,863; 5738,260;65,84158
1023,24; 3839,625;  203,094; 5718,567;65,93325
1023,79; 3810,087;  209,863; 5678,029;65,83969
1024,33; 3790,933;  206,094; 5598,567;66,47856
1024,88; 3737,317;  200,325; 5564,875;65,93269
1025,42; 3697,933;  200,787; 5434,260;66,82266
1025,97; 3655,317;  197,556; 5404,183;66,41078
1026,51; 3580,471;  167,863; 5260,721;67,00772
1027,06; 3608,240;  201,402; 5256,413;67,39527
1027,60; 3565,240;  219,940; 5126,260;68,18350
1028,15; 3517,471;  213,787; 5057,567;68,20467
1028,69; 3427,856;  166,325; 4957,952;68,06729
1029,24; 3411,087;  195,556; 4895,490;68,41650
1029,78; 3328,087;  188,171; 4799,413;68,09261
1030,33; 3271,317;  182,248; 4735,413;67,84443
1030,87; 3263,087;  203,556; 4670,567;68,49167
1031,42; 3203,317;  182,402; 4575,644;68,76278
1031,96; 3203,702;  204,094; 4533,490;69,28467
1032,51; 3117,010;  191,402; 4461,106;68,52015
1033,05; 3111,317;  209,017; 4396,644;69,30656
1033,60; 3023,240;  167,094; 4307,952;68,97475
1034,14; 3008,240;  187,787; 4270,490;69,08299
1034,69; 2983,471;  196,017; 4204,875;69,53237
1035,23; 2933,548;  201,325; 4127,337;69,59284
1035,77; 2888,240;  195,248; 4086,875;69,19965
1036,32; 2852,010;  180,863; 3994,721;70,03791
1036,86; 2834,087;  191,402; 3990,260;69,56524
1037,41; 2812,856;  211,402; 3923,875;70,07334
1037,95; 2747,548;  180,402; 3849,567;69,96540
1038,50; 2710,471;  193,710; 3775,490;70,26565
1039,04; 2698,856;  197,248; 3757,183;70,27117
1039,58; 2631,240;  175,479; 3676,490;70,14434
1040,13; 2618,471;  205,325; 3654,644;69,96007
1040,67; 2613,702;  221,556; 3636,875;70,04166
1041,21; 2591,163;  214,556; 3559,337;71,05421
1041,76; 2497,471;  186,863; 3480,260;70,15881
1042,30; 2489,394;  201,325; 3445,721;70,52373
1042,85; 2455,933;  200,940; 3411,644;70,23358
1043,39; 2418,240;  183,787; 3333,413;70,94345
1043,93; 2396,317;  209,094; 3293,875;70,90368
1044,48; 2344,010;  194,787; 3258,490;70,15114
1045,02; 2304,240;  189,710; 3218,952;69,80395
1045,56; 2311,471;  205,171; 3147,029;71,59762
1046,11; 2269,471;  211,017; 3160,721;69,78510
1046,65; 2227,933;  211,633; 3081,721;70,25219
1047,19; 2225,933;  195,171; 3032,260;71,57907
1047,74; 2169,625;  174,863; 2982,644;71,04406
1048,28; 2146,933;  203,479; 2948,721;70,79353
1048,82; 2122,779;  213,171; 2913,644;70,71382
1049,37; 2094,856;  198,633; 2848,798;71,55112
1049,91; 2060,394;  187,556; 2830,029;70,87446
1050,45; 2062,471;  216,940; 2804,875;71,31288
1050,99; 2019,471;  194,171; 2731,875;71,92723
1051,54; 1976,702;  186,017; 2703,337;71,13459
1052,08; 1981,933;  209,171; 2685,567;71,58635
1052,62; 1943,856;  213,710; 2647,952;71,07535
1053,16; 1908,010;  187,556; 2579,106;71,93886
1053,71; 1889,548;  211,556; 2577,875;70,91149
1054,25; 1841,317;  220,248; 2506,029;70,91972
1054,79; 1828,394;  204,710; 2495,337;70,88385
1055,33; 1784,548;  184,633; 2396,029;72,34866
1055,88; 1782,702;  219,325; 2415,029;71,20163
1056,42; 1772,933;  228,787; 2402,029;71,05265
1056,96; 1742,702;  204,248; 2364,260;71,22433
1057,50; 1720,933;  204,402; 2296,490;72,48885
1058,05; 1681,394;  202,710; 2267,260;71,62261
1058,59; 1685,625;  221,787; 2261,337;71,77262
1059,13; 1620,856;  178,633; 2165,644;72,58252
1059,67; 1635,471;  219,094; 2172,337;72,51414
1060,21; 1602,163;  202,325; 2140,490;72,22492
1060,76; 1599,702;  224,479; 2098,106;73,39898
1061,30; 1575,317;  222,094; 2104,413;71,89126
1061,84; 1545,087;  206,402; 2034,337;73,23482
1062,38; 1493,163;  194,556; 2015,183;71,32750
1062,92; 1539,010;  233,556; 2021,490;73,01463
1063,46; 1502,856;  224,940; 1987,567;72,50062
1064,01; 1469,548;  203,940; 1956,183;72,22789
1064,55; 1444,625;  218,787; 1921,260;72,00340
1065,09; 1388,779;  174,633; 1871,567;71,54938
1065,63; 1433,240;  239,787; 1908,413;71,52311
1066,17; 1410,010;  234,556; 1874,183;71,69032
1066,71; 1399,394;  231,940; 1841,106;72,55027
1067,25; 1359,702;  206,787; 1790,567;72,79514
1067,80; 1373,933;  229,094; 1806,337;72,58482
1068,34; 1350,933;  242,248; 1804,798;70,95354
1068,88; 1307,471;  204,556; 1720,798;72,74005
1069,42; 1330,010;  232,325; 1768,183;71,47046
1069,96; 1277,625;  215,325; 1681,798;72,43911
1070,50; 1294,240;  242,479; 1699,798;72,17098
1071,04; 1278,163;  202,863; 1656,952;73,95011
1071,58; 1254,471;  210,402; 1637,029;73,18446
1072,12; 1242,163;  212,863; 1590,337;74,72378
1072,66; 1245,394;  205,248; 1609,183;74,08793
1073,21; 1237,625;  218,248; 1587,413;74,45243
1073,75; 1207,779;  218,863; 1577,952;72,76314
1074,29; 1193,087;  220,556; 1557,952;72,71823
1074,83; 1202,240;  236,094; 1548,106;73,63854
1075,37; 1175,240;  220,863; 1498,106;74,72168
1075,91; 1173,856;  231,094; 1511,875;73,60835
1076,45; 1135,394;  219,863; 1453,721;74,20068
1076,99; 1154,010;  225,094; 1467,952;74,74029
1077,53; 1099,163;  210,479; 1436,644;72,47673
1078,07; 1106,548;  223,787; 1420,413;73,77082
1078,61; 1090,240;  212,863; 1393,798;74,29513
1079,15; 1070,702;  219,940; 1392,567;72,55177
1079,69; 1086,625;  220,402; 1379,798;74,71330
1080,23; 1071,625;  231,710; 1368,721;73,87044
1080,77; 1089,394;  229,017; 1335,875;77,73149
1081,31; 1020,163;  204,325; 1310,567;73,74862
1081,85; 1028,779;  221,402; 1309,721;74,18567
1082,39; 1014,394;  211,325; 1302,644;73,58701
1082,93; 1023,625;  210,248; 1285,183;75,66757
1083,47;  983,548;  199,094; 1256,106;74,21431
1084,01;  993,087;  225,940; 1275,260;73,10894
1084,55;  961,471;  204,556; 1221,721;74,41419
1085,09;  981,702;  225,710; 1241,413;74,43039
1085,63;  954,933;  210,171; 1208,798;74,57856
1086,17;  940,702;  207,325; 1201,337;73,77952
1086,71;  926,702;  221,402; 1164,644;74,77400
1087,24;  937,240;  238,787; 1193,798;73,13564
1087,78;  936,394;  221,479; 1138,490;77,96144
1088,32;  891,856;  216,863; 1125,106;74,31853
1088,86;  919,779;  230,094; 1142,567;75,58411
1089,40;  895,856;  220,325; 1095,644;77,17536
1089,94;  865,702;  191,940; 1073,260;76,44920
1090,48;  880,625;  219,633; 1074,413;77,32887
1091,02;  876,394;  221,017; 1087,260;75,65746
1091,56;  867,240;  220,633; 1065,337;76,54845
1092,10;  841,010;  201,787; 1040,721;76,19462
1092,63;  850,163;  228,940; 1049,260;75,72943
1093,17;  843,317;  221,787; 1028,260;77,06776
1093,71;  819,702;  214,479; 1032,029;74,02888
1094,25;  827,548;  234,017; 1031,029;74,46953
1094,79;  794,625;  212,556;  997,183;74,18420
1095,33;  783,317;  222,017;  975,875;74,45702
1095,87;  794,933;  220,171;  966,567;77,00489
1096,40;  774,087;  201,863;  945,413;76,95825
1096,94;  770,856;  222,633;  958,952;74,45454
1097,48;  777,779;  212,402;  945,183;77,15499
1098,02;  756,087;  218,940;  938,490;74,65029
1098,56;  723,394;  186,171;  901,029;75,15105
1099,10;  723,471;  196,479;  893,260;75,63244
1099,63;  727,625;  198,940;  898,183;75,60821
1100,17;  734,471;  225,787;  887,029;76,92863
1100,71;  747,702;  221,940;  896,721;77,91590

