
Integration time [ms]: 120,000
Averaging Nr. [scans]: 13
Smoothing Nr. [pixels]: 0
Data measured with spectrometer [name]: 2009305U1
Wave   ;Sample   ;Dark     ;Reference;Reflectance
[nm]   ;[counts] ;[counts] ;[counts] ;[%]

 175,72;  203,334;  202,673;  202,814; 0,00000
 176,32;  229,883;  225,431;  219,229; 0,00000
 176,92;  256,538;  241,593;  259,926;81,51866
 177,52;  262,112;  251,671;  258,560;151,56962
 178,12;  229,914;  228,123;  221,690; 0,00000
 178,72;  254,754;  262,428;  250,906; 0,00000
 179,32;  273,027;  256,969;  246,180; 0,00000
 179,92;  250,116;  244,743;  247,528;192,94583
 180,52;  237,278;  240,295;  251,040;-28,07844
 181,12;  251,159;  250,513;  250,351; 0,00000
 181,73;  272,865;  264,591;  277,112;66,08747
 182,33;  336,465;  344,982;  351,462;-131,43586
 182,93;  260,457;  260,594;  266,980;-2,13759
 183,53;  243,640;  240,272;  226,189; 0,00000
 184,13;  242,417;  234,428;  232,913; 0,00000
 184,73;  281,056;  272,348;  270,276; 0,00000
 185,33;  259,934;  227,895;  345,845;27,16311
 185,93;  270,374;  241,810;  363,162;23,53811
 186,53;  288,992;  245,969;  383,769;31,22173
 187,13;  304,171;  274,977;  418,310;20,36744
 187,73;  268,120;  236,042;  378,887;22,45662
 188,33;  281,155;  240,114;  373,931;30,66950
 188,93;  286,083;  258,330;  373,870;24,01960
 189,53;  279,787;  257,396;  374,368;19,14177
 190,13;  326,302;  277,224;  424,265;33,37705
 190,73;  261,200;  216,698;  365,464;29,91417
 191,34;  291,889;  258,249;  403,767;23,11701
 191,94;  266,102;  218,263;  371,997;31,11799
 192,54;  280,472;  243,523;  387,787;25,61266
 193,14;  286,811;  247,900;  396,592;26,16891
 193,74;  291,967;  257,129;  400,532;24,29350
 194,34;  283,071;  240,671;  386,728;29,02965
 194,94;  253,079;  220,361;  356,781;23,98343
 195,54;  241,032;  204,742;  327,334;29,60262
 196,14;  250,080;  227,827;  378,689;14,75087
 196,74;  257,849;  222,971;  359,044;25,63223
 197,34;  223,646;  197,063;  371,027;15,28047
 197,94;  261,537;  228,132;  384,373;21,38086
 198,54;  276,763;  235,596;  395,794;25,69746
 199,14;  253,228;  219,374;  388,308;20,03975
 199,74;  232,959;  202,220;  401,273;15,44277
 200,34;  239,465;  196,990;  393,795;21,58204
 200,94;  272,389;  228,446;  426,289;22,21088
 201,54;  257,095;  204,218;  443,961;22,05571
 202,14;  287,582;  229,608;  481,986;22,97116
 202,74;  270,621;  219,912;  475,274;19,85759
 203,34;  244,110;  188,920;  492,839;18,15967
 203,94;  228,394;  167,224;  499,348;18,41771
 204,54;  302,243;  245,363;  589,973;16,50550
 205,14;  260,756;  199,220;  600,798;15,32369
 205,74;  303,032;  236,688;  696,371;14,43243
 206,34;  289,533;  209,069;  707,819;16,13311
 206,94;  300,604;  215,837;  774,562;15,17139
 207,54;  272,502;  180,146;  806,666;14,74115
 208,14;  296,998;  214,378;  884,062;12,33717
 208,74;  313,648;  211,373;  951,337;13,82165
 209,34;  316,057;  194,759; 1045,915;14,25103
 209,94;  348,046;  216,528; 1149,937;14,09010
 210,54;  361,168;  213,302; 1239,675;14,40663
 211,14;  367,506;  218,374; 1375,700;12,88594
 211,73;  376,621;  201,448; 1478,977;13,71182
 212,33;  396,657;  217,908; 1586,632;13,05958
 212,93;  388,724;  205,834; 1714,331;12,12395
 213,53;  380,534;  178,220; 1776,071;12,66165
 214,13;  398,596;  200,076; 1832,252;12,16288
 214,73;  383,275;  190,377; 1872,755;11,46575
 215,33;  379,123;  173,143; 1893,014;11,97647
 215,93;  407,626;  201,842; 2020,959;11,31230
 216,53;  383,328;  158,603; 2108,122;11,52718
 217,13;  459,659;  216,302; 2311,821;11,61319
 217,73;  462,628;  194,611; 2514,042;11,55525
 218,33;  451,543;  147,770; 2710,446;11,85377
 218,93;  510,740;  176,163; 3006,310;11,82189
 219,53;  565,583;  183,770; 3305,411;12,23115
 220,13;  578,572;  156,541; 3596,351;12,26904
 220,73;  648,740;  191,836; 3941,482;12,18526
 221,32;  701,956;  182,912; 4363,260;12,41630
 221,92;  771,753;  190,848; 4775,100;12,67174
 222,52;  838,274;  174,227; 5205,811;13,19757
 223,12;  902,546;  171,612; 5659,397;13,31928
 223,72;  965,585;  195,843; 6067,054;13,11044
 224,32; 1051,415;  201,998; 6450,584;13,59374
 224,92; 1094,779;  183,767; 6756,102;13,86132
 225,52; 1205,566;  200,684; 7072,450;14,62335
 226,12; 1259,610;  193,225; 7427,116;14,74151
 226,72; 1316,309;  164,840; 7739,306;15,20198
 227,31; 1376,058;  160,994; 8128,208;15,25081
 227,91; 1511,668;  178,452; 8522,116;15,97878
 228,51; 1603,277;  181,909; 8913,420;16,27861
 229,11; 1700,509;  182,301; 9324,768;16,60610
 229,71; 1801,126;  175,219; 9553,884;17,33624
 230,31; 1871,000;  170,000;10006,581;17,29260
 230,91; 1997,870;  162,060;10330,474;18,05405
 231,51; 2100,069;  162,304;10694,483;18,39853
 232,10; 2223,871;  171,616;11055,467;18,85596
 232,70; 2361,763;  189,671;11322,958;19,50989
 233,30; 2506,662;  200,534;11530,911;20,35350
 233,90; 2606,258;  179,764;11686,583;21,08744
 234,50; 2682,829;  181,534;11918,588;21,31109
 235,10; 2782,010;  166,536;11994,333;22,11294
 235,70; 2920,619;  187,221;12088,487;22,96728
 236,29; 2972,175;  187,988;12111,897;23,34962
 236,89; 3011,171;  166,599;12029,823;23,97807
 237,49; 3080,446;  197,687;11971,528;24,48444
 238,09; 3143,995;  176,993;11716,511;25,71166
 238,69; 3186,273;  218,442;11547,115;26,19752
 239,29; 3129,029;  172,223;11220,918;26,76159
 239,89; 3094,345;  193,907;10971,228;26,91242
 240,48; 3041,975;  176,531;10591,259;27,51338
 241,08; 2989,353;  175,145;10224,619;28,00354
 241,68; 2941,622;  196,993; 9925,720;28,21159
 242,28; 2861,477;  168,918; 9604,373;28,53661
 242,88; 2854,789;  214,538; 9311,832;29,02238
 243,48; 2755,407;  207,533; 8999,871;28,97835
 244,07; 2696,110;  190,298; 8722,403;29,36921
 244,67; 2635,153;  200,070; 8626,684;28,89753
 245,27; 2597,005;  198,602; 8464,284;29,01640
 245,87; 2565,439;  202,768; 8392,547;28,84902
 246,47; 2523,640;  190,295; 8414,382;28,37209
 247,06; 2491,250;  179,146; 8363,177;28,25141
 247,66; 2458,901;  176,685; 8450,657;27,58308
 248,26; 2496,442;  217,295; 8599,618;27,18992
 248,86; 2497,257;  200,757; 8748,312;26,86734
 249,46; 2457,184;  157,457; 8985,134;26,05133
 250,05; 2497,820;  203,377; 9328,022;25,14556
 250,65; 2512,732;  168,832; 9752,153;24,45812
 251,25; 2545,208;  174,760;10184,430;23,68158
 251,85; 2619,315;  191,137;10734,774;23,02980
 252,44; 2645,398;  155,835;11399,855;22,14122
 253,04; 2743,432;  197,451;12181,097;21,24546
 253,64; 2761,295;  155,678;12806,281;20,59679
 254,24; 2886,550;  195,146;13819,981;19,75366
 254,84; 2898,338;  170,996;14760,980;18,69325
 255,43; 3001,640;  175,527;15673,602;18,23525
 256,03; 3047,644;  178,063;16632,867;17,43917
 256,63; 3090,998;  183,214;17740,187;16,56199
 257,23; 3156,855;  177,907;18504,473;16,25481
 257,82; 3187,904;  190,672;19507,424;15,51623
 258,42; 3196,942;  145,747;20302,163;15,13758
 259,02; 3238,152;  190,682;21198,699;14,50623
 259,62; 3212,416;  173,669;21930,235;13,96704
 260,21; 3165,408;  179,989;22397,750;13,43708
 260,81; 3121,608;  187,994;22933,955;12,89730
 261,41; 3114,496;  162,594;23400,776;12,70281
 262,01; 3085,476;  205,975;23824,308;12,19180
 262,60; 3011,240;  158,984;24167,088;11,88039
 263,20; 2986,649;  164,756;24460,117;11,61494
 263,80; 2955,196;  201,359;24601,526;11,28614
 264,40; 2901,518;  163,976;24723,670;11,14648
 264,99; 2884,924;  187,974;24932,785;10,89905
 265,59; 2845,724;  179,353;25036,733;10,72668
 266,19; 2790,004;  165,821;25188,490;10,48722
 266,78; 2862,556;  212,895;25312,266;10,55668
 267,38; 2811,018;  186,739;25277,200;10,45927
 267,98; 2832,942;  172,049;25385,041;10,55366
 268,58; 2829,845;  188,354;25331,948;10,50562
 269,17; 2835,333;  171,427;25344,257;10,58247
 269,77; 2846,126;  191,520;25145,525;10,63799
 270,37; 2817,413;  163,205;25022,926;10,67674
 270,96; 2889,432;  215,441;24936,068;10,81684
 271,56; 2862,363;  174,753;24681,858;10,96666
 272,16; 2892,311;  178,979;24415,776;11,19510
 272,75; 2903,323;  177,210;24341,755;11,28146
 273,35; 2949,867;  187,057;24250,780;11,48123
 273,95; 2981,593;  186,287;24241,027;11,62060
 274,54; 3035,232;  175,300;24275,778;11,86670
 275,14; 3169,167;  200,519;24642,891;12,14550
 275,74; 3186,725;  153,825;24701,154;12,35532
 276,33; 3386,096;  213,136;25015,994;12,79272
 276,93; 3463,988;  195,455;25489,552;12,92212
 277,53; 3601,445;  185,065;26006,631;13,23072
 278,12; 3742,484;  172,215;26618,996;13,49982
 278,72; 3942,933;  216,219;27075,304;13,87506
 279,32; 4069,960;  186,064;27665,976;14,13358
 279,91; 4283,665;  164,832;28374,510;14,60078
 280,51; 4485,206;  172,373;28907,973;15,00868
 281,11; 4687,646;  183,525;29638,489;15,29155
 281,70; 4843,796;  165,370;30074,476;15,64215
 282,30; 5139,209;  181,214;30776,550;16,20507
 282,90; 5303,180;  178,752;31071,250;16,58793
 283,49; 5546,445;  191,519;31703,206;16,99346
 284,09; 5775,775;  213,908;32174,372;17,40233
 284,69; 6030,199;  201,602;32551,480;18,01737
 285,28; 6193,967;  201,523;32877,715;18,33887
 285,88; 6485,513;  235,209;33144,707;18,99240
 286,47; 6607,986;  184,368;33220,054;19,44448
 287,07; 6893,151;  209,679;33248,088;20,22940
 287,67; 7208,022;  204,456;33355,794;21,12604
 288,26; 7400,400;  172,448;33241,410;21,85721
 288,86; 7635,804;  179,754;33428,826;22,42484
 289,46; 8006,051;  192,063;33471,747;23,47975
 290,05; 8325,553;  174,837;33601,850;24,38362
 290,65; 8754,291;  180,521;33802,888;25,50020
 291,24; 9073,288;  188,988;33879,003;26,37072
 291,84; 9432,536;  206,368;34112,571;27,21086
 292,44; 9820,641;  191,072;34235,115;28,28562
 293,03;10284,279;  241,449;34378,031;29,41955
 293,63;10576,160;  179,598;34411,921;30,37060
 294,22;10940,502;  205,832;34641,153;31,17343
 294,82;11285,894;  186,438;34577,243;32,27449
 295,41;11376,412;  169,832;34333,169;32,80294
 296,01;11677,817;  219,286;34338,309;33,58400
 296,61;11784,855;  198,218;34063,374;34,21404
 297,20;11871,099;  189,978;33632,022;34,92944
 297,80;12041,530;  203,223;33573,652;35,47544
 298,39;12085,085;  174,983;33088,159;36,18642
 298,99;12239,529;  220,749;32950,935;36,72078
 299,58;12262,268;  203,609;32750,873;37,04969
 300,18;12326,641;  204,683;32613,290;37,40352
 300,78;12344,968;  186,527;32260,315;37,90771
 301,37;12477,775;  187,512;32215,892;38,37304
 301,97;12498,801;  196,140;32287,880;38,33591
 302,56;12593,417;  183,983;32152,209;38,81803
 303,16;12661,728;  173,212;32088,694;39,12996
 303,75;12753,635;  183,605;32134,495;39,34172
 304,35;12965,420;  179,766;32333,153;39,76456
 304,94;12983,562;  186,064;32333,222;39,80911
 305,54;13005,187;  204,604;32260,260;39,93237
 306,13;13026,508;  168,074;32186,516;40,15946
 306,73;12985,688;  162,995;32020,506;40,25014
 307,33;13060,386;  202,378;31912,690;40,54835
 307,92;13152,914;  194,757;32025,129;40,71004
 308,52;13380,948;  158,596;32481,024;40,90767
 309,11;13579,680;  179,977;32994,471;40,83471
 309,71;13746,255;  160,590;33237,434;41,07304
 310,30;13891,518;  174,218;33455,381;41,21641
 310,90;14106,979;  210,295;33790,920;41,38304
 311,49;14156,256;  182,833;33948,536;41,38348
 312,09;14224,892;  159,914;34164,542;41,36195
 312,68;14420,611;  230,450;34592,532;41,29599
 313,28;14447,991;  166,988;34646,206;41,41916
 313,87;14425,516;  156,910;34788,836;41,20073
 314,47;14633,185;  172,902;35029,917;41,48457
 315,06;14579,194;  163,065;35299,219;41,02933
 315,66;14716,815;  164,914;35459,619;41,22970
 316,25;14622,221;  156,982;35359,386;41,09162
 316,85;14585,018;  158,914;35417,171;40,91553
 317,44;14606,855;  178,747;35551,114;40,78921
 318,04;14566,968;  157,214;35579,271;40,68017
 318,63;14484,160;  155,072;35726,555;40,28251
 319,22;14502,088;  181,905;35905,413;40,08616
 319,82;14459,062;  167,754;35877,499;40,02075
 320,41;14318,792;  187,829;35789,622;39,69172
 321,01;14305,206;  194,144;35985,116;39,42632
 321,60;14197,746;  183,216;36034,226;39,09103
 322,20;14145,213;  171,834;36012,471;38,98753
 322,79;14095,896;  204,065;36081,114;38,72066
 323,39;13988,724;  165,535;36264,448;38,29254
 323,98;13943,495;  162,373;36174,645;38,26785
 324,58;13732,804;  169,212;36082,534;37,76758
 325,17;13663,068;  180,674;35980,084;37,66094
 325,76;13488,919;  196,525;35776,620;37,35907
 326,36;13198,331;  163,298;35371,970;37,02222
 326,95;13031,142;  198,754;35069,435;36,79993
 327,55;12798,233;  161,138;34641,898;36,64970
 328,14;12559,811;  174,762;34387,672;36,19993
 328,74;12341,762;  192,213;33867,091;36,07897
 329,33;12005,272;  190,298;33500,292;35,46976
 329,92;11790,364;  162,978;33018,813;35,38910
 330,52;11434,833;  185,147;32312,238;35,01620
 331,11;11188,448;  168,446;31877,121;34,75390
 331,71;10876,819;  182,371;31285,125;34,38425
 332,30;10646,639;  205,371;30798,837;34,12908
 332,89;10408,856;  233,836;30230,908;33,92004
 333,49;10057,921;  194,370;29681,099;33,45081
 334,08; 9806,531;  181,061;29290,311;33,06671
 334,68; 9564,868;  180,908;28844,380;32,73839
 335,27; 9353,453;  199,148;28509,180;32,33591
 335,86; 9236,294;  240,446;28279,505;32,08327
 336,46; 9002,060;  197,917;27999,599;31,66766
 337,05; 8820,967;  182,908;27786,484;31,29326
 337,65; 8657,186;  165,677;27644,737;30,90175
 338,24; 8601,004;  223,681;27624,652;30,57309
 338,83; 8474,216;  197,758;27574,945;30,23122
 339,43; 8361,674;  171,674;27464,343;30,00806
 340,02; 8322,825;  179,828;27356,946;29,96270
 340,61; 8198,107;  174,680;27473,017;29,39163
 341,21; 8128,762;  205,367;27452,091;29,08018
 341,80; 7975,973;  178,753;27378,828;28,66617
 342,40; 7900,122;  184,455;27491,454;28,25527
 342,99; 7865,087;  182,451;27617,523;28,00297
 343,58; 7828,656;  183,298;27786,907;27,69695
 344,18; 7810,553;  195,298;27881,312;27,50578
 344,77; 7749,257;  176,058;28227,568;26,99747
 345,36; 7765,757;  168,447;28489,512;26,82565
 345,96; 7767,984;  195,298;28794,851;26,47834
 346,55; 7710,331;  166,843;29047,867;26,11919
 347,14; 7698,229;  165,455;29447,062;25,72527
 347,74; 7698,213;  151,771;29812,017;25,44295
 348,33; 7768,314;  171,462;30503,914;25,04529
 348,92; 7840,294;  191,928;31151,410;24,70444
 349,52; 7850,651;  155,541;31617,050;24,45881
 350,11; 7864,591;  183,519;31846,779;24,25863
 350,70; 7748,539;  180,680;31873,408;23,87885
 351,29; 7565,306;  155,818;31621,476;23,54786
 351,89; 7503,747;  185,362;31699,576;23,22249
 352,48; 7417,202;  158,680;31723,262;22,99578
 353,07; 7282,281;  175,148;31659,396;22,57362
 353,67; 7187,816;  186,851;31579,556;22,30125
 354,26; 7060,931;  189,455;31300,726;22,08677
 354,85; 6955,663;  179,607;31184,856;21,85454
 355,45; 6780,980;  158,753;31068,172;21,42462
 356,04; 6669,101;  171,610;30902,801;21,14298
 356,63; 6553,287;  197,062;30688,623;20,84585
 357,22; 6422,999;  185,820;30543,010;20,54597
 357,82; 6266,066;  191,976;30352,412;20,13927
 358,41; 6201,225;  202,294;30250,845;19,96413
 359,00; 6076,299;  168,982;29995,238;19,80576
 359,60; 5953,071;  188,065;30018,757;19,32575
 360,19; 5829,421;  182,611;29786,862;19,07432
 360,78; 5741,243;  194,523;29616,870;18,85207
 361,37; 5631,206;  178,985;29418,142;18,64698
 361,97; 5554,261;  196,986;29340,258;18,38254
 362,56; 5379,003;  175,365;29036,458;18,02994
 363,15; 5316,232;  220,907;28797,122;17,83065
 363,74; 5174,080;  188,056;28358,776;17,69932
 364,34; 5053,712;  197,905;28033,378;17,44467
 364,93; 4893,779;  172,211;27588,802;17,22157
 365,52; 4765,832;  153,908;27112,428;17,10748
 366,11; 4678,001;  173,982;26848,518;16,88509
 366,71; 4551,934;  170,598;26452,336;16,67065
 367,30; 4454,199;  172,370;26109,029;16,50879
 367,89; 4418,075;  227,607;25897,457;16,32448
 368,48; 4323,467;  186,594;25524,475;16,32683
 369,07; 4183,693;  179,603;25048,562;16,10075
 369,67; 4086,028;  197,980;24801,124;15,80305
 370,26; 4013,387;  178,219;24544,953;15,73936
 370,85; 3964,669;  183,216;24214,610;15,73547
 371,44; 3880,279;  179,601;23966,503;15,55763
 372,03; 3821,875;  168,751;23732,350;15,50325
 372,63; 3741,037;  156,293;23380,987;15,43505
 373,22; 3667,508;  176,834;23073,486;15,24535
 373,81; 3592,890;  157,139;22784,407;15,18412
 374,40; 3552,667;  177,916;22525,182;15,10141
 374,99; 3501,644;  172,445;22297,340;15,04730
 375,59; 3432,924;  164,453;22014,855;14,95840
 376,18; 3462,886;  194,753;21910,702;15,04946
 376,77; 3418,781;  189,140;21655,398;15,04520
 377,36; 3381,332;  198,292;21627,694;14,85361
 377,95; 3338,013;  193,213;21311,650;14,89125
 378,55; 3294,591;  166,683;21149,809;14,90678
 379,14; 3298,245;  196,908;21141,953;14,80702
 379,73; 3267,937;  184,137;20977,656;14,83059
 380,32; 3312,348;  192,832;20964,307;15,01827
 380,91; 3237,959;  164,133;20836,090;14,86955
 381,50; 3265,812;  190,981;20822,730;14,90339
 382,10; 3265,348;  169,601;20675,846;15,09660
 382,69; 3252,446;  156,908;20648,499;15,10638
 383,28; 3288,296;  201,674;20597,764;15,13340
 383,87; 3249,046;  171,981;20438,512;15,18298
 384,46; 3246,539;  168,284;20395,775;15,21818
 385,05; 3299,340;  201,058;20345,605;15,38026
 385,64; 3285,771;  173,290;20372,133;15,40920
 386,24; 3308,999;  160,207;20337,384;15,60571
 386,83; 3358,428;  204,283;20341,147;15,66354
 387,42; 3430,926;  197,982;20443,755;15,96849
 388,01; 3449,848;  187,663;20722,576;15,88604
 388,60; 3535,956;  185,669;20944,242;16,13929
 389,19; 3571,135;  171,195;21150,735;16,20598
 389,78; 3641,335;  177,043;21370,802;16,34581
 390,37; 3815,842;  234,666;21847,997;16,56930
 390,96; 3835,777;  180,052;22023,426;16,73608
 391,56; 3923,635;  184,039;22139,320;17,03278
 392,15; 3970,917;  169,582;22411,555;17,09082
 392,74; 4041,037;  150,800;22583,063;17,34215
 393,33; 4145,506;  174,192;22846,524;17,51612
 393,92; 4279,026;  192,027;23328,953;17,66440
 394,51; 4357,129;  174,577;23483,413;17,94406
 395,10; 4453,496;  210,938;23741,130;18,03027
 395,69; 4517,255;  191,709;23890,302;18,25233
 396,28; 4598,320;  189,164;24005,657;18,51304
 396,87; 4640,969;  197,000;24049,721;18,63087
 397,46; 4732,981;  196,915;24168,127;18,92297
 398,06; 4827,081;  211,983;24401,439;19,07896
 398,65; 4892,958;  191,424;24435,851;19,39223
 399,24; 4979,371;  197,112;24662,782;19,54682
 399,83; 4985,542;  175,619;24707,790;19,60659
 400,42; 5113,730;  214,283;24793,714;19,93312
 401,01; 5215,464;  189,019;24914,542;20,32897
 401,60; 5256,103;  199,975;24900,798;20,46947
 402,19; 5349,863;  220,863;24849,078;20,82571
 402,78; 5384,520;  222,501;24901,088;20,91699
 403,37; 5387,700;  204,834;24741,548;21,12290
 403,96; 5442,376;  203,697;24609,990;21,46446
 404,55; 5488,489;  211,322;24417,879;21,80057
 405,14; 5486,690;  194,415;24293,260;21,96070
 405,73; 5551,638;  207,883;24275,116;22,20345
 406,32; 5621,392;  205,219;24131,352;22,63706
 406,91; 5608,033;  198,856;23904,980;22,81764
 407,50; 5651,740;  207,674;23733,268;23,14104
 408,09; 5652,920;  183,730;23420,189;23,53710
 408,68; 5669,523;  192,793;23255,197;23,74744
 409,27; 5684,315;  185,273;23146,454;23,94930
 409,86; 5698,421;  197,701;22960,388;24,16551
 410,45; 5794,821;  238,122;22919,365;24,49910
 411,04; 5836,360;  238,082;22843,339;24,76538
 411,63; 5772,031;  211,592;22600,535;24,83565
 412,22; 5805,747;  218,021;22288,056;25,31816
 412,81; 5811,102;  223,652;22056,752;25,59165
 413,40; 5792,949;  235,979;21728,740;25,85508
 413,99; 5789,766;  260,589;21397,851;26,15844
 414,58; 5671,122;  202,285;21003,304;26,29120
 415,17; 5681,910;  218,036;20759,640;26,59906
 415,76; 5720,201;  210,789;20711,639;26,87407
 416,35; 5696,167;  191,259;20454,580;27,16686
 416,94; 5799,508;  230,023;20514,156;27,45735
 417,53; 5926,772;  201,576;20800,791;27,79327
 418,12; 5991,667;  201,580;20827,937;28,07130
 418,71; 6169,087;  220,980;21186,040;28,37152
 419,30; 6228,973;  211,736;21228,228;28,63103
 419,89; 6340,057;  194,893;21434,172;28,93302
 420,48; 6519,444;  237,442;21733,900;29,22343
 421,07; 6645,191;  215,368;21822,005;29,75856
 421,66; 6619,208;  188,454;21846,735;29,69189
 422,25; 6660,475;  208,395;21852,910;29,80931
 422,84; 6739,358;  225,783;21737,539;30,27914
 423,43; 6706,215;  215,391;21508,323;30,48347
 424,02; 6709,655;  233,317;21253,813;30,80963
 424,60; 6569,277;  215,646;20826,513;30,82661
 425,19; 6591,195;  213,481;20615,233;31,26062
 425,78; 6620,316;  234,251;20400,833;31,66657
 426,37; 6575,151;  238,797;20253,664;31,65824
 426,96; 6631,113;  222,105;20170,398;32,12810
 427,55; 6622,286;  211,732;20039,514;32,33117
 428,14; 6616,399;  203,353;19811,972;32,70524
 428,73; 6581,860;  204,266;19667,866;32,76677
 429,32; 6666,789;  222,719;19620,862;33,22004
 429,91; 6702,767;  242,190;19615,704;33,34747
 430,50; 6691,325;  231,888;19457,006;33,59895
 431,08; 6666,095;  221,587;19289,596;33,79749
 431,67; 6720,238;  259,438;19255,284;34,01165
 432,26; 6666,370;  261,905;19013,763;34,15376
 432,85; 6624,112;  275,980;18644,633;34,55959
 433,44; 6540,757;  279,142;18309,281;34,72860
 434,03; 6497,012;  303,076;17873,504;35,25205
 434,62; 6352,981;  254,220;17499,553;35,36471
 435,21; 6283,270;  270,981;17245,806;35,41886
 435,79; 6293,262;  249,226;17166,079;35,72790
 436,38; 6265,217;  252,083;16985,729;35,93439
 436,97; 6265,734;  247,930;16873,153;36,19683
 437,56; 6241,524;  255,023;16748,946;36,29519
 438,15; 6221,907;  235,558;16658,115;36,45199
 438,74; 6331,761;  265,790;16633,993;37,05948
 439,33; 6347,549;  241,711;16658,018;37,19374
 439,91; 6341,132;  221,026;16713,130;37,10931
 440,50; 6445,232;  271,565;16805,548;37,33926
 441,09; 6493,718;  262,189;16895,628;37,46386
 441,68; 6530,985;  241,660;16963,225;37,61206
 442,27; 6535,033;  233,887;16851,869;37,91764
 442,86; 6552,496;  203,599;16819,088;38,21072
 443,44; 6620,130;  227,595;16931,893;38,26880
 444,03; 6700,902;  271,446;16995,269;38,44490
 444,62; 6642,662;  226,600;16879,912;38,52724
 445,21; 6605,227;  245,366;16666,519;38,72968
 445,80; 6636,886;  265,147;16604,455;38,99638
 446,39; 6552,656;  268,760;16364,850;39,03989
 446,97; 6397,351;  227,772;16116,035;38,83104
 447,56; 6357,280;  218,705;15890,562;39,16942
 448,15; 6319,379;  228,618;15759,022;39,21830
 448,74; 6201,432;  257,389;15456,208;39,10859
 449,33; 6143,791;  235,088;15347,125;39,09932
 449,91; 6126,719;  238,175;15103,327;39,61308
 450,50; 6068,728;  230,558;14860,535;39,90553
 451,09; 6040,426;  234,097;14801,560;39,85820
 451,68; 6001,881;  259,410;14724,733;39,69819
 452,26; 5996,490;  251,953;14609,451;40,01072
 452,85; 5971,178;  230,104;14421,058;40,45587
 453,44; 6006,806;  243,810;14491,666;40,44816
 454,03; 6012,313;  217,417;14426,473;40,78312
 454,61; 6023,128;  230,811;14415,041;40,83632
 455,20; 6127,988;  245,893;14580,549;41,03409
 455,79; 6139,600;  254,961;14556,496;41,14690
 456,38; 6194,113;  252,439;14684,904;41,16881
 456,97; 6254,380;  237,283;14765,098;41,41777
 457,55; 6254,247;  240,597;14742,400;41,46829
 458,14; 6273,765;  249,512;14730,724;41,60048
 458,73; 6259,723;  247,136;14630,007;41,80380
 459,31; 6310,919;  265,453;14709,332;41,85487
 459,90; 6366,454;  278,294;14787,950;41,95937
 460,49; 6414,335;  316,676;14902,291;41,80598
 461,08; 6440,277;  239,457;14907,869;42,27329
 461,66; 6451,667;  248,298;15049,536;41,91115
 462,25; 6490,075;  251,999;15121,148;41,95315
 462,84; 6553,907;  277,304;15109,398;42,31771
 463,43; 6524,805;  215,394;15085,289;42,43077
 464,01; 6502,441;  248,782;15117,756;42,05844
 464,60; 6538,847;  291,775;15077,974;42,24934
 465,19; 6422,675;  228,247;14843,912;42,38212
 465,77; 6406,592;  248,251;14804,322;42,30771
 466,36; 6406,046;  262,163;14688,107;42,58912
 466,95; 6241,936;  245,856;14414,014;42,32081
 467,53; 6139,657;  250,795;14096,619;42,53168
 468,12; 6033,211;  284,642;13785,386;42,57965
 468,71; 5956,247;  249,478;13594,462;42,76340
 469,29; 5817,198;  227,721;13304,237;42,74439
 469,88; 5724,525;  237,801;13053,236;42,81340
 470,47; 5837,785;  300,502;13186,269;42,97209
 471,06; 5795,278;  263,195;13153,729;42,91586
 471,64; 5879,324;  248,577;13220,818;43,40613
 472,23; 5848,875;  221,439;13272,338;43,11914
 472,81; 5942,241;  220,431;13340,822;43,61005
 473,40; 5982,646;  234,747;13485,729;43,37715
 473,99; 6166,973;  335,209;13697,135;43,64464
 474,57; 6133,922;  245,516;13793,499;43,46334
 475,16; 6226,115;  253,433;13941,336;43,63474
 475,75; 6290,942;  273,676;14125,956;43,43882
 476,33; 6340,128;  271,682;14198,006;43,57536
 476,92; 6347,230;  275,979;14259,027;43,41865
 477,51; 6396,498;  265,064;14328,410;43,59869
 478,09; 6370,845;  257,910;14312,913;43,49295
 478,68; 6389,002;  273,913;14221,761;43,84253
 479,27; 6427,425;  287,599;14305,290;43,80055
 479,85; 6365,288;  257,605;14283,426;43,54600
 480,44; 6390,592;  254,839;14418,392;43,32072
 481,02; 7070,793;  255,537;15815,136;43,80097
 481,61; 8032,886;  283,919;17873,001;44,05555
 482,20; 8538,534;  255,691;19099,150;43,95607
 482,78; 8957,836;  299,453;19992,311;43,96713
 483,37; 9217,394;  278,699;20533,405;44,13144
 483,95; 9347,498;  304,393;20791,766;44,13990
 484,54; 9496,795;  317,687;21021,241;44,33590
 485,13; 9411,764;  274,631;20883,675;44,33555
 485,71; 9288,684;  255,552;20621,442;44,35422
 486,30; 9216,108;  284,013;20314,022;44,59356
 486,88; 9030,184;  322,246;19987,396;44,28107
 487,47; 8680,030;  301,556;19228,616;44,26717
 488,05; 8279,190;  276,713;18322,323;44,34584
 488,64; 7708,549;  297,104;17030,624;44,29101
 489,23; 6867,151;  304,637;15145,886;44,21807
 489,81; 5830,016;  299,947;12970,050;43,64660
 490,40; 5506,734;  248,179;12323,096;43,54941
 490,98; 5405,960;  239,182;12008,747;43,89948
 491,57; 5342,213;  273,023;11980,192;43,29988
 492,15; 5286,850;  253,952;11882,885;43,27910
 492,74; 5270,722;  260,944;11757,133;43,57773
 493,32; 5245,053;  277,412;11662,063;43,63455
 493,91; 5153,414;  263,340;11601,767;43,12833
 494,50; 5161,605;  262,198;11572,590;43,31775
 495,08; 5121,006;  241,813;11485,521;43,39488
 495,67; 5115,322;  272,570;11503,391;43,12020
 496,25; 5085,999;  224,038;11384,741;43,56321
 496,84; 5056,041;  231,646;11343,679;43,41595
 497,42; 5018,020;  221,502;11293,373;43,32166
 498,01; 5000,635;  249,648;11233,564;43,25404
 498,59; 4947,727;  227,811;11193,057;43,04432
 499,18; 4931,975;  225,572;11124,262;43,18320
 499,76; 4927,279;  260,115;11101,294;43,05033
 500,35; 4802,629;  245,432;10862,542;42,92314
 500,93; 4795,143;  241,963;10813,297;43,07100
 501,52; 4763,908;  238,734;10757,351;43,02063
 502,10; 4758,845;  261,129;10747,595;42,89067
 502,69; 4672,441;  242,363;10559,944;42,93718
 503,27; 4609,405;  227,429;10349,820;43,28994
 503,86; 4578,019;  233,977;10292,458;43,18786
 504,44; 4503,961;  224,981;10143,073;43,14318
 505,03; 4398,048;  207,673; 9910,660;43,18644
 505,61; 4296,415;  228,441; 9867,810;42,20166
 506,19; 4270,037;  250,134; 9720,605;42,44670
 506,78; 4140,675;  215,912; 9514,755;42,20700
 507,36; 4092,737;  224,980; 9341,724;42,42476
 507,95; 4023,598;  231,532; 9195,965;42,30124
 508,53; 3962,847;  226,066; 9043,616;42,37891
 509,12; 3905,658;  230,530; 8892,813;42,42679
 509,70; 3811,457;  257,455; 8769,488;41,75268
 510,29; 3765,554;  247,459; 8619,416;42,02237
 510,87; 3652,827;  229,989; 8412,749;41,82988
 511,46; 3567,654;  219,298; 8211,179;41,89696
 512,04; 3465,897;  224,918; 8099,680;41,15653
 512,62; 3439,770;  237,914; 7993,451;41,28477
 513,21; 3340,816;  213,229; 7789,415;41,28181
 513,79; 3320,159;  220,165; 7669,221;41,61593
 514,38; 3217,445;  209,315; 7499,517;41,26264
 514,96; 3199,633;  244,391; 7433,540;41,10699
 515,54; 3111,484;  212,778; 7283,317;40,99695
 516,13; 3093,094;  226,779; 7157,826;41,35472
 516,71; 3026,496;  215,862; 7056,039;41,09008
 517,30; 2953,885;  208,251; 6931,959;40,83511
 517,88; 2921,104;  234,174; 6882,673;40,41408
 518,46; 2881,847;  213,022; 6747,913;40,83962
 519,05; 2846,923;  225,718; 6659,507;40,74123
 519,63; 2819,980;  224,178; 6659,420;40,33729
 520,22; 2802,482;  243,724; 6564,271;40,48316
 520,80; 2763,899;  227,494; 6466,969;40,65093
 521,38; 2770,099;  257,027; 6436,694;40,66680
 521,97; 2716,283;  218,883; 6429,178;40,21387
 522,55; 2714,407;  235,575; 6443,647;39,92918
 523,13; 2701,518;  216,732; 6398,186;40,19744
 523,72; 2708,835;  224,330; 6381,243;40,35311
 524,30; 2751,987;  239,351; 6545,207;39,84608
 524,89; 2732,700;  207,114; 6567,260;39,70955
 525,47; 2792,543;  238,660; 6665,749;39,73623
 526,05; 2786,240;  213,276; 6727,615;39,49694
 526,64; 2828,117;  229,356; 6855,141;39,22194
 527,22; 2888,417;  232,121; 6943,659;39,57805
 527,80; 2969,846;  269,432; 7065,555;39,73462
 528,39; 2956,515;  226,435; 7190,884;39,20022
 528,97; 3018,035;  226,510; 7359,112;39,13754
 529,55; 3090,076;  234,655; 7559,822;38,98097
 530,14; 3191,573;  257,130; 7734,782;39,24284
 530,72; 3193,844;  221,972; 7856,769;38,92536
 531,30; 3232,221;  217,746; 7992,942;38,77041
 531,89; 3273,817;  229,746; 8072,921;38,81172
 532,47; 3312,231;  256,594; 8217,595;38,38257
 533,05; 3316,960;  264,355; 8219,821;38,37117
 533,63; 3353,342;  252,056; 8273,838;38,66081
 534,22; 3320,602;  224,980; 8342,061;38,13713
 534,80; 3361,668;  241,755; 8435,057;38,07883
 535,38; 3437,899;  314,977; 8489,709;38,20212
 535,97; 3330,751;  234,133; 8436,888;37,75095
 536,55; 3363,787;  271,140; 8468,496;37,72738
 537,13; 3335,180;  265,745; 8446,124;37,52192
 537,71; 3369,148;  285,283; 8475,119;37,65478
 538,30; 3365,026;  305,674; 8570,323;37,01732
 538,88; 3425,674;  318,837; 8599,984;37,51699
 539,46; 3515,177;  344,062; 8806,603;37,47238
 540,05; 3547,049;  345,912; 8897,023;37,43534
 540,63; 3598,348;  386,296; 9111,519;36,81341
 541,21; 3654,115;  393,223; 9243,260;36,84609
 541,79; 3699,480;  411,761; 9345,393;36,80160
 542,38; 3736,016;  420,142; 9496,556;36,53287
 542,96; 3797,840;  444,997; 9640,398;36,46217
 543,54; 3883,939;  449,299; 9854,765;36,51749
 544,12; 3899,197;  405,685; 9999,510;36,41417
 544,70; 3896,265;  405,382;10057,138;36,16838
 545,29; 3980,912;  420,603;10257,492;36,19344
 545,87; 3973,788;  410,915;10329,470;35,92129
 546,45; 3976,697;  392,603;10323,885;36,08894
 547,03; 3994,875;  383,760;10485,760;35,74654
 547,62; 4028,330;  363,839;10602,636;35,79025
 548,20; 4072,202;  382,919;10766,056;35,53148
 548,78; 4097,845;  344,546;10952,908;35,38057
 549,36; 4157,570;  347,391;11183,078;35,16324
 549,94; 4155,395;  320,764;11287,724;34,96531
 550,53; 4255,032;  322,697;11513,627;35,13859
 551,11; 4304,615;  294,548;11726,288;35,07836
 551,69; 4377,645;  322,468;12059,610;34,54996
 552,27; 4461,567;  275,540;12330,394;34,72482
 552,85; 4575,730;  287,163;12753,477;34,40124
 553,44; 4658,442;  288,544;13036,442;34,27936
 554,02; 4802,288;  310,085;13449,201;34,18954
 554,60; 4856,330;  248,318;13720,860;34,20299
 555,18; 5008,319;  287,852;14092,826;34,19396
 555,76; 5101,375;  277,008;14460,557;34,01382
 556,34; 5218,149;  292,169;14913,550;33,69025
 556,93; 5351,264;  277,853;15329,007;33,70779
 557,51; 5445,285;  240,707;15647,690;33,78064
 558,09; 5570,157;  284,853;16070,707;33,48127
 558,67; 5680,380;  280,172;16447,067;33,40287
 559,25; 5775,869;  288,786;16734,988;33,36383
 559,83; 5854,230;  273,791;17033,614;33,29653
 560,41; 5976,950;  265,398;17391,253;33,35046
 561,00; 6035,399;  280,634;17766,934;32,91014
 561,58; 6079,236;  274,782;18011,072;32,72643
 562,16; 6188,414;  268,625;18341,204;32,75564
 562,74; 6280,702;  237,393;18731,886;32,67626
 563,32; 6355,191;  245,867;19154,726;32,30932
 563,90; 6487,466;  267,019;19544,270;32,26833
 564,48; 6592,212;  267,550;20046,724;31,97637
 565,06; 6810,213;  267,326;20579,929;32,21097
 565,65; 6994,709;  272,181;21263,904;32,02466
 566,23; 7235,352;  311,788;22040,081;31,86428
 566,81; 7418,907;  279,324;22783,792;31,72518
 567,39; 7689,092;  277,023;23701,381;31,64257
 567,97; 7819,460;  289,940;24310,168;31,34658
 568,55; 8128,266;  293,252;25197,412;31,46066
 569,13; 8280,411;  270,634;25881,528;31,27488
 569,71; 8502,067;  280,933;26851,239;30,94106
 570,29; 8873,061;  308,160;27888,993;31,05381
 570,87; 9066,802;  303,624;28621,612;30,94562
 571,45; 9203,993;  296,018;29325,907;30,68553
 572,03; 9282,310;  249,486;29702,693;30,66839
 572,61; 9427,756;  242,944;30408,629;30,44788
 573,20; 9607,979;  281,092;31069,696;30,29331
 573,78; 9762,585;  260,329;31782,006;30,14515
 574,36; 9875,376;  279,328;32300,505;29,96782
 574,94; 9937,758;  317,256;32642,774;29,76132
 575,52; 9919,919;  265,725;32846,235;29,63181
 576,10;10121,366;  308,953;33440,563;29,61647
 576,68;10228,050;  288,870;33975,623;29,50471
 577,26;10413,434;  309,574;34699,026;29,38069
 577,84;10505,042;  315,943;35186,679;29,21963
 578,42;10535,162;  350,873;35502,631;28,97235
 579,00;10479,210;  290,252;35667,901;28,80055
 579,58;10547,500;  329,718;35955,711;28,68069
 580,16;10502,504;  305,028;35934,796;28,62066
 580,74;10510,026;  303,875;36128,711;28,48904
 581,32;10497,023;  300,872;36230,094;28,37843
 581,90;10457,301;  327,182;36174,629;28,25897
 582,48;10421,129;  327,798;36293,768;28,06356
 583,06;10442,953;  317,718;36487,822;27,99338
 583,64;10448,662;  308,871;36568,753;27,96421
 584,22;10368,186;  320,649;36441,638;27,81634
 584,80;10204,529;  320,258;36211,539;27,53948
 585,38;10049,138;  324,553;35778,495;27,42878
 585,96;10039,014;  299,253;35838,913;27,40533
 586,54;10007,871;  319,802;35884,305;27,24084
 587,12; 9991,541;  300,568;36082,359;27,08353
 587,70;10019,536;  326,331;36191,135;27,02707
 588,28; 9942,579;  305,568;36305,241;26,76972
 588,86; 9935,942;  315,031;36369,510;26,68437
 589,44; 9847,258;  297,962;36510,054;26,37046
 590,02; 9873,393;  307,114;36686,583;26,29582
 590,59; 9896,361;  285,802;36964,214;26,20222
 591,17; 9932,190;  298,047;37099,676;26,17858
 591,75; 9918,282;  289,503;37335,237;25,99160
 592,33; 9905,762;  309,655;37533,493;25,77947
 592,91; 9912,806;  272,199;37770,302;25,70959
 593,49; 9973,766;  276,587;38115,931;25,62724
 594,07; 9996,948;  285,510;38350,610;25,51271
 594,65; 9963,500;  301,418;38358,213;25,38859
 595,23; 9991,786;  307,960;38870,395;25,11207
 595,81; 9997,699;  283,500;38835,566;25,19761
 596,39; 9964,124;  271,577;38992,460;25,03183
 596,97; 9942,786;  305,198;39202,896;24,77676
 597,55; 9877,182;  285,497;39101,230;24,71082
 598,12; 9790,602;  272,973;39094,948;24,51609
 598,70; 9754,745;  269,431;39324,222;24,28720
 599,28; 9769,390;  292,662;39457,523;24,19702
 599,86; 9706,878;  276,815;39468,964;24,06110
 600,44; 9673,753;  251,740;39539,023;23,98235
 601,02; 9673,998;  308,287;39632,593;23,81660
 601,60; 9586,870;  285,734;39636,789;23,63631
 602,18; 9602,792;  254,434;39624,823;23,74464
 602,75; 9534,869;  259,269;39722,651;23,50432
 603,33; 9513,640;  276,046;39733,774;23,41137
 603,91; 9460,117;  263,669;39629,278;23,36163
 604,49; 9423,882;  287,354;39768,137;23,14171
 605,07; 9399,705;  289,734;39779,503;23,06919
 605,65; 9417,113;  293,279;39876,357;23,04983
 606,23; 9404,607;  322,032;39961,370;22,91303
 606,80; 9340,926;  339,115;40031,476;22,67895
 607,38; 9246,525;  361,129;40020,091;22,40451
 607,96; 9293,954;  396,345;40120,463;22,39851
 608,54; 9239,093;  436,971;40132,952;22,17384
 609,12; 9275,956;  423,730;40212,084;22,24828
 609,70; 9170,337;  447,584;40164,958;21,96206
 610,27; 9130,316;  446,960;40221,891;21,83123
 610,85; 9043,239;  452,660;40361,469;21,52552
 611,43; 8977,504;  453,661;40190,327;21,45083
 612,01; 8878,201;  428,579;39938,834;21,38589
 612,59; 8786,328;  437,122;40005,832;21,10052
 613,16; 8733,128;  400,803;40000,582;21,04134
 613,74; 8681,131;  391,816;39860,382;21,00232
 614,32; 8571,864;  378,203;39818,573;20,77481
 614,90; 8521,105;  368,735;39740,501;20,70613
 615,48; 8421,423;  336,420;39404,202;20,69481
 616,05; 8342,682;  326,033;39490,968;20,46894
 616,63; 8209,171;  335,569;39351,965;20,18024
 617,21; 8157,075;  332,883;39185,457;20,13816
 617,79; 8054,779;  313,578;39065,963;19,97606
 618,36; 8023,608;  330,580;39125,867;19,82980
 618,94; 7857,974;  261,959;38822,725;19,69882
 619,52; 7754,916;  292,032;38375,453;19,59615
 620,10; 7700,236;  285,269;38330,713;19,48976
 620,67; 7652,124;  295,723;38250,497;19,38202
 621,25; 7537,168;  306,350;38026,894;19,16944
 621,83; 7505,061;  298,651;38062,774;19,08269
 622,41; 7526,655;  328,959;38049,670;19,08155
 622,98; 7360,968;  308,800;37788,029;18,81620
 623,56; 7336,358;  314,030;37795,674;18,73538
 624,14; 7232,591;  289,659;37659,464;18,57899
 624,72; 7163,714;  301,805;37544,194;18,42500
 625,29; 7125,157;  282,799;37675,744;18,29853
 625,87; 7148,798;  326,270;37619,830;18,29412
 626,45; 6990,217;  279,259;37344,439;18,10583
 627,02; 6955,080;  287,732;37357,465;17,98596
 627,60; 6923,242;  271,817;37247,702;17,98855
 628,18; 6812,802;  253,730;37361,161;17,67590
 628,76; 6825,567;  261,724;37356,021;17,69502
 629,33; 6771,542;  296,726;37384,113;17,45827
 629,91; 6700,005;  278,346;37340,329;17,32681
 630,49; 6735,786;  296,956;37449,416;17,33083
 631,06; 6693,099;  287,340;37625,831;17,15591
 631,64; 6639,278;  293,568;37572,200;17,02238
 632,22; 6567,033;  254,949;37478,527;16,95722
 632,79; 6599,370;  288,257;37824,059;16,81358
 633,37; 6550,029;  277,349;37826,435;16,70528
 633,95; 6579,226;  270,644;37963,712;16,73672
 634,52; 6563,972;  272,189;38068,796;16,64642
 635,10; 6470,828;  282,499;38029,680;16,39415
 635,68; 6496,120;  274,949;38237,268;16,38775
 636,25; 6428,531;  266,637;38241,039;16,22644
 636,83; 6408,644;  254,878;38432,405;16,11882
 637,41; 6410,210;  251,487;38505,802;16,09942
 637,98; 6382,707;  285,409;38627,908;15,90219
 638,56; 6339,255;  273,867;38771,280;15,75531
 639,13; 6317,880;  265,800;38871,974;15,67646
 639,71; 6368,994;  311,878;39154,614;15,59395
 640,29; 6208,078;  246,955;38826,648;15,45145
 640,86; 6203,981;  252,032;38988,317;15,36531
 641,44; 6117,038;  253,417;38967,062;15,14614
 642,02; 6145,788;  276,341;38914,962;15,19062
 642,59; 6083,306;  253,879;39161,323;14,98281
 643,17; 6057,748;  263,110;39098,531;14,92101
 643,74; 5984,805;  249,111;39141,738;14,74751
 644,32; 5959,632;  286,649;39185,253;14,58403
 644,89; 5933,689;  280,649;39099,692;14,56254
 645,47; 5916,669;  291,111;39116,437;14,48940
 646,05; 5882,188;  286,111;39135,414;14,40457
 646,62; 5782,706;  264,189;39107,852;14,20700
 647,20; 5786,686;  269,497;39209,444;14,16846
 647,77; 5705,743;  249,804;39035,729;14,06680
 648,35; 5669,031;  245,420;39003,398;13,99354
 648,92; 5668,935;  272,651;39009,682;13,93056
 649,50; 5540,299;  234,882;38843,966;13,74137
 650,08; 5523,587;  246,882;38764,251;13,69955
 650,65; 5515,875;  238,036;39112,535;13,57661
 651,23; 5546,548;  220,421;39827,512;13,44741
 651,80; 5696,066;  233,729;40797,488;13,46605
 652,38; 5694,662;  246,499;41191,465;13,30606
 652,95; 5666,873;  227,268;41534,057;13,16879
 653,53; 5678,545;  255,961;41894,187;13,02309
 654,10; 5715,987;  281,576;41945,318;13,04350
 654,68; 5625,967;  241,577;41909,064;12,92228
 655,25; 5609,178;  238,192;41917,579;12,88643
 655,83; 5570,620;  237,423;42057,709;12,75265
 656,40; 5542,215;  264,500;42034,840;12,63508
 656,98; 5459,888;  239,270;41918,278;12,52577
 657,55; 5441,406;  252,347;41811,332;12,48601
 658,13; 5331,079;  241,116;41390,693;12,36942
 658,70; 5301,059;  266,270;41249,977;12,28485
 659,28; 5169,116;  236,501;40241,339;12,33005
 659,85; 4987,096;  255,040;39406,315;12,08660
 660,43; 4977,769;  261,887;39494,676;12,02026
 661,00; 4955,980;  240,502;39551,730;11,99524
 661,58; 4932,268;  237,810;40107,784;11,77442
 662,15; 4928,479;  226,503;40183,453;11,76760
 662,73; 4985,459;  300,272;40518,660;11,64936
 663,30; 4998,823;  244,042;40675,406;11,76013
 663,88; 4954,804;  254,965;40897,306;11,56390
 664,45; 4931,553;  244,734;41079,282;11,47758
 665,03; 4970,841;  242,658;41416,797;11,48338
 665,60; 5014,436;  323,504;41846,697;11,29714
 666,17; 4926,647;  247,658;41960,520;11,21714
 666,75; 4974,781;  249,735;42413,650;11,20637
 667,32; 4984,762;  268,505;42639,396;11,13089
 667,90; 4936,357;  244,582;42979,604;10,97876
 668,47; 5004,876;  273,274;43192,888;11,02433
 669,05; 4999,471;  237,582;43631,019;10,97375
 669,62; 4971,221;  231,583;43641,611;10,91830
 670,19; 4963,816;  232,198;43783,433;10,86449
 670,77; 4969,950;  248,198;43903,025;10,81610
 671,34; 4956,623;  243,353;43823,310;10,81522
 671,92; 4914,449;  231,737;44287,748;10,62900
 672,49; 4955,583;  258,738;44173,340;10,69541
 673,06; 4847,871;  215,507;44343,470;10,49757
 673,64; 4890,544;  232,661;44171,293;10,60088
 674,21; 4818,139;  220,046;44244,347;10,44444
 674,79; 4878,658;  250,508;44513,323;10,45607
 675,36; 4819,023;  260,585;44484,223;10,30769
 675,93; 4768,618;  219,508;44374,123;10,30268
 676,51; 4788,906;  256,816;44710,176;10,19516
 677,08; 4769,502;  241,124;44763,692;10,17097
 677,65; 4754,251;  250,047;44833,976;10,10275
 678,23; 4746,846;  253,509;45032,876;10,03439
 678,80; 4711,134;  240,971;45153,160; 9,95312
 679,38; 4726,653;  240,048;45315,367; 9,95357
 679,95; 4715,095;  241,510;45585,344; 9,86592
 680,52; 4724,844;  246,664;45759,705; 9,83933
 681,10; 4759,440;  255,126;46247,374; 9,79364
 681,67; 4748,420;  254,664;46474,505; 9,72257
 682,24; 4691,400;  234,126;46637,789; 9,60544
 682,82; 4762,457;  238,050;47233,381; 9,62736
 683,39; 4827,899;  280,973;47459,127; 9,63778
 683,96; 4759,494;  245,665;47797,719; 9,49240
 684,54; 4799,398;  227,589;48127,234; 9,54456
 685,11; 4852,916;  269,666;48378,288; 9,52688
 685,68; 4820,127;  246,358;48929,495; 9,39498
 686,25; 4808,877;  229,436;49081,164; 9,37416
 686,83; 4808,011;  244,897;49196,602; 9,32166
 687,40; 4841,068;  219,205;49533,271; 9,37230
 687,97; 4868,048;  269,667;49965,556; 9,25304
 688,55; 4857,182;  222,129;49932,071; 9,32420
 689,12; 4818,393;  214,206;50320,663; 9,18881
 689,69; 4840,681;  222,899;50349,716; 9,21220
 690,26; 4816,353;  246,130;50497,462; 9,09473
 690,84; 4805,949;  245,361;50658,285; 9,04647
 691,41; 4796,314;  248,822;50775,800; 9,00013
 691,98; 4806,063;  254,823;51050,469; 8,95990
 692,56; 4820,120;  233,284;51139,369; 9,01039
 693,13; 4876,408;  283,592;51161,576; 9,02712
 693,70; 4821,080;  266,823;51358,245; 8,91394
 694,27; 4784,599;  254,285;51426,453; 8,85308
 694,84; 4751,579;  234,131;51492,583; 8,81308
 695,42; 4846,867;  288,362;51602,791; 8,88348
 695,99; 4806,001;  251,132;51901,229; 8,81870
 696,56; 4782,212;  233,747;51796,052; 8,82130
 697,13; 4813,885;  253,594;52059,182; 8,80270
 697,71; 4798,019;  221,517;52124,466; 8,81742
 698,28; 4817,383;  241,825;52567,212; 8,74443
 698,85; 4788,133;  218,672;52430,573; 8,75176
 699,42; 4819,344;  217,903;52602,627; 8,78394
 699,99; 4824,478;  269,364;52899,758; 8,65491
 700,57; 4780,304;  250,288;52759,427; 8,62710
 701,14; 4814,515;  239,903;52950,788; 8,67869
 701,71; 4845,495;  251,057;53144,841; 8,68616
 702,28; 4816,706;  249,750;53175,587; 8,62897
 702,85; 4776,532;  240,212;53278,641; 8,55289
 703,43; 4810,051;  267,981;53533,464; 8,52723
 704,00; 4828,647;  279,366;53798,363; 8,50031
 704,57; 4801,088;  251,674;53675,417; 8,51572
 705,14; 4837,453;  272,597;54065,932; 8,48591
 705,71; 4826,356;  271,290;54061,216; 8,46825
 706,28; 4786,260;  252,367;53901,808; 8,45096
 706,86; 4850,240;  276,752;54297,400; 8,46618
 707,43; 4813,912;  300,598;54147,300; 8,38178
 708,00; 4795,508;  264,060;54117,123; 8,41447
 708,57; 4763,334;  243,675;54126,561; 8,38793
 709,14; 4777,084;  272,599;54215,230; 8,35051
 709,71; 4772,141;  248,830;54312,438; 8,36665
 710,28; 4826,428;  264,445;54427,876; 8,42263
 710,86; 4783,332;  265,676;54698,083; 8,29957
 711,43; 4834,466;  280,061;54701,983; 8,36869
 712,00; 4789,292;  256,600;54690,575; 8,32695
 712,57; 4831,734;  265,293;54991,705; 8,34413
 713,14; 4817,945;  255,216;55000,451; 8,33448
 713,71; 4791,463;  266,831;54936,505; 8,27631
 714,28; 4805,213;  265,601;54977,558; 8,29729
 714,85; 4796,347;  241,524;54659,535; 8,37006
 715,42; 4798,942;  249,140;55004,127; 8,30938
 716,00; 4878,923;  311,140;55111,181; 8,33536
 716,57; 4803,595;  262,602;55229,773; 8,26128
 717,14; 4813,498;  249,217;55154,826; 8,31296
 717,71; 4797,478;  234,987;55096,957; 8,31631
 718,28; 4866,151;  280,449;55273,164; 8,33874
 718,85; 4807,670;  247,218;55374,218; 8,27263
 719,42; 4891,034;  269,449;55454,810; 8,37466
 719,99; 4827,091;  247,219;55223,709; 8,33060
 720,56; 4839,456;  264,988;55553,840; 8,27376
 721,13; 4892,590;  241,296;55688,124; 8,38875
 721,70; 4854,417;  248,835;55484,255; 8,33810
 722,27; 4881,474;  273,912;55549,770; 8,33558
 722,84; 4947,685;  306,374;55677,900; 8,38213
 723,41; 4897,049;  240,835;55715,569; 8,39340
 723,98; 4890,568;  266,682;55931,161; 8,30671
 724,55; 4949,164;  283,144;55921,215; 8,38638
 725,12; 4870,451;  221,836;55925,192; 8,34531
 725,69; 4938,047;  253,221;56131,091; 8,38405
 726,27; 4962,181;  266,606;56193,145; 8,39597
 726,84; 4994,161;  269,298;56558,891; 8,39385
 727,41; 4995,449;  274,683;56495,175; 8,39688
 727,98; 5034,275;  272,376;56762,306; 8,42964
 728,55; 5088,871;  296,068;56619,205; 8,50947
 729,12; 5027,390;  239,607;56799,951; 8,46491
 729,69; 5063,216;  279,376;57065,620; 8,42429
 730,26; 5060,042;  276,069;57301,443; 8,38920
 730,82; 5054,561;  272,069;57015,958; 8,42821
 731,39; 5128,695;  263,608;57200,396; 8,54472
 731,96; 5123,214;  251,454;57379,758; 8,52775
 732,53; 5179,271;  265,455;57658,119; 8,56175
 733,10; 5184,635;  274,609;57655,326; 8,55693
 733,67; 5220,616;  271,455;57940,841; 8,58195
 734,24; 5189,980;  251,994;57573,126; 8,61460
 734,81; 5237,807;  285,456;57668,949; 8,63027
 735,38; 5218,172;  270,840;57484,925; 8,64705
 735,95; 5185,152;  271,148;57348,594; 8,60936
 736,52; 5239,670;  277,610;57559,878; 8,66247
 737,09; 5189,189;  265,918;57244,547; 8,64056
 737,66; 5274,708;  307,072;57340,678; 8,71001
 738,23; 5290,842;  259,534;57458,193; 8,79620
 738,80; 5364,283;  314,919;57686,631; 8,80114
 739,37; 5349,802;  294,150;57997,146; 8,76151
 739,94; 5381,705;  266,765;58021,969; 8,85624
 740,51; 5458,916;  361,073;58162,869; 8,81952
 741,07; 5384,512;  257,304;57969,230; 8,88414
 741,64; 5435,646;  299,458;58260,591; 8,86143
 742,21; 5421,164;  268,459;58352,491; 8,87112
 742,78; 5414,529;  238,074;58040,006; 8,95551
 743,35; 5443,971;  267,921;58393,598; 8,90493
 743,92; 5513,259;  293,382;58500,806; 8,96772
 744,49; 5519,624;  272,075;58297,244; 9,04357
 745,06; 5474,450;  262,537;58309,990; 8,97871
 745,63; 5483,276;  246,922;58349,813; 9,01221
 746,19; 5545,103;  260,537;58279,174; 9,10839
 746,76; 5544,006;  260,614;58369,227; 9,09227
 747,33; 5571,140;  256,307;58286,589; 9,15872
 747,90; 5639,735;  280,384;58549,027; 9,19766
 748,47; 5625,716;  276,615;58454,850; 9,19433
 749,04; 5647,234;  273,000;58474,596; 9,23383
 749,61; 5687,522;  287,308;58464,495; 9,28236
 750,17; 5728,271;  285,693;58499,856; 9,34923
 750,74; 5700,252;  274,001;58413,910; 9,33309
 751,31; 5700,847;  257,078;58361,194; 9,36899
 751,88; 5649,827;  231,463;58242,479; 9,34023
 752,45; 5757,192;  261,617;58344,071; 9,46168
 753,02; 5796,249;  282,848;58210,355; 9,51776
 753,58; 5754,076;  249,232;58226,639; 9,49481
 754,15; 5825,056;  258,617;58347,616; 9,58260
 754,72; 5772,190;  247,156;58025,824; 9,56241
 755,29; 5795,247;  241,156;57871,723; 9,63740
 755,86; 5844,689;  262,387;58023,931; 9,66439
 756,42; 5919,284;  267,311;57938,600; 9,80032
 756,99; 5897,418;  228,388;57931,653; 9,82445
 757,56; 5901,629;  235,003;57765,245; 9,84982
 758,13; 5924,917;  200,234;57725,068; 9,95167
 758,70; 5980,589;  227,773;57822,122; 9,98851
 759,26; 6020,877;  223,696;57884,329;10,05397
 759,83; 6062,165;  234,543;57974,152;10,09294
 760,40; 6015,607;  219,928;57712,590;10,08073
 760,97; 6053,356;  197,774;57783,567;10,16845
 761,53; 6008,721;  193,697;57436,697;10,15849
 762,10; 6056,009;  196,544;57388,905;10,24519
 762,67; 6135,758;  229,313;57454,112;10,32148
 763,24; 6060,892;  189,852;56929,781;10,34728
 763,80; 6114,488;  228,314;57080,835;10,35341
 764,37; 6114,007;  218,929;57096,119;10,36457
 764,94; 6073,756;  215,391;56619,172;10,38648
 765,50; 6084,121;  216,314;56701,841;10,38816
 766,07; 6149,486;  252,622;56651,433;10,45565
 766,64; 6142,543;  230,776;56431,872;10,51895
 767,21; 6165,754;  225,777;56265,618;10,59956
 767,77; 6171,349;  250,315;56115,825;10,59873
 768,34; 6187,252;  239,239;56116,109;10,64486
 768,91; 6214,156;  255,162;55937,317;10,70180
 769,47; 6221,136;  245,008;55948,909;10,72838
 770,04; 6269,347;  262,855;55841,962;10,80710
 770,61; 6234,865;  240,086;55658,939;10,81722
 771,18; 6238,461;  231,932;55498,454;10,86830
 771,74; 6282,749;  246,932;55584,123;10,90734
 772,31; 6295,421;  247,317;55284,253;10,98917
 772,88; 6309,094;  225,471;55091,615;11,08812
 773,44; 6348,766;  228,471;55019,130;11,17033
 774,01; 6381,516;  246,010;55033,953;11,19864
 774,58; 6410,496;  234,549;54714,775;11,33613
 775,14; 6419,938;  230,703;54775,598;11,34705
 775,71; 6501,764;  238,395;54690,421;11,50254
 776,27; 6512,898;  283,857;54724,475;11,44190
 776,84; 6603,032;  308,165;54764,067;11,55957
 777,41; 6543,243;  245,165;54464,966;11,61583
 777,97; 6540,069;  244,550;54181,635;11,67197
 778,54; 6574,434;  259,012;54240,381;11,69926
 779,11; 6610,568;  268,551;54182,666;11,76319
 779,67; 6641,317;  228,166;54092,642;11,90609
 780,24; 6643,451;  251,936;53933,388;11,90638
 780,80; 6733,739;  269,013;53984,749;12,03507
 781,37; 6727,796;  254,859;53989,264;12,04617
 781,94; 6738,930;  246,783;53653,703;12,15600
 782,50; 6785,603;  257,091;53683,833;12,21956
 783,07; 6804,121;  281,937;53762,964;12,19532
 783,63; 6793,409;  240,860;53436,556;12,31782
 784,20; 6830,928;  273,399;53488,686;12,32264
 784,77; 6834,139;  256,553;53280,586;12,40491
 785,33; 6819,811;  229,784;52997,332;12,48879
 785,90; 6876,330;  253,015;53002,078;12,55627
 786,46; 6912,156;  269,861;52896,439;12,62156
 787,03; 6847,367;  242,092;52744,339;12,58094
 787,59; 6904,271;  248,631;52615,315;12,70968
 788,16; 6911,405;  258,478;52575,292;12,71661
 788,73; 6939,769;  265,401;52391,576;12,80426
 789,29; 6903,134;  244,786;51910,014;12,88748
 789,86; 7007,268;  267,171;51898,222;13,05435
 790,42; 6997,479;  257,094;51859,737;13,06209
 790,99; 6998,998;  272,479;51447,944;13,14403
 791,55; 7018,209;  245,633;51501,152;13,21336
 792,12; 7100,650;  265,556;51433,359;13,35819
 792,68; 7029,861;  254,556;51144,874;13,31354
 793,25; 7048,688;  265,941;50834,543;13,41296
 793,81; 7099,283;  309,249;50529,058;13,52063
 794,38; 6960,187;  217,557;50328,112;13,45551
 794,94; 7062,474;  244,173;50104,243;13,67487
 795,51; 7073,455;  257,788;49860,681;13,74046
 796,07; 7058,896;  260,789;49633,504;13,76896
 796,64; 7113,338;  264,712;49687,480;13,85723
 797,20; 7028,395;  258,558;49121,303;13,85480
 797,77; 7024,837;  229,328;48871,664;13,97036
 798,33; 7052,663;  241,866;48671,641;14,06324
 798,90; 7048,259;  274,636;48687,771;13,99129
 799,46; 7000,162;  246,251;48125,363;14,10617
 800,03; 7062,604;  270,790;48025,109;14,22241
 800,59; 7042,891;  272,713;47941,624;14,20250
 801,15; 7045,795;  258,175;47589,524;14,34064
 801,72; 7033,083;  252,406;47287,732;14,41614
 802,28; 7045,063;  285,560;46983,631;14,47491
 802,85; 7035,428;  249,330;46889,300;14,54996
 803,41; 7003,485;  246,561;46712,892;14,54155
 803,98; 6960,926;  249,484;46328,330;14,56513
 804,54; 6972,291;  249,946;46006,846;14,69144
 805,11; 7016,348;  258,485;45810,130;14,83561
 805,67; 6966,790;  272,100;45752,414;14,71997
 806,23; 6915,309;  262,408;45267,006;14,78271
 806,80; 6953,520;  275,562;45117,444;14,89223
 807,36; 6939,961;  282,793;45013,267;14,88285
 807,93; 6954,711;  286,024;44813,321;14,97663
 808,49; 6945,152;  245,640;44510,144;15,13518
 809,05; 6906,133;  234,640;44363,505;15,11821
 809,62; 6960,420;  270,410;44212,405;15,22464
 810,18; 6957,324;  263,871;44157,151;15,24938
 810,74; 6916,919;  232,025;43883,896;15,31411
 811,31; 6936,130;  245,872;43546,335;15,45078
 811,87; 6991,803;  256,564;43534,004;15,56293
 812,44; 7052,783;  283,949;43399,288;15,69936
 813,00; 6967,686;  209,719;43112,880;15,75168
 813,56; 7056,282;  260,950;43217,010;15,81926
 814,13; 7070,723;  259,565;43157,449;15,87761
 814,69; 7060,473;  251,719;42808,348;15,99928
 815,25; 7052,299;  229,104;42601,479;16,10293
 815,82; 7098,048;  275,335;42334,840;16,22157
 816,38; 7152,336;  298,182;42184,817;16,36358
 816,94; 7076,163;  235,490;41865,486;16,43208
 817,51; 7051,297;  226,644;41713,001;16,45036
 818,07; 7048,969;  242,105;41376,747;16,54777
 818,63; 7063,872;  265,336;41247,262;16,58911
 819,20; 7089,930;  249,798;41189,777;16,70771
 819,76; 7010,910;  235,414;40615,138;16,77945
 820,32; 7089,044;  268,952;40609,961;16,90610
 820,89; 7062,716;  270,799;40403,553;16,92363
 821,45; 7032,696;  233,338;40010,145;17,09378
 822,01; 7035,984;  273,876;39788,660;17,11286
 822,57; 7010,811;  267,107;39675,791;17,11223
 823,14; 6985,637;  238,415;39514,075;17,17914
 823,70; 7033,232;  241,108;39247,282;17,41295
 824,26; 7042,828;  235,262;39008,797;17,55725
 824,82; 7041,654;  257,570;38887,005;17,56196
 825,39; 7025,250;  239,647;38619,828;17,67997
 825,95; 7104,538;  261,878;38651,958;17,82403
 826,51; 7032,979;  258,340;38153,550;17,87730
 827,08; 7121,267;  278,417;38206,065;18,04185
 827,64; 7078,863;  257,186;38029,657;18,05992
 828,20; 7053,766;  242,956;37724,249;18,17123
 828,76; 7124,208;  273,494;37724,072;18,29268
 829,32; 7095,957;  275,879;37573,895;18,28536
 829,89; 7060,168;  234,187;37475,256;18,32918
 830,45; 7079,148;  253,572;37367,925;18,39066
 831,01; 7142,129;  241,188;37192,517;18,67576
 831,57; 7121,878;  252,188;37083,494;18,65177
 832,14; 7127,243;  246,496;37046,163;18,69785
 832,70; 7117,454;  233,111;36757,370;18,84868
 833,26; 7159,280;  214,189;36663,808;19,05395
 833,82; 7163,568;  238,343;36525,016;19,08476
 834,38; 7232,010;  233,804;36584,069;19,25214
 834,95; 7171,067;  234,882;36441,892;19,15702
 835,51; 7204,124;  205,343;36314,946;19,38205
 836,07; 7213,104;  243,190;36355,615;19,30060
 836,63; 7250,084;  262,882;36381,668;19,34506
 837,19; 7301,218;  247,421;36206,645;19,61610
 837,75; 7241,275;  215,421;35942,391;19,66541
 838,32; 7282,717;  258,268;36010,829;19,64740
 838,88; 7333,313;  257,499;36027,575;19,78138
 839,44; 7353,447;  251,499;35891,705;19,92679
 840,00; 7337,350;  248,961;35852,067;19,90947
 840,56; 7291,868;  224,422;35544,428;20,00975
 841,12; 7344,849;  231,346;35616,482;20,10308
 841,68; 7325,213;  218,654;35367,151;20,21867
 842,25; 7362,424;  231,039;35432,358;20,25886
 842,81; 7351,020;  224,193;35091,796;20,43968
 843,37; 7374,000;  205,270;35087,311;20,55135
 843,93; 7439,288;  234,885;35064,749;20,68456
 844,49; 7424,499;  240,578;35030,880;20,64921
 845,05; 7412,402;  202,040;34888,395;20,78732
 845,61; 7467,767;  253,809;34860,756;20,84540
 846,17; 7450,747;  233,040;34734,348;20,92010
 846,73; 7449,650;  242,810;34729,863;20,89724
 847,29; 7502,015;  215,733;34468,763;21,27193
 847,86; 7491,303;  221,118;34521,817;21,19544
 848,42; 7478,514;  208,580;34236,024;21,36491
 848,98; 7520,186;  241,811;34193,924;21,43718
 849,54; 7551,705;  228,965;34233,670;21,53449
 850,10; 7543,454;  237,734;34080,108;21,58749
 850,66; 7534,742;  216,734;33874,469;21,74243
 851,22; 7564,261;  212,504;33864,061;21,84671
 851,78; 7625,010;  268,043;33891,807;21,88026
 852,34; 7599,529;  237,274;33624,938;22,05083
 852,90; 7551,048;  226,889;33522,991;21,99704
 853,46; 7590,874;  218,120;33292,583;22,29138
 854,02; 7631,854;  234,274;33293,791;22,37655
 854,58; 7584,911;  221,659;32997,075;22,46578
 855,14; 7561,199;  221,736;32969,359;22,41220
 855,70; 7516,025;  196,121;32805,721;22,44708
 856,26; 7601,083;  242,275;32805,159;22,59876
 856,82; 7563,755;  229,429;32524,905;22,71007
 857,38; 7605,043;  246,276;32449,035;22,85136
 857,94; 7561,792;  240,430;32373,473;22,78453
 858,50; 7614,849;  249,661;32173,527;23,07110
 859,06; 7538,522;  224,892;32001,965;23,01543
 859,62; 7625,887;  242,969;31978,326;23,26401
 860,18; 7580,251;  227,738;31700,841;23,36126
 860,74; 7565,078;  195,431;31622,280;23,45016
 861,30; 7582,443;  207,893;31446,333;23,60729
 861,86; 7682,423;  260,124;31459,925;23,78957
 862,42; 7635,941;  226,662;31272,133;23,86589
 862,98; 7697,614;  253,047;31308,571;23,97180
 863,54; 7643,363;  233,971;31118,394;23,99071
 864,10; 7701,651;  223,202;31050,293;24,25934
 864,66; 7669,554;  208,202;30911,809;24,30123
 865,22; 7682,073;  230,510;30695,324;24,45957
 865,78; 7660,130;  229,895;30639,608;24,43376
 866,34; 7689,726;  226,664;30513,200;24,64152
 866,90; 7698,706;  236,895;30375,023;24,75871
 867,45; 7707,994;  230,818;30249,076;24,90876
 868,01; 7690,051;  235,511;30036,976;25,01400
 868,57; 7647,646;  226,434;29866,799;25,03752
 869,13; 7644,857;  211,204;29736,391;25,17733
 869,69; 7717,991;  215,512;29661,214;25,47903
 870,25; 7674,048;  209,512;29513,113;25,47310
 870,81; 7639,875;  218,974;29522,167;25,32455
 871,37; 7693,701;  225,974;29387,682;25,60799
 871,93; 7682,066;  233,436;29172,197;25,73928
 872,49; 7623,584;  253,897;29027,866;25,61234
 873,04; 7646,795;  212,513;28819,304;25,98782
 873,60; 7608,853;  219,667;28684,666;25,95885
 874,16; 7635,910;  236,206;28544,181;26,14000
 874,72; 7605,987;  222,437;28517,873;26,09449
 875,28; 7633,217;  226,052;28424,873;26,26764
 875,84; 7657,294;  226,590;28321,873;26,44823
 876,40; 7661,294;  220,513;28379,412;26,42426
 876,95; 7671,217;  239,129;28235,104;26,54699
 877,51; 7761,833;  260,052;28329,873;26,72543
 878,07; 7782,525;  269,744;28231,488;26,86807
 878,63; 7761,448;  228,283;28280,027;26,85453
 879,19; 7796,987;  235,898;28263,258;26,97753
 879,75; 7856,987;  226,590;28335,642;27,14569
 880,30; 7904,217;  230,821;28199,027;27,43614
 880,86; 7952,525;  267,821;28385,488;27,33052
 881,42; 7965,987;  216,667;28452,104;27,44537
 881,98; 8045,063;  240,898;28461,335;27,65430
 882,54; 8053,525;  224,744;28577,719;27,61185
 883,09; 8149,987;  238,513;28735,488;27,76250
 883,65; 8214,987;  214,283;28770,335;28,01754
 884,21; 8360,525;  256,206;28987,565;28,20722
 884,77; 8363,756;  221,360;28983,104;28,30981
 885,32; 8405,294;  230,975;29187,642;28,22949
 885,88; 8516,063;  259,283;29262,335;28,46866
 886,44; 8572,063;  237,513;29484,642;28,49699
 887,00; 8541,910;  254,360;29404,412;28,43065
 887,56; 8621,140;  231,437;29648,488;28,51987
 888,11; 8675,294;  236,360;29552,412;28,78605
 888,67; 8764,294;  264,206;29822,412;28,75712
 889,23; 8819,756;  237,667;29833,873;28,99726
 889,79; 8805,217;  214,360;29723,027;29,11300
 890,34; 8792,525;  239,360;29613,258;29,11825
 890,90; 8925,833;  302,975;29761,181;29,27150
 891,46; 8847,679;  225,667;29652,104;29,30022
 892,01; 8916,063;  252,975;29674,104;29,44513
 892,57; 8950,371;  252,821;29550,335;29,68699
 893,13; 8856,371;  233,283;29317,873;29,64831
 893,69; 8933,679;  227,129;29388,719;29,85622
 894,24; 8896,756;  236,667;29281,335;29,81645
 894,80; 8871,987;  231,052;29059,104;29,97405
 895,36; 8873,294;  230,129;28942,873;30,10219
 895,91; 8850,602;  231,206;28773,719;30,19845
 896,47; 8880,294;  258,975;28624,412;30,39375
 897,03; 8867,833;  220,667;28386,335;30,70108
 897,58; 8898,833;  238,821;28392,488;30,75980
 898,14; 8840,525;  239,975;28132,565;30,83453
 898,70; 8845,910;  209,667;27967,642;31,11265
 899,25; 8840,217;  228,129;27958,719;31,05628
 899,81; 8813,294;  250,590;27772,104;31,11277
 900,37; 8742,525;  217,437;27573,104;31,16388
 900,92; 8815,525;  240,283;27632,719;31,30515
 901,48; 8785,140;  224,821;27419,488;31,47793
 902,03; 8776,756;  223,513;27255,796;31,64084
 902,59; 8766,294;  226,052;27215,412;31,64300
 903,15; 8752,448;  256,052;26958,950;31,81825
 903,70; 8661,448;  244,052;26687,181;31,83207
 904,26; 8730,987;  217,744;26660,335;32,19519
 904,82; 8705,525;  236,744;26648,488;32,06445
 905,37; 8686,140;  240,052;26469,873;32,20033
 905,93; 8639,371;  224,744;26360,104;32,19633
 906,48; 8641,679;  239,667;26317,104;32,21947
 907,04; 8653,063;  253,898;26173,181;32,40508
 907,60; 8580,294;  224,975;25972,873;32,45049
 908,15; 8586,217;  218,667;25883,104;32,60368
 908,71; 8628,063;  250,513;25858,335;32,71481
 909,26; 8579,371;  213,283;25706,950;32,81634
 909,82; 8597,833;  257,437;25599,796;32,91089
 910,37; 8594,140;  268,052;25525,796;32,96450
 910,93; 8552,448;  219,744;25226,335;33,32203
 911,48; 8558,371;  208,513;25048,181;33,61501
 912,04; 8524,063;  216,590;24939,950;33,60172
 912,60; 8623,448;  242,206;25022,488;33,82222
 913,15; 8578,910;  235,975;24808,104;33,95284
 913,71; 8508,833;  226,360;24581,642;34,00689
 914,26; 8538,294;  204,360;24588,950;34,17705
 914,82; 8547,448;  234,975;24467,873;34,30243
 915,37; 8581,987;  226,898;24384,950;34,58511
 915,93; 8569,371;  277,129;24278,258;34,54938
 916,48; 8516,448;  216,283;24113,488;34,73279
 917,04; 8554,987;  239,590;24033,642;34,94737
 917,59; 8537,217;  254,129;23937,412;34,97441
 918,15; 8482,602;  206,206;23718,181;35,20077
 918,70; 8486,525;  226,283;23675,335;35,22634
 919,26; 8475,602;  229,667;23483,565;35,46044
 919,81; 8465,140;  212,975;23370,412;35,63506
 920,37; 8493,525;  233,283;23301,335;35,80815
 920,92; 8467,833;  241,975;23216,796;35,80379
 921,48; 8419,910;  209,667;22934,027;36,12970
 922,03; 8447,987;  218,437;23038,488;36,06280
 922,59; 8430,294;  225,821;22863,565;36,24245
 923,14; 8405,140;  223,975;22679,488;36,43277
 923,69; 8428,294;  244,283;22620,642;36,57437
 924,25; 8397,833;  248,513;22641,181;36,39280
 924,80; 8391,833;  225,975;22275,796;37,03367
 925,36; 8358,140;  219,744;22273,104;36,90320
 925,91; 8369,140;  222,052;22124,873;37,19653
 926,47; 8305,833;  209,667;22107,181;36,97299
 927,02; 8341,063;  269,744;22038,335;37,07782
 927,57; 8313,679;  220,975;21821,565;37,46520
 928,13; 8269,294;  217,360;21776,642;37,34788
 928,68; 8272,294;  221,283;21722,027;37,44527
 929,24; 8211,679;  192,821;21528,642;37,58401
 929,79; 8212,063;  216,052;21382,335;37,77712
 930,34; 8216,525;  216,513;21190,642;38,14228
 930,90; 8224,833;  215,898;21257,642;38,06212
 931,45; 8241,679;  233,513;21206,719;38,18284
 932,01; 8245,679;  231,360;21068,950;38,46087
 932,56; 8184,294;  244,513;20865,642;38,50313
 933,11; 8195,833;  256,437;20914,258;38,43288
 933,67; 8136,833;  216,360;20690,488;38,68528
 934,22; 8178,679;  221,283;20578,796;39,08825
 934,77; 8171,294;  251,360;20507,642;39,09866
 935,33; 8145,756;  233,975;20403,412;39,22658
 935,88; 8100,679;  226,590;20301,335;39,22385
 936,43; 8071,756;  218,975;20248,181;39,20665
 936,99; 8053,217;  225,206;20154,719;39,27849
 937,54; 7988,987;  212,513;19992,719;39,31442
 938,09; 8065,063;  235,360;19954,412;39,70629
 938,65; 7973,448;  230,437;19810,104;39,54619
 939,20; 7919,140;  204,129;19720,104;39,53178
 939,75; 7960,140;  217,360;19588,488;39,97073
 940,31; 7945,987;  214,590;19526,642;40,03405
 940,86; 7975,756;  228,744;19496,873;40,20635
 941,41; 8001,756;  300,129;19384,873;40,35489
 941,96; 7891,448;  217,590;19234,412;40,35300
 942,52; 7890,140;  218,898;19187,027;40,44280
 943,07; 7844,294;  200,283;19000,335;40,65952
 943,62; 7868,140;  210,513;18923,565;40,92131
 944,18; 7815,833;  204,667;18843,796;40,83434
 944,73; 7788,294;  220,129;18759,181;40,82283
 945,28; 7753,602;  200,898;18568,873;41,11887
 945,83; 7794,756;  224,975;18574,873;41,25244
 946,39; 7813,217;  214,590;18463,565;41,63865
 946,94; 7810,294;  239,052;18505,642;41,44858
 947,49; 7775,602;  225,590;18264,719;41,85353
 948,04; 7817,910;  248,513;18248,181;42,05298
 948,59; 7794,217;  237,129;18177,258;42,12394
 949,15; 7750,910;  208,898;18127,104;42,09133
 949,70; 7764,525;  211,283;18002,412;42,45510
 950,25; 7748,756;  243,590;17877,258;42,56157
 950,80; 7690,602;  190,129;17786,719;42,62458
 951,36; 7696,217;  188,975;17675,027;42,93275
 951,91; 7776,987;  236,129;17672,027;43,24904
 952,46; 7660,756;  207,821;17485,873;43,13527
 953,01; 7712,371;  238,283;17504,565;43,28719
 953,56; 7646,910;  203,975;17356,642;43,39229
 954,11; 7665,987;  221,283;17362,796;43,43084
 954,67; 7679,063;  214,898;17186,104;43,98135
 955,22; 7645,371;  202,129;17152,181;43,91280
 955,77; 7660,140;  238,437;17072,488;44,08745
 956,32; 7681,448;  267,283;16949,796;44,44274
 956,87; 7570,987;  207,821;16783,565;44,42133
 957,42; 7579,063;  210,206;16742,488;44,57254
 957,98; 7551,448;  209,821;16680,873;44,57291
 958,53; 7605,140;  240,437;16656,335;44,86324
 959,08; 7541,679;  216,283;16515,642;44,94285
 959,63; 7491,987;  214,283;16453,335;44,81606
 960,18; 7488,910;  226,206;16438,873;44,79648
 960,73; 7560,910;  214,513;16331,412;45,58195
 961,28; 7459,063;  206,975;16188,027;45,37929
 961,83; 7464,679;  241,667;16189,565;45,29131
 962,39; 7432,756;  200,129;16034,719;45,67612
 962,94; 7454,371;  231,360;16000,950;45,80342
 963,49; 7409,602;  214,744;15862,104;45,98129
 964,04; 7360,140;  232,052;15809,027;45,76042
 964,59; 7354,063;  199,975;15702,950;46,14655
 965,14; 7395,910;  234,206;15642,412;46,47980
 965,69; 7331,217;  220,129;15507,950;46,51473
 966,24; 7303,910;  213,437;15436,719;46,57651
 966,79; 7245,833;  231,667;15336,258;46,43731
 967,34; 7204,217;  199,052;15212,719;46,65859
 967,89; 7239,294;  209,590;15114,104;47,16493
 968,44; 7204,756;  226,206;15046,565;47,08759
 968,99; 7217,833;  229,052;14984,565;47,36386
 969,55; 7201,294;  227,283;14903,027;47,52067
 970,10; 7118,217;  230,821;14821,642;47,20362
 970,65; 7108,679;  233,513;14703,335;47,51382
 971,20; 7051,910;  210,052;14610,488;47,51146
 971,75; 7032,602;  201,206;14497,181;47,78545
 972,30; 7022,448;  225,898;14445,873;47,79579
 972,85; 6958,833;  206,513;14366,796;47,68492
 973,40; 6966,217;  204,513;14167,565;48,42569
 973,95; 7001,525;  224,360;14185,412;48,54337
 974,50; 6924,371;  248,360;14086,950;48,24199
 975,05; 6850,294;  224,206;13905,642;48,43123
 975,60; 6861,756;  227,667;13878,950;48,59681
 976,15; 6848,987;  216,052;13755,950;48,98807
 976,70; 6787,756;  212,744;13693,335;48,77391
 977,25; 6828,217;  228,667;13616,258;49,29603
 977,80; 6761,756;  212,975;13398,565;49,66619
 978,35; 6707,756;  231,590;13314,796;49,49984
 978,89; 6663,833;  194,667;13252,873;49,54100
 979,44; 6712,910;  216,744;13219,796;49,95877
 979,99; 6630,525;  206,129;13049,488;50,02115
 980,54; 6606,371;  236,513;12988,104;49,95344
 981,09; 6549,833;  238,437;12832,565;50,11380
 981,64; 6465,910;  231,360;12723,488;49,90783
 982,19; 6521,679;  253,667;12714,719;50,30082
 982,74; 6447,217;  233,667;12564,565;50,39008
 983,29; 6410,679;  209,052;12400,027;50,87064
 983,84; 6311,679;  228,513;12303,488;50,37829
 984,39; 6387,987;  277,437;12298,181;50,83338
 984,94; 6287,910;  198,129;12154,719;50,93242
 985,49; 6258,602;  248,667;12060,335;50,88134
 986,03; 6247,140;  239,206;11997,796;51,09400
 986,58; 6169,294;  271,360;11828,565;51,03253
 987,13; 6126,448;  228,898;11728,796;51,28350
 987,68; 6080,140;  239,437;11609,335;51,36989
 988,23; 6044,679;  231,821;11558,027;51,32220
 988,78; 5959,987;  215,283;11352,104;51,58298
 989,33; 5934,371;  235,898;11312,181;51,44752
 989,88; 5992,063;  261,975;11214,412;52,31793
 990,42; 5894,987;  220,667;11102,181;52,14642
 990,97; 5849,371;  220,283;10949,027;52,46736
 991,52; 5843,987;  248,975;10915,027;52,45626
 992,07; 5874,063;  256,667;10801,412;53,27200
 992,62; 5763,987;  241,052;10718,873;52,71072
 993,17; 5739,294;  244,590;10596,104;53,08116
 993,71; 5682,371;  236,744;10508,565;53,01520
 994,26; 5619,525;  220,667;10335,950;53,37328
 994,81; 5620,371;  246,129;10295,027;53,48091
 995,36; 5563,756;  235,052;10137,719;53,81079
 995,91; 5524,217;  228,821;10097,335;53,65951
 996,45; 5437,910;  232,513; 9939,719;53,62404
 997,00; 5380,679;  214,129; 9861,565;53,55360
 997,55; 5382,679;  235,513; 9794,335;53,84728
 998,10; 5350,140;  261,590; 9676,488;54,04785
 998,65; 5284,063;  223,975; 9595,027;53,99702
 999,19; 5214,679;  251,283; 9456,412;53,91990
 999,74; 5192,448;  278,975; 9402,104;53,85732
1000,29; 5146,833;  251,821; 9298,950;54,10569
1000,84; 5062,371;  231,744; 9158,950;54,11130
1001,38; 5027,525;  234,129; 9078,796;54,19532
1001,93; 5028,525;  242,437; 9040,335;54,40036
1002,48; 4929,833;  218,129; 8857,104;54,54008
1003,03; 4969,217;  236,052; 8843,104;54,99171
1003,57; 4891,679;  242,667; 8662,719;55,21357
1004,12; 4857,602;  267,052; 8632,565;54,87470
1004,67; 4836,987;  233,052; 8498,412;55,70156
1005,22; 4782,602;  223,437; 8366,565;55,98788
1005,76; 4695,448;  216,206; 8234,027;55,86608
1006,31; 4687,140;  247,283; 8191,796;55,88584
1006,86; 4629,294;  226,744; 8071,488;56,12101
1007,40; 4544,679;  218,590; 7946,335;55,98126
1007,95; 4527,833;  238,437; 7855,027;56,31649
1008,50; 4460,217;  234,360; 7722,488;56,43409
1009,04; 4424,525;  231,513; 7619,181;56,75691
1009,59; 4359,602;  247,744; 7518,027;56,55705
1010,14; 4329,833;  221,360; 7391,488;57,29985
1010,68; 4268,833;  234,283; 7255,873;57,45920
1011,23; 4194,525;  215,590; 7127,412;57,56709
1011,78; 4209,756;  240,129; 7102,796;57,84379
1012,32; 4145,448;  239,821; 7005,104;57,73043
1012,87; 4147,448;  259,206; 6943,412;58,17060
1013,42; 4047,448;  210,360; 6846,796;57,81851
1013,96; 4089,294;  261,360; 6832,565;58,25315
1014,51; 4019,987;  198,667; 6706,412;58,71957
1015,06; 4038,063;  190,360; 6751,488;58,64393
1015,60; 4112,294;  268,975; 6764,488;59,16883
1016,15; 4076,294;  215,052; 6756,335;59,02882
1016,69; 4069,833;  231,437; 6763,719;58,76041
1017,24; 4095,602;  196,283; 6787,796;59,15666
1017,79; 4179,448;  245,744; 6832,796;59,71873
1018,33; 4159,448;  220,821; 6814,104;59,73696
1018,88; 4216,910;  237,744; 6866,104;60,03243
1019,42; 4211,602;  221,437; 6870,104;60,01451
1019,97; 4220,910;  215,437; 6884,873;60,05714
1020,51; 4273,448;  248,206; 6918,335;60,34729
1021,06; 4227,294;  204,590; 6930,642;59,80780
1021,61; 4206,140;  187,898; 6853,258;60,28545
1022,15; 4197,217;  193,437; 6810,796;60,50420
1022,70; 4209,910;  225,206; 6826,950;60,35835
1023,24; 4209,756;  213,975; 6803,335;60,63990
1023,79; 4167,987;  222,898; 6735,258;60,57848
1024,33; 4133,756;  221,513; 6661,950;60,74499
1024,88; 4072,679;  233,437; 6588,873;60,40879
1025,42; 4004,217;  224,360; 6499,950;60,23111
1025,97; 3954,371;  212,898; 6359,719;60,86842
1026,51; 3876,448;  180,360; 6257,873;60,81580
1027,06; 3859,910;  212,129; 6224,027;60,67602
1027,60; 3816,756;  227,437; 6133,565;60,77279
1028,15; 3803,756;  232,052; 6013,565;61,77801
1028,69; 3674,756;  191,206; 5878,642;61,24991
1029,24; 3674,448;  211,129; 5852,181;61,39492
1029,78; 3576,756;  207,437; 5700,258;61,34041
1030,33; 3532,140;  193,360; 5620,796;61,51672
1030,87; 3500,910;  217,744; 5544,412;61,63639
1031,42; 3470,371;  199,513; 5511,565;61,57428
1031,96; 3446,756;  219,206; 5417,181;62,09245
1032,51; 3373,371;  208,898; 5315,412;61,96935
1033,05; 3350,371;  224,821; 5261,565;62,05497
1033,60; 3260,217;  180,590; 5120,796;62,33803
1034,14; 3271,525;  219,206; 5065,642;62,98069
1034,69; 3215,910;  212,898; 5014,873;62,53701
1035,23; 3180,602;  221,437; 4951,873;62,55586
1035,77; 3148,679;  215,590; 4875,335;62,94527
1036,32; 3102,371;  191,206; 4794,950;63,23473
1036,86; 3089,140;  214,667; 4770,719;63,09132
1037,41; 3053,987;  224,360; 4664,796;63,72407
1037,95; 2977,756;  185,513; 4588,642;63,41496
1038,50; 2975,679;  200,283; 4514,027;64,33845
1039,04; 2987,910;  232,667; 4480,642;64,86013
1039,58; 2888,602;  198,052; 4391,950;64,15392
1040,13; 2870,910;  209,821; 4376,412;63,86729
1040,67; 2846,602;  246,283; 4344,258;63,45376
1041,21; 2836,679;  239,975; 4268,412;64,45935
1041,76; 2747,371;  202,590; 4130,027;64,79496
1042,30; 2733,140;  205,360; 4121,488;64,54795
1042,85; 2682,371;  207,360; 4036,796;64,63122
1043,39; 2660,294;  202,052; 3977,719;65,10749
1043,93; 2642,063;  230,129; 3965,719;64,56636
1044,48; 2595,602;  225,744; 3904,335;64,42298
1045,02; 2566,217;  209,590; 3804,258;65,55897
1045,56; 2541,679;  238,744; 3770,642;65,20388
1046,11; 2523,602;  230,590; 3755,873;65,04476
1046,65; 2495,602;  220,206; 3681,719;65,73414
1047,19; 2432,294;  204,975; 3618,412;65,25152
1047,74; 2393,679;  194,667; 3528,873;65,95308
1048,28; 2393,910;  223,206; 3535,412;65,53650
1048,82; 2387,525;  244,744; 3506,181;65,70052
1049,37; 2354,294;  223,975; 3444,642;66,14527
1049,91; 2311,294;  217,821; 3417,335;65,43098
1050,45; 2307,679;  227,590; 3377,719;66,03185
1050,99; 2281,833;  216,744; 3306,873;66,82856
1051,54; 2222,294;  210,975; 3262,335;65,91551
1052,08; 2247,140;  234,590; 3226,796;67,25975
1052,62; 2214,140;  239,283; 3178,642;67,18666
1053,16; 2157,371;  217,437; 3109,335;67,08171
1053,71; 2144,987;  225,667; 3088,027;67,05374
1054,25; 2099,371;  234,129; 3042,104;66,42660
1054,79; 2085,910;  223,821; 2991,258;67,28568
1055,33; 2041,294;  194,975; 2892,873;68,43547
1055,88; 2058,217;  228,590; 2926,796;67,80902
1056,42; 2003,756;  236,821; 2891,027;66,57112
1056,96; 1987,679;  236,898; 2825,873;67,62448
1057,50; 1965,217;  228,129; 2797,796;67,59974
1058,05; 1931,756;  220,052; 2745,796;67,77028
1058,59; 1915,448;  232,590; 2715,719;67,77166
1059,13; 1835,448;  206,206; 2624,642;67,36759
1059,67; 1856,140;  222,052; 2633,719;67,75762
1060,21; 1828,525;  227,437; 2581,181;68,02304
1060,76; 1806,371;  236,667; 2548,950;67,88546
1061,30; 1802,833;  250,513; 2537,565;67,87425
1061,84; 1764,833;  233,513; 2464,181;68,64848
1062,38; 1715,910;  214,821; 2407,796;68,44987
1062,92; 1747,140;  259,513; 2438,796;68,26223
1063,46; 1695,987;  238,206; 2377,873;68,13119
1064,01; 1653,371;  223,590; 2308,719;68,57038
1064,55; 1657,448;  229,437; 2278,181;69,70180
1065,09; 1601,448;  196,744; 2234,027;68,94987
1065,63; 1626,371;  258,898; 2275,642;67,80597
1066,17; 1628,525;  254,975; 2250,642;68,82660
1066,71; 1621,063;  246,667; 2217,719;69,72907
1067,25; 1553,910;  230,206; 2156,488;68,71805
1067,80; 1568,140;  243,360; 2149,719;69,49270
1068,34; 1559,448;  260,052; 2148,950;68,79123
1068,88; 1515,833;  225,283; 2081,258;69,53488
1069,42; 1527,217;  254,437; 2088,181;69,40885
1069,96; 1472,987;  238,590; 2014,565;69,50527
1070,50; 1495,063;  254,898; 2044,258;69,30778
1071,04; 1431,833;  217,898; 1960,027;69,68110
1071,58; 1421,525;  223,667; 1952,335;69,29371
1072,12; 1429,140;  229,283; 1930,642;70,52346
1072,66; 1426,063;  229,052; 1914,104;71,03707
1073,21; 1404,140;  240,744; 1917,950;69,36514
1073,75; 1383,140;  245,437; 1871,565;69,96394
1074,29; 1379,448;  234,283; 1851,258;70,82147
1074,83; 1364,525;  257,283; 1843,642;69,79769
1075,37; 1333,371;  249,129; 1828,412;68,65410
1075,91; 1329,833;  242,744; 1790,104;70,25442
1076,45; 1309,294;  235,590; 1773,950;69,79537
1076,99; 1297,063;  249,898; 1745,335;70,02406
1077,53; 1257,063;  220,052; 1713,488;69,43794
1078,07; 1264,217;  228,437; 1713,950;69,72544
1078,61; 1253,525;  234,360; 1670,258;70,97756
1079,15; 1229,756;  238,206; 1639,412;70,76405
1079,69; 1224,756;  225,744; 1633,027;70,98869
1080,23; 1229,679;  254,129; 1633,796;70,70908
1080,77; 1238,448;  267,052; 1646,104;70,43942
1081,31; 1183,294;  225,821; 1581,642;70,61942
1081,85; 1187,294;  249,283; 1560,950;71,51292
1082,39; 1169,448;  227,437; 1537,719;71,89376
1082,93; 1166,679;  246,975; 1544,412;70,88623
1083,47; 1125,371;  230,590; 1494,335;70,80394
1084,01; 1143,987;  247,590; 1503,719;71,36180
1084,55; 1123,063;  227,590; 1449,104;73,30849
1085,09; 1124,525;  252,744; 1463,412;72,00829
1085,63; 1103,448;  239,206; 1461,027;70,73395
1086,17; 1093,910;  228,129; 1410,642;73,21530
1086,71; 1079,063;  225,590; 1403,950;72,42891
1087,24; 1089,679;  251,821; 1425,873;71,36462
1087,78; 1074,756;  247,513; 1391,873;72,28867
1088,32; 1012,987;  229,052; 1347,181;70,11130
1088,86; 1056,371;  251,975; 1361,796;72,47980
1089,40; 1045,140;  245,744; 1326,104;73,99352
1089,94; 1011,602;  219,129; 1296,719;73,54122
1090,48; 1005,756;  254,744; 1307,642;71,32804
1091,02; 1034,448;  249,667; 1296,796;74,94596
1091,56;  999,987;  248,667; 1270,873;73,49980
1092,10;  979,602;  225,744; 1243,796;74,04904
1092,63; 1003,217;  262,821; 1270,335;73,48747
1093,17;  975,371;  257,744; 1241,488;72,94853
1093,71;  942,140;  228,052; 1212,488;72,53779
1094,25;  973,371;  260,821; 1198,642;75,97931
1094,79;  942,987;  236,206; 1177,181;75,11154
1095,33;  921,679;  235,744; 1167,642;73,60618
1095,87;  911,217;  229,667; 1172,104;72,31787
1096,40;  888,448;  218,437; 1133,258;73,23962
1096,94;  902,756;  242,437; 1127,027;74,64689
1097,48;  897,525;  245,283; 1121,258;74,45901
1098,02;  903,063;  233,129; 1089,796;78,20243
1098,56;  831,987;  203,437; 1066,027;72,86773
1099,10;  837,371;  219,206; 1061,412;73,39838
1099,63;  845,525;  203,821; 1055,335;75,36039
1100,17;  855,063;  247,744; 1059,642;74,80240
1100,71;  864,602;  261,667; 1069,719;74,61583

