
Integration time [ms]: 120,000
Averaging Nr. [scans]: 13
Smoothing Nr. [pixels]: 0
Data measured with spectrometer [name]: 2009305U1
Wave   ;Sample   ;Dark     ;Reference;Reflectance
[nm]   ;[counts] ;[counts] ;[counts] ;[%]

 175,72;  194,073;  184,295;  197,827;72,25971
 176,32;  213,769;  214,370;  203,218; 0,00000
 176,92;  242,795;  226,679;  235,896;174,84829
 177,52;  256,990;  240,910;  250,332;170,66118
 178,12;  224,312;  216,986;  204,819; 0,00000
 178,72;  261,024;  243,524;  236,057; 0,00000
 179,32;  243,755;  243,370;  224,940; 0,00000
 179,92;  248,195;  243,217;  229,841; 0,00000
 180,52;  231,010;  225,450;  240,248;37,57657
 181,12;  237,713;  237,140;  229,870; 0,00000
 181,73;  276,380;  257,064;  249,292; 0,00000
 182,33;  331,874;  300,295;  311,285;287,35413
 182,93;  255,933;  244,987;  256,834;92,39046
 183,53;  237,945;  222,678;  218,471; 0,00000
 184,13;  225,827;  224,601;  211,837; 0,00000
 184,73;  272,889;  246,985;  256,064;285,31577
 185,33;  257,353;  213,130;  330,659;37,62750
 185,93;  263,549;  223,206;  353,080;31,06338
 186,53;  264,129;  234,514;  367,087;22,33819
 187,13;  305,085;  264,669;  410,813;27,65519
 187,73;  257,350;  220,052;  354,845;27,67049
 188,33;  272,175;  230,975;  353,340;33,66981
 188,93;  272,045;  230,050;  379,969;28,01160
 189,53;  279,087;  237,740;  379,819;29,10096
 190,13;  307,063;  264,584;  409,056;29,40283
 190,73;  250,375;  205,278;  349,020;31,37338
 191,34;  293,830;  255,280;  379,229;31,10167
 191,94;  262,409;  221,512;  359,021;29,74082
 192,54;  277,517;  246,055;  399,315;20,52889
 193,14;  284,861;  247,054;  378,659;28,72772
 193,74;  272,532;  238,130;  381,571;23,98293
 194,34;  272,425;  232,131;  383,271;26,66014
 194,94;  232,496;  212,361;  353,007;14,31570
 195,54;  233,651;  180,745;  336,212;34,02994
 196,14;  248,730;  205,593;  361,941;27,59024
 196,74;  235,856;  205,207;  347,908;21,47776
 197,34;  226,682;  183,593;  344,264;26,81828
 197,94;  247,479;  212,515;  370,868;22,07985
 198,54;  260,177;  215,285;  382,971;26,77143
 199,14;  241,990;  203,440;  392,451;20,39576
 199,74;  215,817;  199,901;  383,564; 8,66550
 200,34;  223,988;  183,594;  400,590;18,61514
 200,94;  251,886;  211,516;  423,952;19,00348
 201,54;  248,997;  200,055;  446,689;19,84408
 202,14;  266,066;  196,210;  478,861;24,71467
 202,74;  249,582;  192,978;  483,579;19,47813
 203,34;  229,940;  187,672;  504,213;13,35314
 203,94;  206,430;  158,056;  517,737;13,44921
 204,54;  294,493;  228,208;  600,447;17,80709
 205,14;  252,668;  184,055;  623,865;15,60057
 205,74;  282,902;  226,825;  716,986;11,44043
 206,34;  258,302;  194,440;  740,392;11,69728
 206,94;  266,073;  202,517;  804,099;10,56482
 207,54;  248,144;  175,979;  831,022;11,01685
 208,14;  273,993;  197,517;  948,616;10,18186
 208,74;  284,587;  194,824; 1013,495;10,96443
 209,34;  280,345;  198,440; 1109,964; 8,98550
 209,94;  309,677;  210,594; 1218,612; 9,82954
 210,54;  310,621;  204,902; 1334,803; 9,35646
 211,14;  321,947;  204,978; 1439,231; 9,47688
 211,73;  313,830;  209,363; 1548,033; 7,80382
 212,33;  333,137;  203,901; 1686,146; 8,71893
 212,93;  334,011;  196,978; 1784,114; 8,63394
 213,53;  320,414;  167,440; 1836,377; 9,16594
 214,13;  350,142;  181,057; 1934,305; 9,64411
 214,73;  326,066;  182,056; 1955,553; 8,12012
 215,33;  319,985;  158,825; 1998,304; 8,76120
 215,93;  348,066;  184,748; 2108,971; 8,48745
 216,53;  330,343;  145,978; 2218,070; 8,89752
 217,13;  390,433;  198,825; 2427,407; 8,59775
 217,73;  400,104;  183,287; 2687,121; 8,65940
 218,33;  393,823;  150,288; 2895,620; 8,87089
 218,93;  421,847;  164,366; 3200,675; 8,48009
 219,53;  463,726;  179,211; 3492,118; 8,58810
 220,13;  462,387;  143,442; 3827,770; 8,65681
 220,73;  518,638;  180,286; 4235,916; 8,34278
 221,32;  578,279;  171,132; 4657,033; 9,07615
 221,92;  622,277;  180,518; 5094,689; 8,98949
 222,52;  653,800;  154,672; 5531,414; 9,28311
 223,12;  710,588;  167,133; 6014,909; 9,29336
 223,72;  758,876;  186,902; 6441,715; 9,14454
 224,32;  800,077;  178,441; 6839,074; 9,33299
 224,92;  838,279;  172,056; 7167,902; 9,52312
 225,52;  898,054;  184,132; 7617,290; 9,60455
 226,12;  950,438;  186,671; 7956,323; 9,83013
 226,72;  965,377;  156,902; 8313,455; 9,91197
 227,31; 1027,271;  145,517; 8745,590;10,25286
 227,91; 1109,675;  180,825; 9216,982;10,27926
 228,51; 1143,558;  171,593; 9563,212;10,34928
 229,11; 1209,911;  163,902;10099,008;10,52841
 229,71; 1256,309;  165,363;10411,443;10,64745
 230,31; 1294,017;  156,980;10827,400;10,65597
 230,91; 1368,240;  149,362;11244,271;10,98592
 231,51; 1426,460;  156,364;11547,641;11,14972
 232,10; 1483,929;  152,980;11871,946;11,35722
 232,70; 1578,194;  166,900;12211,425;11,71731
 233,30; 1656,278;  185,671;12495,092;11,94700
 233,90; 1671,250;  163,825;12632,843;12,08936
 234,50; 1721,676;  171,056;12739,901;12,33701
 235,10; 1769,510;  165,595;12845,055;12,64971
 235,70; 1838,296;  179,209;12911,744;13,03029
 236,29; 1865,073;  187,132;12930,451;13,16722
 236,89; 1854,840;  164,901;12878,370;13,29251
 237,49; 1897,347;  182,133;12774,044;13,62155
 238,09; 1868,148;  166,979;12520,469;13,77076
 238,69; 1910,018;  190,823;12205,593;14,30901
 239,29; 1870,553;  159,671;11880,440;14,59701
 239,89; 1841,177;  180,285;11544,773;14,61475
 240,48; 1809,196;  167,440;11175,374;14,91430
 241,08; 1769,737;  165,902;10767,850;15,12774
 241,68; 1730,123;  191,825;10447,975;14,99879
 242,28; 1704,120;  158,594;10063,107;15,60426
 242,88; 1668,892;  189,826; 9767,110;15,44348
 243,48; 1646,136;  200,517; 9498,623;15,54745
 244,07; 1579,723;  182,594; 9211,194;15,47449
 244,67; 1571,416;  180,440; 9046,766;15,68829
 245,27; 1539,599;  181,901; 8874,879;15,61833
 245,87; 1515,912;  192,057; 8875,004;15,24661
 246,47; 1476,320;  179,517; 8785,359;15,06888
 247,06; 1481,923;  172,133; 8792,469;15,19420
 247,66; 1463,580;  178,363; 8906,597;14,72482
 248,26; 1478,593;  193,978; 9052,033;14,50222
 248,86; 1474,512;  184,670; 9272,355;14,19329
 249,46; 1461,095;  140,441; 9457,066;14,17524
 250,05; 1548,927;  182,748; 9876,916;14,09280
 250,65; 1527,543;  162,516;10290,465;13,47782
 251,25; 1558,713;  169,748;10800,132;13,06599
 251,85; 1634,980;  169,978;11396,861;13,04906
 252,44; 1634,943;  140,363;12093,784;12,50337
 253,04; 1745,561;  186,594;12820,762;12,33930
 253,64; 1753,241;  140,516;13630,311;11,95515
 254,24; 1888,793;  183,671;14600,418;11,82737
 254,84; 1929,633;  166,518;15538,297;11,46982
 255,43; 2020,072;  182,440;16577,597;11,20838
 256,03; 2079,798;  166,747;17554,421;11,00234
 256,63; 2176,965;  177,055;18707,428;10,79261
 257,23; 2205,325;  166,824;19583,703;10,49861
 257,82; 2310,240;  178,208;20535,007;10,47332
 258,42; 2334,739;  143,746;21378,040;10,31818
 259,02; 2447,259;  174,132;22303,139;10,27216
 259,62; 2463,154;  169,746;22953,842;10,06583
 260,21; 2518,342;  170,286;23373,909;10,11935
 260,81; 2534,939;  177,287;23901,634; 9,93769
 261,41; 2514,982;  156,516;24311,688; 9,76381
 262,01; 2615,027;  203,823;24746,197; 9,82466
 262,60; 2556,249;  164,593;24958,319; 9,64621
 263,20; 2600,912;  163,286;25316,718; 9,69103
 263,80; 2619,186;  193,438;25480,421; 9,59287
 264,40; 2622,545;  156,284;25588,227; 9,69749
 264,99; 2643,783;  179,592;25805,311; 9,61609
 265,59; 2646,263;  171,283;25922,201; 9,61123
 266,19; 2635,705;  163,053;25947,534; 9,58969
 266,78; 2707,522;  198,284;26206,252; 9,64796
 267,38; 2720,155;  168,284;26133,399; 9,82808
 267,98; 2725,714;  158,592;26068,556; 9,90786
 268,58; 2740,127;  176,130;26086,534; 9,89563
 269,17; 2776,436;  171,437;26104,131;10,04523
 269,77; 2779,785;  180,900;25874,579;10,11488
 270,37; 2781,019;  150,438;25739,457;10,28012
 270,96; 2845,457;  201,823;25557,498;10,42620
 271,56; 2797,321;  165,208;25347,487;10,45224
 272,16; 2829,516;  168,439;25178,472;10,64004
 272,75; 2845,338;  168,977;25026,209;10,76693
 273,35; 2906,413;  178,900;25041,886;10,97017
 273,95; 2911,318;  169,054;24932,476;11,07385
 274,54; 2938,933;  154,979;25007,139;11,20206
 275,14; 3027,821;  184,362;25444,989;11,25649
 275,74; 3076,636;  143,362;25424,154;11,60278
 276,33; 3185,511;  180,824;25957,897;11,65643
 276,93; 3243,748;  177,517;26382,491;11,70095
 277,53; 3365,900;  179,286;26841,795;11,95167
 278,12; 3503,877;  162,362;27369,205;12,28189
 278,72; 3657,636;  186,055;27954,253;12,50200
 279,32; 3762,296;  165,593;28613,941;12,64292
 279,91; 3925,326;  157,055;29348,821;12,90868
 280,51; 4052,923;  176,594;29967,436;13,01182
 281,11; 4252,605;  183,132;30763,341;13,30754
 281,70; 4355,914;  153,901;31077,040;13,58857
 282,30; 4545,706;  154,901;31781,102;13,88344
 282,90; 4674,663;  159,901;32184,575;14,09776
 283,49; 4862,085;  186,362;32664,692;14,39644
 284,09; 5029,001;  195,978;33202,256;14,64274
 284,69; 5244,888;  193,286;33508,839;15,16289
 285,28; 5402,175;  190,824;33869,912;15,47355
 285,88; 5549,242;  203,669;34070,714;15,78400
 286,47; 5684,529;  168,208;34116,308;16,24928
 287,07; 5833,623;  205,132;34231,136;16,54173
 287,67; 6016,905;  189,594;34321,469;17,07293
 288,26; 6186,921;  166,440;34320,234;17,62756
 288,86; 6366,737;  162,978;34296,553;18,17495
 289,46; 6622,826;  176,824;34525,048;18,76662
 290,05; 6885,502;  163,055;34572,326;19,53673
 290,65; 7137,991;  172,439;34708,084;20,16917
 291,24; 7475,978;  183,901;34922,725;20,99114
 291,84; 7731,812;  192,901;35024,352;21,64398
 292,44; 7947,673;  166,979;35126,077;22,25656
 293,03; 8211,656;  225,517;35254,139;22,79890
 293,63; 8431,711;  178,285;35440,711;23,40572
 294,22; 8722,851;  197,439;35606,619;24,07684
 294,82; 8889,338;  176,900;35589,791;24,60245
 295,41; 8956,376;  160,362;35295,810;25,03458
 296,01; 9182,859;  214,054;35187,567;25,64456
 296,61; 9245,752;  175,286;34875,487;26,13952
 297,20; 9243,738;  184,977;34411,187;26,46732
 297,80; 9306,841;  186,056;34292,246;26,74232
 298,39; 9281,826;  149,747;33772,784;27,16019
 298,99; 9354,716;  174,516;33673,670;27,40428
 299,58; 9364,820;  185,440;33550,037;27,51233
 300,18; 9363,708;  197,902;33349,139;27,64846
 300,78; 9345,947;  165,209;32991,923;27,96728
 301,37; 9387,145;  195,361;32963,293;28,05116
 301,97; 9440,490;  188,363;32983,106;28,21223
 302,56; 9493,371;  174,208;32992,322;28,39640
 303,16; 9453,618;  160,362;32874,154;28,40776
 303,75; 9451,172;  173,825;32935,769;28,31745
 304,35; 9549,670;  172,210;33155,594;28,43086
 304,94; 9513,821;  178,516;33171,055;28,29520
 305,54; 9565,279;  201,363;33102,648;28,46064
 306,13; 9523,415;  148,902;33002,099;28,53455
 306,73; 9395,015;  169,748;32694,319;28,36399
 307,33; 9462,992;  192,517;32634,839;28,57525
 307,92; 9473,454;  173,594;32825,158;28,48213
 308,52; 9561,181;  167,516;33296,648;28,35470
 309,11; 9738,965;  167,592;33765,516;28,48799
 309,71; 9756,426;  147,515;33981,399;28,40026
 310,30; 9836,248;  156,517;34257,652;28,38536
 310,90; 9935,709;  182,824;34515,883;28,40669
 311,49; 9968,397;  171,593;34722,128;28,35500
 312,09; 9918,660;  147,594;34879,850;28,13254
 312,68;10086,644;  214,055;35222,454;28,20063
 313,28;10064,146;  152,209;35442,388;28,08696
 313,87;10050,594;  140,747;35588,425;27,95627
 314,47;10072,214;  165,362;35807,003;27,79572
 315,06;10062,141;  149,594;36000,703;27,64921
 315,66;10081,275;  158,594;36164,542;27,55845
 316,25;10022,160;  143,977;36048,139;27,51264
 316,85; 9951,885;  140,748;36223,780;27,19045
 317,44; 9956,955;  163,592;36375,223;27,04480
 318,04; 9891,692;  133,131;36306,670;26,97707
 318,63; 9817,567;  142,825;36398,751;26,68458
 319,22; 9825,842;  175,670;36628,384;26,47312
 319,82; 9738,012;  167,132;36698,242;26,19926
 320,41; 9643,895;  180,593;36505,044;26,05215
 321,01; 9630,906;  164,902;36727,751;25,88968
 321,60; 9563,958;  161,824;36660,883;25,75994
 322,20; 9435,554;  163,286;36746,491;25,34570
 322,79; 9439,848;  190,901;36793,982;25,26822
 323,39; 9334,286;  154,287;36744,063;25,08897
 323,98; 9216,587;  149,748;36728,802;24,78697
 324,58; 9141,964;  161,670;36565,773;24,66836
 325,17; 9005,275;  177,285;36335,674;24,41478
 325,76; 8926,508;  189,286;36205,908;24,25886
 326,36; 8706,017;  160,363;35731,377;24,02421
 326,95; 8625,318;  186,286;35447,619;23,93282
 327,55; 8417,772;  151,516;35084,187;23,66339
 328,14; 8304,105;  164,517;34533,095;23,68322
 328,74; 8144,775;  193,131;34246,824;23,35031
 329,33; 7971,854;  177,286;33765,476;23,20627
 329,92; 7737,143;  153,361;33152,311;22,98189
 330,52; 7541,556;  167,056;32528,495;22,78793
 331,11; 7396,511;  166,901;32082,469;22,65230
 331,71; 7176,250;  170,132;31485,282;22,37293
 332,30; 6995,898;  181,824;31033,978;22,08622
 332,89; 6833,542;  197,748;30421,414;21,95562
 333,49; 6628,794;  180,132;29866,897;21,72235
 334,08; 6465,988;  169,439;29472,601;21,48761
 334,68; 6293,800;  171,670;29057,282;21,19439
 335,27; 6207,593;  171,210;28651,099;21,19525
 335,86; 6097,973;  211,439;28407,853;20,87689
 336,46; 5993,847;  189,287;28198,817;20,72352
 337,05; 5850,175;  167,132;27914,989;20,48102
 337,65; 5741,815;  158,209;27835,714;20,17381
 338,24; 5733,236;  211,671;27792,121;20,01985
 338,83; 5662,476;  188,363;27679,637;19,91218
 339,43; 5573,799;  167,977;27600,626;19,70580
 340,02; 5497,954;  171,670;27526,557;19,47105
 340,61; 5445,819;  144,747;27517,117;19,36650
 341,21; 5461,236;  204,977;27578,901;19,20170
 341,80; 5343,882;  173,208;27446,505;18,95874
 342,40; 5325,027;  181,210;27575,088;18,77725
 342,99; 5316,619;  168,132;27764,568;18,65635
 343,58; 5264,469;  173,825;27831,015;18,40622
 344,18; 5261,502;  181,209;27956,557;18,29065
 344,77; 5273,834;  156,362;28303,414;18,18120
 345,36; 5284,626;  151,747;28636,850;18,01952
 345,96; 5334,575;  189,978;28914,802;17,90993
 346,55; 5274,310;  166,056;29104,704;17,65201
 347,14; 5340,609;  146,902;29529,308;17,67625
 347,74; 5317,624;  140,749;29922,693;17,38260
 348,33; 5426,784;  162,057;30594,924;17,29948
 348,92; 5511,951;  173,288;31239,689;17,18468
 349,52; 5524,656;  140,596;31731,766;17,04293
 350,11; 5576,417;  169,054;31934,179;17,02295
 350,70; 5519,776;  168,824;32034,282;16,79233
 351,29; 5421,878;  145,207;31703,695;16,72029
 351,89; 5383,874;  168,823;31755,084;16,51051
 352,48; 5360,425;  133,824;31716,755;16,54881
 353,07; 5286,141;  170,979;31680,616;16,23364
 353,67; 5280,921;  177,827;31566,510;16,25775
 354,26; 5197,007;  164,902;31349,663;16,13642
 354,85; 5093,698;  170,517;31122,539;15,90585
 355,45; 5088,129;  147,439;30946,868;16,04150
 356,04; 4988,020;  168,441;30854,389;15,70614
 356,63; 4950,803;  191,901;30606,183;15,64693
 357,22; 4923,822;  178,976;30532,776;15,63180
 357,82; 4803,405;  176,284;30253,274;15,38426
 358,41; 4833,085;  178,901;30189,604;15,50841
 359,00; 4751,737;  157,285;29990,366;15,40053
 359,60; 4691,683;  173,594;29884,920;15,20662
 360,19; 4667,418;  173,056;29680,967;15,23104
 360,78; 4608,478;  176,978;29623,542;15,04930
 361,37; 4594,459;  174,670;29305,271;15,17232
 361,97; 4543,067;  174,901;29251,571;15,02292
 362,56; 4443,037;  156,362;28891,787;14,91774
 363,15; 4464,426;  186,285;28685,113;15,01164
 363,74; 4339,516;  180,669;28221,549;14,83137
 364,34; 4287,819;  202,977;27871,436;14,76353
 364,93; 4178,130;  151,516;27498,227;14,72431
 365,52; 4117,588;  143,978;27014,777;14,78784
 366,11; 4088,982;  164,285;26756,337;14,75891
 366,71; 4016,304;  162,285;26257,077;14,76930
 367,30; 3952,828;  173,901;25967,293;14,65076
 367,89; 3989,472;  193,132;25702,454;14,88217
 368,48; 3876,862;  173,669;25454,546;14,64820
 369,07; 3816,468;  174,209;25000,898;14,67074
 369,67; 3777,351;  190,362;24715,787;14,62559
 370,26; 3739,506;  171,594;24476,894;14,67957
 370,85; 3684,651;  172,670;24129,037;14,65990
 371,44; 3648,365;  161,824;23912,824;14,67956
 372,03; 3602,064;  144,977;23667,022;14,69722
 372,63; 3581,621;  133,055;23322,396;14,87134
 373,22; 3558,695;  158,824;23081,220;14,83209
 373,81; 3475,713;  151,285;22752,374;14,70915
 374,40; 3486,504;  167,594;22517,835;14,84955
 374,99; 3450,200;  158,670;22259,875;14,89299
 375,59; 3407,625;  150,209;21937,832;14,95076
 376,18; 3416,945;  188,132;21922,073;14,85609
 376,77; 3401,845;  171,209;21540,934;15,11782
 377,36; 3421,915;  193,132;21607,432;15,07770
 377,95; 3359,034;  172,208;21250,304;15,11914
 378,55; 3330,444;  158,286;21130,059;15,12585
 379,14; 3345,901;  177,978;21056,077;15,17343
 379,73; 3348,918;  169,593;20937,146;15,30910
 380,32; 3347,081;  189,055;21018,388;15,16144
 380,91; 3340,481;  159,977;20825,454;15,39042
 381,50; 3376,325;  174,516;20808,286;15,51733
 382,10; 3332,466;  146,670;20658,004;15,53188
 382,69; 3345,858;  143,747;20707,549;15,57159
 383,28; 3413,199;  180,131;20610,989;15,82444
 383,87; 3380,555;  166,516;20470,509;15,82959
 384,46; 3408,458;  147,669;20359,472;16,13309
 385,05; 3420,619;  190,362;20436,930;15,95459
 385,64; 3414,520;  174,131;20410,798;16,01246
 386,24; 3418,958;  146,284;20377,784;16,17613
 386,83; 3471,685;  178,669;20427,340;16,26288
 387,42; 3510,558;  186,901;20495,333;16,36590
 388,01; 3581,587;  178,053;20840,835;16,47181
 388,60; 3618,192;  172,977;20987,300;16,55214
 389,19; 3703,111;  147,514;21203,105;16,88671
 389,78; 3739,167;  167,052;21483,589;16,75748
 390,37; 3897,131;  209,899;21952,014;16,95894
 390,96; 3939,319;  183,669;22077,604;17,15384
 391,56; 4003,917;  176,359;22219,677;17,36380
 392,15; 4051,722;  153,822;22464,999;17,47062
 392,74; 4066,017;  142,358;22689,519;17,40201
 393,33; 4184,923;  151,282;22946,061;17,69546
 393,92; 4298,461;  169,281;23452,229;17,73478
 394,51; 4344,131;  147,590;23615,113;17,88233
 395,10; 4427,735;  190,741;23826,394;17,92628
 395,69; 4476,703;  167,357;23919,584;18,14291
 396,28; 4551,204;  180,740;24011,599;18,33951
 396,87; 4606,466;  178,662;24071,694;18,53178
 397,46; 4644,665;  175,661;24241,631;18,56981
 398,06; 4718,588;  196,121;24465,224;18,63467
 398,65; 4725,401;  180,272;24479,366;18,70493
 399,24; 4824,902;  191,272;24716,729;18,89314
 399,83; 4789,251;  161,268;24731,493;18,83574
 400,42; 4890,171;  198,495;24846,525;19,03469
 401,01; 4943,757;  173,952;24919,751;19,27521
 401,60; 5008,726;  186,023;24898,145;19,51553
 402,19; 5023,527;  204,788;24867,129;19,53885
 402,78; 5048,152;  206,550;24866,973;19,63308
 403,37; 5037,152;  190,467;24672,257;19,79710
 403,96; 5056,358;  195,689;24575,255;19,93747
 404,55; 5065,898;  193,450;24500,227;20,04563
 405,14; 5000,321;  179,288;24271,108;20,01108
 405,73; 5070,382;  198,356;24179,713;20,31589
 406,32; 5089,636;  193,811;24054,210;20,51862
 406,91; 5056,249;  192,804;23818,329;20,58555
 407,50; 5038,833;  190,877;23736,881;20,58929
 408,09; 5019,514;  163,105;23384,733;20,91330
 408,68; 4988,969;  191,103;23312,260;20,75098
 409,27; 5001,685;  170,029;23122,023;21,05114
 409,86; 4965,111;  173,727;22920,391;21,06412
 410,45; 5055,924;  210,424;22866,854;21,38686
 411,04; 5066,360;  213,813;22785,056;21,49880
 411,63; 5020,200;  202,512;22479,516;21,62629
 412,22; 5040,650;  209,902;22259,595;21,90846
 412,81; 5010,659;  216,520;22037,661;21,97016
 413,40; 4967,214;  217,907;21662,955;22,14640
 413,99; 4953,800;  242,829;21353,178;22,31593
 414,58; 4823,299;  196,907;20932,662;22,31118
 415,17; 4829,485;  193,520;20718,005;22,58749
 415,76; 4805,152;  187,979;20643,920;22,57131
 416,35; 4799,177;  181,365;20489,360;22,73889
 416,94; 4808,117;  202,595;20508,474;22,68073
 417,53; 4902,113;  183,212;20824,269;22,86172
 418,12; 4944,304;  177,443;20809,060;23,10464
 418,71; 5084,338;  209,753;21164,698;23,26222
 419,30; 5104,172;  200,213;21246,610;23,30070
 419,89; 5186,498;  189,521;21466,984;23,48483
 420,48; 5330,256;  216,368;21774,013;23,72192
 421,07; 5334,000;  214,677;21823,706;23,69067
 421,66; 5355,288;  170,139;21769,149;24,00642
 422,25; 5392,881;  200,065;21749,560;24,09716
 422,84; 5387,481;  215,834;21735,846;24,03180
 423,43; 5365,950;  187,449;21496,941;24,30138
 424,02; 5340,002;  212,065;21197,095;24,43617
 424,60; 5227,594;  201,067;20720,609;24,49629
 425,19; 5252,068;  202,527;20455,125;24,93280
 425,78; 5269,547;  214,374;20434,843;25,00028
 426,37; 5246,078;  223,067;20259,517;25,06937
 426,96; 5237,982;  215,990;20078,784;25,28341
 427,55; 5192,790;  190,069;19928,459;25,34513
 428,14; 5188,719;  186,223;19699,909;25,63583
 428,73; 5182,538;  203,914;19608,876;25,65645
 429,32; 5188,200;  214,759;19553,521;25,71747
 429,91; 5216,123;  224,760;19577,158;25,79196
 430,50; 5212,061;  215,838;19393,426;26,05240
 431,08; 5183,585;  234,993;19221,291;26,06402
 431,67; 5186,057;  275,917;19138,650;26,03090
 432,26; 5185,322;  281,610;18977,273;26,22915
 432,85; 5103,796;  309,148;18636,042;26,16182
 433,44; 5075,807;  295,995;18198,826;26,69864
 434,03; 4963,901;  317,381;17848,328;26,50467
 434,62; 4863,023;  278,457;17497,617;26,62479
 435,21; 4882,218;  289,840;17252,954;27,07273
 435,79; 4828,696;  281,150;17115,335;27,01376
 436,38; 4812,996;  287,151;17034,350;27,02449
 436,97; 4810,758;  283,228;16888,343;27,26587
 437,56; 4811,108;  276,307;16705,029;27,60288
 438,15; 4753,874;  261,999;16700,325;27,32562
 438,74; 4796,987;  267,999;16648,307;27,64898
 439,33; 4831,764;  244,153;16696,091;27,88493
 439,91; 4813,229;  207,769;16760,981;27,82215
 440,50; 4870,872;  251,538;16775,223;27,95583
 441,09; 4947,675;  252,386;16861,179;28,26990
 441,68; 4958,607;  235,310;16873,180;28,38883
 442,27; 4987,907;  211,617;16813,330;28,76986
 442,86; 4968,231;  202,235;16820,931;28,67852
 443,44; 5013,564;  213,927;16859,015;28,83516
 444,03; 5109,221;  267,928;16906,946;29,09603
 444,62; 5080,360;  223,774;16783,283;29,32808
 445,21; 5014,191;  235,158;16569,272;29,25799
 445,80; 5038,697;  246,621;16480,177;29,51957
 446,39; 4991,792;  256,236;16175,169;29,74795
 446,97; 4911,801;  203,776;16041,588;29,72649
 447,56; 4856,459;  227,624;15799,214;29,72616
 448,15; 4820,191;  211,545;15600,119;29,94849
 448,74; 4771,453;  240,853;15439,423;29,80939
 449,33; 4731,087;  222,085;15224,445;30,05529
 449,91; 4662,075;  224,163;15042,083;29,94963
 450,50; 4641,684;  207,317;14791,434;30,40546
 451,09; 4638,144;  238,394;14693,650;30,43702
 451,68; 4648,093;  254,625;14617,610;30,58882
 452,26; 4655,235;  229,395;14563,259;30,87681
 452,85; 4597,985;  221,010;14423,878;30,81754
 453,44; 4637,760;  240,320;14445,120;30,95742
 454,03; 4613,172;  214,088;14462,032;30,87522
 454,61; 4626,119;  200,627;14358,695;31,25774
 455,20; 4730,520;  239,320;14595,285;31,28455
 455,79; 4732,168;  242,165;14593,882;31,28548
 456,38; 4770,368;  233,552;14710,707;31,33776
 456,97; 4805,982;  222,475;14729,974;31,59406
 457,55; 4835,612;  225,860;14714,395;31,81655
 458,14; 4867,615;  244,475;14698,813;31,98445
 458,73; 4833,510;  236,860;14631,509;31,93304
 459,31; 4912,611;  251,092;14638,795;32,39933
 459,90; 4962,148;  256,322;14756,484;32,45361
 460,49; 5023,493;  289,630;14762,370;32,70883
 461,08; 5019,455;  215,939;14935,813;32,63286
 461,66; 5051,160;  239,554;14978,165;32,64627
 462,25; 5117,387;  239,093;15091,202;32,84580
 462,84; 5129,507;  260,631;15126,850;32,75127
 463,43; 5089,357;  206,633;15070,583;32,84944
 464,01; 5130,312;  223,249;15068,459;33,05486
 464,60; 5173,641;  258,171;14952,986;33,45037
 465,19; 5072,139;  210,711;14738,074;33,46394
 465,77; 5064,819;  222,788;14734,030;33,36745
 466,36; 5043,063;  237,710;14633,092;33,38121
 466,95; 4950,850;  226,095;14286,349;33,60363
 467,53; 4886,407;  230,558;13982,086;33,85696
 468,12; 4843,189;  249,789;13718,657;34,10383
 468,71; 4729,835;  235,788;13488,129;33,91134
 469,29; 4641,158;  219,405;13240,393;33,95866
 469,88; 4564,767;  214,405;13028,273;33,95042
 470,47; 4671,317;  278,176;13160,903;34,10102
 471,06; 4646,552;  229,099;13112,504;34,28793
 471,64; 4693,180;  243,637;13188,973;34,37179
 472,23; 4706,861;  215,562;13259,991;34,43078
 472,81; 4760,825;  216,946;13370,405;34,54513
 473,40; 4821,130;  220,331;13543,757;34,53165
 473,99; 4956,159;  285,639;13706,083;34,80153
 474,57; 4930,587;  218,793;13785,772;34,72987
 475,16; 5019,505;  240,715;13932,020;34,90383
 475,75; 5099,140;  245,640;13994,885;35,30012
 476,33; 5131,438;  254,795;14186,735;35,00333
 476,92; 5199,493;  248,485;14189,010;35,51522
 477,51; 5184,173;  245,256;14263,845;35,23120
 478,09; 5192,231;  255,333;14299,113;35,15363
 478,68; 5178,366;  255,564;14160,805;35,40249
 479,27; 5225,207;  266,794;14300,900;35,33116
 479,85; 5236,530;  243,871;14296,175;35,52911
 480,44; 5284,342;  236,410;14430,812;35,56284
 481,02; 5838,939;  257,949;16322,615;34,74078
 481,61; 6592,986;  266,334;18114,172;35,44773
 482,20; 7011,626;  272,565;19333,007;35,35627
 482,78; 7340,758;  286,641;20043,999;35,70374
 483,37; 7529,223;  279,797;20606,688;35,66422
 483,95; 7667,980;  307,720;20751,073;36,00319
 484,54; 7743,166;  318,334;20964,520;35,96225
 485,13; 7699,354;  285,106;20814,300;36,11563
 485,71; 7618,987;  273,721;20515,993;36,28677
 486,30; 7561,045;  309,336;20288,875;36,29568
 486,88; 7440,027;  334,567;19782,344;36,53610
 487,47; 7116,471;  323,413;19041,583;36,29125
 488,05; 6835,760;  301,029;18078,575;36,75834
 488,64; 6339,547;  300,645;16705,905;36,81077
 489,23; 5661,377;  326,337;14607,392;37,35746
 489,81; 4925,235;  306,414;12768,341;37,06345
 490,40; 4650,107;  257,184;12240,729;36,65796
 490,98; 4575,882;  260,261;12005,524;36,74350
 491,57; 4549,385;  285,568;11892,209;36,73601
 492,15; 4509,130;  262,492;11840,935;36,67711
 492,74; 4458,283;  270,260;11759,520;36,45163
 493,32; 4473,835;  281,492;11654,935;36,86081
 493,91; 4416,524;  260,415;11528,715;36,88319
 494,50; 4424,630;  274,648;11528,411;36,87640
 495,08; 4332,045;  254,340;11442,206;36,44756
 495,67; 4370,472;  270,261;11414,371;36,79263
 496,25; 4316,351;  214,570;11345,056;36,85177
 496,84; 4332,901;  235,031;11293,367;37,05685
 497,42; 4301,401;  220,647;11254,693;36,98329
 498,01; 4306,971;  240,569;11201,206;37,10005
 498,59; 4250,067;  210,340;11126,499;37,00686
 499,18; 4257,013;  207,646;11063,341;37,30177
 499,76; 4245,654;  237,493;10956,525;37,39294
 500,35; 4154,140;  225,879;10782,042;37,21297
 500,93; 4142,089;  207,570;10750,708;37,31829
 501,52; 4145,380;  214,724;10719,184;37,41892
 502,10; 4146,421;  224,495;10611,104;37,75945
 502,69; 4057,934;  216,649;10495,712;37,36999
 503,27; 3980,558;  202,263;10271,935;37,52152
 503,86; 3965,932;  221,187;10225,434;37,43155
 504,44; 3914,310;  201,188;10119,544;37,43687
 505,03; 3845,402;  192,265; 9807,976;37,99133
 505,61; 3781,428;  205,419; 9726,177;37,56013
 506,19; 3729,657;  221,496; 9609,778;37,36745
 506,78; 3702,807;  188,881; 9403,046;38,13613
 507,36; 3603,633;  203,188; 9217,753;37,72168
 507,95; 3577,541;  202,882; 9100,522;37,92758
 508,53; 3514,644;  209,881; 8975,529;37,70129
 509,12; 3449,913;  215,959; 8819,105;37,59037
 509,70; 3427,785;  224,267; 8661,870;37,96716
 510,29; 3358,202;  219,959; 8533,361;37,74919
 510,87; 3311,077;  200,958; 8326,434;38,27614
 511,46; 3202,261;  202,420; 8120,962;37,88376
 512,04; 3158,393;  203,805; 8019,401;37,80375
 512,62; 3120,088;  211,420; 7889,691;37,88181
 513,21; 3042,052;  190,190; 7701,885;37,96562
 513,79; 3012,257;  201,961; 7601,439;37,97965
 514,38; 2929,726;  184,345; 7395,874;38,06933
 514,96; 2923,823;  228,807; 7330,768;37,94750
 515,54; 2842,612;  190,345; 7184,534;37,92100
 516,13; 2817,019;  207,423; 7129,475;37,69975
 516,71; 2766,727;  206,269; 7003,289;37,67030
 517,30; 2722,729;  187,347; 6848,754;38,06076
 517,88; 2703,215;  220,193; 6809,864;37,68051
 518,46; 2670,076;  196,270; 6688,106;38,10642
 519,05; 2635,734;  199,886; 6640,044;37,82280
 519,63; 2600,184;  202,347; 6611,479;37,41282
 520,22; 2604,902;  215,195; 6509,927;37,96361
 520,80; 2556,021;  217,733; 6416,831;37,71981
 521,38; 2572,146;  220,271; 6387,824;38,13304
 521,97; 2540,448;  200,964; 6374,077;37,89795
 522,55; 2537,866;  217,118; 6382,549;37,64129
 523,13; 2527,621;  187,965; 6351,919;37,95706
 523,72; 2520,486;  198,116; 6328,985;37,87994
 524,30; 2593,101;  221,427; 6465,062;37,98547
 524,89; 2580,413;  191,426; 6498,597;37,87731
 525,47; 2614,613;  208,196; 6625,784;37,49721
 526,05; 2634,957;  183,350; 6706,235;37,58471
 526,64; 2716,944;  202,043; 6768,689;38,29811
 527,22; 2767,233;  209,581; 6948,777;37,95189
 527,80; 2805,387;  241,581; 7088,656;37,44381
 528,39; 2840,709;  207,505; 7192,121;37,70006
 528,97; 2906,351;  206,043; 7327,477;37,91804
 529,55; 2964,265;  220,888; 7507,245;37,65087
 530,14; 3063,009;  236,582; 7735,722;37,69001
 530,72; 3038,563;  211,428; 7829,282;37,11196
 531,30; 3100,051;  186,044; 7957,396;37,49678
 531,89; 3160,484;  212,274; 8023,224;37,74457
 532,47; 3205,125;  237,275; 8105,220;37,72077
 533,05; 3229,637;  234,043; 8156,158;37,81307
 533,63; 3257,282;  238,352; 8223,506;37,80678
 534,22; 3244,325;  211,352; 8258,726;37,68898
 534,80; 3308,181;  236,276; 8357,008;37,82793
 535,38; 3370,905;  290,198; 8391,213;38,02866
 535,97; 3285,288;  236,967; 8355,891;37,54587
 536,55; 3339,237;  275,814; 8418,499;37,62178
 537,13; 3285,725;  285,274; 8414,440;36,90969
 537,71; 3323,144;  324,274; 8509,074;36,63950
 538,30; 3342,365;  343,814; 8560,001;36,49565
 538,88; 3387,759;  394,276; 8688,624;36,09064
 539,46; 3490,061;  433,122; 8859,711;36,27730
 540,05; 3499,455;  466,199; 8994,876;35,56537
 540,63; 3579,401;  516,584; 9211,594;35,22500
 541,21; 3641,252;  553,661; 9389,074;34,94563
 541,79; 3649,915;  585,430; 9490,825;34,41156
 542,38; 3752,336;  610,891; 9665,587;34,69409
 542,96; 3758,490;  619,892; 9832,686;34,06781
 543,54; 3872,609;  640,353;10044,525;34,37044
 544,12; 3863,596;  616,738;10099,140;34,24088
 544,70; 3918,354;  585,431;10239,488;34,52355
 545,29; 3990,408;  589,276;10391,748;34,69667
 545,87; 3969,992;  566,661;10396,441;34,62266
 546,45; 3974,668;  511,968;10428,928;34,91695
 547,03; 3981,255;  484,430;10468,019;35,02573
 547,62; 4015,222;  451,046;10650,126;34,94606
 548,20; 4117,231;  454,662;10806,368;35,38131
 548,78; 4113,631;  423,817;10968,016;34,99378
 549,36; 4167,768;  384,355;11162,606;35,10229
 549,94; 4235,691;  348,046;11349,397;35,33789
 550,53; 4302,631;  353,970;11519,060;35,36614
 551,11; 4345,344;  321,740;11744,712;35,22379
 551,69; 4487,499;  322,278;12035,687;35,55943
 552,27; 4564,034;  288,585;12353,906;35,43585
 552,85; 4695,287;  290,740;12700,137;35,49364
 553,44; 4773,966;  293,740;12988,679;35,29143
 554,02; 4892,948;  302,125;13355,225;35,17037
 554,60; 4954,526;  248,202;13685,877;35,02335
 555,18; 5173,200;  274,355;14067,972;35,51531
 555,76; 5294,347;  262,894;14443,504;35,48122
 556,34; 5377,523;  266,664;14855,357;35,03302
 556,93; 5529,036;  246,971;15236,449;35,23849
 557,51; 5656,071;  241,433;15520,028;35,43937
 558,09; 5792,455;  254,971;15945,460;35,29198
 558,67; 5931,642;  254,434;16294,834;35,39319
 559,25; 6024,434;  264,741;16634,511;35,18494
 559,83; 6087,277;  246,742;16903,445;35,06417
 560,41; 6181,699;  245,818;17288,566;34,82937
 561,00; 6297,287;  260,588;17663,237;34,68839
 561,58; 6354,325;  244,971;17852,167;34,69805
 562,16; 6409,772;  238,125;18270,086;34,22615
 562,74; 6525,837;  210,817;18614,291;34,31428
 563,32; 6680,528;  219,742;19016,409;34,37198
 563,90; 6798,503;  249,280;19446,035;34,11630
 564,48; 6913,951;  249,202;19913,082;33,89336
 565,06; 7091,398;  237,434;20473,486;33,87007
 565,65; 7283,062;  242,896;21163,105;33,65246
 566,23; 7553,483;  284,741;21987,149;33,49279
 566,81; 7732,300;  235,895;22738,244;33,31388
 567,39; 8058,674;  248,588;23649,632;33,37495
 567,97; 8206,274;  250,203;24208,511;33,20799
 568,55; 8501,874;  256,049;25142,720;33,13350
 569,13; 8665,723;  238,511;25803,050;32,96446
 569,71; 8936,176;  233,279;26776,896;32,78716
 570,29; 9285,118;  277,201;27750,057;32,78843
 570,87; 9484,404;  277,279;28466,148;32,66227
 571,45; 9667,143;  269,203;29155,068;32,53474
 572,03; 9705,874;  239,050;29567,445;32,27870
 572,61; 9899,033;  232,434;30339,482;32,10743
 573,20;10126,109;  262,972;30979,332;32,11037
 573,78;10307,003;  248,973;31569,687;32,11303
 574,36;10383,088;  246,280;32141,464;31,78162
 574,94;10525,613;  293,588;32449,874;31,81967
 575,52;10531,750;  273,205;32771,570;31,56634
 576,10;10734,793;  312,974;33379,065;31,51815
 576,68;10864,370;  306,588;33874,303;31,45219
 577,26;10972,072;  311,513;34649,651;31,04583
 577,84;11122,351;  314,511;35069,006;31,09768
 578,42;11188,932;  354,435;35383,284;30,93021
 579,00;11199,556;  319,434;35515,966;30,91248
 579,58;11132,454;  338,050;35656,189;30,56334
 580,16;11148,319;  340,204;35768,955;30,50662
 580,74;11181,982;  330,127;35979,468;30,44055
 581,32;11082,308;  329,896;35959,160;30,17860
 581,90;11083,248;  345,358;35949,486;30,15911
 582,48;11106,641;  354,050;36141,772;30,04548
 583,06;11030,554;  347,973;36293,830;29,71853
 583,64;11061,430;  338,819;36302,471;29,81513
 584,22;10951,791;  348,436;36074,776;29,67938
 584,80;10804,095;  360,050;35787,339;29,48022
 585,38;10726,933;  367,972;35386,390;29,58146
 585,96;10691,636;  346,434;35559,021;29,37927
 586,54;10616,716;  366,589;35559,175;29,12581
 587,12;10646,091;  333,743;35809,156;29,06900
 587,70;10688,760;  356,819;35869,995;29,09326
 588,28;10633,187;  349,051;35917,658;28,91352
 588,86;10666,718;  358,743;36089,420;28,84909
 589,44;10593,817;  323,975;36105,574;28,70146
 590,02;10603,421;  336,205;36360,472;28,50083
 590,59;10684,798;  314,512;36532,244;28,63317
 591,17;10660,069;  317,283;36781,036;28,36457
 591,75;10635,250;  311,360;36901,051;28,21530
 592,33;10676,104;  316,513;37167,296;28,11227
 592,91;10693,317;  269,360;37393,336;28,07877
 593,49;10736,610;  287,053;37808,699;27,84941
 594,07;10750,461;  303,899;37951,230;27,74848
 594,65;10697,268;  302,128;37944,292;27,61568
 595,23;10758,167;  295,513;38405,061;27,45415
 595,81;10702,289;  281,821;38476,329;27,28263
 596,39;10695,846;  276,744;38504,285;27,25548
 596,97;10744,981;  268,745;38800,626;27,18849
 597,55;10676,929;  276,128;38623,636;27,12249
 598,12;10581,578;  264,899;38662,890;26,86776
 598,70;10575,022;  256,976;38839,831;26,74257
 599,28;10597,296;  286,899;39036,974;26,60742
 599,86;10537,186;  263,668;38949,201;26,55649
 600,44;10497,673;  232,745;39173,505;26,36037
 601,02;10566,000;  297,900;39158,875;26,42265
 601,60;10453,860;  264,898;39208,596;26,16331
 602,18;10358,405;  247,207;39117,011;26,01299
 602,75;10336,549;  239,359;39293,431;25,85438
 603,33;10271,324;  272,283;39159,377;25,71301
 603,91;10217,361;  255,054;39177,970;25,59497
 604,49;10231,069;  273,976;39339,036;25,48849
 605,07;10155,654;  281,283;39377,245;25,25675
 605,65;10123,129;  318,591;39527,967;25,00559
 606,23;10096,867;  374,051;39609,504;24,78069
 606,80;10072,520;  413,744;39615,951;24,63835
 607,38;10050,483;  448,823;39660,512;24,48673
 607,96; 9988,756;  503,282;39724,944;24,18427
 608,54; 9993,638;  571,053;39776,487;24,03388
 609,12; 9916,487;  566,359;39810,325;23,82564
 609,70; 9934,225;  620,514;39910,051;23,70532
 610,27; 9891,421;  625,590;39979,318;23,54499
 610,85; 9847,235;  635,899;39960,190;23,42404
 611,43; 9816,777;  625,668;39947,091;23,37430
 612,01; 9706,367;  608,667;39761,215;23,23654
 612,59; 9655,134;  601,283;39677,311;23,16983
 613,16; 9606,743;  557,051;39608,717;23,17364
 613,74; 9522,060;  527,668;39517,443;23,06859
 614,32; 9470,292;  490,822;39433,252;23,05832
 614,90; 9381,589;  444,514;39371,201;22,95874
 615,48; 9258,251;  390,744;39064,530;22,92899
 616,05; 9199,273;  351,897;39045,362;22,86530
 616,63; 9126,527;  357,743;38848,501;22,78153
 617,21; 9059,791;  367,282;38751,578;22,64600
 617,79; 8959,672;  350,283;38648,860;22,47966
 618,36; 8899,317;  335,591;38569,765;22,39810
 618,94; 8759,264;  288,897;38271,570;22,30061
 619,52; 8656,597;  323,743;37968,270;22,13563
 620,10; 8616,712;  306,436;37982,717;22,05705
 620,67; 8579,339;  313,743;37838,951;22,02678
 621,25; 8489,845;  325,975;37652,010;21,87179
 621,83; 8465,894;  315,436;37614,695;21,85153
 622,41; 8395,673;  335,282;37650,142;21,60102
 622,98; 8241,070;  310,897;37359,647;21,40470
 623,56; 8259,663;  311,127;37389,090;21,43736
 624,14; 8162,424;  293,052;37221,747;21,30964
 624,72; 8095,298;  292,359;37056,428;21,22436
 625,29; 8022,398;  270,204;37210,772;20,98558
 625,87; 8036,009;  311,590;37166,648;20,95891
 626,45; 7914,540;  274,127;36979,893;20,81529
 627,02; 7835,580;  281,590;36826,574;20,67039
 627,60; 7856,294;  280,130;36793,344;20,74910
 628,18; 7801,179;  255,744;37007,017;20,53108
 628,76; 7741,040;  266,512;36927,929;20,38800
 629,33; 7727,478;  282,205;36944,167;20,30790
 629,91; 7650,174;  272,129;36946,794;20,11755
 630,49; 7657,432;  298,282;37049,970;20,02398
 631,06; 7645,563;  288,820;37132,182;19,96762
 631,64; 7612,510;  281,512;37167,021;19,87501
 632,22; 7496,707;  242,896;37035,207;19,71556
 632,79; 7547,519;  269,358;37383,812;19,61005
 633,37; 7486,530;  245,206;37453,040;19,46183
 633,95; 7489,824;  259,820;37436,482;19,44770
 634,52; 7473,072;  243,821;37674,266;19,31383
 635,10; 7438,684;  255,282;37646,937;19,21124
 635,68; 7413,183;  252,665;37901,332;19,01931
 636,25; 7352,493;  234,665;37819,314;18,93813
 636,83; 7336,810;  222,282;38074,698;18,79544
 637,41; 7347,521;  235,511;38088,980;18,78826
 637,98; 7417,272;  259,742;38272,870;18,82910
 638,56; 7349,207;  253,819;38265,599;18,66629
 639,13; 7304,556;  243,358;38480,757;18,46673
 639,71; 7366,635;  274,666;38491,036;18,55741
 640,29; 7183,415;  207,666;38380,223;18,27425
 640,86; 7234,498;  227,359;38517,192;18,30026
 641,44; 7161,735;  232,974;38526,546;18,09380
 642,02; 7125,434;  255,051;38513,592;17,95778
 642,59; 7127,749;  229,513;38672,408;17,94411
 643,17; 7080,448;  230,897;38687,685;17,81103
 643,74; 7057,377;  217,743;38751,039;17,74993
 644,32; 6982,153;  253,282;38577,162;17,55791
 644,89; 6961,852;  240,666;38636,670;17,50491
 645,47; 6950,397;  260,282;38681,639;17,41249
 646,05; 6887,250;  238,051;38619,686;17,32391
 646,62; 6843,026;  239,897;38553,655;17,23435
 647,20; 6815,956;  252,205;38696,778;17,07328
 647,77; 6725,347;  228,128;38491,594;16,98021
 648,35; 6687,276;  213,051;38425,332;16,94279
 648,92; 6657,668;  243,205;38540,456;16,74915
 649,50; 6577,828;  213,205;38420,117;16,65830
 650,08; 6540,527;  214,436;38294,164;16,61275
 650,65; 6538,611;  226,667;38557,210;16,46714
 651,23; 6615,694;  212,821;39523,256;16,28797
 651,80; 6721,624;  216,975;40346,226;16,20925
 652,38; 6797,861;  228,975;40765,964;16,20467
 652,95; 6796,560;  196,821;41077,241;16,14401
 653,53; 6810,874;  235,590;41300,211;16,01204
 654,10; 6822,958;  252,513;41446,872;15,94987
 654,68; 6776,042;  223,898;41371,996;15,92332
 655,25; 6697,817;  206,513;41443,042;15,74164
 655,83; 6706,439;  213,206;41592,319;15,69206
 656,40; 6681,754;  235,667;41462,904;15,63551
 656,98; 6621,991;  208,898;41358,335;15,58489
 657,55; 6559,229;  228,129;41231,458;15,44045
 658,13; 6492,158;  209,359;40807,812;15,47546
 658,70; 6436,319;  227,744;40482,473;15,42322
 659,28; 6204,941;  208,206;39521,827;15,25358
 659,85; 6104,793;  219,052;38957,335;15,19360
 660,43; 6126,646;  237,975;39002,535;15,19086
 661,00; 6052,422;  224,129;39145,505;14,97453
 661,58; 6115,813;  219,667;39440,859;15,03306
 662,15; 6102,820;  202,975;39733,059;14,92495
 662,73; 6170,903;  264,514;39915,644;14,89589
 663,30; 6170,679;  214,898;40116,152;14,92630
 663,88; 6140,609;  226,898;40353,121;14,73777
 664,45; 6139,462;  211,668;40622,475;14,66883
 665,03; 6216,161;  222,668;41017,290;14,69187
 665,60; 6296,783;  272,668;41437,260;14,63422
 666,17; 6192,328;  225,437;41382,768;14,49776
 666,75; 6283,181;  217,129;41839,045;14,57418
 667,32; 6302,880;  238,668;42165,783;14,46370
 667,90; 6339,655;  222,052;42342,291;14,52414
 668,47; 6340,277;  246,283;42721,953;14,34702
 669,05; 6339,976;  227,052;42966,307;14,30283
 669,62; 6377,137;  196,129;43056,507;14,42126
 670,19; 6324,143;  204,514;43181,092;14,23945
 670,77; 6361,535;  219,129;43457,600;14,20588
 671,34; 6365,541;  224,129;43329,569;14,24742
 671,92; 6406,240;  207,053;43659,000;14,26677
 672,49; 6363,093;  227,591;43643,508;14,13192
 673,06; 6336,253;  177,514;43846,477;14,10324
 673,64; 6354,722;  207,360;43640,062;14,15376
 674,21; 6313,882;  207,745;43620,185;14,06541
 674,79; 6364,504;  217,822;43895,462;14,07283
 675,36; 6348,434;  231,514;43961,201;13,98803
 675,93; 6337,210;  192,822;43873,709;14,06654
 676,51; 6320,216;  230,591;44100,909;13,88097
 677,08; 6366,761;  224,591;44177,801;13,97434
 677,65; 6345,306;  228,130;44255,617;13,89399
 678,23; 6362,698;  225,514;44461,971;13,87359
 678,80; 6365,935;  208,438;44629,632;13,86162
 679,38; 6403,249;  207,591;44721,371;13,91852
 679,95; 6404,718;  219,438;45007,648;13,81006
 680,52; 6437,570;  211,899;45327,387;13,79941
 681,10; 6519,423;  218,591;45782,587;13,82853
 681,67; 6549,199;  217,361;46051,556;13,81466
 682,24; 6524,898;  206,745;46019,064;13,79138
 682,82; 6636,597;  207,361;46624,110;13,85111
 683,39; 6702,526;  239,207;46983,157;13,82707
 683,96; 6707,610;  222,361;47219,664;13,79919
 684,54; 6714,924;  206,746;47556,634;13,74487
 685,11; 6798,777;  235,592;47942,911;13,75719
 685,68; 6815,707;  219,592;48337,880;13,70812
 686,25; 6833,098;  198,823;48390,311;13,76649
 686,83; 6867,489;  202,823;48527,742;13,79137
 687,40; 6897,804;  198,976;48840,942;13,77170
 687,97; 6959,195;  230,976;49264,758;13,72160
 688,55; 6917,817;  201,592;49324,035;13,67242
 689,12; 6999,208;  187,284;49642,850;13,77383
 689,69; 7018,369;  203,746;49712,281;13,76454
 690,26; 7011,452;  214,130;49762,328;13,71861
 690,84; 7065,305;  211,746;49857,912;13,80481
 691,41; 7121,004;  211,746;50039,420;13,86631
 691,98; 7133,857;  215,515;50320,236;13,80776
 692,56; 7124,940;  202,284;50382,128;13,79569
 693,13; 7231,716;  254,746;50443,098;13,90157
 693,70; 7207,261;  227,361;50761,759;13,81218
 694,27; 7212,575;  205,977;50697,806;13,87670
 694,84; 7239,659;  212,900;50888,929;13,86604
 695,42; 7328,358;  243,592;51035,206;13,94869
 695,99; 7330,903;  211,285;51261,868;13,94620
 696,56; 7336,525;  196,131;51061,760;14,03776
 697,13; 7405,147;  228,977;51420,729;14,01822
 697,71; 7419,307;  178,285;51443,930;14,12451
 698,28; 7494,160;  208,823;51814,360;14,11736
 698,85; 7455,705;  169,823;51745,637;14,12655
 699,42; 7528,943;  188,823;52025,222;14,16016
 699,99; 7536,872;  227,900;51990,499;14,12018
 700,57; 7572,494;  213,900;52048,469;14,19631
 701,14; 7559,270;  204,669;52352,900;14,10326
 701,71; 7621,969;  233,131;52431,715;14,15525
 702,28; 7645,053;  215,900;52510,838;14,20626
 702,85; 7694,521;  214,439;52524,808;14,29943
 703,43; 7752,451;  233,285;52780,469;14,30936
 704,00; 7799,842;  250,977;53012,362;14,30756
 704,57; 7760,771;  222,516;52989,100;14,28604
 705,14; 7839,009;  249,054;53214,147;14,33011
 705,71; 7864,323;  256,439;53318,347;14,33775
 706,28; 7852,945;  223,747;53126,316;14,42122
 706,86; 7959,259;  257,131;53472,593;14,47348
 707,43; 7968,574;  267,131;53348,870;14,50865
 708,00; 7941,503;  244,901;53469,378;14,46065
 708,57; 8034,049;  223,362;53255,348;14,72826
 709,14; 8024,517;  257,901;53455,471;14,59957
 709,71; 7998,523;  230,362;53512,748;14,57923
 710,28; 8029,915;  222,901;53705,563;14,59728
 710,86; 8098,152;  234,593;53911,302;14,64985
 711,43; 8175,620;  246,132;53852,656;14,79202
 712,00; 8170,011;  233,670;53982,856;14,76551
 712,57; 8231,633;  235,593;54065,979;14,85414
 713,14; 8250,717;  222,901;54212,487;14,86919
 713,71; 8263,262;  232,209;54147,303;14,89574
 714,28; 8317,961;  235,132;54164,503;14,98781
 714,85; 8332,737;  214,670;53909,165;15,11899
 715,42; 8373,205;  231,055;54119,903;15,10916
 716,00; 8434,519;  252,670;54347,950;15,12489
 716,57; 8421,987;  214,978;54415,919;15,14182
 717,14; 8477,994;  198,747;54288,042;15,30663
 717,71; 8467,770;  197,055;54346,781;15,27379
 718,28; 8535,161;  228,286;54398,135;15,33487
 718,85; 8482,322;  195,747;54500,104;15,25950
 719,42; 8617,713;  238,901;54584,227;15,41772
 719,99; 8586,566;  204,747;54380,889;15,47142
 720,56; 8676,957;  224,440;54814,166;15,48371
 721,13; 8724,040;  211,363;54751,212;15,60818
 721,70; 8765,893;  209,132;54765,182;15,68435
 722,27; 8819,054;  242,594;54603,305;15,77695
 722,84; 8869,983;  259,594;54851,351;15,77233
 723,41; 8823,067;  208,132;54885,090;15,75606
 723,98; 8901,997;  227,517;55110,367;15,80545
 724,55; 9008,311;  239,440;55086,644;15,98782
 725,12; 8946,394;  189,978;55009,537;15,97316
 725,69; 9064,401;  211,286;55338,506;16,05943
 726,27; 9064,331;  225,517;55358,168;16,03190
 726,84; 9140,260;  222,671;55766,368;16,05509
 727,41; 9166,498;  227,671;55682,952;16,11898
 727,98; 9239,735;  231,363;56046,999;16,13951
 728,55; 9260,126;  249,902;55844,584;16,20699
 729,12; 9293,056;  198,517;56084,014;16,27352
 729,69; 9391,140;  236,363;56138,445;16,37645
 730,26; 9405,685;  239,979;56380,338;16,32641
 730,82; 9437,845;  222,133;56228,307;16,45482
 731,39; 9504,160;  218,286;56224,584;16,58005
 731,96; 9583,089;  208,056;56617,477;16,61962
 732,53; 9640,788;  223,287;56831,369;16,63632
 733,10; 9691,487;  236,594;56863,262;16,69689
 733,67; 9783,724;  233,287;57139,077;16,78289
 734,24; 9715,885;  215,364;56786,816;16,79384
 734,81; 9865,045;  240,979;56851,631;17,00045
 735,38; 9773,590;  230,441;56672,755;16,90779
 735,95; 9802,751;  214,594;56480,647;17,04075
 736,52; 9861,065;  238,671;56657,924;17,05516
 737,09; 9887,918;  231,748;56370,586;17,20052
 737,66; 9950,232;  270,056;56344,324;17,26313
 738,23; 9955,547;  219,518;56548,448;17,28424
 738,80;10100,630;  256,441;56825,802;17,40198
 739,37;10129,021;  245,056;57118,463;17,37889
 739,94;10185,182;  227,518;57129,433;17,49970
 740,51;10330,727;  304,825;57112,402;17,64888
 741,07;10313,887;  220,210;57025,756;17,76882
 741,64;10360,663;  253,979;57237,495;17,73615
 742,21;10401,593;  218,287;57288,464;17,84348
 742,78;10386,907;  202,133;57099,664;17,90020
 743,35;10460,991;  226,133;57452,941;17,88473
 743,92;10580,998;  244,749;57613,834;18,01711
 744,49;10592,850;  230,903;57333,111;18,14632
 745,06;10575,703;  227,056;57338,542;18,12008
 745,63;10589,556;  211,287;57391,357;18,15015
 746,19;10643,870;  216,518;57442,403;18,22139
 746,76;10686,877;  227,980;57379,604;18,30026
 747,33;10729,114;  217,980;57379,111;18,38860
 747,90;10809,505;  238,903;57539,927;18,44749
 748,47;10794,743;  230,980;57495,435;18,44733
 749,04;10821,672;  234,211;57479,404;18,49494
 749,61;10920,679;  252,134;57434,297;18,65712
 750,17;10903,609;  242,903;57533,804;18,60803
 750,74;10918,385;  235,980;57432,312;18,67673
 751,31;10917,930;  211,057;57311,436;18,75097
 751,88;10920,244;  216,595;57192,943;18,78613
 752,45;11022,712;  226,518;57360,374;18,89632
 753,02;10980,642;  232,134;57214,574;18,86284
 753,58;11002,879;  216,595;57089,082;18,96573
 754,15;11033,424;  215,595;57228,436;18,97437
 754,72;10979,662;  215,672;56940,559;18,97578
 755,29;11001,438;  209,672;56853,298;19,05204
 755,86;11124,521;  231,442;56911,267;19,21862
 756,42;11194,297;  233,288;56809,314;19,37395
 756,99;11112,611;  202,672;56734,283;19,29883
 757,56;11183,003;  209,442;56711,637;19,42148
 758,13;11142,317;  184,596;56604,914;19,42159
 758,70;11298,708;  197,365;56664,653;19,65978
 759,26;11300,176;  195,288;56709,930;19,64958
 759,83;11328,644;  207,826;56888,438;19,62014
 760,40;11401,882;  189,365;56689,869;19,84499
 760,97;11353,273;  189,211;56785,838;19,72567
 761,53;11363,434;  169,827;56386,730;19,91146
 762,10;11357,056;  175,134;56373,238;19,89733
 762,67;11418,524;  208,904;56383,515;19,95496
 763,24;11396,146;  165,519;55932,177;20,13860
 763,80;11475,537;  198,211;56085,916;20,17855
 764,37;11405,620;  201,442;56039,116;20,06563
 764,94;11313,242;  175,365;55586,931;20,10028
 765,50;11417,711;  188,519;55511,516;20,29751
 766,07;11432,486;  225,442;55673,870;20,21165
 766,64;11354,647;  185,750;55308,686;20,26180
 767,21;11359,192;  201,596;55195,963;20,28862
 767,77;11415,737;  229,904;55054,317;20,40302
 768,34;11402,821;  218,058;55079,055;20,38746
 768,91;11420,750;  221,673;54855,255;20,49852
 769,47;11409,065;  216,750;54909,763;20,46388
 770,04;11484,302;  224,673;54792,040;20,63436
 770,61;11442,693;  200,135;54474,164;20,71444
 771,18;11366,085;  188,289;54490,133;20,58456
 771,74;11498,014;  220,981;54652,333;20,71790
 772,31;11453,405;  222,519;54311,687;20,76365
 772,88;11386,027;  193,904;54008,118;20,79771
 773,44;11398,034;  196,135;53918,934;20,85129
 774,01;11437,810;  212,058;54015,903;20,86422
 774,58;11409,355;  192,750;53621,257;20,99367
 775,14;11450,439;  190,981;53840,303;20,98714
 775,71;11410,599;  204,366;53651,580;20,96692
 776,27;11459,529;  237,904;53588,627;21,03369
 776,84;11501,766;  255,674;53623,673;21,07273
 777,41;11470,157;  217,597;53486,335;21,12414
 777,97;11395,318;  203,443;53160,842;21,13373
 778,54;11395,632;  213,597;53252,889;21,08255
 779,11;11505,793;  220,443;53185,397;21,30720
 779,67;11510,415;  192,212;53044,520;21,41477
 780,24;11474,267;  208,981;53006,797;21,33665
 780,80;11517,274;  227,751;52924,997;21,42336
 781,37;11531,050;  211,674;52925,736;21,47316
 781,94;11506,287;  211,674;52544,782;21,58216
 782,50;11571,909;  217,751;52581,982;21,68304
 783,07;11662,300;  238,366;52571,721;21,82917
 783,63;11570,384;  204,674;52303,921;21,81550
 784,20;11613,621;  230,366;52247,967;21,88347
 784,77;11574,859;  216,136;51989,629;21,93926
 785,33;11549,865;  196,905;51902,060;21,95712
 785,90;11617,103;  213,982;51835,721;22,08977
 786,46;11580,802;  227,751;51803,152;22,01253
 787,03;11547,347;  205,674;51479,737;22,11971
 787,59;11607,430;  212,751;51430,399;22,24756
 788,16;11617,591;  226,213;51400,214;22,26009
 788,73;11601,367;  231,520;51345,568;22,24407
 789,29;11517,066;  216,905;50817,538;22,33205
 789,86;11560,457;  231,136;50807,969;22,40022
 790,42;11562,156;  220,367;50581,399;22,52096
 790,99;11464,316;  240,136;50228,369;22,45365
 791,55;11540,169;  214,136;50316,492;22,60579
 792,12;11599,560;  225,290;50260,154;22,73269
 792,68;11500,105;  218,213;49940,200;22,68995
 793,25;11461,804;  229,982;49683,554;22,71185
 793,81;11496,426;  253,674;49300,370;22,92255
 794,38;11416,818;  196,751;49155,108;22,91757
 794,94;11388,593;  208,982;48975,770;22,92464
 795,51;11442,215;  222,290;48723,970;23,13307
 796,07;11362,376;  224,752;48527,709;23,05785
 796,64;11461,921;  237,752;48653,909;23,18269
 797,20;11380,851;  225,521;48116,878;23,29299
 797,77;11365,242;  201,059;47758,463;23,47517
 798,33;11327,479;  210,598;47591,586;23,46275
 798,90;11308,332;  249,675;47581,479;23,36412
 799,46;11264,108;  220,675;47046,986;23,58382
 800,03;11249,961;  220,982;47011,956;23,57074
 800,59;11258,198;  237,444;46714,310;23,71234
 801,15;11303,820;  237,444;46593,048;23,87279
 801,72;11251,827;  236,675;46283,249;23,92176
 802,28;11164,372;  250,213;45913,987;23,90113
 802,85;11120,840;  220,752;45662,033;23,98719
 803,41;11164,770;  227,752;45525,157;24,14491
 803,98;11079,469;  211,367;45132,664;24,19365
 804,54;11046,167;  223,752;44854,865;24,24859
 805,11;11002,789;  232,444;44689,757;24,22626
 805,67;11053,642;  248,060;44598,650;24,36401
 806,23;10965,418;  229,367;44110,080;24,46645
 806,80;10992,117;  245,521;44053,204;24,53130
 807,36;10986,278;  259,983;44054,788;24,49216
 807,93;10962,284;  252,675;43625,681;24,69188
 808,49;10925,522;  208,829;43364,496;24,83264
 809,05;10868,913;  202,521;43096,620;24,86680
 809,62;10925,996;  237,906;43094,589;24,93914
 810,18;10950,464;  239,291;43010,251;25,04310
 810,74;10874,317;  206,291;42693,143;25,10901
 811,31;10925,247;  220,983;42556,036;25,28464
 811,87;10954,561;  222,599;42406,082;25,44115
 812,44;10949,337;  253,522;42376,667;25,39178
 813,00;10916,344;  185,522;42043,405;25,63632
 813,56;10965,658;  232,368;42023,990;25,68288
 814,13;10981,742;  220,676;41985,652;25,76577
 814,69;10940,287;  233,137;41844,313;25,73143
 815,25;10888,909;  193,676;41439,437;25,93050
 815,82;10921,685;  246,983;41346,329;25,97292
 816,38;10926,537;  254,445;41201,375;26,06323
 816,94;10794,544;  210,599;40847,499;26,04516
 817,51;10783,166;  209,214;40604,314;26,17632
 818,07;10782,480;  208,907;40373,053;26,32590
 818,63;10719,333;  240,445;40231,791;26,20289
 819,20;10782,417;  222,368;40143,684;26,45216
 819,76;10732,577;  204,291;39676,192;26,67286
 820,32;10717,507;  260,445;39560,546;26,60823
 820,89;10661,513;  248,753;39424,823;26,57939
 821,45;10554,058;  212,291;39046,561;26,63052
 822,01;10579,988;  245,291;38839,146;26,77809
 822,57;10555,764;  238,984;38697,039;26,82606
 823,14;10554,924;  213,984;38437,777;27,05367
 823,70;10465,470;  212,368;38137,593;27,03504
 824,26;10503,015;  210,138;38051,485;27,20008
 824,82;10542,790;  236,368;37912,531;27,35529
 825,39;10500,643;  210,445;37668,962;27,47092
 825,95;10500,265;  232,907;37698,086;27,40507
 826,51;10457,810;  233,061;37340,209;27,55466
 827,08;10540,355;  258,446;37264,255;27,78458
 827,64;10498,670;  242,446;37058,301;27,85817
 828,20;10435,753;  216,061;36853,963;27,89377
 828,76;10499,837;  233,830;36818,009;28,06133
 829,32;10499,920;  242,984;36664,209;28,16197
 829,89;10471,235;  217,523;36507,333;28,25507
 830,45;10552,703;  223,292;36429,456;28,52943
 831,01;10499,786;  210,830;36210,041;28,58106
 831,57;10543,101;  221,369;36199,241;28,68911
 832,14;10482,030;  217,753;36158,518;28,55887
 832,70;10525,268;  217,754;35823,333;28,94915
 833,26;10468,121;  192,600;35836,149;28,82856
 833,82;10513,819;  221,600;35653,811;29,04764
 834,38;10579,365;  220,138;35700,318;29,19722
 834,95;10574,448;  205,831;35563,903;29,32461
 835,51;10519,147;  187,754;35439,796;29,30722
 836,07;10629,231;  223,908;35431,457;29,55424
 836,63;10718,314;  238,446;35502,965;29,71788
 837,19;10691,475;  220,908;35318,165;29,83301
 837,75;10668,558;  187,215;34972,442;30,13159
 838,32;10682,719;  234,062;34950,258;30,09736
 838,88;10806,571;  231,369;35022,997;30,39582
 839,44;10789,501;  215,138;34942,427;30,44972
 840,00;10825,969;  219,139;34937,166;30,55136
 840,56;10776,360;  197,062;34664,982;30,69317
 841,12;10803,829;  210,523;34566,336;30,83410
 841,68;10807,989;  191,369;34411,690;31,02431
 842,25;10816,919;  213,216;34540,505;30,89001
 842,81;10781,925;  209,062;34166,551;31,13559
 843,37;10874,701;  200,677;34108,444;31,47958
 843,93;10848,631;  217,600;33974,029;31,49335
 844,49;10995,099;  217,293;34138,537;31,77303
 845,05;10906,875;  181,754;33876,583;31,83017
 845,61;10963,112;  227,908;33980,629;31,80545
 846,17;10948,734;  201,447;33825,752;31,96285
 846,73;10983,587;  214,293;33754,645;32,10847
 847,29;10945,132;  186,831;33527,076;32,26821
 847,86;10977,754;  205,293;33453,891;32,39975
 848,42;10906,222;  198,908;33180,707;32,46431
 848,98;10963,844;  213,293;33252,599;32,53867
 849,54;11006,697;  192,754;33276,646;32,68643
 850,10;10998,704;  214,601;33108,923;32,78409
 850,66;10949,710;  192,447;32969,815;32,81918
 851,22;11040,332;  193,755;32879,323;33,18461
 851,78;11070,570;  235,524;32951,369;33,11865
 852,34;10998,807;  208,524;32657,646;33,25293
 852,90;11049,121;  200,370;32535,000;33,55149
 853,46;11000,051;  200,524;32310,277;33,63317
 854,02;11028,135;  211,678;32426,708;33,57581
 854,58;11033,988;  206,062;32093,524;33,95669
 855,14;11022,533;  190,755;32055,724;33,99275
 855,70;11013,847;  172,755;31881,616;34,18947
 856,26;11065,546;  223,832;31785,740;34,35063
 856,82;11109,245;  191,063;31705,555;34,64496
 857,38;11091,405;  225,755;31565,524;34,67049
 857,94;11008,873;  214,678;31372,878;34,64319
 858,50;11074,111;  200,524;31268,079;34,99982
 859,06;11056,810;  209,986;31150,740;35,05675
 859,62;11073,739;  216,370;31003,094;35,26640
 860,18;11019,284;  206,986;30951,371;35,16837
 860,74;11029,599;  180,370;30834,033;35,39293
 861,30;10975,144;  183,755;30583,464;35,49833
 861,86;11085,612;  221,217;30656,356;35,69688
 862,42;11048,003;  210,986;30467,172;35,81753
 862,98;11133,010;  229,371;30472,911;36,05279
 863,54;11071,478;  213,986;30165,265;36,25051
 864,10;11099,946;  222,371;30297,157;36,16842
 864,66;11074,337;  188,448;29972,511;36,54938
 865,22;11027,806;  200,371;29838,327;36,53233
 865,78;11078,581;  213,986;29731,219;36,80764
 866,34;11054,357;  189,986;29658,419;36,86783
 866,90;11076,749;  214,986;29544,465;37,03360
 867,45;11007,678;  218,448;29311,204;37,08563
 868,01;10965,146;  205,448;29149,712;37,17385
 868,57;10924,615;  196,755;29037,912;37,19636
 869,13;10925,852;  190,063;28962,881;37,31226
 869,69;10910,320;  207,679;28789,235;37,44597
 870,25;10928,788;  190,294;28689,359;37,68016
 870,81;10944,103;  200,448;28635,943;37,78255
 871,37;10924,417;  206,602;28572,759;37,78381
 871,93;10923,193;  209,756;28351,421;38,06966
 872,49;10872,661;  212,371;28081,236;38,25161
 873,04;10870,206;  195,679;27925,513;38,49474
 873,60;10755,213;  186,525;27833,021;38,22795
 874,16;10819,142;  221,525;27777,452;38,45858
 874,72;10828,912;  216,833;27668,529;38,65728
 875,28;10899,604;  209,217;27578,529;39,05976
 875,84;10867,758;  199,294;27488,606;39,09393
 876,40;10956,604;  206,987;27558,144;39,30224
 876,95;10940,450;  215,448;27464,990;39,35847
 877,51;11018,835;  230,140;27389,683;39,72340
 878,07;11081,604;  235,679;27404,067;39,92112
 878,63;11068,988;  204,063;27450,683;39,87623
 879,19;11149,758;  230,525;27395,837;40,19550
 879,75;11243,450;  217,140;27518,144;40,38793
 880,30;11245,758;  204,140;27504,067;40,44559
 880,86;11370,681;  246,602;27632,837;40,61923
 881,42;11372,373;  195,679;27613,990;40,76361
 881,98;11482,604;  223,525;27740,298;40,91715
 882,54;11567,912;  201,140;27807,452;41,17454
 883,09;11691,988;  203,217;27904,606;41,47363
 883,65;11738,296;  198,833;28032,606;41,45850
 884,21;11923,988;  243,371;28218,683;41,75331
 884,77;11919,373;  209,371;28177,913;41,86847
 885,32;12086,296;  199,140;28359,067;42,21302
 885,88;12141,296;  237,756;28573,144;42,00945
 886,44;12253,758;  216,448;28568,529;42,45653
 887,00;12333,758;  229,063;28618,067;42,63867
 887,56;12372,142;  201,987;28782,837;42,58150
 888,11;12401,527;  203,833;28804,913;42,64767
 888,67;12573,835;  242,679;28922,760;42,99554
 889,23;12598,373;  221,063;28964,837;43,06084
 889,79;12523,373;  197,217;28793,913;43,10343
 890,34;12525,296;  211,063;28712,298;43,20596
 890,90;12702,219;  263,448;28960,067;43,34577
 891,46;12637,219;  198,448;28711,144;43,62538
 892,01;12702,142;  232,756;28770,144;43,69491
 892,57;12675,988;  239,525;28721,913;43,66370
 893,13;12623,219;  212,140;28498,452;43,87663
 893,69;12601,988;  205,525;28414,990;43,94434
 894,24;12665,450;  213,602;28287,990;44,35305
 894,80;12624,604;  223,063;28159,298;44,39231
 895,36;12541,296;  214,833;28115,144;44,18038
 895,91;12546,142;  215,063;27910,990;44,52308
 896,47;12534,681;  218,910;27818,375;44,62322
 897,03;12506,758;  202,525;27609,375;44,89474
 897,58;12434,604;  222,679;27469,913;44,81895
 898,14;12444,065;  228,910;27214,529;45,26543
 898,70;12422,373;  191,756;27056,683;45,52634
 899,25;12502,219;  219,525;27118,913;45,66161
 899,81;12412,219;  231,525;26918,683;45,64253
 900,37;12363,758;  186,679;26720,760;45,89222
 900,92;12441,604;  213,987;26721,375;46,12909
 901,48;12371,758;  216,217;26582,221;46,10308
 902,03;12287,681;  210,217;26393,837;46,12603
 902,59;12323,296;  211,833;26299,452;46,42610
 903,15;12301,219;  236,294;26182,683;46,49944
 903,70;12136,912;  223,756;25924,990;46,35246
 904,26;12150,219;  195,140;25798,683;46,69307
 904,82;12206,065;  216,756;25776,529;46,90695
 905,37;12176,142;  210,833;25604,913;47,11850
 905,93;12149,835;  199,294;25466,144;47,29731
 906,48;12102,988;  224,910;25284,144;47,40001
 907,04;12132,912;  229,756;25327,221;47,42772
 907,60;12050,988;  197,217;25153,913;47,49736
 908,15;12019,450;  193,833;24999,837;47,67240
 908,71;12069,758;  231,448;25018,375;47,76030
 909,26;11969,758;  205,910;24807,067;47,81827
 909,82;12009,527;  230,140;24689,298;48,15941
 910,37;11971,373;  251,448;24686,375;47,96382
 910,93;11895,142;  206,525;24474,913;48,16396
 911,48;11892,219;  197,063;24251,221;48,62010
 912,04;11808,296;  210,987;24162,067;48,42082
 912,60;11858,912;  222,217;24160,298;48,61164
 913,15;11787,219;  213,910;23950,221;48,75783
 913,71;11694,296;  205,833;23840,067;48,60942
 914,26;11743,450;  195,294;23721,760;49,08581
 914,82;11742,758;  212,217;23677,683;49,13834
 915,37;11709,758;  201,371;23610,067;49,16287
 915,93;11726,142;  242,063;23501,683;49,37346
 916,48;11675,373;  201,217;23327,298;49,61565
 917,04;11684,219;  224,217;23170,529;49,94268
 917,59;11677,681;  242,217;23080,913;50,07056
 918,15;11586,219;  181,910;22879,837;50,24384
 918,70;11577,681;  198,063;22880,298;50,16974
 919,26;11605,065;  215,294;22711,452;50,62985
 919,81;11528,835;  199,833;22521,221;50,75402
 920,37;11506,142;  202,833;22501,144;50,69133
 920,92;11505,758;  224,217;22416,913;50,83447
 921,48;11439,219;  196,910;22247,529;50,98410
 922,03;11467,912;  204,987;22186,760;51,23756
 922,59;11416,065;  199,448;22080,990;51,26063
 923,14;11397,527;  193,602;21856,067;51,72045
 923,69;11402,835;  231,602;21813,837;51,76124
 924,25;11412,604;  224,833;21808,683;51,83399
 924,80;11341,604;  209,910;21624,683;51,98138
 925,36;11300,988;  212,756;21531,375;52,01196
 925,91;11284,758;  207,371;21426,221;52,20540
 926,47;11229,142;  192,371;21330,606;52,21236
 927,02;11262,142;  235,756;21237,990;52,50102
 927,57;11179,142;  214,679;21092,990;52,51604
 928,13;11184,373;  198,987;21051,067;52,68245
 928,68;11119,219;  214,602;21010,298;52,43689
 929,24;11077,988;  174,756;20707,298;53,10220
 929,79;11059,988;  201,756;20650,529;53,09968
 930,34;11020,527;  210,910;20506,144;53,26185
 930,90;10980,988;  189,294;20477,990;53,19067
 931,45;11007,835;  218,371;20442,760;53,34877
 932,01;10937,065;  229,987;20300,990;53,34601
 932,56;10910,450;  219,294;20153,837;53,63131
 933,11;10896,835;  227,448;20151,067;53,55145
 933,67;10844,527;  202,371;19957,298;53,87089
 934,22;10861,912;  213,448;19845,683;54,23969
 934,77;10801,373;  235,294;19716,144;54,23828
 935,33;10802,142;  213,063;19619,067;54,56599
 935,88;10757,527;  224,679;19557,452;54,48183
 936,43;10745,142;  211,140;19404,683;54,88305
 936,99;10699,604;  218,063;19388,837;54,67458
 937,54;10603,681;  196,910;19159,760;54,87978
 938,09;10651,373;  213,833;19112,990;55,22754
 938,65;10601,219;  214,833;18999,683;55,29129
 939,20;10510,681;  193,371;18904,529;55,13988
 939,75;10425,912;  192,756;18855,913;54,83078
 940,31;10348,604;  190,217;18765,606;54,68734
 940,86;10410,450;  208,910;18741,760;55,04572
 941,41;10416,681;  261,217;18618,067;55,32247
 941,96;10321,604;  203,294;18531,683;55,20567
 942,52;10299,296;  204,371;18390,221;55,50978
 943,07;10173,604;  185,525;18250,298;55,29036
 943,62;10136,296;  194,987;18187,067;55,25381
 944,18;10152,527;  188,679;18077,375;55,69913
 944,73;10078,373;  204,987;17980,067;55,54623
 945,28; 9976,219;  171,448;17817,298;55,56418
 945,83; 9960,988;  200,448;17900,529;55,14404
 946,39; 9992,835;  200,217;17766,837;55,74560
 946,94; 9958,681;  216,525;17710,990;55,68707
 947,49; 9907,450;  198,140;17559,683;55,92423
 948,04; 9926,219;  209,448;17533,990;56,08674
 948,59; 9894,065;  215,910;17451,837;56,15106
 949,15; 9860,835;  195,063;17338,606;56,38141
 949,70; 9836,142;  198,140;17245,144;56,53781
 950,25; 9835,912;  223,833;17110,067;56,92257
 950,80; 9746,373;  174,525;17025,990;56,80128
 951,36; 9728,681;  183,448;16968,375;56,86788
 951,91; 9783,758;  220,063;16986,375;57,04113
 952,46; 9691,835;  184,987;16705,221;57,54669
 953,01; 9700,219;  214,063;16755,144;57,34907
 953,56; 9722,758;  174,679;16636,990;57,99962
 954,11; 9653,296;  212,525;16604,298;57,59457
 954,67; 9639,296;  202,910;16519,760;57,83216
 955,22; 9533,988;  182,217;16359,067;57,80959
 955,77; 9570,988;  219,448;16325,760;58,06134
 956,32; 9525,065;  241,910;16267,067;57,92864
 956,87; 9454,604;  192,910;16121,683;58,14443
 957,42; 9469,142;  194,371;16073,221;58,40959
 957,98; 9418,912;  201,987;15934,298;58,58596
 958,53; 9453,219;  219,602;15933,760;58,75986
 959,08; 9296,450;  188,371;15792,990;58,36784
 959,63; 9335,681;  188,987;15764,606;58,72443
 960,18; 9332,296;  220,525;15669,529;58,97967
 960,73; 9267,835;  202,371;15648,298;58,69161
 961,28; 9250,450;  174,371;15491,606;59,25403
 961,83; 9286,373;  225,833;15445,375;59,53228
 962,39; 9177,988;  188,448;15338,144;59,33809
 962,94; 9199,527;  222,602;15222,683;59,84584
 963,49; 9082,373;  195,679;15134,221;59,48836
 964,04; 9024,604;  215,371;15090,837;59,21988
 964,59; 8978,681;  182,371;14968,990;59,48831
 965,14; 8932,912;  217,448;14867,913;59,48933
 965,69; 8898,988;  202,679;14836,375;59,42661
 966,24; 8850,219;  199,756;14702,529;59,64696
 966,79; 8844,758;  209,063;14632,990;59,87062
 967,34; 8746,142;  185,448;14482,760;59,87625
 967,89; 8713,835;  194,679;14468,144;59,68527
 968,44; 8711,142;  206,910;14355,837;60,10514
 968,99; 8686,296;  212,910;14314,529;60,08804
 969,55; 8641,527;  208,525;14219,990;60,18644
 970,10; 8595,219;  213,063;14147,452;60,15446
 970,65; 8523,373;  215,063;14005,990;60,24475
 971,20; 8484,219;  202,833;13916,606;60,38737
 971,75; 8417,988;  179,371;13785,913;60,54894
 972,30; 8345,681;  200,217;13733,221;60,18962
 972,85; 8315,681;  190,987;13635,221;60,43255
 973,40; 8283,373;  188,063;13475,221;60,92582
 973,95; 8274,065;  207,833;13460,221;60,86626
 974,50; 8218,758;  228,140;13368,221;60,81102
 975,05; 8165,219;  212,294;13339,913;60,58162
 975,60; 8179,219;  218,217;13244,298;61,11586
 976,15; 8117,681;  205,602;13059,375;61,55452
 976,70; 8095,296;  210,756;13049,298;61,41305
 977,25; 8036,681;  208,756;12956,990;61,40399
 977,80; 7940,835;  199,679;12824,067;61,31906
 978,35; 7873,065;  217,756;12692,221;61,36784
 978,89; 7933,219;  193,063;12586,067;62,45585
 979,44; 7876,373;  210,371;12541,375;62,16851
 979,99; 7779,142;  199,756;12421,529;62,01544
 980,54; 7717,296;  231,448;12338,452;61,83072
 981,09; 7669,527;  221,525;12251,683;61,91109
 981,64; 7633,681;  215,140;12166,529;62,07262
 982,19; 7625,450;  244,063;12148,913;62,00319
 982,74; 7537,219;  224,371;11990,144;62,15357
 983,29; 7424,373;  185,448;11820,067;62,21884
 983,84; 7448,450;  226,371;11734,221;62,75785
 984,39; 7459,681;  237,833;11668,375;63,18028
 984,94; 7314,065;  174,987;11529,298;62,87549
 985,49; 7284,450;  230,910;11452,760;62,85541
 986,03; 7238,065;  225,679;11379,067;62,87225
 986,58; 7199,065;  247,217;11277,990;63,02231
 987,13; 7108,912;  213,525;11125,221;63,19262
 987,68; 7058,527;  218,448;11025,990;63,28986
 988,23; 7032,912;  225,371;10975,529;63,32503
 988,78; 6918,065;  202,987;10827,452;63,20392
 989,33; 6915,296;  216,294;10752,452;63,58107
 989,88; 6920,373;  227,217;10662,913;64,13713
 990,42; 6798,835;  204,756;10464,221;64,27312
 990,97; 6766,681;  207,756;10439,298;64,10495
 991,52; 6716,296;  235,371;10357,221;64,02906
 992,07; 6698,527;  233,448;10245,529;64,57278
 992,62; 6641,296;  220,602;10119,683;64,86152
 993,17; 6564,835;  229,679; 9986,375;64,93136
 993,71; 6490,527;  217,602; 9936,298;64,54492
 994,26; 6400,142;  201,910; 9791,298;64,63637
 994,81; 6399,219;  239,063; 9783,144;64,54425
 995,36; 6301,296;  210,679; 9580,990;64,99909
 995,91; 6315,604;  220,371; 9553,067;65,31052
 996,45; 6227,373;  221,833; 9513,067;64,63662
 997,00; 6176,296;  202,833; 9352,529;65,28592
 997,55; 6138,758;  219,987; 9287,990;65,27094
 998,10; 6103,450;  239,910; 9143,067;65,85911
 998,65; 6034,065;  213,679; 9101,375;65,48814
 999,19; 5991,681;  230,063; 9017,606;65,56574
 999,74; 5904,450;  244,833; 8895,606;65,42325
1000,29; 5886,142;  232,217; 8837,913;65,69980
1000,84; 5749,450;  216,756; 8648,452;65,61781
1001,38; 5704,450;  212,679; 8550,067;65,86920
1001,93; 5688,835;  230,987; 8519,760;65,84627
1002,48; 5608,912;  207,679; 8383,760;66,06139
1003,03; 5574,296;  220,294; 8316,760;66,12765
1003,57; 5522,373;  225,140; 8151,913;66,82710
1004,12; 5474,142;  231,217; 8155,683;66,16125
1004,67; 5407,527;  213,063; 8012,606;66,59959
1005,22; 5308,988;  206,987; 7887,375;66,42896
1005,76; 5218,758;  201,294; 7718,837;66,74340
1006,31; 5205,450;  234,294; 7762,452;66,03416
1006,86; 5103,758;  210,679; 7636,837;65,88978
1007,40; 5020,604;  197,448; 7464,760;66,36781
1007,95; 5004,065;  215,448; 7399,529;66,65595
1008,50; 4907,988;  223,448; 7246,606;66,70134
1009,04; 4853,604;  219,910; 7168,837;66,68216
1009,59; 4788,988;  226,294; 7063,760;66,73078
1010,14; 4705,604;  204,756; 6964,990;66,57828
1010,68; 4647,604;  215,063; 6820,452;67,10492
1011,23; 4619,373;  201,833; 6752,452;67,43699
1011,78; 4557,758;  220,371; 6672,606;67,22301
1012,32; 4470,835;  211,833; 6552,913;67,16524
1012,87; 4468,681;  240,910; 6538,298;67,13531
1013,42; 4415,681;  203,756; 6396,529;68,01355
1013,96; 4434,219;  234,833; 6443,452;67,63801
1014,51; 4338,988;  185,756; 6337,375;67,51446
1015,06; 4358,296;  189,987; 6316,298;68,03947
1015,60; 4441,988;  251,756; 6416,990;67,96550
1016,15; 4370,758;  216,217; 6347,529;67,75941
1016,69; 4391,988;  216,679; 6386,067;67,67785
1017,24; 4422,604;  186,987; 6373,837;68,46161
1017,79; 4480,912;  236,294; 6422,913;68,60964
1018,33; 4458,527;  194,679; 6420,837;68,48282
1018,88; 4523,681;  225,602; 6471,837;68,81072
1019,42; 4539,681;  214,679; 6464,760;69,19914
1019,97; 4514,450;  214,756; 6489,452;68,52434
1020,51; 4555,296;  218,679; 6494,144;69,10431
1021,06; 4564,681;  190,987; 6484,144;69,49920
1021,61; 4545,373;  186,294; 6447,837;69,61670
1022,15; 4545,604;  166,602; 6419,375;70,03296
1022,70; 4573,527;  200,294; 6426,144;70,24314
1023,24; 4533,296;  205,448; 6356,760;70,35651
1023,79; 4480,142;  216,910; 6299,683;70,08699
1024,33; 4494,296;  202,525; 6244,529;71,03225
1024,88; 4442,527;  214,525; 6137,606;71,38180
1025,42; 4382,373;  206,217; 6075,990;71,14680
1025,97; 4330,758;  204,602; 5978,913;71,45710
1026,51; 4184,912;  183,371; 5862,067;70,46583
1027,06; 4183,988;  201,217; 5816,452;70,92796
1027,60; 4101,450;  226,063; 5688,067;70,95174
1028,15; 4053,912;  221,756; 5664,990;70,40218
1028,69; 3953,835;  184,140; 5511,990;70,75451
1029,24; 3928,296;  201,294; 5490,452;70,46494
1029,78; 3854,758;  196,756; 5361,452;70,82705
1030,33; 3802,681;  183,910; 5243,606;71,52151
1030,87; 3759,219;  195,756; 5187,452;71,38783
1031,42; 3662,450;  185,987; 5099,760;70,74937
1031,96; 3663,604;  212,602; 5028,067;71,66497
1032,51; 3580,373;  189,140; 4952,990;71,18681
1033,05; 3557,912;  210,371; 4917,606;71,11480
1033,60; 3489,527;  179,910; 4787,529;71,82923
1034,14; 3434,758;  201,371; 4741,606;71,21629
1034,69; 3452,835;  206,140; 4670,221;72,72929
1035,23; 3361,912;  201,679; 4589,913;72,01604
1035,77; 3316,065;  202,987; 4556,067;71,51438
1036,32; 3289,527;  177,525; 4467,221;72,54598
1036,86; 3269,988;  198,525; 4416,452;72,81927
1037,41; 3203,296;  211,833; 4347,144;72,33949
1037,95; 3165,373;  179,987; 4279,837;72,81697
1038,50; 3137,142;  195,679; 4237,144;72,78210
1039,04; 3118,988;  216,448; 4159,606;73,60954
1039,58; 3055,604;  187,217; 4092,452;73,44979
1040,13; 3038,065;  194,756; 4048,683;73,77695
1040,67; 3036,604;  221,294; 4048,221;73,56581
1041,21; 2983,912;  219,448; 3952,144;74,06077
1041,76; 2924,065;  183,217; 3869,913;74,34429
1042,30; 2908,835;  204,448; 3828,452;74,62427
1042,85; 2831,373;  205,448; 3741,990;74,25120
1043,39; 2815,681;  191,756; 3725,606;74,25117
1043,93; 2798,912;  206,910; 3681,760;74,59320
1044,48; 2784,219;  214,063; 3593,452;76,05387
1045,02; 2729,296;  198,140; 3577,606;74,89811
1045,56; 2723,142;  214,602; 3530,144;75,66003
1046,11; 2701,604;  208,448; 3482,990;76,13753
1046,65; 2671,835;  202,756; 3425,452;76,61532
1047,19; 2586,835;  203,217; 3378,144;75,07629
1047,74; 2547,912;  180,294; 3310,375;75,64077
1048,28; 2569,142;  209,602; 3271,529;77,06064
1048,82; 2546,835;  226,294; 3252,452;76,68273
1049,37; 2485,219;  206,910; 3168,221;76,93583
1049,91; 2466,604;  205,448; 3139,760;77,05916
1050,45; 2446,373;  229,987; 3105,067;77,08954
1050,99; 2398,450;  205,448; 3052,683;77,02217
1051,54; 2352,219;  192,217; 3018,683;76,42060
1052,08; 2373,527;  228,217; 2970,990;78,21681
1052,62; 2317,912;  221,679; 2910,837;77,95127
1053,16; 2268,912;  200,602; 2873,452;77,38218
1053,71; 2269,527;  208,063; 2857,144;77,81807
1054,25; 2241,912;  218,140; 2776,913;79,09147
1054,79; 2214,835;  224,371; 2769,913;78,19408
1055,33; 2158,065;  187,987; 2706,375;78,22776
1055,88; 2138,681;  222,217; 2691,067;77,62576
1056,42; 2146,065;  227,448; 2667,375;78,63421
1056,96; 2130,527;  206,910; 2601,298;80,33856
1057,50; 2078,835;  204,217; 2595,221;78,40294
1058,05; 2038,142;  206,448; 2504,990;79,68939
1058,59; 2030,219;  225,448; 2493,144;79,58611
1059,13; 1978,450;  192,525; 2439,144;79,49389
1059,67; 1971,681;  215,910; 2422,990;79,55174
1060,21; 1905,912;  209,217; 2369,990;78,52256
1060,76; 1929,065;  231,140; 2335,144;80,69971
1061,30; 1909,604;  230,063; 2338,990;79,63957
1061,84; 1876,681;  210,833; 2281,221;80,46065
1062,38; 1827,835;  204,833; 2233,452;80,00525
1062,92; 1860,450;  250,140; 2221,913;81,66810
1063,46; 1812,835;  231,294; 2198,375;80,40038
1064,01; 1797,296;  214,448; 2159,067;81,39630
1064,55; 1761,758;  215,679; 2124,221;81,00836
1065,09; 1718,527;  188,294; 2060,990;81,71281
1065,63; 1750,604;  234,217; 2096,221;81,43842
1066,17; 1744,758;  229,602; 2079,683;81,89674
1066,71; 1708,527;  225,679; 2040,837;81,69252
1067,25; 1676,835;  207,217; 1999,606;81,99212
1067,80; 1683,681;  237,063; 2000,067;82,05412
1068,34; 1663,527;  248,987; 1987,067;81,38519
1068,88; 1624,142;  213,602; 1910,683;83,11569
1069,42; 1638,604;  242,371; 1934,837;82,49697
1069,96; 1579,912;  216,602; 1905,375;80,72782
1070,50; 1607,681;  242,602; 1896,683;82,52794
1071,04; 1543,450;  208,063; 1826,913;82,48983
1071,58; 1518,296;  211,217; 1808,529;81,82993
1072,12; 1515,681;  208,756; 1799,837;82,14071
1072,66; 1522,758;  225,448; 1770,067;83,98896
1073,21; 1501,450;  226,525; 1767,144;82,75406
1073,75; 1497,065;  228,602; 1737,452;84,06823
1074,29; 1449,835;  223,756; 1714,837;82,22753
1074,83; 1469,142;  239,063; 1691,760;84,67558
1075,37; 1436,604;  222,679; 1680,452;83,27256
1075,91; 1440,065;  238,140; 1660,298;84,51419
1076,45; 1404,219;  221,140; 1629,144;84,02526
1076,99; 1389,835;  237,987; 1604,221;84,30822
1077,53; 1348,988;  208,910; 1574,144;83,50791
1078,07; 1356,373;  227,525; 1585,683;83,11613
1078,61; 1343,373;  210,987; 1563,452;83,72758
1079,15; 1346,219;  214,448; 1531,606;85,92526
1079,69; 1319,988;  221,525; 1531,067;83,88148
1080,23; 1319,604;  239,217; 1487,067;86,57984
1080,77; 1301,296;  245,987; 1506,067;83,74936
1081,31; 1268,142;  203,371; 1450,529;85,37582
1081,85; 1265,912;  231,833; 1455,298;84,52048
1082,39; 1243,681;  212,140; 1439,606;84,03825
1082,93; 1248,219;  225,448; 1430,144;84,89868
1083,47; 1203,142;  201,448; 1394,298;83,97487
1084,01; 1213,065;  233,140; 1393,067;84,48162
1084,55; 1187,296;  210,679; 1364,760;84,62296
1085,09; 1199,296;  233,371; 1356,221;86,02440
1085,63; 1180,296;  225,294; 1326,452;86,72708
1086,17; 1155,681;  208,371; 1307,452;86,19108
1086,71; 1146,912;  213,987; 1283,298;87,24539
1087,24; 1160,296;  238,602; 1308,144;86,17651
1087,78; 1138,065;  222,140; 1284,144;86,24498
1088,32; 1088,450;  206,448; 1242,837;85,10341
1088,86; 1121,988;  246,756; 1259,990;86,38006
1089,40; 1091,988;  222,525; 1237,760;85,64163
1089,94; 1062,296;  194,910; 1185,990;87,51926
1090,48; 1063,527;  234,140; 1214,529;84,59775
1091,02; 1069,065;  226,679; 1201,529;86,41191
1091,56; 1048,527;  224,525; 1181,144;86,13688
1092,10; 1014,988;  205,371; 1143,683;86,28449
1092,63; 1044,142;  242,525; 1178,837;85,61438
1093,17; 1028,450;  224,217; 1149,529;86,91480
1093,71; 1005,988;  223,756; 1128,298;86,47829
1094,25; 1010,219;  243,140; 1128,683;86,62250
1094,79;  996,527;  225,833; 1084,760;89,72757
1095,33;  990,450;  219,217; 1084,606;89,11983
1095,87;  978,296;  223,987; 1073,221;88,82229
1096,40;  935,527;  208,987; 1051,298;86,25554
1096,94;  947,835;  217,525; 1051,683;87,55055
1097,48;  951,681;  233,294; 1051,298;87,82190
1098,02;  934,219;  217,756; 1009,529;90,48848
1098,56;  901,758;  197,602; 1000,837;87,66502
1099,10;  882,604;  206,140;  963,144;89,36064
1099,63;  892,988;  205,217;  974,452;89,40980
1100,17;  897,681;  227,140;  976,990;89,42327
1100,71;  898,604;  233,448;  991,606;87,73317

