
Integration time [ms]: 120,000
Averaging Nr. [scans]: 13
Smoothing Nr. [pixels]: 0
Data measured with spectrometer [name]: 2009305U1
Wave   ;Sample   ;Dark     ;Reference;Reflectance
[nm]   ;[counts] ;[counts] ;[counts] ;[%]

 175,72;  202,449;  202,673;  202,814; 0,00000
 176,32;  228,563;  225,431;  219,229; 0,00000
 176,92;  255,974;  241,593;  259,926;78,44351
 177,52;  256,475;  251,671;  258,560;69,73454
 178,12;  230,255;  228,123;  221,690; 0,00000
 178,72;  272,219;  262,428;  250,906; 0,00000
 179,32;  256,466;  256,969;  246,180; 0,00000
 179,92;  257,785;  244,743;  247,528;468,33643
 180,52;  244,144;  240,295;  251,040;35,82231
 181,12;  254,126;  250,513;  250,351; 0,00000
 181,73;  281,264;  264,591;  277,112;133,16761
 182,33;  358,594;  344,982;  351,462;210,06203
 182,93;  278,853;  260,594;  266,980;285,93634
 183,53;  237,628;  240,272;  226,189; 0,00000
 184,13;  230,772;  234,428;  232,913; 0,00000
 184,73;  272,491;  272,348;  270,276; 0,00000
 185,33;  273,185;  227,895;  345,845;38,39704
 185,93;  278,879;  241,810;  363,162;30,54672
 186,53;  307,101;  245,969;  383,769;44,36333
 187,13;  332,741;  274,977;  418,310;40,30026
 187,73;  288,408;  236,042;  378,887;36,65951
 188,33;  296,411;  240,114;  373,931;42,06947
 188,93;  304,027;  258,330;  373,870;39,55076
 189,53;  317,078;  257,396;  374,368;51,02199
 190,13;  343,296;  277,224;  424,265;44,93429
 190,73;  284,949;  216,698;  365,464;45,87841
 191,34;  312,427;  258,249;  403,767;37,23131
 191,94;  289,532;  218,263;  371,997;46,35859
 192,54;  297,938;  243,523;  387,787;37,71914
 193,14;  313,841;  247,900;  396,592;44,34726
 193,74;  305,025;  257,129;  400,532;33,39997
 194,34;  302,962;  240,671;  386,728;42,64887
 194,94;  261,449;  220,361;  356,781;30,11893
 195,54;  249,394;  204,742;  327,334;36,42300
 196,14;  276,581;  227,827;  378,689;32,31713
 196,74;  267,733;  222,971;  359,044;32,89585
 197,34;  250,500;  197,063;  371,027;30,71735
 197,94;  275,405;  228,132;  384,373;30,25660
 198,54;  276,791;  235,596;  395,794;25,71506
 199,14;  271,222;  219,374;  388,308;30,69111
 199,74;  261,459;  202,220;  401,273;29,76043
 200,34;  258,275;  196,990;  393,795;31,13979
 200,94;  291,482;  228,446;  426,289;31,86155
 201,54;  275,448;  204,218;  443,961;29,71093
 202,14;  310,739;  229,608;  481,986;32,14649
 202,74;  290,383;  219,912;  475,274;27,59655
 203,34;  282,529;  188,920;  492,839;30,80062
 203,94;  258,388;  167,224;  499,348;27,44856
 204,54;  337,914;  245,363;  589,973;26,85674
 205,14;  310,047;  199,220;  600,798;27,59788
 205,74;  360,746;  236,688;  696,371;26,98766
 206,34;  314,327;  209,069;  707,819;21,10422
 206,94;  342,042;  215,837;  774,562;22,58803
 207,54;  322,251;  180,146;  806,666;22,68158
 208,14;  354,507;  214,378;  884,062;20,92468
 208,74;  376,278;  211,373;  951,337;22,28558
 209,34;  379,899;  194,759; 1045,915;21,75157
 209,94;  414,172;  216,528; 1149,937;21,17447
 210,54;  426,966;  213,302; 1239,675;20,81737
 211,14;  443,390;  218,374; 1375,700;19,44275
 211,73;  471,093;  201,448; 1478,977;21,10674
 212,33;  497,014;  217,908; 1586,632;20,39170
 212,93;  503,265;  205,834; 1714,331;19,71703
 213,53;  488,900;  178,220; 1776,071;19,44367
 214,13;  531,670;  200,076; 1832,252;20,31602
 214,73;  513,739;  190,377; 1872,755;19,22050
 215,33;  525,557;  173,143; 1893,014;20,49071
 215,93;  569,999;  201,842; 2020,959;20,23820
 216,53;  542,539;  158,603; 2108,122;19,69385
 217,13;  644,490;  216,302; 2311,821;20,43350
 217,73;  670,627;  194,611; 2514,042;20,52296
 218,33;  688,290;  147,770; 2710,446;21,09202
 218,93;  784,881;  176,163; 3006,310;21,50836
 219,53;  846,989;  183,770; 3305,411;21,24585
 220,13;  921,566;  156,541; 3596,351;22,24032
 220,73; 1020,262;  191,836; 3941,482;22,09346
 221,32; 1123,817;  182,912; 4363,260;22,50782
 221,92; 1238,679;  190,848; 4775,100;22,85717
 222,52; 1346,549;  174,227; 5205,811;23,29927
 223,12; 1447,723;  171,612; 5659,397;23,25366
 223,72; 1580,499;  195,843; 6067,054;23,58382
 224,32; 1688,869;  201,998; 6450,584;23,79532
 224,92; 1760,212;  183,767; 6756,102;23,98607
 225,52; 1878,203;  200,684; 7072,450;24,41176
 226,12; 1969,386;  193,225; 7427,116;24,55332
 226,72; 2028,303;  164,840; 7739,306;24,60191
 227,31; 2156,646;  160,994; 8128,208;25,04831
 227,91; 2324,379;  178,452; 8522,116;25,71924
 228,51; 2420,900;  181,909; 8913,420;25,64265
 229,11; 2551,150;  182,301; 9324,768;25,91039
 229,71; 2648,986;  175,219; 9553,884;26,37654
 230,31; 2776,711;  170,000;10006,581;26,50018
 230,91; 2899,311;  162,060;10330,474;26,91915
 231,51; 2983,662;  162,304;10694,483;26,78799
 232,10; 3130,870;  171,616;11055,467;27,18940
 232,70; 3194,809;  189,671;11322,958;26,99237
 233,30; 3366,132;  200,534;11530,911;27,93904
 233,90; 3418,321;  179,764;11686,583;28,14468
 234,50; 3461,334;  181,534;11918,588;27,94398
 235,10; 3532,058;  166,536;11994,333;28,45434
 235,70; 3623,121;  187,221;12088,487;28,87004
 236,29; 3596,398;  187,988;12111,897;28,58467
 236,89; 3597,778;  166,599;12029,823;28,92282
 237,49; 3597,903;  197,687;11971,528;28,87942
 238,09; 3553,403;  176,993;11716,511;29,25955
 238,69; 3524,742;  218,442;11547,115;29,18523
 239,29; 3444,909;  172,223;11220,918;29,62057
 239,89; 3347,128;  193,907;10971,228;29,25793
 240,48; 3207,054;  176,531;10591,259;29,09844
 241,08; 3090,462;  175,145;10224,619;29,00965
 241,68; 3004,053;  196,993; 9925,720;28,85331
 242,28; 2866,979;  168,918; 9604,373;28,59493
 242,88; 2770,369;  214,538; 9311,832;28,09440
 243,48; 2673,897;  207,533; 8999,871;28,05129
 244,07; 2530,568;  190,298; 8722,403;27,42899
 244,67; 2465,059;  200,070; 8626,684;26,87899
 245,27; 2351,939;  198,602; 8464,284;26,05153
 245,87; 2326,028;  202,768; 8392,547;25,92572
 246,47; 2219,366;  190,295; 8414,382;24,67229
 247,06; 2183,503;  179,146; 8363,177;24,49108
 247,66; 2124,311;  176,685; 8450,657;23,53919
 248,26; 2153,763;  217,295; 8599,618;23,10180
 248,86; 2132,610;  200,757; 8748,312;22,60124
 249,46; 2054,040;  157,457; 8985,134;21,48451
 250,05; 2135,194;  203,377; 9328,022;21,17143
 250,65; 2104,906;  168,832; 9752,153;20,20253
 251,25; 2122,393;  174,760;10184,430;19,45751
 251,85; 2186,603;  191,137;10734,774;18,92579
 252,44; 2210,467;  155,835;11399,855;18,27312
 253,04; 2327,186;  197,451;12181,097;17,77201
 253,64; 2348,159;  155,678;12806,281;17,33104
 254,24; 2498,803;  195,146;13819,981;16,90778
 254,84; 2621,810;  170,996;14760,980;16,79792
 255,43; 2704,194;  175,527;15673,602;16,31600
 256,03; 2778,333;  178,063;16632,867;15,80250
 256,63; 2923,659;  183,214;17740,187;15,60887
 257,23; 3038,847;  177,907;18504,473;15,61089
 257,82; 3122,666;  190,672;19507,424;15,17850
 258,42; 3174,524;  145,747;20302,163;15,02636
 259,02; 3361,389;  190,682;21198,699;15,09284
 259,62; 3379,743;  173,669;21930,235;14,73612
 260,21; 3512,411;  179,989;22397,750;14,99891
 260,81; 3562,834;  187,994;22933,955;14,83709
 261,41; 3598,752;  162,594;23400,776;14,78669
 262,01; 3742,117;  205,975;23824,308;14,97202
 262,60; 3759,924;  158,984;24167,088;14,99885
 263,20; 3862,604;  164,756;24460,117;15,22039
 263,80; 3919,089;  201,359;24601,526;15,23649
 264,40; 3964,996;  163,976;24723,670;15,47666
 264,99; 4049,992;  187,974;24932,785;15,60738
 265,59; 4087,493;  179,353;25036,733;15,72225
 266,19; 4162,634;  165,821;25188,490;15,97277
 266,78; 4268,179;  212,895;25312,266;16,15691
 267,38; 4322,966;  186,739;25277,200;16,48526
 267,98; 4394,038;  172,049;25385,041;16,74529
 268,58; 4459,001;  188,354;25331,948;16,98503
 269,17; 4539,842;  171,427;25344,257;17,35369
 269,77; 4584,564;  191,520;25145,525;17,60456
 270,37; 4592,503;  163,205;25022,926;17,81717
 270,96; 4689,569;  215,441;24936,068;18,09876
 271,56; 4713,618;  174,753;24681,858;18,52061
 272,16; 4770,906;  178,979;24415,776;18,94610
 272,75; 4812,710;  177,210;24341,755;19,18306
 273,35; 4898,763;  187,057;24250,780;19,58012
 273,95; 4986,717;  186,287;24241,027;19,95627
 274,54; 5096,013;  175,300;24275,778;20,41749
 275,14; 5233,987;  200,519;24642,891;20,59320
 275,74; 5293,661;  153,825;24701,154;20,93848
 276,33; 5498,732;  213,136;25015,994;21,31043
 276,93; 5664,332;  195,455;25489,552;21,62116
 277,53; 5853,097;  185,065;26006,631;21,95077
 278,12; 6071,357;  172,215;26618,996;22,30571
 278,72; 6343,595;  216,219;27075,304;22,81305
 279,32; 6554,938;  186,064;27665,976;23,17647
 279,91; 6838,619;  164,832;28374,510;23,65779
 280,51; 7097,013;  172,373;28907,973;24,09777
 281,11; 7383,808;  183,525;29638,489;24,44506
 281,70; 7526,781;  165,370;30074,476;24,61261
 282,30; 7858,541;  181,214;30776,550;25,09313
 282,90; 8083,632;  178,752;31071,250;25,58835
 283,49; 8353,539;  191,519;31703,206;25,90157
 284,09; 8688,418;  213,908;32174,372;26,51560
 284,69; 8922,638;  201,602;32551,480;26,95848
 285,28; 9183,873;  201,523;32877,715;27,48897
 285,88; 9480,305;  235,209;33144,707;28,09249
 286,47; 9612,856;  184,368;33220,054;28,54031
 287,07; 9839,855;  209,679;33248,088;29,14842
 287,67;10140,897;  204,456;33355,794;29,97297
 288,26;10313,268;  172,448;33241,410;30,66567
 288,86;10569,789;  179,754;33428,826;31,24910
 289,46;10826,171;  192,063;33471,747;31,95375
 290,05;11173,078;  174,837;33601,850;32,90226
 290,65;11564,598;  180,521;33802,888;33,85864
 291,24;11796,532;  188,988;33879,003;34,45396
 291,84;12129,736;  206,368;34112,571;35,16574
 292,44;12486,846;  191,072;34235,115;36,11726
 293,03;12838,511;  241,449;34378,031;36,90194
 293,63;13140,128;  179,598;34411,921;37,86050
 294,22;13368,675;  205,832;34641,153;38,22483
 294,82;13618,604;  186,438;34577,243;39,05743
 295,41;13711,858;  169,832;34333,169;39,63906
 296,01;13912,048;  219,286;34338,309;40,13234
 296,61;13905,658;  198,218;34063,374;40,47653
 297,20;13846,781;  189,978;33632,022;40,83723
 297,80;13973,146;  203,223;33573,652;41,26385
 298,39;13852,142;  174,983;33088,159;41,55527
 298,99;13904,841;  220,749;32950,935;41,80878
 299,58;13843,206;  203,609;32750,873;41,90705
 300,18;13866,651;  204,683;32613,290;42,15537
 300,78;13782,005;  186,527;32260,315;42,38813
 301,37;13780,742;  187,512;32215,892;42,44120
 301,97;13782,129;  196,140;32287,880;42,33485
 302,56;13788,164;  183,983;32152,209;42,55532
 303,16;13761,440;  173,212;32088,694;42,57566
 303,75;13729,136;  183,605;32134,495;42,39485
 304,35;13799,311;  179,766;32333,153;42,35804
 304,94;13874,506;  186,064;32333,222;42,58057
 305,54;13806,048;  204,604;32260,260;42,43071
 306,13;13755,653;  168,074;32186,516;42,43673
 306,73;13602,784;  162,995;32020,506;42,18719
 307,33;13680,149;  202,378;31912,690;42,50280
 307,92;13513,707;  194,757;32025,129;41,84352
 308,52;13721,482;  158,596;32481,024;41,96122
 309,11;13842,524;  179,977;32994,471;41,63571
 309,71;13911,061;  160,590;33237,434;41,57129
 310,30;13934,672;  174,218;33455,381;41,34607
 310,90;14068,903;  210,295;33790,920;41,26966
 311,49;14078,366;  182,833;33948,536;41,15280
 312,09;14074,770;  159,914;34164,542;40,92048
 312,68;14157,208;  230,450;34592,532;40,52944
 313,28;14156,245;  166,988;34646,206;40,57301
 313,87;14103,505;  156,910;34788,836;40,27092
 314,47;14143,725;  172,902;35029,917;40,08038
 315,06;14087,273;  163,065;35299,219;39,62929
 315,66;14034,308;  164,914;35459,619;39,29596
 316,25;13952,208;  156,982;35359,386;39,18831
 316,85;13804,797;  158,914;35417,171;38,70266
 317,44;13713,503;  178,747;35551,114;38,26364
 318,04;13677,827;  157,214;35579,271;38,17004
 318,63;13512,112;  155,072;35726,555;37,54986
 319,22;13457,571;  181,905;35905,413;37,16227
 319,82;13385,209;  167,754;35877,499;37,01358
 320,41;13165,913;  187,829;35789,622;36,45346
 321,01;13076,379;  194,144;35985,116;35,99297
 321,60;12993,279;  183,216;36034,226;35,73139
 322,20;12841,853;  171,834;36012,471;35,35099
 322,79;12743,063;  204,065;36081,114;34,94991
 323,39;12580,054;  165,535;36264,448;34,39028
 323,98;12370,355;  162,373;36174,645;33,89951
 324,58;12301,734;  169,212;36082,534;33,78279
 325,17;12084,606;  180,674;35980,084;33,25175
 325,76;11914,226;  196,525;35776,620;32,93330
 326,36;11643,163;  163,298;35371,970;32,60522
 326,95;11457,236;  198,754;35069,435;32,28638
 327,55;11146,853;  161,138;34641,898;31,86042
 328,14;10964,572;  174,762;34387,672;31,53725
 328,74;10696,081;  192,213;33867,091;31,19200
 329,33;10456,345;  190,298;33500,292;30,81972
 329,92;10155,748;  162,978;33018,813;30,41399
 330,52; 9833,242;  185,147;32312,238;30,03103
 331,11; 9565,069;  168,446;31877,121;29,63423
 331,71; 9292,234;  182,371;31285,125;29,28957
 332,30; 9010,737;  205,371;30798,837;28,78185
 332,89; 8779,577;  233,836;30230,908;28,48858
 333,49; 8504,565;  194,370;29681,099;28,18283
 334,08; 8256,678;  181,061;29290,311;27,74244
 334,68; 7992,972;  180,908;28844,380;27,25442
 335,27; 7826,205;  199,148;28509,180;26,94118
 335,86; 7650,069;  240,446;28279,505;26,42607
 336,46; 7437,582;  197,917;27999,599;26,04039
 337,05; 7314,566;  182,908;27786,484;25,83599
 337,65; 7137,070;  165,677;27644,737;25,36984
 338,24; 7127,754;  223,681;27624,652;25,19646
 338,83; 6986,033;  197,758;27574,945;24,79537
 339,43; 6863,893;  171,674;27464,343;24,52021
 340,02; 6759,712;  179,828;27356,946;24,21112
 340,61; 6669,252;  174,680;27473,017;23,79109
 341,21; 6633,773;  205,367;27452,091;23,59332
 341,80; 6501,560;  178,753;27378,828;23,24555
 342,40; 6456,444;  184,455;27491,454;22,96843
 342,99; 6401,423;  182,451;27617,523;22,66796
 343,58; 6350,730;  183,298;27786,907;22,34285
 344,18; 6277,617;  195,298;27881,312;21,96892
 344,77; 6275,342;  176,058;28227,568;21,74316
 345,36; 6258,928;  168,447;28489,512;21,50513
 345,96; 6328,849;  195,298;28794,851;21,44632
 346,55; 6247,431;  166,843;29047,867;21,05392
 347,14; 6234,122;  165,455;29447,062;20,72519
 347,74; 6262,281;  151,771;29812,017;20,60168
 348,33; 6354,919;  171,462;30503,914;20,38561
 348,92; 6407,457;  191,928;31151,410;20,07633
 349,52; 6428,194;  155,541;31617,050;19,93755
 350,11; 6448,762;  183,519;31846,779;19,78711
 350,70; 6384,035;  180,680;31873,408;19,57343
 351,29; 6226,599;  155,818;31621,476;19,29335
 351,89; 6162,811;  185,362;31699,576;18,96747
 352,48; 6113,280;  158,680;31723,262;18,86482
 353,07; 6040,254;  175,148;31659,396;18,62870
 353,67; 5967,980;  186,851;31579,556;18,41552
 354,26; 5890,220;  189,455;31300,726;18,32379
 354,85; 5814,168;  179,607;31184,856;18,17293
 355,45; 5695,477;  158,753;31068,172;17,91274
 356,04; 5659,833;  171,610;30902,801;17,85880
 356,63; 5598,767;  197,062;30688,623;17,71541
 357,22; 5507,056;  185,820;30543,010;17,52875
 357,82; 5415,325;  191,976;30352,412;17,31855
 358,41; 5395,059;  202,294;30250,845;17,28125
 359,00; 5337,452;  168,982;29995,238;17,32859
 359,60; 5255,041;  188,065;30018,757;16,98578
 360,19; 5201,265;  182,611;29786,862;16,95248
 360,78; 5168,259;  194,523;29616,870;16,90462
 361,37; 5084,804;  178,985;29418,142;16,77825
 361,97; 5053,808;  196,986;29340,258;16,66533
 362,56; 4950,658;  175,365;29036,458;16,54578
 363,15; 4933,071;  220,907;28797,122;16,48981
 363,74; 4886,522;  188,056;28358,776;16,67854
 364,34; 4789,655;  197,905;28033,378;16,49604
 364,93; 4674,883;  172,211;27588,802;16,42317
 365,52; 4584,915;  153,908;27112,428;16,43639
 366,11; 4570,858;  173,982;26848,518;16,48342
 366,71; 4459,417;  170,598;26452,336;16,31863
 367,30; 4421,964;  172,370;26109,029;16,38451
 367,89; 4448,294;  227,607;25897,457;16,44220
 368,48; 4340,535;  186,594;25524,475;16,39419
 369,07; 4290,189;  179,603;25048,562;16,52898
 369,67; 4248,757;  197,980;24801,124;16,46447
 370,26; 4201,587;  178,219;24544,953;16,51172
 370,85; 4161,125;  183,216;24214,610;16,55297
 371,44; 4126,298;  179,601;23966,503;16,59189
 372,03; 4112,215;  168,751;23732,350;16,73540
 372,63; 4041,187;  156,293;23380,987;16,72743
 373,22; 4038,728;  176,834;23073,486;16,86663
 373,81; 3989,027;  157,139;22784,407;16,93483
 374,40; 4005,439;  177,916;22525,182;17,12748
 374,99; 3959,428;  172,445;22297,340;17,11639
 375,59; 3930,552;  164,453;22014,855;17,23583
 376,18; 3941,923;  194,753;21910,702;17,25538
 376,77; 3929,779;  189,140;21655,398;17,42567
 377,36; 3953,831;  198,292;21627,694;17,52517
 377,95; 3923,046;  193,213;21311,650;17,66150
 378,55; 3897,072;  166,683;21149,809;17,77804
 379,14; 3911,503;  196,908;21141,953;17,73496
 379,73; 3943,905;  184,137;20977,656;18,08144
 380,32; 3969,906;  192,832;20964,307;18,18394
 380,91; 3964,996;  164,133;20836,090;18,38656
 381,50; 4021,742;  190,981;20822,730;18,56731
 382,10; 4005,060;  169,601;20675,846;18,70385
 382,69; 4076,671;  156,908;20648,499;19,12864
 383,28; 4117,502;  201,674;20597,764;19,19892
 383,87; 4066,999;  171,981;20438,512;19,21897
 384,46; 4092,205;  168,284;20395,775;19,39895
 385,05; 4163,874;  201,058;20345,605;19,67191
 385,64; 4183,781;  173,290;20372,133;19,85505
 386,24; 4206,807;  160,207;20337,384;20,05534
 386,83; 4294,564;  204,283;20341,147;20,31240
 387,42; 4348,948;  197,982;20443,755;20,50288
 388,01; 4438,797;  187,663;20722,576;20,70198
 388,60; 4553,756;  185,669;20944,242;21,04233
 389,19; 4640,641;  171,195;21150,735;21,30383
 389,78; 4677,393;  177,043;21370,802;21,23432
 390,37; 4937,183;  234,666;21847,997;21,75748
 390,96; 4945,507;  180,052;22023,426;21,81648
 391,56; 5018,344;  184,039;22139,320;22,01887
 392,15; 5130,594;  169,582;22411,555;22,30473
 392,74; 5198,969;  150,800;22583,063;22,50405
 393,33; 5356,752;  174,192;22846,524;22,85852
 393,92; 5487,739;  192,027;23328,953;22,88857
 394,51; 5627,605;  174,577;23483,413;23,39468
 395,10; 5775,686;  210,938;23741,130;23,64939
 395,69; 5810,955;  191,709;23890,302;23,71131
 396,28; 5889,730;  189,164;24005,657;23,93537
 396,87; 5974,451;  197,000;24049,721;24,22135
 397,46; 6081,633;  196,915;24168,127;24,54910
 398,06; 6195,315;  211,983;24401,439;24,73529
 398,65; 6258,944;  191,424;24435,851;25,02645
 399,24; 6426,183;  197,112;24662,782;25,46045
 399,83; 6422,211;  175,619;24707,790;25,46286
 400,42; 6576,770;  214,283;24793,714;25,88541
 401,01; 6668,667;  189,019;24914,542;26,20631
 401,60; 6697,397;  199,975;24900,798;26,30448
 402,19; 6797,579;  220,863;24849,078;26,70399
 402,78; 6839,259;  222,501;24901,088;26,81174
 403,37; 6836,459;  204,834;24741,548;27,02735
 403,96; 6892,759;  203,697;24609,990;27,40712
 404,55; 6892,710;  211,322;24417,879;27,60156
 405,14; 6967,271;  194,415;24293,260;28,10448
 405,73; 7014,761;  207,883;24275,116;28,28276
 406,32; 7016,136;  205,219;24131,352;28,46643
 406,91; 6987,665;  198,856;23904,980;28,63736
 407,50; 7040,952;  207,674;23733,268;29,04615
 408,09; 7010,908;  183,730;23420,189;29,38132
 408,68; 7036,433;  192,793;23255,197;29,67444
 409,27; 7040,753;  185,273;23146,454;29,85683
 409,86; 7106,325;  197,701;22960,388;30,35065
 410,45; 7166,736;  238,122;22919,365;30,54777
 411,04; 7191,298;  238,082;22843,339;30,75929
 411,63; 7182,636;  211,592;22600,535;31,13610
 412,22; 7159,227;  218,021;22288,056;31,45082
 412,81; 7143,651;  223,652;22056,752;31,69499
 413,40; 7107,437;  235,979;21728,740;31,97103
 413,99; 7067,030;  260,589;21397,851;32,20115
 414,58; 6984,022;  202,285;21003,304;32,60291
 415,17; 6982,658;  218,036;20759,640;32,93132
 415,76; 6903,161;  210,789;20711,639;32,64436
 416,35; 6968,521;  191,259;20454,580;33,44596
 416,94; 7039,971;  230,023;20514,156;33,57278
 417,53; 7194,425;  201,576;20800,791;33,94716
 418,12; 7261,494;  201,580;20827,937;34,22763
 418,71; 7459,807;  220,980;21186,040;34,52805
 419,30; 7524,386;  211,736;21228,228;34,79482
 419,89; 7625,512;  194,893;21434,172;34,98527
 420,48; 7835,988;  237,442;21733,900;35,34790
 421,07; 7920,590;  215,368;21822,005;35,66137
 421,66; 7935,068;  188,454;21846,735;35,76745
 422,25; 7994,915;  208,395;21852,910;35,97457
 422,84; 8041,027;  225,783;21737,539;36,33011
 423,43; 7990,811;  215,391;21508,323;36,51644
 424,02; 7904,259;  233,317;21253,813;36,49268
 424,60; 7852,008;  215,646;20826,513;37,05018
 425,19; 7836,043;  213,481;20615,233;37,36229
 425,78; 7851,551;  234,251;20400,833;37,77190
 426,37; 7830,767;  238,797;20253,664;37,93165
 426,96; 7903,082;  222,105;20170,398;38,50443
 427,55; 7835,954;  211,732;20039,514;38,45221
 428,14; 7833,265;  203,353;19811,972;38,91101
 428,73; 7825,571;  204,266;19667,866;39,15671
 429,32; 7879,854;  222,719;19620,862;39,47354
 429,91; 7958,479;  242,190;19615,704;39,82906
 430,50; 7935,866;  231,888;19457,006;40,07246
 431,08; 7866,210;  221,587;19289,596;40,09136
 431,67; 7921,521;  259,438;19255,284;40,33557
 432,26; 7928,643;  261,905;19013,763;40,88522
 432,85; 7848,227;  275,980;18644,633;41,22375
 433,44; 7728,309;  279,142;18309,281;41,31508
 434,03; 7654,623;  303,076;17873,504;41,84046
 434,62; 7469,392;  254,220;17499,553;41,83840
 435,21; 7401,729;  270,981;17245,806;42,00778
 435,79; 7364,149;  249,226;17166,079;42,05819
 436,38; 7386,855;  252,083;16985,729;42,63728
 436,97; 7362,859;  247,930;16873,153;42,79599
 437,56; 7326,094;  255,023;16748,946;42,87076
 438,15; 7328,039;  235,558;16658,115;43,18743
 438,74; 7393,490;  265,790;16633,993;43,54602
 439,33; 7428,767;  241,711;16658,018;43,77998
 439,91; 7439,389;  221,026;16713,130;43,76860
 440,50; 7515,612;  271,565;16805,548;43,81308
 441,09; 7589,713;  262,189;16895,628;44,05297
 441,68; 7669,695;  241,660;16963,225;44,42189
 442,27; 7683,437;  233,887;16851,869;44,82824
 442,86; 7727,069;  203,599;16819,088;45,27986
 443,44; 7819,825;  227,595;16931,893;45,45075
 444,03; 7861,431;  271,446;16995,269;45,38427
 444,62; 7802,949;  226,600;16879,912;45,49455
 445,21; 7742,618;  245,366;16666,519;45,65606
 445,80; 7806,589;  265,147;16604,455;46,15522
 446,39; 7700,223;  268,760;16364,850;46,16936
 446,97; 7593,849;  227,772;16116,035;46,36175
 447,56; 7529,767;  218,705;15890,562;46,65090
 448,15; 7484,667;  228,618;15759,022;46,72157
 448,74; 7385,658;  257,389;15456,208;46,90015
 449,33; 7375,736;  235,088;15347,125;47,25139
 449,91; 7286,393;  238,175;15103,327;47,41437
 450,50; 7227,034;  230,558;14860,535;47,82288
 451,09; 7138,856;  234,097;14801,560;47,39850
 451,68; 7187,288;  259,410;14724,733;47,89301
 452,26; 7162,656;  251,953;14609,451;48,13306
 452,85; 7067,096;  230,104;14421,058;48,17852
 453,44; 7152,186;  243,810;14491,666;48,48713
 454,03; 7159,399;  217,417;14426,473;48,85604
 454,61; 7129,247;  230,811;14415,041;48,63455
 455,20; 7294,119;  245,893;14580,549;49,16913
 455,79; 7293,073;  254,961;14556,496;49,21228
 456,38; 7345,999;  252,439;14684,904;49,15002
 456,97; 7420,304;  237,283;14765,098;49,44323
 457,55; 7493,383;  240,597;14742,400;50,01299
 458,14; 7509,476;  249,512;14730,724;50,13367
 458,73; 7442,982;  247,136;14630,007;50,03067
 459,31; 7485,035;  265,453;14709,332;49,98368
 459,90; 7595,338;  278,294;14787,950;50,42879
 460,49; 7643,861;  316,676;14902,291;50,23569
 461,08; 7636,040;  239,457;14907,869;50,42525
 461,66; 7750,595;  248,298;15049,536;50,68696
 462,25; 7794,298;  251,999;15121,148;50,72449
 462,84; 7804,101;  277,304;15109,398;50,74669
 463,43; 7758,447;  215,394;15085,289;50,72701
 464,01; 7831,698;  248,782;15117,756;50,99824
 464,60; 7801,503;  291,775;15077,974;50,78876
 465,19; 7695,707;  228,247;14843,912;51,09217
 465,77; 7665,229;  248,251;14804,322;50,95453
 466,36; 7627,468;  262,163;14688,107;51,05597
 466,95; 7446,669;  245,856;14414,014;50,82391
 467,53; 7375,988;  250,795;14096,619;51,46095
 468,12; 7252,908;  284,642;13785,386;51,61394
 468,71; 7135,117;  249,478;13594,462;51,59720
 469,29; 6973,612;  227,721;13304,237;51,58783
 469,88; 6864,464;  237,801;13053,236;51,70845
 470,47; 6961,931;  300,502;13186,269;51,69602
 471,06; 6940,392;  263,195;13153,729;51,79923
 471,64; 6980,333;  248,577;13220,818;51,89355
 472,23; 7012,945;  221,439;13272,338;52,03860
 472,81; 7092,436;  220,431;13340,822;52,37652
 473,40; 7151,804;  234,747;13485,729;52,20034
 473,99; 7318,385;  335,209;13697,135;52,26175
 474,57; 7347,882;  245,516;13793,499;52,42379
 475,16; 7413,083;  253,433;13941,336;52,30640
 475,75; 7484,500;  273,676;14125,956;52,05514
 476,33; 7560,536;  271,682;14198,006;52,33868
 476,92; 7621,480;  275,979;14259,027;52,53147
 477,51; 7614,031;  265,064;14328,410;52,25618
 478,09; 7619,268;  257,910;14312,913;52,37536
 478,68; 7626,739;  273,913;14221,761;52,71656
 479,27; 7625,708;  287,599;14305,290;52,34891
 479,85; 7611,068;  257,605;14283,426;52,42804
 480,44; 7636,545;  254,839;14418,392;52,11761
 481,02; 8349,967;  255,537;15815,136;52,02210
 481,61; 9442,385;  283,919;17873,001;52,06904
 482,20;10140,456;  255,691;19099,150;52,45728
 482,78;10580,995;  299,453;19992,311;52,20950
 483,37;10860,062;  278,699;20533,405;52,24150
 483,95;11062,478;  304,393;20791,766;52,51081
 484,54;11091,093;  317,687;21021,241;52,03651
 485,13;10995,849;  274,631;20883,675;52,02191
 485,71;10939,147;  255,552;20621,442;52,45828
 486,30;10781,462;  284,013;20314,022;52,40861
 486,88;10614,444;  322,246;19987,396;52,33725
 487,47;10234,657;  301,556;19228,616;52,48095
 488,05; 9761,770;  276,713;18322,323;52,56158
 488,64; 9080,155;  297,104;17030,624;52,48777
 489,23; 8127,361;  304,637;15145,886;52,70933
 489,81; 6940,615;  299,947;12970,050;52,41211
 490,40; 6542,326;  248,179;12323,096;52,12580
 490,98; 6430,404;  239,182;12008,747;52,60366
 491,57; 6364,128;  273,023;11980,192;52,02885
 492,15; 6337,528;  253,952;11882,885;52,31414
 492,74; 6263,160;  260,944;11757,133;52,21049
 493,32; 6188,189;  277,412;11662,063;51,91882
 493,91; 6150,375;  263,340;11601,767;51,92109
 494,50; 6110,737;  262,198;11572,590;51,70943
 495,08; 6058,982;  241,813;11485,521;51,73711
 495,67; 6087,160;  272,570;11503,391;51,77351
 496,25; 5947,413;  224,038;11384,741;51,28149
 496,84; 5965,811;  231,646;11343,679;51,60321
 497,42; 5924,989;  221,502;11293,373;51,51330
 498,01; 5887,892;  249,648;11233,564;51,33182
 498,59; 5845,126;  227,811;11193,057;51,22836
 499,18; 5836,828;  225,572;11124,262;51,48560
 499,76; 5790,517;  260,115;11101,294;51,01292
 500,35; 5641,954;  245,432;10862,542;50,82855
 500,93; 5630,297;  241,963;10813,297;50,97118
 501,52; 5581,330;  238,734;10757,351;50,79181
 502,10; 5601,994;  261,129;10747,595;50,93103
 502,69; 5502,392;  242,363;10559,944;50,98122
 503,27; 5403,351;  227,429;10349,820;51,13339
 503,86; 5345,032;  233,977;10292,458;50,81338
 504,44; 5287,576;  224,981;10143,073;51,04405
 505,03; 5132,213;  207,673; 9910,660;50,75282
 505,61; 5097,356;  228,441; 9867,810;50,51072
 506,19; 4991,871;  250,134; 9720,605;50,06865
 506,78; 4875,574;  215,912; 9514,755;50,11012
 507,36; 4797,648;  224,980; 9341,724;50,15680
 507,95; 4704,769;  231,532; 9195,965;49,89984
 508,53; 4646,526;  226,066; 9043,616;50,13252
 509,12; 4595,926;  230,530; 8892,813;50,39544
 509,70; 4484,355;  257,455; 8769,488;49,65794
 510,29; 4428,760;  247,459; 8619,416;49,94412
 510,87; 4291,484;  229,989; 8412,749;49,63478
 511,46; 4203,886;  219,298; 8211,179;49,85794
 512,04; 4115,513;  224,918; 8099,680;49,40587
 512,62; 4067,200;  237,914; 7993,451;49,37487
 513,21; 3938,297;  213,229; 7789,415;49,16812
 513,79; 3868,243;  220,165; 7669,221;48,97370
 514,38; 3756,287;  209,315; 7499,517;48,65397
 514,96; 3754,023;  244,391; 7433,540;48,81847
 515,54; 3651,661;  212,778; 7283,317;48,63678
 516,13; 3632,680;  226,779; 7157,826;49,13978
 516,71; 3519,348;  215,862; 7056,039;48,29533
 517,30; 3444,352;  208,251; 6931,959;48,12971
 517,88; 3419,087;  234,174; 6882,673;47,90424
 518,46; 3338,187;  213,022; 6747,913;47,82276
 519,05; 3293,306;  225,718; 6659,507;47,67933
 519,63; 3284,589;  224,178; 6659,420;47,55705
 520,22; 3248,538;  243,724; 6564,271;47,54041
 520,80; 3210,705;  227,494; 6466,969;47,81188
 521,38; 3218,913;  257,027; 6436,694;47,92953
 521,97; 3158,592;  218,883; 6429,178;47,33607
 522,55; 3143,068;  235,575; 6443,647;46,83408
 523,13; 3141,922;  216,732; 6398,186;47,32204
 523,72; 3122,307;  224,330; 6381,243;47,06867
 524,30; 3185,971;  239,351; 6545,207;46,72832
 524,89; 3154,605;  207,114; 6567,260;46,34313
 525,47; 3217,059;  238,660; 6665,749;46,34133
 526,05; 3235,945;  213,276; 6727,615;46,40024
 526,64; 3294,850;  229,356; 6855,141;46,26612
 527,22; 3388,878;  232,121; 6943,659;47,03477
 527,80; 3442,599;  269,432; 7065,555;46,69084
 528,39; 3462,726;  226,435; 7190,884;46,46872
 528,97; 3543,407;  226,510; 7359,112;46,50333
 529,55; 3623,503;  234,655; 7559,822;46,26307
 530,14; 3742,833;  257,130; 7734,782;46,61495
 530,72; 3723,337;  221,972; 7856,769;45,86062
 531,30; 3806,846;  217,746; 7992,942;46,16090
 531,89; 3849,112;  229,746; 8072,921;46,14669
 532,47; 3903,387;  256,594; 8217,595;45,80823
 533,05; 3884,669;  264,355; 8219,821;45,50725
 533,63; 3917,259;  252,056; 8273,838;45,69064
 534,22; 3900,245;  224,980; 8342,061;45,27816
 534,80; 3930,556;  241,755; 8435,057;45,02215
 535,38; 3992,152;  314,977; 8489,709;44,98220
 535,97; 3925,359;  234,133; 8436,888;44,99983
 536,55; 3973,281;  271,140; 8468,496;45,16263
 537,13; 3905,749;  265,745; 8446,124;44,49676
 537,71; 3932,198;  285,283; 8475,119;44,52977
 538,30; 3956,234;  305,674; 8570,323;44,17078
 538,88; 3985,343;  318,837; 8599,984;44,27534
 539,46; 4060,185;  344,062; 8806,603;43,91262
 540,05; 4062,878;  345,912; 8897,023;43,46765
 540,63; 4176,486;  386,296; 9111,519;43,43946
 541,21; 4201,130;  393,223; 9243,260;43,02701
 541,79; 4276,318;  411,761; 9345,393;43,25852
 542,38; 4327,712;  420,142; 9496,556;43,05192
 542,96; 4371,337;  444,997; 9640,398;42,69896
 543,54; 4478,676;  449,299; 9854,765;42,84081
 544,12; 4518,477;  405,685; 9999,510;42,86916
 544,70; 4495,280;  405,382;10057,138;42,37466
 545,29; 4584,509;  420,603;10257,492;42,32949
 545,87; 4615,549;  410,915;10329,470;42,39160
 546,45; 4599,062;  392,603;10323,885;42,35565
 547,03; 4610,588;  383,760;10485,760;41,84150
 547,62; 4642,114;  363,839;10602,636;41,78494
 548,20; 4720,115;  382,919;10766,056;41,77154
 548,78; 4768,917;  344,546;10952,908;41,70645
 549,36; 4814,871;  347,391;11183,078;41,22932
 549,94; 4881,216;  320,764;11287,724;41,58356
 550,53; 4985,273;  322,697;11513,627;41,66389
 551,11; 4988,452;  294,548;11726,288;41,06027
 551,69; 5117,627;  322,468;12059,610;40,85457
 552,27; 5196,341;  275,540;12330,394;40,82008
 552,85; 5364,753;  287,163;12753,477;40,73048
 553,44; 5479,830;  288,544;13036,442;40,72268
 554,02; 5610,427;  310,085;13449,201;40,34018
 554,60; 5726,212;  248,318;13720,860;40,65969
 555,18; 5904,290;  287,852;14092,826;40,68416
 555,76; 6015,910;  277,008;14460,557;40,46168
 556,34; 6135,295;  292,169;14913,550;39,96289
 556,93; 6314,961;  277,853;15329,007;40,11060
 557,51; 6390,728;  240,707;15647,690;39,91710
 558,09; 6515,898;  284,853;16070,707;39,47234
 558,67; 6677,105;  280,172;16447,067;39,56810
 559,25; 6744,249;  288,786;16734,988;39,25200
 559,83; 6883,358;  273,791;17033,614;39,43698
 560,41; 6943,773;  265,398;17391,253;38,99587
 561,00; 7076,070;  280,634;17766,934;38,86149
 561,58; 7142,872;  274,782;18011,072;38,72337
 562,16; 7244,514;  268,625;18341,204;38,59930
 562,74; 7333,182;  237,393;18731,886;38,36704
 563,32; 7487,890;  245,867;19154,726;38,29963
 563,90; 7581,357;  267,019;19544,270;37,94285
 564,48; 7685,559;  267,550;20046,724;37,50414
 565,06; 7883,365;  267,326;20579,929;37,49416
 565,65; 8071,103;  272,181;21263,904;37,15237
 566,23; 8360,518;  311,788;22040,081;37,04262
 566,81; 8565,089;  279,324;22783,792;36,81831
 567,39; 8873,433;  277,023;23701,381;36,69859
 567,97; 9031,381;  289,940;24310,168;36,39200
 568,55; 9313,262;  293,252;25197,412;36,21889
 569,13; 9545,643;  270,634;25881,528;36,21509
 569,71; 9829,815;  280,933;26851,239;35,93817
 570,29;10170,318;  308,160;27888,993;35,75729
 570,87;10338,251;  303,624;28621,612;35,43552
 571,45;10537,169;  296,018;29325,907;35,27795
 572,03;10611,521;  249,486;29702,693;35,18135
 572,61;10836,849;  242,944;30408,629;35,11906
 573,20;11036,741;  281,092;31069,696;34,93386
 573,78;11191,603;  260,329;31782,006;34,67859
 574,36;11325,446;  279,328;32300,505;34,49629
 574,94;11453,456;  317,256;32642,774;34,45018
 575,52;11474,931;  265,725;32846,235;34,40464
 576,10;11671,272;  308,953;33440,563;34,29450
 576,68;11795,151;  288,870;33975,623;34,15669
 577,26;11966,135;  309,574;34699,026;33,89574
 577,84;12103,794;  315,943;35186,679;33,80442
 578,42;12178,326;  350,873;35502,631;33,64683
 579,00;12184,009;  290,252;35667,901;33,61941
 579,58;12175,714;  329,718;35955,711;33,25099
 580,16;12198,660;  305,028;35934,796;33,38116
 580,74;12197,491;  303,875;36128,711;33,19936
 581,32;12157,713;  300,872;36230,094;33,00055
 581,90;12075,017;  327,182;36174,629;32,77175
 582,48;12088,604;  327,798;36293,768;32,69982
 583,06;12103,091;  317,718;36487,822;32,58319
 583,64;12027,337;  308,871;36568,753;32,31799
 584,22;11929,432;  320,649;36441,638;32,13861
 584,80;11748,221;  320,258;36211,539;31,84050
 585,38;11606,722;  324,553;35778,495;31,82204
 585,96;11591,343;  299,253;35838,913;31,77321
 586,54;11513,148;  319,802;35884,305;31,47336
 587,12;11508,174;  300,568;36082,359;31,32209
 587,70;11510,327;  326,331;36191,135;31,18377
 588,28;11449,321;  305,568;36305,241;30,95515
 588,86;11402,248;  315,031;36369,510;30,75129
 589,44;11374,275;  297,962;36510,054;30,58733
 590,02;11354,789;  307,114;36686,583;30,36789
 590,59;11370,582;  285,802;36964,214;30,22154
 591,17;11395,610;  298,047;37099,676;30,15509
 591,75;11350,339;  289,503;37335,237;29,85725
 592,33;11333,001;  309,655;37533,493;29,61367
 592,91;11390,627;  272,199;37770,302;29,65064
 593,49;11370,201;  276,587;38115,931;29,31767
 594,07;11434,635;  285,510;38350,610;29,28962
 594,65;11347,426;  301,418;38358,213;29,02506
 595,23;11416,105;  307,960;38870,395;28,80561
 595,81;11375,681;  283,500;38835,566;28,77195
 596,39;11368,086;  271,577;38992,460;28,65768
 596,97;11375,201;  305,198;39202,896;28,45927
 597,55;11320,310;  285,497;39101,230;28,42871
 598,12;11242,470;  272,973;39094,948;28,25589
 598,70;11168,163;  269,431;39324,222;27,90626
 599,28;11162,149;  292,662;39457,523;27,75316
 599,86;11132,108;  276,815;39468,964;27,69762
 600,44;11073,230;  251,740;39539,023;27,54451
 601,02;11070,002;  308,287;39632,593;27,36657
 601,60;10956,136;  285,734;39636,789;27,11592
 602,18;10913,142;  254,434;39624,823;27,07290
 602,75;10816,850;  259,269;39722,651;26,75286
 603,33;10801,729;  276,046;39733,774;26,67585
 603,91;10758,827;  263,669;39629,278;26,66073
 604,49;10677,456;  287,354;39768,137;26,31686
 605,07;10627,640;  289,734;39779,503;26,17869
 605,65;10612,361;  293,279;39876,357;26,06943
 606,23;10592,122;  322,032;39961,370;25,90883
 606,80;10513,270;  339,115;40031,476;25,63253
 607,38;10483,683;  361,129;40020,091;25,52400
 607,96;10397,935;  396,345;40120,463;25,17763
 608,54;10382,935;  436,971;40132,952;25,05534
 609,12;10380,179;  423,730;40212,084;25,02352
 609,70;10345,095;  447,584;40164,958;24,91985
 610,27;10251,712;  446,960;40221,891;24,65058
 610,85;10247,270;  452,660;40361,469;24,54248
 611,43;10169,604;  453,661;40190,327;24,45082
 612,01;10078,145;  428,579;39938,834;24,42294
 612,59;10041,920;  437,122;40005,832;24,27372
 613,16; 9912,166;  400,803;40000,582;24,01873
 613,74; 9876,330;  391,816;39860,382;24,03055
 614,32; 9834,794;  378,203;39818,573;23,97693
 614,90; 9721,637;  368,735;39740,501;23,75535
 615,48; 9620,101;  336,420;39404,202;23,76301
 616,05; 9568,629;  326,033;39490,968;23,59916
 616,63; 9494,235;  335,569;39351,965;23,47389
 617,21; 9346,384;  332,883;39185,457;23,19924
 617,79; 9294,862;  313,578;39065,963;23,17608
 618,36; 9215,137;  330,580;39125,867;22,90112
 618,94; 9096,456;  261,959;38822,725;22,91058
 619,52; 8988,904;  292,032;38375,453;22,83637
 620,10; 8954,976;  285,269;38330,713;22,78777
 620,67; 8866,297;  295,723;38250,497;22,58102
 621,25; 8742,192;  306,350;38026,894;22,36405
 621,83; 8643,015;  298,651;38062,774;22,09601
 622,41; 8650,268;  328,959;38049,670;22,06032
 622,98; 8546,669;  308,800;37788,029;21,97982
 623,56; 8448,265;  314,030;37795,674;21,70192
 624,14; 8429,181;  289,659;37659,464;21,78101
 624,72; 8319,239;  301,805;37544,194;21,52771
 625,29; 8269,866;  282,799;37675,744;21,35982
 625,87; 8269,288;  326,270;37619,830;21,29863
 626,45; 8142,561;  279,259;37344,439;21,21479
 627,02; 8124,637;  287,732;37357,465;21,14098
 627,60; 8017,202;  271,817;37247,702;20,94713
 628,18; 7999,102;  253,730;37361,161;20,87283
 628,76; 7990,961;  261,724;37356,021;20,83673
 629,33; 7987,921;  296,726;37384,113;20,73803
 629,91; 7887,053;  278,346;37340,329;20,52968
 630,49; 7883,832;  296,956;37449,416;20,42093
 631,06; 7883,044;  287,340;37625,831;20,34283
 631,64; 7800,392;  293,568;37572,200;20,13707
 632,22; 7697,503;  254,949;37478,527;19,99419
 632,79; 7761,796;  288,257;37824,059;19,91043
 633,37; 7702,424;  277,349;37826,435;19,77432
 633,95; 7676,415;  270,644;37963,712;19,64757
 634,52; 7624,596;  272,189;38068,796;19,45256
 635,10; 7614,830;  282,499;38029,680;19,42484
 635,68; 7579,062;  274,949;38237,268;19,24043
 636,25; 7530,441;  266,637;38241,039;19,12816
 636,83; 7548,423;  254,878;38432,405;19,10429
 637,41; 7513,974;  251,487;38505,802;18,98475
 637,98; 7523,877;  285,409;38627,908;18,87844
 638,56; 7497,612;  273,867;38771,280;18,76424
 639,13; 7474,173;  265,800;38871,974;18,67156
 639,71; 7490,995;  311,878;39154,614;18,48252
 640,29; 7368,548;  246,955;38826,648;18,45943
 640,86; 7389,131;  252,032;38988,317;18,42484
 641,44; 7345,329;  253,417;38967,062;18,31890
 642,02; 7338,836;  276,341;38914,962;18,27833
 642,59; 7266,880;  253,879;39161,323;18,02483
 643,17; 7247,386;  263,110;39098,531;17,98429
 643,74; 7213,200;  249,111;39141,738;17,90594
 644,32; 7171,553;  286,649;39185,253;17,69962
 644,89; 7159,674;  280,649;39099,692;17,72075
 645,47; 7119,873;  291,111;39116,437;17,58842
 646,05; 7112,533;  286,111;39135,414;17,57154
 646,62; 7044,962;  264,189;39107,852;17,45658
 647,20; 7030,853;  269,497;39209,444;17,36355
 647,77; 6952,282;  249,804;39035,729;17,28070
 648,35; 6933,019;  245,420;39003,398;17,25477
 648,92; 6890,449;  272,651;39009,682;17,08390
 649,50; 6816,339;  234,882;38843,966;17,04640
 650,08; 6765,692;  246,882;38764,251;16,92434
 650,65; 6779,890;  238,036;39112,535;16,82814
 651,23; 6862,243;  220,421;39827,512;16,76927
 651,80; 6961,518;  233,729;40797,488;16,58571
 652,38; 7011,717;  246,499;41191,465;16,52271
 652,95; 7015,531;  227,268;41534,057;16,43377
 653,53; 7033,268;  255,961;41894,187;16,27665
 654,10; 7059,081;  281,576;41945,318;16,26715
 654,68; 6965,665;  241,577;41909,064;16,13749
 655,25; 6958,632;  238,192;41917,579;16,12413
 655,83; 6918,600;  237,423;42057,709;15,97592
 656,40; 6919,029;  264,500;42034,840;15,93123
 656,98; 6853,459;  239,270;41918,278;15,86935
 657,55; 6854,119;  252,347;41811,332;15,88531
 658,13; 6714,471;  241,116;41390,693;15,73128
 658,70; 6663,362;  266,270;41249,977;15,60886
 659,28; 6522,714;  236,501;40241,339;15,71363
 659,85; 6360,682;  255,040;39406,315;15,59500
 660,43; 6361,881;  261,887;39494,676;15,54820
 661,00; 6317,694;  240,502;39551,730;15,45918
 661,58; 6339,816;  237,810;40107,784;15,30477
 662,15; 6351,630;  226,503;40183,453;15,32932
 662,73; 6476,213;  300,272;40518,660;15,35601
 663,30; 6383,719;  244,042;40675,406;15,18543
 663,88; 6421,533;  254,965;40897,306;15,17277
 664,45; 6438,039;  244,734;41079,282;15,16683
 665,03; 6514,007;  242,658;41416,797;15,23128
 665,60; 6590,206;  323,504;41846,697;15,09205
 666,17; 6513,866;  247,658;41960,520;15,02224
 666,75; 6559,603;  249,735;42413,650;14,96509
 667,32; 6669,571;  268,505;42639,396;15,10722
 667,90; 6618,923;  244,582;42979,604;14,91597
 668,47; 6693,814;  273,274;43192,888;14,95945
 669,05; 6695,474;  237,582;43631,019;14,88218
 669,62; 6725,518;  231,583;43641,611;14,95953
 670,19; 6733,255;  232,198;43783,433;14,92738
 670,77; 6753,146;  248,198;43903,025;14,90087
 671,34; 6682,652;  243,353;43823,310;14,77583
 671,92; 6745,159;  231,737;44287,748;14,78441
 672,49; 6748,434;  258,738;44173,340;14,77799
 673,06; 6675,017;  215,507;44343,470;14,63813
 673,64; 6667,754;  232,661;44171,293;14,64564
 674,21; 6674,030;  220,046;44244,347;14,66005
 674,79; 6722,767;  250,508;44513,323;14,62234
 675,36; 6746,734;  260,585;44484,223;14,66670
 675,93; 6641,625;  219,508;44374,123;14,54461
 676,51; 6666,208;  256,816;44710,176;14,41824
 677,08; 6647,022;  241,124;44763,692;14,38798
 677,65; 6700,529;  250,047;44833,976;14,46818
 678,23; 6702,881;  253,509;45032,876;14,40255
 678,80; 6695,695;  240,971;45153,160;14,37188
 679,38; 6751,739;  240,048;45315,367;14,44625
 679,95; 6765,015;  241,510;45585,344;14,38675
 680,52; 6825,136;  246,664;45759,705;14,45404
 681,10; 6891,181;  255,126;46247,374;14,42864
 681,67; 6949,149;  254,664;46474,505;14,48401
 682,24; 6913,040;  234,126;46637,789;14,39307
 682,82; 6980,931;  238,050;47233,381;14,34798
 683,39; 7055,898;  280,973;47459,127;14,36030
 683,96; 7066,097;  245,665;47797,719;14,34308
 684,54; 7108,988;  227,589;48127,234;14,36628
 685,11; 7224,955;  269,666;48378,288;14,45747
 685,68; 7261,077;  246,358;48929,495;14,40893
 686,25; 7245,122;  229,436;49081,164;14,36118
 686,83; 7281,320;  244,897;49196,602;14,37421
 687,40; 7322,365;  219,205;49533,271;14,40392
 687,97; 7460,640;  269,667;49965,556;14,46996
 688,55; 7385,839;  222,129;49932,071;14,41102
 689,12; 7437,653;  214,206;50320,663;14,41620
 689,69; 7465,082;  222,899;50349,716;14,44772
 690,26; 7501,973;  246,130;50497,462;14,43911
 690,84; 7474,633;  245,361;50658,285;14,34012
 691,41; 7507,524;  248,822;50775,800;14,36599
 691,98; 7571,568;  254,823;51050,469;14,40428
 692,56; 7567,690;  233,284;51139,369;14,40772
 693,13; 7626,196;  283,592;51161,576;14,43179
 693,70; 7642,779;  266,823;51358,245;14,43678
 694,27; 7692,209;  254,285;51426,453;14,53510
 694,84; 7665,330;  234,131;51492,583;14,49751
 695,42; 7735,606;  288,362;51602,791;14,51296
 695,99; 7736,420;  251,132;51901,229;14,49230
 696,56; 7763,310;  233,747;51796,052;14,60284
 697,13; 7799,509;  253,594;52059,182;14,56583
 697,71; 7817,092;  221,517;52124,466;14,63419
 698,28; 7885,137;  241,825;52567,212;14,60727
 698,85; 7859,797;  218,672;52430,573;14,63483
 699,42; 7950,457;  217,903;52602,627;14,76109
 699,99; 8019,963;  269,364;52899,758;14,72647
 700,57; 8006,777;  250,288;52759,427;14,77169
 701,14; 8047,591;  239,903;52950,788;14,81229
 701,71; 8109,405;  251,057;53144,841;14,85685
 702,28; 8120,834;  249,750;53175,587;14,87191
 702,85; 8115,110;  240,212;53278,641;14,84753
 703,43; 8197,923;  267,981;53533,464;14,88758
 704,00; 8273,045;  279,366;53798,363;14,93615
 704,57; 8251,859;  251,674;53675,417;14,97496
 705,14; 8353,750;  272,597;54065,932;15,02259
 705,71; 8363,795;  271,290;54061,216;15,04465
 706,28; 8334,916;  252,367;53901,808;15,06549
 706,86; 8354,192;  276,752;54297,400;14,95250
 707,43; 8470,313;  300,598;54147,300;15,17217
 708,00; 8428,896;  264,060;54117,123;15,16132
 708,57; 8409,787;  243,675;54126,561;15,15530
 709,14; 8442,293;  272,599;54215,230;15,14515
 709,71; 8491,876;  248,830;54312,438;15,24694
 710,28; 8516,460;  264,445;54427,876;15,23540
 710,86; 8535,735;  265,676;54698,083;15,19326
 711,43; 8619,857;  280,061;54701,983;15,32433
 712,00; 8619,055;  256,600;54690,575;15,36257
 712,57; 8690,946;  265,293;54991,705;15,39595
 713,14; 8755,375;  255,216;55000,451;15,52676
 713,71; 8734,574;  266,831;54936,505;15,48892
 714,28; 8777,311;  265,601;54977,558;15,55731
 714,85; 8789,586;  241,524;54659,535;15,70815
 715,42; 8878,708;  249,140;55004,127;15,76033
 716,00; 8967,983;  311,140;55111,181;15,79715
 716,57; 8950,566;  262,602;55229,773;15,80573
 717,14; 8979,688;  249,217;55154,826;15,90087
 717,71; 9038,271;  234,987;55096,957;16,04624
 718,28; 9110,085;  280,449;55273,164;16,05601
 718,85; 9149,284;  247,218;55374,218;16,14829
 719,42; 9230,021;  269,449;55454,810;16,23723
 719,99; 9216,988;  247,219;55223,709;16,31565
 720,56; 9295,802;  264,988;55553,840;16,33388
 721,13; 9342,770;  241,296;55688,124;16,41478
 721,70; 9362,045;  248,835;55484,255;16,49885
 722,27; 9416,552;  273,912;55549,770;16,54002
 722,84; 9493,289;  306,374;55677,900;16,59141
 723,41; 9487,564;  240,835;55715,569;16,66836
 723,98; 9528,839;  266,682;55931,161;16,63926
 724,55; 9658,038;  283,144;55921,215;16,84978
 725,12; 9667,083;  221,836;55925,192;16,95633
 725,69; 9749,050;  253,221;56131,091;16,99390
 726,27; 9744,249;  266,606;56193,145;16,94659
 726,84; 9862,909;  269,298;56558,891;17,04331
 727,41; 9962,261;  274,683;56495,175;17,23140
 727,98;10059,075;  272,376;56762,306;17,32468
 728,55;10111,428;  296,068;56619,205;17,42687
 729,12;10115,242;  239,607;56799,951;17,46035
 729,69;10236,132;  279,376;57065,620;17,53375
 730,26;10368,485;  276,069;57301,443;17,69811
 730,82;10315,683;  272,069;57015,958;17,69990
 731,39;10369,882;  263,608;57200,396;17,74999
 731,96;10534,311;  251,454;57379,758;17,99958
 732,53;10641,740;  265,455;57658,119;18,07946
 733,10;10658,247;  274,609;57655,326;18,09604
 733,67;10738,599;  271,455;57940,841;18,15026
 734,24;10699,951;  251,994;57573,126;18,22706
 734,81;10806,381;  285,456;57668,949;18,33441
 735,38;10800,271;  270,840;57484,925;18,40356
 735,95;10822,470;  271,148;57348,594;18,48597
 736,52;10894,284;  277,610;57559,878;18,53396
 737,09;10836,252;  265,918;57244,547;18,55140
 737,66;10945,450;  307,072;57340,678;18,65282
 738,23;11051,956;  259,534;57458,193;18,86831
 738,80;11219,924;  314,919;57686,631;19,00763
 739,37;11248,276;  294,150;57997,146;18,98364
 739,94;11273,783;  266,765;58021,969;19,05805
 740,51;11396,443;  361,073;58162,869;19,09174
 741,07;11389,487;  257,304;57969,230;19,28922
 741,64;11493,609;  299,458;58260,591;19,31320
 742,21;11570,115;  268,459;58352,491;19,45742
 742,78;11643,160;  238,074;58040,006;19,73132
 743,35;11693,743;  267,921;58393,598;19,65710
 743,92;11853,326;  293,382;58500,806;19,85991
 744,49;11926,602;  272,075;58297,244;20,08530
 745,06;11936,185;  262,537;58309,990;20,11053
 745,63;12004,922;  246,922;58349,813;20,23651
 746,19;12076,351;  260,537;58279,174;20,36555
 746,76;12157,473;  260,614;58369,227;20,47349
 747,33;12170,748;  256,307;58286,589;20,53142
 747,90;12307,793;  280,384;58549,027;20,64131
 748,47;12321,068;  276,615;58454,850;20,70268
 749,04;12443,959;  273,000;58474,596;20,91173
 749,61;12463,542;  287,308;58464,495;20,92957
 750,17;12531,895;  285,693;58499,856;21,03646
 750,74;12579,170;  274,001;58413,910;21,16476
 751,31;12591,907;  257,078;58361,194;21,22884
 751,88;12615,952;  231,463;58242,479;21,34851
 752,45;12709,227;  261,617;58344,071;21,43093
 753,02;12753,579;  282,848;58210,355;21,52817
 753,58;12871,932;  249,232;58226,639;21,77176
 754,15;12935,130;  258,617;58347,616;21,82257
 754,72;12908,483;  247,156;58025,824;21,91350
 755,29;12935,835;  241,156;57871,723;22,02768
 755,86;13075,187;  262,387;58023,931;22,18223
 756,42;13106,694;  267,311;57938,600;22,26304
 756,99;13070,892;  228,388;57931,653;22,25611
 757,56;13219,552;  235,003;57765,245;22,56995
 758,13;13232,828;  200,234;57725,068;22,65559
 758,70;13400,488;  227,773;57822,122;22,87154
 759,26;13424,917;  223,696;57884,329;22,89469
 759,83;13548,808;  234,543;57974,152;23,05915
 760,40;13502,699;  219,928;57712,590;23,10342
 760,97;13626,666;  197,774;57783,567;23,31980
 761,53;13618,865;  193,697;57436,697;23,45294
 762,10;13697,063;  196,544;57388,905;23,60546
 762,67;13762,416;  229,313;57454,112;23,64902
 763,24;13697,999;  189,852;56929,781;23,80713
 763,80;13796,813;  228,314;57080,835;23,86613
 764,37;13900,627;  218,929;57096,119;24,05481
 764,94;13801,671;  215,391;56619,172;24,08753
 765,50;13882,639;  216,314;56701,841;24,19438
 766,07;14027,838;  252,622;56651,433;24,42466
 766,64;13875,267;  230,776;56431,872;24,27798
 767,21;13980,081;  225,777;56265,618;24,54380
 767,77;14048,587;  250,315;56115,825;24,69909
 768,34;14087,324;  239,239;56116,109;24,78322
 768,91;14073,753;  255,162;55937,317;24,81691
 769,47;14173,337;  245,008;55948,909;25,00422
 770,04;14178,304;  262,855;55841,962;25,03720
 770,61;14206,657;  240,086;55658,939;25,20184
 771,18;14278,855;  231,932;55498,454;25,41669
 771,74;14325,361;  246,932;55584,123;25,44117
 772,31;14409,329;  247,317;55284,253;25,73183
 772,88;14391,835;  225,471;55091,615;25,81986
 773,44;14460,726;  228,471;55019,130;25,97570
 774,01;14510,540;  246,010;55033,953;26,03589
 774,58;14581,431;  234,549;54714,775;26,33411
 775,14;14678,322;  230,703;54775,598;26,48757
 775,71;14711,059;  238,395;54690,421;26,57874
 776,27;14787,334;  283,857;54724,475;26,64091
 776,84;14901,302;  308,165;54764,067;26,79808
 777,41;14863,962;  245,165;54464,966;26,96210
 777,97;14915,161;  244,550;54181,635;27,19949
 778,54;14934,359;  259,012;54240,381;27,18595
 779,11;15047,173;  268,551;54182,666;27,41142
 779,67;15060,064;  228,166;54092,642;27,53558
 780,24;15147,032;  251,936;53933,388;27,74719
 780,80;15231,538;  269,013;53984,749;27,85501
 781,37;15241,582;  254,859;53989,264;27,89037
 781,94;15217,243;  246,783;53653,703;28,03094
 782,50;15342,364;  257,091;53683,833;28,23544
 783,07;15445,024;  281,937;53762,964;28,35227
 783,63;15451,761;  240,860;53436,556;28,59423
 784,20;15522,344;  273,399;53488,686;28,65520
 784,77;15482,697;  256,553;53280,586;28,71555
 785,33;15514,049;  229,784;52997,332;28,96527
 785,90;15553,017;  253,015;53002,078;29,00526
 786,46;15697,292;  269,861;52896,439;29,31490
 787,03;15770,568;  242,092;52744,339;29,57678
 787,59;15834,535;  248,631;52615,315;29,76302
 788,16;15853,580;  258,478;52575,292;29,80897
 788,73;15919,548;  265,401;52391,576;30,03126
 789,29;15881,516;  244,786;51910,014;30,26548
 789,86;15957,253;  267,171;51898,222;30,38885
 790,42;15982,759;  257,094;51859,737;30,47453
 790,99;15964,111;  272,479;51447,944;30,66241
 791,55;16044,540;  245,633;51501,152;30,82382
 792,12;16164,508;  265,556;51433,359;31,07218
 792,68;16035,784;  254,556;51144,874;31,01027
 793,25;16104,213;  265,941;50834,543;31,32037
 793,81;16189,488;  309,249;50529,058;31,62146
 794,38;16046,610;  217,557;50328,112;31,58826
 794,94;16074,732;  244,173;50104,243;31,74997
 795,51;16067,776;  257,788;49860,681;31,87312
 796,07;16064,513;  260,789;49633,504;32,00903
 796,64;16157,019;  264,712;49687,480;32,15584
 797,20;16157,141;  258,558;49121,303;32,53723
 797,77;16064,647;  229,328;48871,664;32,55460
 798,33;16090,846;  241,866;48671,641;32,72569
 798,90;16163,198;  274,636;48687,771;32,81870
 799,46;16106,935;  246,251;48125,363;33,12652
 800,03;16044,518;  270,790;48025,109;33,03100
 800,59;16139,563;  272,713;47941,624;33,28553
 801,15;16145,915;  258,175;47589,524;33,56706
 801,72;16038,037;  252,406;47287,732;33,56122
 802,28;16055,005;  285,560;46983,631;33,76894
 802,85;16032,972;  249,330;46889,300;33,84145
 803,41;16082,940;  246,561;46712,892;34,08141
 803,98;15988,062;  249,484;46328,330;34,15575
 804,54;15891,876;  249,946;46006,846;34,18485
 805,11;15938,228;  258,485;45810,130;34,42190
 805,67;15993,273;  272,100;45752,414;34,56698
 806,23;15837,164;  262,408;45267,006;34,60703
 806,80;15923,747;  275,562;45117,444;34,89636
 807,36;15928,791;  282,793;45013,267;34,97839
 807,93;16005,759;  286,024;44813,321;35,30359
 808,49;15876,881;  245,640;44510,144;35,31326
 809,05;15885,541;  234,640;44363,505;35,46636
 809,62;15885,816;  270,410;44212,405;35,53641
 810,18;15990,861;  263,871;44157,151;35,83006
 810,74;15890,675;  232,025;43883,896;35,87166
 811,31;15915,489;  245,872;43546,335;36,18810
 811,87;15977,072;  256,564;43534,004;36,32495
 812,44;16036,886;  283,949;43399,288;36,53673
 813,00;15986,930;  209,719;43112,880;36,77401
 813,56;16105,360;  260,950;43217,010;36,88516
 814,13;16129,097;  259,565;43157,449;36,99374
 814,69;16170,680;  251,719;42808,348;37,40654
 815,25;16032,417;  229,104;42601,479;37,29626
 815,82;16104,077;  275,335;42334,840;37,63416
 816,38;16150,198;  298,182;42184,817;37,84505
 816,94;16058,935;  235,490;41865,486;38,00972
 817,51;16095,749;  226,644;41713,001;38,25138
 818,07;16077,948;  242,105;41376,747;38,49758
 818,63;15985,223;  265,336;41247,262;38,35810
 819,20;16121,114;  249,798;41189,777;38,76728
 819,76;16019,236;  235,414;40615,138;39,08848
 820,32;16035,050;  268,952;40609,961;39,08206
 820,89;15956,325;  270,799;40403,553;39,08410
 821,45;15894,370;  233,338;40010,145;39,37227
 822,01;15879,799;  273,876;39788,660;39,49388
 822,57;15877,382;  267,107;39675,791;39,61126
 823,14;15829,581;  238,415;39514,075;39,69676
 823,70;15737,779;  241,108;39247,282;39,72877
 824,26;15786,747;  235,262;39008,797;40,10850
 824,82;15831,946;  257,570;38887,005;40,31738
 825,39;15733,913;  239,647;38619,828;40,37049
 825,95;15863,496;  261,878;38651,958;40,63971
 826,51;15757,080;  258,340;38153,550;40,89894
 827,08;15855,509;  278,417;38206,065;41,07055
 827,64;15762,323;  257,186;38029,657;41,04877
 828,20;15739,598;  242,956;37724,249;41,34500
 828,76;15742,874;  273,494;37724,072;41,30612
 829,32;15796,611;  275,879;37573,895;41,61275
 829,89;15834,501;  234,187;37475,256;41,89008
 830,45;15854,854;  253,572;37367,925;42,03571
 831,01;15850,283;  241,188;37192,517;42,24231
 831,57;15913,174;  252,188;37083,494;42,52085
 832,14;15982,911;  246,496;37046,163;42,76238
 832,70;15921,725;  233,111;36757,370;42,95395
 833,26;15906,769;  214,189;36663,808;43,05280
 833,82;16003,276;  238,343;36525,016;43,44552
 834,38;16004,397;  233,804;36584,069;43,38508
 834,95;16062,980;  234,882;36441,892;43,71556
 835,51;16002,179;  205,343;36314,946;43,74691
 836,07;16149,839;  243,190;36355,615;44,04758
 836,63;16309,961;  262,882;36381,668;44,42862
 837,19;16216,775;  247,421;36206,645;44,40962
 837,75;16138,358;  215,421;35942,391;44,56839
 838,32;16280,018;  258,268;36010,829;44,81287
 838,88;16362,524;  257,499;36027,575;45,02374
 839,44;16413,261;  251,499;35891,705;45,34699
 840,00;16491,690;  248,961;35852,067;45,62166
 840,56;16384,119;  224,422;35544,428;45,75225
 841,12;16439,087;  231,346;35616,482;45,80381
 841,68;16439,055;  218,654;35367,151;46,14821
 842,25;16458,561;  231,039;35432,358;46,09919
 842,81;16427,914;  224,193;35091,796;46,47214
 843,37;16550,497;  205,270;35087,311;46,85857
 843,93;16597,157;  234,885;35064,749;46,97771
 844,49;16672,663;  240,578;35030,880;47,23180
 845,05;16562,477;  202,040;34888,395;47,16678
 845,61;16751,983;  253,809;34860,756;47,67301
 846,17;16679,797;  233,040;34734,348;47,66995
 846,73;16767,457;  242,810;34729,863;47,91551
 847,29;16706,963;  215,733;34468,763;48,14532
 847,86;16737,623;  221,118;34521,817;48,15210
 848,42;16704,283;  208,580;34236,024;48,47765
 848,98;16748,713;  241,811;34193,924;48,61819
 849,54;16818,296;  228,965;34233,670;48,78540
 850,10;16767,879;  237,734;34080,108;48,84452
 850,66;16768,154;  216,734;33874,469;49,17568
 851,22;16774,584;  212,504;33864,061;49,21638
 851,78;16886,321;  268,043;33891,807;49,42420
 852,34;16772,288;  237,274;33624,938;49,52432
 852,90;16843,102;  226,889;33522,991;49,90438
 853,46;16783,455;  218,120;33292,583;50,08497
 854,02;16827,884;  234,274;33293,791;50,19314
 854,58;16742,006;  221,659;32997,075;50,40469
 855,14;16770,358;  221,736;32969,359;50,53381
 855,70;16753,403;  196,121;32805,721;50,77426
 856,26;16814,524;  242,275;32805,159;50,89306
 856,82;16765,107;  229,429;32524,905;51,20122
 857,38;16753,998;  246,276;32449,035;51,26183
 857,94;16770,197;  240,430;32373,473;51,44165
 858,50;16761,395;  249,661;32173,527;51,72223
 859,06;16715,209;  224,892;32001,965;51,89376
 859,62;16704,408;  242,969;31978,326;51,87097
 860,18;16642,760;  227,738;31700,841;52,15571
 860,74;16665,728;  195,431;31622,280;52,40836
 861,30;16600,157;  207,893;31446,333;52,47466
 861,86;16732,740;  260,124;31459,925;52,79718
 862,42;16657,016;  226,662;31272,133;52,92351
 862,98;16706,214;  253,047;31308,571;52,97984
 863,54;16641,028;  233,971;31118,394;53,12405
 864,10;16811,765;  223,202;31050,293;53,81164
 864,66;16678,502;  208,202;30911,809;53,64288
 865,22;16672,547;  230,510;30695,324;53,97058
 865,78;16742,053;  229,895;30639,608;54,29896
 866,34;16724,790;  226,664;30513,200;54,47347
 866,90;16743,758;  236,895;30375,023;54,77070
 867,45;16679,264;  230,818;30249,076;54,79480
 868,01;16691,693;  235,511;30036,976;55,21937
 868,57;16588,815;  226,434;29866,799;55,20303
 869,13;16643,321;  211,204;29736,391;55,65457
 869,69;16628,212;  215,512;29661,214;55,73887
 870,25;16648,641;  209,512;29513,113;56,09935
 870,81;16621,532;  218,974;29522,167;55,97533
 871,37;16718,269;  225,974;29387,682;56,55463
 871,93;16627,698;  233,436;29172,197;56,65157
 872,49;16551,128;  253,897;29027,866;56,63880
 873,04;16517,172;  212,513;28819,304;56,99576
 873,60;16531,601;  219,667;28684,666;57,30524
 874,16;16544,723;  236,206;28544,181;57,61103
 874,72;16485,723;  222,437;28517,873;57,47671
 875,28;16633,723;  226,052;28424,873;58,18566
 875,84;16547,031;  226,590;28321,873;58,08961
 876,40;16596,569;  220,513;28379,412;58,15588
 876,95;16572,877;  239,129;28235,104;58,34320
 877,51;16661,800;  260,052;28329,873;58,43197
 878,07;16731,338;  269,744;28231,488;58,87184
 878,63;16829,646;  228,283;28280,027;59,18122
 879,19;16921,031;  235,898;28263,258;59,53159
 879,75;16984,723;  226,590;28335,642;59,61828
 880,30;17018,262;  230,821;28199,027;60,02330
 880,86;17175,031;  267,821;28385,488;60,13020
 881,42;17267,569;  216,667;28452,104;60,38831
 881,98;17386,800;  240,898;28461,335;60,75704
 882,54;17599,492;  224,744;28577,719;61,28016
 883,09;17656,338;  238,513;28735,488;61,12166
 883,65;17761,108;  214,283;28770,335;61,44696
 884,21;17973,338;  256,206;28987,565;61,66479
 884,77;18101,723;  221,360;28983,104;62,16717
 885,32;18188,262;  230,975;29187,642;62,01434
 885,88;18393,723;  259,283;29262,335;62,52597
 886,44;18576,185;  237,513;29484,642;62,70247
 887,00;18642,338;  254,360;29404,412;63,08043
 887,56;18740,492;  231,437;29648,488;62,91948
 888,11;18885,877;  236,360;29552,412;63,61538
 888,67;19115,800;  264,206;29822,412;63,77787
 889,23;19119,492;  237,667;29833,873;63,79813
 889,79;19090,338;  214,360;29723,027;63,96757
 890,34;19236,646;  239,360;29613,258;64,67404
 890,90;19437,723;  302,975;29761,181;64,95558
 891,46;19370,646;  225,667;29652,104;65,06047
 892,01;19453,877;  252,975;29674,104;65,26229
 892,57;19436,031;  252,821;29550,335;65,47726
 893,13;19389,108;  233,283;29317,873;65,86245
 893,69;19481,185;  227,129;29388,719;66,02540
 894,24;19426,262;  236,667;29281,335;66,06925
 894,80;19352,031;  231,052;29059,104;66,32768
 895,36;19372,185;  230,129;28942,873;66,66745
 895,91;19177,415;  231,206;28773,719;66,37891
 896,47;19115,415;  258,975;28624,412;66,47682
 897,03;19046,338;  220,667;28386,335;66,83907
 897,58;19059,954;  238,821;28392,488;66,85144
 898,14;18927,954;  239,975;28132,565;66,99980
 898,70;18929,569;  209,667;27967,642;67,43972
 899,25;18997,185;  228,129;27958,719;67,68358
 899,81;18875,108;  250,590;27772,104;67,67258
 900,37;18764,031;  217,437;27573,104;67,79800
 900,92;18747,954;  240,283;27632,719;67,56490
 901,48;18800,415;  224,821;27419,488;68,30602
 902,03;18772,338;  223,513;27255,796;68,61731
 902,59;18754,569;  226,052;27215,412;68,65119
 903,15;18673,492;  256,052;26958,950;68,97169
 903,70;18583,569;  244,052;26687,181;69,35457
 904,26;18559,569;  217,744;26660,335;69,36471
 904,82;18689,877;  236,744;26648,488;69,86715
 905,37;18634,492;  240,052;26469,873;70,12797
 905,93;18528,262;  224,744;26360,104;70,03354
 906,48;18593,800;  239,667;26317,104;70,38319
 907,04;18603,723;  253,898;26173,181;70,79604
 907,60;18447,800;  224,975;25972,873;70,77403
 908,15;18419,185;  218,667;25883,104;70,91727
 908,71;18488,646;  250,513;25858,335;71,22095
 909,26;18393,415;  213,283;25706,950;71,31235
 909,82;18360,415;  257,437;25599,796;71,43368
 910,37;18397,031;  268,052;25525,796;71,77592
 910,93;18233,569;  219,744;25226,335;72,03631
 911,48;18162,800;  208,513;25048,181;72,28070
 912,04;18162,569;  216,590;24939,950;72,58714
 912,60;18259,569;  242,206;25022,488;72,70847
 913,15;18122,646;  235,975;24808,104;72,79252
 913,71;17995,646;  226,360;24581,642;72,95865
 914,26;17993,723;  204,360;24588,950;72,95330
 914,82;18022,954;  234,975;24467,873;73,40426
 915,37;17964,185;  226,898;24384,950;73,42184
 915,93;17976,954;  277,129;24278,258;73,74580
 916,48;17943,031;  216,283;24113,488;74,17917
 917,04;17794,877;  239,590;24033,642;73,78015
 917,59;17817,723;  254,129;23937,412;74,16030
 918,15;17716,108;  206,206;23718,181;74,47227
 918,70;17701,954;  226,283;23675,335;74,52613
 919,26;17695,877;  229,667;23483,565;75,11089
 919,81;17534,031;  212,975;23370,412;74,79695
 920,37;17531,415;  233,283;23301,335;74,98740
 920,92;17609,877;  241,975;23216,796;75,59537
 921,48;17452,723;  209,667;22934,027;75,87917
 922,03;17493,415;  218,437;23038,488;75,70087
 922,59;17365,031;  225,821;22863,565;75,71077
 923,14;17372,800;  223,975;22679,488;76,36799
 923,69;17445,492;  244,283;22620,642;76,87224
 924,25;17443,262;  248,513;22641,181;76,78740
 924,80;17340,646;  225,975;22275,796;77,61819
 925,36;17328,031;  219,744;22273,104;77,57678
 925,91;17222,646;  222,052;22124,873;77,61829
 926,47;17179,723;  209,667;22107,181;77,49764
 927,02;17199,723;  269,744;22038,335;77,77251
 927,57;17146,569;  220,975;21821,565;78,35709
 928,13;17073,723;  217,360;21776,642;78,18611
 928,68;17059,492;  221,283;21722,027;78,31454
 929,24;16951,646;  192,821;21528,642;78,54783
 929,79;16883,569;  216,052;21382,335;78,74560
 930,34;16816,492;  216,513;21190,642;79,14502
 930,90;16814,954;  215,898;21257,642;78,88631
 931,45;16896,492;  233,513;21206,719;79,44889
 932,01;16859,646;  231,360;21068,950;79,79947
 932,56;16782,108;  244,513;20865,642;80,19733
 933,11;16761,723;  256,437;20914,258;79,89849
 933,67;16685,492;  216,360;20690,488;80,43875
 934,22;16671,877;  221,283;20578,796;80,80847
 934,77;16572,723;  251,360;20507,642;80,57433
 935,33;16546,877;  233,975;20403,412;80,87931
 935,88;16439,031;  226,590;20301,335;80,76038
 936,43;16448,723;  218,975;20248,181;81,03041
 936,99;16354,031;  225,206;20154,719;80,92935
 937,54;16337,185;  212,513;19992,719;81,51923
 938,09;16298,185;  235,360;19954,412;81,45840
 938,65;16218,031;  230,437;19810,104;81,65406
 939,20;16258,492;  204,129;19720,104;82,26268
 939,75;16226,262;  217,360;19588,488;82,64310
 940,31;16131,569;  214,590;19526,642;82,41993
 940,86;16167,646;  228,744;19496,873;82,72159
 941,41;16243,877;  300,129;19384,873;83,54185
 941,96;16151,262;  217,590;19234,412;83,78725
 942,52;16068,415;  218,898;19187,027;83,55868
 943,07;15994,108;  200,283;19000,335;84,00948
 943,62;15934,646;  210,513;18923,565;84,02762
 944,18;15995,646;  204,667;18843,796;84,71951
 944,73;15905,185;  220,129;18759,181;84,60549
 945,28;15856,646;  200,898;18568,873;85,23394
 945,83;15884,954;  224,975;18574,873;85,34096
 946,39;15892,262;  214,590;18463,565;85,90987
 946,94;15795,492;  239,052;18505,642;85,16335
 947,49;15796,338;  225,590;18264,719;86,31652
 948,04;15701,185;  248,513;18248,181;85,84976
 948,59;15639,108;  237,129;18177,258;85,85211
 949,15;15650,877;  208,898;18127,104;86,18039
 949,70;15553,262;  211,283;18002,412;86,23387
 950,25;15526,723;  243,590;17877,258;86,67019
 950,80;15432,031;  190,129;17786,719;86,61850
 951,36;15399,185;  188,975;17675,027;86,98481
 951,91;15504,108;  236,129;17672,027;87,56635
 952,46;15279,108;  207,821;17485,873;87,22793
 953,01;15367,338;  238,283;17504,565;87,62196
 953,56;15295,646;  203,975;17356,642;87,98440
 954,11;15307,569;  221,283;17362,796;88,01024
 954,67;15232,338;  214,898;17186,104;88,48776
 955,22;15211,646;  202,129;17152,181;88,55145
 955,77;15248,185;  238,437;17072,488;89,16301
 956,32;15161,108;  267,283;16949,796;89,27806
 956,87;15083,108;  207,821;16783,565;89,74129
 957,42;15106,646;  210,206;16742,488;90,10516
 957,98;15008,415;  209,821;16680,873;89,84608
 958,53;15019,262;  240,437;16656,335;90,02751
 959,08;14929,954;  216,283;16515,642;90,27147
 959,63;14820,031;  214,283;16453,335;89,94212
 960,18;14833,108;  226,206;16438,873;90,09561
 960,73;14794,877;  214,513;16331,412;90,46631
 961,28;14701,338;  206,975;16188,027;90,69718
 961,83;14787,185;  241,667;16189,565;91,20649
 962,39;14607,338;  200,129;16034,719;90,98568
 962,94;14620,723;  231,360;16000,950;91,24754
 963,49;14507,492;  214,744;15862,104;91,34287
 964,04;14533,877;  232,052;15809,027;91,81388
 964,59;14464,185;  199,975;15702,950;92,00950
 965,14;14478,031;  234,206;15642,412;92,44311
 965,69;14446,492;  220,129;15507,950;93,05684
 966,24;14371,569;  213,437;15436,719;93,00315
 966,79;14286,415;  231,667;15336,258;93,04951
 967,34;14160,338;  199,052;15212,719;92,99051
 967,89;14171,877;  209,590;15114,104;93,67824
 968,44;14206,338;  226,206;15046,565;94,33059
 968,99;14168,723;  229,052;14984,565;94,47093
 969,55;14084,646;  227,283;14903,027;94,42358
 970,10;14074,877;  230,821;14821,642;94,88195
 970,65;14089,877;  233,513;14703,335;95,76043
 971,20;13972,415;  210,052;14610,488;95,56907
 971,75;13862,723;  201,206;14497,181;95,56198
 972,30;13861,569;  225,898;14445,873;95,89096
 972,85;13828,954;  206,513;14366,796;96,20175
 973,40;13746,262;  204,513;14167,565;96,98272
 973,95;13697,954;  224,360;14185,412;96,50845
 974,50;13678,338;  248,360;14086,950;97,04730
 975,05;13560,646;  224,206;13905,642;97,47836
 975,60;13561,262;  227,667;13878,950;97,67283
 976,15;13487,492;  216,052;13755,950;98,01728
 976,70;13384,108;  212,744;13693,335;97,70613
 977,25;13395,800;  228,667;13616,258;98,35327
 977,80;13257,723;  212,975;13398,565;98,93185
 978,35;13086,031;  231,590;13314,796;98,25146
 978,89;13054,262;  194,667;13252,873;98,47903
 979,44;13025,723;  216,744;13219,796;98,50748
 979,99;12905,108;  206,129;13049,488;98,87583
 980,54;12830,877;  236,513;12988,104;98,76700
 981,09;12759,492;  238,437;12832,565;99,41978
 981,64;12741,262;  231,360;12723,488;100,14227
 982,19;12649,338;  253,667;12714,719;99,47532
 982,74;12611,954;  233,667;12564,565;100,38431
 983,29;12384,108;  209,052;12400,027;99,86942
 983,84;12382,338;  228,513;12303,488;100,65300
 984,39;12350,185;  277,437;12298,181;100,43262
 984,94;12235,800;  198,129;12154,719;100,67813
 985,49;12134,954;  248,667;12060,335;100,63174
 986,03;12094,108;  239,206;11997,796;100,81907
 986,58;12022,954;  271,360;11828,565;101,68197
 987,13;11874,877;  228,898;11728,796;101,27028
 987,68;11831,031;  239,437;11609,335;101,94985
 988,23;11815,800;  231,821;11558,027;102,27590
 988,78;11705,338;  215,283;11352,104;103,17177
 989,33;11570,108;  235,898;11312,181;102,32864
 989,88;11599,185;  261,975;11214,412;103,51313
 990,42;11449,800;  220,667;11102,181;103,19459
 990,97;11322,031;  220,283;10949,027;103,47668
 991,52;11296,031;  248,975;10915,027;103,57212
 992,07;11184,954;  256,667;10801,412;103,63728
 992,62;11065,108;  241,052;10718,873;103,30445
 993,17;10947,646;  244,590;10596,104;103,39605
 993,71;10921,569;  236,744;10508,565;104,02075
 994,26;10801,108;  220,667;10335,950;104,59856
 994,81;10766,492;  246,129;10295,027;104,69171
 995,36;10591,646;  235,052;10137,719;104,58389
 995,91;10566,569;  228,821;10097,335;104,75487
 996,45;10460,262;  232,513; 9939,719;105,36243
 997,00;10344,800;  214,129; 9861,565;105,00894
 997,55;10277,723;  235,513; 9794,335;105,05699
 998,10;10198,415;  261,590; 9676,488;105,54363
 998,65;10136,262;  223,975; 9595,027;105,77560
 999,19; 9999,338;  251,283; 9456,412;105,89809
 999,74; 9950,954;  278,975; 9402,104;106,01603
1000,29; 9883,338;  251,821; 9298,950;106,45938
1000,84; 9753,569;  231,744; 9158,950;106,66075
1001,38; 9690,800;  234,129; 9078,796;106,91947
1001,93; 9649,108;  242,437; 9040,335;106,91953
1002,48; 9494,954;  218,129; 8857,104;107,38340
1003,03; 9478,723;  236,052; 8843,104;107,38487
1003,57; 9340,723;  242,667; 8662,719;108,05225
1004,12; 9315,338;  267,052; 8632,565;108,16176
1004,67; 9213,415;  233,052; 8498,412;108,65061
1005,22; 9134,877;  223,437; 8366,565;109,43509
1005,76; 8930,031;  216,206; 8234,027;108,68071
1006,31; 8841,569;  247,283; 8191,796;108,17889
1006,86; 8786,723;  226,744; 8071,488;109,11737
1007,40; 8642,877;  218,590; 7946,335;109,01353
1007,95; 8572,569;  238,437; 7855,027;109,42078
1008,50; 8453,031;  234,360; 7722,488;109,75601
1009,04; 8349,954;  231,513; 7619,181;109,89180
1009,59; 8225,646;  247,744; 7518,027;109,73304
1010,14; 8114,800;  221,360; 7391,488;110,08785
1010,68; 7960,877;  234,283; 7255,873;110,04052
1011,23; 7886,569;  215,590; 7127,412;110,98347
1011,78; 7848,723;  240,129; 7102,796;110,86934
1012,32; 7730,800;  239,821; 7005,104;110,72677
1012,87; 7745,185;  259,206; 6943,412;111,99504
1013,42; 7562,492;  210,360; 6846,796;110,78434
1013,96; 7569,954;  261,360; 6832,565;111,22151
1014,51; 7488,338;  198,667; 6706,412;112,01533
1015,06; 7497,800;  190,360; 6751,488;111,37474
1015,60; 7574,108;  268,975; 6764,488;112,46428
1016,15; 7529,492;  215,052; 6756,335;111,81966
1016,69; 7592,108;  231,437; 6763,719;112,68145
1017,24; 7605,108;  196,283; 6787,796;112,39945
1017,79; 7671,185;  245,744; 6832,796;112,72783
1018,33; 7678,646;  220,821; 6814,104;113,11247
1018,88; 7758,185;  237,744; 6866,104;113,45855
1019,42; 7802,569;  221,437; 6870,104;114,02485
1019,97; 7785,185;  215,437; 6884,873;113,49906
1020,51; 7815,262;  248,206; 6918,335;113,44692
1021,06; 7826,954;  204,590; 6930,642;113,32597
1021,61; 7808,338;  187,898; 6853,258;114,32902
1022,15; 7739,338;  193,437; 6810,796;114,03192
1022,70; 7780,492;  225,206; 6826,950;114,44379
1023,24; 7794,646;  213,975; 6803,335;115,04413
1023,79; 7670,877;  222,898; 6735,258;114,36682
1024,33; 7602,569;  221,513; 6661,950;114,60490
1024,88; 7589,415;  233,437; 6588,873;115,74309
1025,42; 7456,262;  224,360; 6499,950;115,23859
1025,97; 7341,492;  212,898; 6359,719;115,97205
1026,51; 7273,338;  180,360; 6257,873;116,70857
1027,06; 7215,646;  212,129; 6224,027;116,49428
1027,60; 7098,646;  227,437; 6133,565;116,34033
1028,15; 7004,415;  232,052; 6013,565;117,13825
1028,69; 6853,262;  191,206; 5878,642;117,13635
1029,24; 6813,800;  211,129; 5852,181;117,04681
1029,78; 6671,262;  207,437; 5700,258;117,67769
1030,33; 6589,031;  193,360; 5620,796;117,83963
1030,87; 6497,569;  217,744; 5544,412;117,89407
1031,42; 6433,262;  199,513; 5511,565;117,35104
1031,96; 6342,262;  219,206; 5417,181;117,79695
1032,51; 6262,800;  208,898; 5315,412;118,55255
1033,05; 6221,031;  224,821; 5261,565;119,04932
1033,60; 6051,954;  180,590; 5120,796;118,84856
1034,14; 5970,569;  219,206; 5065,642;118,67201
1034,69; 5907,569;  212,898; 5014,873;118,59019
1035,23; 5833,108;  221,437; 4951,873;118,62903
1035,77; 5762,185;  215,590; 4875,335;119,03216
1036,32; 5721,338;  191,206; 4794,950;120,12250
1036,86; 5603,877;  214,667; 4770,719;118,28683
1037,41; 5532,185;  224,360; 4664,796;119,53386
1037,95; 5452,492;  185,513; 4588,642;119,61900
1038,50; 5393,800;  200,283; 4514,027;120,39465
1039,04; 5363,108;  232,667; 4480,642;120,77379
1039,58; 5239,031;  198,052; 4391,950;120,19793
1040,13; 5166,185;  209,821; 4376,412;118,95490
1040,67; 5173,031;  246,283; 4344,258;120,22397
1041,21; 5071,954;  239,975; 4268,412;119,94675
1041,76; 4999,646;  202,590; 4130,027;122,14216
1042,30; 4952,723;  205,360; 4121,488;121,22593
1042,85; 4835,185;  207,360; 4036,796;120,84872
1043,39; 4760,185;  202,052; 3977,719;120,72390
1043,93; 4725,877;  230,129; 3965,719;120,34906
1044,48; 4684,338;  225,744; 3904,335;121,20388
1045,02; 4608,569;  209,590; 3804,258;122,37513
1045,56; 4551,877;  238,744; 3770,642;122,11940
1046,11; 4493,031;  230,590; 3755,873;120,91060
1046,65; 4396,569;  220,206; 3681,719;120,65137
1047,19; 4342,877;  204,975; 3618,412;121,22393
1047,74; 4283,646;  194,667; 3528,873;122,63727
1048,28; 4261,492;  223,206; 3535,412;121,92137
1048,82; 4240,185;  244,744; 3506,181;122,50554
1049,37; 4150,646;  223,975; 3444,642;121,92104
1049,91; 4111,031;  217,821; 3417,335;121,68130
1050,45; 4049,646;  227,590; 3377,719;121,33014
1050,99; 4002,646;  216,744; 3306,873;122,51599
1051,54; 3910,569;  210,975; 3262,335;121,24412
1052,08; 3929,492;  234,590; 3226,796;123,48422
1052,62; 3840,415;  239,283; 3178,642;122,51419
1053,16; 3762,031;  217,437; 3109,335;122,56982
1053,71; 3758,262;  225,667; 3088,027;123,41546
1054,25; 3706,185;  234,129; 3042,104;123,64981
1054,79; 3647,262;  223,821; 2991,258;123,70439
1055,33; 3576,262;  194,975; 2892,873;125,33040
1055,88; 3594,877;  228,590; 2926,796;124,76019
1056,42; 3524,415;  236,821; 2891,027;123,86358
1056,96; 3484,723;  236,898; 2825,873;125,44830
1057,50; 3429,108;  228,129; 2797,796;124,56783
1058,05; 3359,800;  220,052; 2745,796;124,30982
1058,59; 3370,800;  232,590; 2715,719;126,38126
1059,13; 3272,877;  206,206; 2624,642;126,80387
1059,67; 3243,723;  222,052; 2633,719;125,29386
1060,21; 3201,108;  227,437; 2581,181;126,33791
1060,76; 3181,954;  236,667; 2548,950;127,37571
1061,30; 3126,415;  250,513; 2537,565;125,74712
1061,84; 3070,492;  233,513; 2464,181;127,18072
1062,38; 3007,646;  214,821; 2407,796;127,35325
1062,92; 3047,415;  259,513; 2438,796;127,92750
1063,46; 2970,031;  238,206; 2377,873;127,67522
1064,01; 2916,800;  223,590; 2308,719;129,16274
1064,55; 2911,954;  229,437; 2278,181;130,93471
1065,09; 2836,415;  196,744; 2234,027;129,56823
1065,63; 2851,723;  258,898; 2275,642;128,56489
1066,17; 2779,492;  254,975; 2250,642;126,49991
1066,71; 2781,877;  246,667; 2217,719;128,62216
1067,25; 2712,646;  230,206; 2156,488;128,87207
1067,80; 2698,877;  243,360; 2149,719;128,80662
1068,34; 2680,723;  260,052; 2148,950;128,15256
1068,88; 2634,031;  225,283; 2081,258;129,78343
1069,42; 2646,415;  254,437; 2088,181;130,44234
1069,96; 2573,877;  238,590; 2014,565;131,49321
1070,50; 2575,646;  254,898; 2044,258;129,69713
1071,04; 2510,723;  217,898; 1960,027;131,61053
1071,58; 2483,338;  223,667; 1952,335;130,71753
1072,12; 2439,262;  229,283; 1930,642;129,89487
1072,66; 2439,108;  229,052; 1914,104;131,15654
1073,21; 2411,185;  240,744; 1917,950;129,40812
1073,75; 2400,954;  245,437; 1871,565;132,55514
1074,29; 2353,415;  234,283; 1851,258;131,05538
1074,83; 2342,723;  257,283; 1843,642;131,46076
1075,37; 2324,338;  249,129; 1828,412;131,40204
1075,91; 2263,492;  242,744; 1790,104;130,59331
1076,45; 2248,262;  235,590; 1773,950;130,83229
1076,99; 2226,108;  249,898; 1745,335;132,14935
1077,53; 2184,646;  220,052; 1713,488;131,54856
1078,07; 2187,108;  228,437; 1713,950;131,85146
1078,61; 2144,108;  234,360; 1670,258;133,00025
1079,15; 2123,262;  238,206; 1639,412;134,53097
1079,69; 2103,569;  225,744; 1633,027;133,43623
1080,23; 2100,415;  254,129; 1633,796;133,82114
1080,77; 2118,800;  267,052; 1646,104;134,27689
1081,31; 2011,262;  225,821; 1581,642;131,68701
1081,85; 2035,031;  249,283; 1560,950;136,14337
1082,39; 1978,723;  227,437; 1537,719;133,65715
1082,93; 1947,108;  246,975; 1544,412;131,03783
1083,47; 1914,877;  230,590; 1494,335;133,27749
1084,01; 1932,262;  247,590; 1503,719;134,11611
1084,55; 1878,108;  227,590; 1449,104;135,12068
1085,09; 1887,569;  252,744; 1463,412;135,03503
1085,63; 1827,262;  239,206; 1461,027;129,97449
1086,17; 1824,031;  228,129; 1410,642;134,95846
1086,71; 1765,262;  225,590; 1403,950;130,66225
1087,24; 1797,262;  251,821; 1425,873;131,63305
1087,78; 1757,492;  247,513; 1391,873;131,94968
1088,32; 1704,954;  229,052; 1347,181;131,99748
1088,86; 1712,877;  251,975; 1361,796;131,63400
1089,40; 1690,108;  245,744; 1326,104;133,69284
1089,94; 1628,569;  219,129; 1296,719;130,79556
1090,48; 1657,877;  254,744; 1307,642;133,26387
1091,02; 1646,800;  249,667; 1296,796;133,42510
1091,56; 1623,415;  248,667; 1270,873;134,48839
1092,10; 1571,108;  225,744; 1243,796;132,15077
1092,63; 1583,262;  262,821; 1270,335;131,05933
1093,17; 1557,723;  257,744; 1241,488;132,14602
1093,71; 1550,646;  228,052; 1212,488;134,35038
1094,25; 1542,569;  260,821; 1198,642;136,67298
1094,79; 1506,646;  236,206; 1177,181;135,01319
1095,33; 1488,031;  235,744; 1167,642;134,38020
1095,87; 1473,262;  229,667; 1172,104;131,95522
1096,40; 1434,877;  218,437; 1133,258;132,97029
1096,94; 1423,646;  242,437; 1127,027;133,53182
1097,48; 1430,108;  245,283; 1121,258;135,25786
1098,02; 1397,646;  233,129; 1089,796;135,93577
1098,56; 1363,262;  203,437; 1066,027;134,45837
1099,10; 1337,415;  219,206; 1061,412;132,77155
1099,63; 1333,954;  203,821; 1055,335;132,72047
1100,17; 1358,031;  247,744; 1059,642;136,75196
1100,71; 1358,415;  261,667; 1069,719;135,72743

