
Integration time [ms]: 160,000
Averaging Nr. [scans]: 13
Smoothing Nr. [pixels]: 0
Data measured with spectrometer [name]: 2009305U1
Wave   ;Sample   ;Dark     ;Reference;Reflectance
[nm]   ;[counts] ;[counts] ;[counts] ;[%]

 175,72;  209,288;  199,741;  200,777;921,45050
 176,32;  236,247;  225,729;  223,979; 0,00000
 176,92;  261,659;  254,352;  256,468;345,28037
 177,52;  260,346;  261,585;  265,454;-32,00807
 178,12;  234,901;  246,191;  228,377; 0,00000
 178,72;  265,984;  256,803;  258,493;543,15661
 179,32;  259,230;  250,652;  234,314; 0,00000
 179,92;  252,397;  255,041;  253,110; 0,00000
 180,52;  247,845;  243,055;  255,886;37,33120
 181,12;  263,207;  258,888;  259,497; 0,00000
 181,73;  287,566;  266,427;  278,520;174,80801
 182,33;  371,794;  358,357;  354,615; 0,00000
 182,93;  276,430;  274,431;  274,023; 0,00000
 183,53;  237,003;  246,416;  233,568; 0,00000
 184,13;  239,239;  235,495;  227,035; 0,00000
 184,73;  294,145;  285,799;  287,378;528,52502
 185,33;  296,037;  228,805;  366,277;48,90584
 185,93;  311,675;  235,412;  372,564;55,60444
 186,53;  329,517;  256,186;  398,310;51,59611
 187,13;  344,235;  279,426;  434,595;41,76673
 187,73;  314,181;  244,875;  373,249;53,98731
 188,33;  309,577;  250,255;  386,995;43,38309
 188,93;  317,312;  255,162;  385,621;47,63922
 189,53;  326,411;  257,227;  401,302;48,01910
 190,13;  350,209;  280,670;  423,850;48,56729
 190,73;  295,710;  224,529;  378,443;46,24732
 191,34;  343,617;  264,081;  410,691;54,24991
 191,94;  310,893;  245,019;  377,905;49,57192
 192,54;  337,942;  247,664;  427,510;50,19738
 193,14;  340,407;  261,733;  418,542;50,17204
 193,74;  331,111;  262,654;  401,356;49,35580
 194,34;  315,202;  254,966;  402,972;40,69871
 194,94;  294,645;  221,040;  376,033;47,48896
 195,54;  261,212;  216,190;  352,702;32,97980
 196,14;  303,655;  226,891;  382,071;49,46782
 196,74;  300,955;  220,111;  382,041;49,92507
 197,34;  270,489;  197,127;  382,736;39,52480
 197,94;  299,109;  232,119;  400,126;39,87329
 198,54;  329,176;  246,429;  416,944;48,52769
 199,14;  309,181;  216,900;  396,880;51,27309
 199,74;  292,790;  199,515;  409,619;44,39433
 200,34;  278,893;  201,978;  416,946;35,77986
 200,94;  325,203;  239,588;  444,800;41,72054
 201,54;  302,228;  217,744;  468,718;33,66254
 202,14;  352,538;  243,442;  505,674;41,60285
 202,74;  334,521;  222,361;  498,991;40,54508
 203,34;  317,775;  195,523;  523,337;37,29330
 203,94;  295,502;  170,751;  524,984;35,21731
 204,54;  375,098;  249,427;  608,671;34,98197
 205,14;  337,087;  199,361;  622,984;32,51141
 205,74;  405,174;  246,446;  720,243;33,50138
 206,34;  390,989;  203,288;  737,115;35,16140
 206,94;  403,739;  212,364;  803,280;32,38614
 207,54;  383,874;  194,057;  837,333;29,50792
 208,14;  405,191;  211,443;  913,379;27,60204
 208,74;  452,895;  209,207; 1013,510;30,29808
 209,34;  473,579;  206,516; 1117,044;29,33064
 209,94;  499,807;  216,285; 1207,131;28,61417
 210,54;  508,382;  204,290; 1327,188;27,08103
 211,14;  549,898;  209,977; 1436,345;27,71774
 211,73;  557,855;  215,667; 1572,019;25,22856
 212,33;  604,980;  226,049; 1695,753;25,78279
 212,93;  607,756;  207,822; 1770,108;25,59925
 213,53;  609,042;  182,746; 1835,326;25,79580
 214,13;  649,203;  200,988; 1950,535;25,61891
 214,73;  654,692;  191,288; 1957,212;26,24142
 215,33;  651,499;  172,208; 1999,362;26,23160
 215,93;  705,077;  210,907; 2119,819;25,88753
 216,53;  706,291;  164,822; 2217,580;26,37764
 217,13;  816,742;  227,136; 2448,261;26,54538
 217,73;  864,601;  191,369; 2666,066;27,20464
 218,33;  918,271;  171,989; 2838,762;27,98449
 218,93; 1057,578;  196,459; 3204,207;28,63000
 219,53; 1168,341;  195,220; 3533,962;29,14635
 220,13; 1265,836;  160,837; 3850,961;29,94477
 220,73; 1456,408;  188,208; 4281,994;30,97866
 221,32; 1581,741;  200,899; 4687,125;30,77959
 221,92; 1754,071;  199,298; 5129,848;31,53346
 222,52; 1931,101;  167,215; 5602,925;32,44995
 223,12; 2141,618;  184,523; 6053,373;33,34715
 223,72; 2325,534;  196,293; 6476,650;33,90318
 224,32; 2522,701;  194,370; 6900,583;34,71901
 224,92; 2677,435;  167,678; 7203,560;35,67083
 225,52; 2882,885;  207,748; 7625,096;36,06595
 226,12; 3023,886;  188,598; 7945,856;36,55013
 226,72; 3192,317;  159,674; 8322,566;37,15157
 227,31; 3376,589;  155,674; 8696,466;37,71214
 227,91; 3592,442;  194,671; 9121,351;38,06310
 228,51; 3842,552;  181,896; 9490,110;39,32716
 229,11; 4052,740;  195,135; 9947,630;39,55506
 229,71; 4231,882;  175,668;10228,115;40,35051
 230,31; 4473,314;  165,218;10718,251;40,82330
 230,91; 4646,726;  160,278;11047,928;41,20676
 231,51; 4837,566;  168,061;11349,350;41,76178
 232,10; 5070,922;  167,758;11737,016;42,38097
 232,70; 5238,510;  186,735;11999,664;42,76480
 233,30; 5467,406;  202,829;12239,986;43,73605
 233,90; 5622,140;  173,906;12300,963;44,92627
 234,50; 5641,779;  179,061;12417,146;44,63704
 235,10; 5804,974;  172,909;12458,944;45,84119
 235,70; 5861,201;  198,209;12575,100;45,75456
 236,29; 5854,354;  196,976;12452,520;46,16178
 236,89; 5853,295;  164,048;12281,757;46,94986
 237,49; 5883,715;  194,982;12162,422;47,53508
 238,09; 5723,220;  180,826;11817,192;47,62993
 238,69; 5662,109;  218,045;11505,502;48,23110
 239,29; 5448,410;  182,980;11125,113;48,12069
 239,89; 5256,484;  192,125;10743,781;47,99587
 240,48; 5042,800;  177,596;10312,169;48,00602
 241,08; 4811,012;  167,440; 9918,872;47,61938
 241,68; 4662,608;  195,442; 9593,874;47,53096
 242,28; 4409,291;  163,444; 9193,819;47,01739
 242,88; 4242,965;  214,834; 8861,428;46,58633
 243,48; 4012,953;  210,674; 8590,298;45,37528
 244,07; 3800,253;  180,671; 8300,943;44,57465
 244,67; 3650,485;  194,981; 8093,088;43,75104
 245,27; 3516,855;  194,667; 7997,019;42,57931
 245,87; 3368,154;  199,679; 7911,656;41,08512
 246,47; 3245,428;  196,590; 7831,043;39,93526
 247,06; 3153,931;  177,210; 7850,293;38,79432
 247,66; 3074,003;  186,904; 7992,433;36,98787
 248,26; 3016,144;  218,514; 8116,764;35,42089
 248,86; 2990,722;  202,129; 8336,982;34,27957
 249,46; 2917,804;  152,830; 8599,688;32,73376
 250,05; 2966,584;  204,365; 9042,229;31,25438
 250,65; 2958,583;  167,820; 9488,093;29,94293
 251,25; 2994,889;  178,286;10021,829;28,61371
 251,85; 3074,816;  182,894;10653,323;27,61991
 252,44; 3079,322;  149,515;11376,948;26,09508
 253,04; 3252,947;  198,362;12268,532;25,30689
 253,64; 3303,678;  144,588;13140,502;24,30833
 254,24; 3487,053;  200,287;14187,567;23,49824
 254,84; 3646,881;  176,522;15338,996;22,88781
 255,43; 3786,787;  181,361;16441,168;22,17385
 256,03; 3997,657;  189,358;17674,950;21,77964
 256,63; 4186,414;  192,278;18907,965;21,34111
 257,23; 4339,802;  171,663;19978,647;21,04378
 257,82; 4571,879;  194,582;21230,937;20,80825
 258,42; 4750,682;  155,042;22375,919;20,68163
 259,02; 4996,321;  208,977;23416,897;20,62806
 259,62; 5146,390;  174,348;24318,953;20,59276
 260,21; 5390,032;  184,976;25013,690;20,96385
 260,81; 5557,439;  183,213;25624,225;21,12426
 261,41; 5753,181;  171,889;26292,804;21,36714
 262,01; 5943,828;  211,654;26975,282;21,41778
 262,60; 6153,264;  174,663;27463,031;21,90897
 263,20; 6382,152;  171,974;27904,384;22,39321
 263,80; 6597,280;  201,654;28229,185;22,81908
 264,40; 6753,023;  169,732;28449,208;23,27940
 264,99; 7006,378;  192,961;28660,660;23,93385
 265,59; 7236,740;  179,340;28893,972;24,57771
 266,19; 7450,657;  161,270;29175,386;25,12359
 266,78; 7722,006;  219,651;29399,987;25,71031
 267,38; 7912,571;  190,264;29352,707;26,48032
 267,98; 8103,300;  179,959;29466,465;27,05458
 268,58; 8402,459;  183,957;29493,222;28,04063
 269,17; 8543,439;  177,337;29577,473;28,45600
 269,77; 8700,821;  189,123;29266,106;29,27298
 270,37; 8917,368;  153,346;29253,102;30,11717
 270,96; 9084,324;  224,736;29001,887;30,78688
 271,56; 9195,456;  177,971;28718,942;31,59488
 272,16; 9354,835;  183,427;28531,176;32,35321
 272,75; 9555,607;  179,735;28438,781;33,17830
 273,35; 9750,012;  180,968;28492,693;33,79887
 273,95; 9944,523;  188,813;28468,674;34,49703
 274,54;10183,420;  176,134;28382,363;35,47899
 275,14;10545,749;  205,122;28954,428;35,96827
 275,74;10769,272;  158,504;28965,480;36,83402
 276,33;11179,384;  207,123;29476,725;37,48688
 276,93;11554,866;  178,596;29891,483;38,28733
 277,53;12025,577;  181,053;30469,874;39,10527
 278,12;12480,868;  160,510;31080,730;39,84563
 278,72;13025,427;  219,668;31838,915;40,49989
 279,32;13536,047;  182,590;32489,494;41,33314
 279,91;14115,908;  161,127;33366,067;42,02622
 280,51;14577,161;  184,899;34012,841;42,54548
 281,11;15204,719;  170,358;34876,889;43,31854
 281,70;15754,056;  155,050;35308,164;44,37446
 282,30;16425,226;  166,125;36176,249;45,15147
 282,90;16922,558;  178,201;36604,099;45,96827
 283,49;17526,774;  190,583;37302,355;46,71345
 284,09;18150,804;  212,588;37743,355;47,79603
 284,69;18645,232;  211,128;38090,989;48,66466
 285,28;19303,504;  192,818;38595,308;49,76418
 285,88;19862,321;  248,197;38774,102;50,91152
 286,47;20288,027;  190,509;39004,667;51,77883
 287,07;20744,362;  210,590;38992,293;52,94706
 287,67;21271,568;  196,367;39142,990;54,11304
 288,26;21705,488;  173,974;39033,454;55,40865
 288,86;22244,626;  181,973;39203,121;56,54025
 289,46;22907,817;  208,974;39328,621;58,02415
 290,05;23476,897;  171,440;39402,244;59,40601
 290,65;24346,671;  184,662;39742,250;61,08059
 291,24;25013,067;  189,206;39857,457;62,57866
 291,84;25646,261;  190,586;39984,888;63,96814
 292,44;26287,770;  193,367;40181,331;65,25564
 293,03;27003,435;  262,898;40338,407;66,72538
 293,63;27519,600;  185,047;40528,691;67,75430
 294,22;28189,814;  206,204;40706,632;69,09460
 294,82;28546,992;  185,271;40767,174;69,88761
 295,41;28648,979;  173,511;40305,933;70,95377
 296,01;29011,965;  219,196;40292,531;71,85020
 296,61;29033,749;  206,129;39981,129;72,47673
 297,20;29050,730;  193,504;39570,490;73,28450
 297,80;29112,402;  201,518;39286,775;73,96877
 298,39;29004,278;  173,586;38834,323;74,57357
 298,99;28964,051;  216,967;38727,141;74,64802
 299,58;28973,646;  203,981;38503,349;75,11786
 300,18;28878,130;  206,979;38361,926;75,14400
 300,78;28638,898;  181,823;37955,038;75,33665
 301,37;28749,131;  200,037;37824,584;75,87890
 301,97;28860,320;  195,051;37965,521;75,89334
 302,56;28723,142;  176,124;37860,577;75,75277
 303,16;28626,140;  171,738;37803,792;75,61214
 303,75;28657,265;  179,439;37750,475;75,79729
 304,35;28934,223;  174,062;38078,968;75,87451
 304,94;28828,135;  180,359;38045,641;75,65710
 305,54;28776,588;  205,438;37956,894;75,68225
 306,13;28610,995;  162,139;37817,650;75,55031
 306,73;28399,795;  169,060;37699,181;75,22154
 307,33;28243,624;  199,905;37580,566;75,02200
 307,92;28209,623;  196,668;37708,122;74,67840
 308,52;28520,445;  176,584;38301,649;74,34443
 309,11;28793,413;  177,426;38836,983;74,02047
 309,71;29133,692;  162,654;39062,178;74,47659
 310,30;29134,851;  175,206;39374,979;73,87707
 310,90;29393,851;  219,821;39805,209;73,69899
 311,49;29374,198;  186,205;40051,196;73,21710
 312,09;29381,781;  156,979;40225,718;72,93666
 312,68;29670,811;  238,592;40678,326;72,78045
 313,28;29583,085;  156,745;40746,738;72,49654
 313,87;29632,711;  143,744;40970,885;72,22883
 314,47;29672,671;  181,120;41423,848;71,50728
 315,06;29596,710;  166,822;41394,219;71,38430
 315,66;29573,473;  167,364;41750,334;70,71671
 316,25;29314,255;  144,431;41409,652;70,68864
 316,85;29129,560;  146,979;41637,354;69,85375
 317,44;29056,511;  169,580;41819,484;69,35654
 318,04;28759,516;  157,048;41725,507;68,80810
 318,63;28595,274;  161,060;41782,846;68,31570
 319,22;28460,891;  174,354;42126,384;67,42591
 319,82;28233,476;  175,741;42131,854;66,87401
 320,41;27841,048;  189,816;41995,758;66,14187
 321,01;27669,058;  194,978;42176,428;65,44338
 321,60;27428,983;  184,742;42249,743;64,76700
 322,20;27108,053;  164,283;42279,165;63,97684
 322,79;26872,266;  206,129;42434,961;63,14675
 323,39;26593,944;  178,753;42486,859;62,43529
 323,98;26284,203;  157,592;42432,433;61,80180
 324,58;25969,231;  167,199;42297,084;61,24401
 325,17;25568,010;  170,662;42200,899;60,42637
 325,76;25210,991;  190,897;41944,354;59,92341
 326,36;24663,313;  150,363;41454,047;59,34810
 326,95;24266,909;  195,973;41194,502;58,71171
 327,55;23707,833;  157,741;40819,014;57,91774
 328,14;23176,398;  166,365;40385,196;57,21209
 328,74;22696,457;  196,354;39859,146;56,72849
 329,33;22180,516;  187,286;39413,361;56,06788
 329,92;21605,074;  163,811;38764,795;55,54590
 330,52;20912,957;  188,673;37956,005;54,87357
 331,11;20369,616;  175,665;37483,716;54,12759
 331,71;19798,524;  179,589;36868,297;53,47404
 332,30;19232,673;  196,436;36296,949;52,73121
 332,89;18778,324;  235,285;35572,425;52,47465
 333,49;18046,234;  192,588;34988,783;51,30919
 334,08;17709,123;  185,510;34527,656;51,02655
 334,68;17163,406;  175,126;34029,115;50,18103
 335,27;16748,684;  193,366;33538,670;49,64812
 335,86;16391,923;  232,972;33293,101;48,87746
 336,46;15943,498;  193,213;32980,021;48,03848
 337,05;15638,581;  175,126;32833,770;47,34873
 337,65;15344,347;  162,433;32586,472;46,82302
 338,24;15189,766;  204,976;32609,051;46,24353
 338,83;14912,024;  200,976;32374,352;45,72429
 339,43;14666,993;  165,277;32404,926;44,98100
 340,02;14410,867;  179,430;32310,893;44,29128
 340,61;14262,078;  178,976;32399,554;43,70841
 341,21;14103,842;  206,277;32414,685;43,14887
 341,80;13892,704;  180,356;32314,864;42,67172
 342,40;13723,908;  173,058;32469,075;41,95827
 342,99;13549,401;  169,747;32633,271;41,21442
 343,58;13435,439;  175,363;32798,054;40,64679
 344,18;13320,435;  192,209;32955,244;40,07024
 344,77;13259,354;  168,969;33314,896;39,49319
 345,36;13198,909;  161,434;33686,117;38,88918
 345,96;13207,012;  196,516;34056,000;38,42497
 346,55;13106,989;  179,446;34413,133;37,76264
 347,14;13083,114;  157,519;34758,225;37,35645
 347,74;13056,239;  152,451;35301,062;36,71208
 348,33;13198,488;  178,912;36095,701;36,24928
 348,92;13275,708;  176,839;36779,699;35,78646
 349,52;13308,360;  153,145;37329,362;35,38610
 350,11;13286,665;  168,660;37571,706;35,07202
 350,70;13121,487;  172,514;37759,403;34,45077
 351,29;12889,664;  147,112;37369,117;34,23392
 351,89;12752,088;  194,426;37340,471;33,80619
 352,48;12576,511;  155,283;37439,253;33,31520
 353,07;12398,635;  184,136;37413,970;32,80836
 353,67;12292,875;  194,147;37241,401;32,65756
 354,26;12104,670;  178,212;36934,891;32,44705
 354,85;11938,459;  175,056;36891,581;32,03844
 355,45;11687,596;  153,894;36537,727;31,70007
 356,04;11611,092;  183,752;36509,930;31,45759
 356,63;11436,339;  202,358;36247,314;31,16658
 357,22;11294,700;  188,807;36150,798;30,88231
 357,82;11120,195;  181,040;35862,643;30,65769
 358,41;11062,236;  195,897;35670,414;30,63139
 359,00;10922,549;  157,816;35416,899;30,53038
 359,60;10836,056;  179,822;35389,155;30,26537
 360,19;10690,235;  200,060;35155,398;30,01022
 360,78;10584,004;  180,356;34966,295;29,90762
 361,37;10459,997;  184,972;34661,650;29,80283
 361,97;10441,489;  182,050;34589,889;29,81715
 362,56;10299,809;  172,660;34176,224;29,78261
 363,15;10294,078;  223,895;33867,536;29,93191
 363,74;10113,758;  187,504;33534,714;29,76637
 364,34; 9975,384;  200,585;33058,417;29,74877
 364,93; 9802,701;  170,352;32472,319;29,81970
 365,52; 9635,000;  149,511;31996,178;29,78487
 366,11; 9645,874;  182,200;31660,103;30,06450
 366,71; 9531,353;  175,508;31199,307;30,15699
 367,30; 9393,490;  171,665;30815,094;30,09397
 367,89; 9352,064;  214,748;30544,715;30,12636
 368,48; 9274,282;  193,582;30179,808;30,28291
 369,07; 9156,102;  187,052;29522,711;30,57388
 369,67; 9119,519;  206,198;29218,710;30,72234
 370,26; 9081,242;  177,360;28888,112;31,01236
 370,85; 9033,906;  185,126;28556,666;31,18893
 371,44; 8995,461;  184,896;28357,435;31,27359
 372,03; 8938,633;  154,200;28132,391;31,39743
 372,63; 8950,073;  157,973;27646,214;31,98495
 373,22; 8926,141;  171,206;27237,698;32,34603
 373,81; 8900,658;  153,280;26869,231;32,74215
 374,40; 8898,800;  173,288;26611,169;33,00383
 374,99; 8852,683;  165,664;26272,286;33,27516
 375,59; 8870,574;  165,980;25907,594;33,81526
 376,18; 8906,532;  201,664;25786,737;34,02323
 376,77; 8933,670;  198,205;25584,959;34,40954
 377,36; 9047,315;  204,203;25603,593;34,81624
 377,95; 9026,954;  194,739;25167,785;35,36699
 378,55; 9025,827;  172,440;24949,659;35,73196
 379,14; 9112,067;  193,434;24881,312;36,12556
 379,73; 9224,555;  174,355;24717,955;36,87397
 380,32; 9377,583;  194,589;24783,324;37,34635
 380,91; 9413,628;  174,967;24615,513;37,80055
 381,50; 9512,263;  190,814;24568,194;38,23811
 382,10; 9566,660;  168,589;24405,939;38,77516
 382,69; 9698,091;  152,972;24328,931;39,48187
 383,28; 9824,808;  203,276;24238,789;40,03048
 383,87; 9881,773;  172,661;24083,843;40,60490
 384,46;10001,582;  175,425;24047,479;41,16176
 385,05;10128,323;  202,199;24006,759;41,69841
 385,64;10296,797;  195,123;24065,872;42,31821
 386,24;10408,751;  159,501;23942,693;43,09451
 386,83;10591,958;  203,193;24066,663;43,53417
 387,42;10786,398;  199,431;24173,658;44,15978
 388,01;11088,815;  184,111;24341,640;45,13998
 388,60;11393,914;  193,118;24709,739;45,68654
 389,19;11629,874;  175,259;24923,684;46,28422
 389,78;12004,040;  175,260;25264,489;47,14685
 390,37;12401,036;  238,806;25707,842;47,75301
 390,96;12580,090;  177,501;25862,265;48,28773
 391,56;12832,292;  179,103;26100,820;48,81308
 392,15;13196,913;  169,184;26383,893;49,69626
 392,74;13428,076;  156,633;26661,230;50,07223
 393,33;13890,849;  173,486;27021,151;51,09332
 393,92;14351,434;  184,859;27416,297;52,02287
 394,51;14572,419;  161,486;27625,647;52,47178
 395,10;14987,176;  204,385;27911,868;53,35307
 395,69;15230,979;  193,156;28069,635;53,94448
 396,28;15461,761;  203,303;28244,714;54,41402
 396,87;15675,496;  201,830;28278,280;55,11261
 397,46;15978,681;  202,977;28389,844;55,96828
 398,06;16306,834;  223,583;28684,409;56,51013
 398,65;16562,113;  186,330;28773,929;57,28282
 399,24;16831,310;  208,403;28930,889;57,87419
 399,83;17020,145;  189,754;28943,818;58,53222
 400,42;17378,209;  234,878;29129,852;59,32980
 401,01;17614,524;  199,152;29283,114;59,87964
 401,60;17860,348;  212,721;29237,521;60,80189
 402,19;17961,002;  226,300;29180,389;61,25111
 402,78;18192,405;  237,243;29238,004;61,91273
 403,37;18304,704;  229,421;29088,693;62,63250
 403,96;18399,544;  220,819;28866,323;63,46101
 404,55;18582,100;  224,826;28737,408;64,38306
 405,14;18596,643;  214,686;28590,262;64,78091
 405,73;18759,788;  223,688;28460,261;65,64571
 406,32;18921,594;  226,561;28439,831;66,26326
 406,91;18911,268;  222,888;28051,176;67,15606
 407,50;19005,066;  233,397;27885,955;67,88402
 408,09;18982,285;  199,914;27519,244;68,75121
 408,68;19089,264;  216,822;27407,573;69,40758
 409,27;19104,774;  203,611;27184,332;70,05433
 409,86;19113,420;  214,194;26963,467;70,65323
 410,45;19312,324;  245,386;26892,896;71,55242
 411,04;19450,381;  254,194;26825,042;72,24529
 411,63;19293,323;  239,245;26454,305;72,68371
 412,22;19342,985;  236,983;26181,055;73,64303
 412,81;19210,785;  248,845;25852,388;74,05983
 413,40;19095,632;  256,482;25492,080;74,65308
 413,99;18990,365;  300,244;25065,382;75,46948
 414,58;18838,861;  230,633;24623,115;76,28674
 415,17;18790,777;  237,999;24339,435;76,97790
 415,76;18838,057;  227,443;24224,896;77,55245
 416,35;18904,517;  228,683;23937,803;78,77068
 416,94;18994,466;  254,678;24051,686;78,74850
 417,53;19442,045;  227,770;24292,628;79,84371
 418,12;19687,157;  232,082;24383,438;80,55479
 418,71;20177,568;  256,790;24860,397;80,96690
 419,30;20459,068;  246,699;24968,470;81,75939
 419,89;20799,431;  223,010;25135,525;82,59472
 420,48;21199,886;  255,252;25478,878;83,03578
 421,07;21453,736;  247,640;25620,321;83,57846
 421,66;21531,500;  216,496;25646,264;83,81911
 422,25;21622,255;  228,590;25592,673;84,34630
 422,84;21715,441;  261,517;25527,800;84,91128
 423,43;21562,794;  236,509;25232,040;85,32039
 424,02;21522,029;  259,282;24872,944;86,38595
 424,60;21161,295;  237,766;24363,300;86,72773
 425,19;20982,407;  245,831;23974,682;87,38972
 425,78;21114,434;  255,679;23951,779;88,02611
 426,37;21126,618;  258,456;23789,385;88,68397
 426,96;21136,842;  245,302;23649,740;89,26316
 427,55;21082,166;  243,545;23412,611;89,94157
 428,14;20964,339;  224,243;23232,847;90,14061
 428,73;20918,947;  231,617;22975,895;90,95620
 429,32;21057,497;  262,608;22932,162;91,73047
 429,91;21111,345;  266,310;22943,828;91,91939
 430,50;21093,286;  261,778;22755,783;92,60916
 431,08;20976,116;  267,477;22570,407;92,85165
 431,67;21014,096;  310,329;22488,042;93,35393
 432,26;20933,689;  331,180;22151,918;94,41711
 432,85;20554,264;  348,563;21789,120;94,24056
 433,44;20312,043;  362,110;21347,251;95,06695
 434,03;19984,581;  365,506;20946,123;95,32793
 434,62;19622,458;  318,957;20417,157;96,04592
 435,21;19547,913;  340,333;20272,631;96,36411
 435,79;19431,144;  322,579;20002,340;97,09755
 436,38;19327,945;  326,897;19925,091;96,95306
 436,97;19285,514;  325,437;19817,408;97,27121
 437,56;19162,386;  314,992;19562,777;97,91980
 438,15;19261,761;  290,680;19476,971;98,87831
 438,74;19319,766;  313,605;19481,053;99,15853
 439,33;19398,611;  287,757;19497,165;99,48695
 439,91;19475,467;  245,303;19573,117;99,49477
 440,50;19671,858;  306,303;19638,558;100,17225
 441,09;19851,038;  288,544;19760,150;100,46677
 441,68;19947,452;  282,322;19706,655;101,23967
 442,27;19948,991;  270,011;19745,945;101,04255
 442,86;20071,915;  245,955;19721,175;101,80096
 443,44;20087,402;  261,104;19793,776;101,50325
 444,03;20377,628;  328,878;19820,061;102,86061
 444,62;20378,764;  264,647;19679,318;103,60267
 445,21;20108,487;  269,568;19445,079;103,45966
 445,80;20113,368;  289,118;19372,359;103,88303
 446,39;19879,163;  337,962;19011,849;104,64453
 446,97;19760,116;  250,821;18840,960;104,94432
 447,56;19415,247;  257,215;18524,084;104,87858
 448,15;19326,875;  260,282;18337,402;105,47362
 448,74;19103,381;  280,514;18026,394;106,06894
 449,33;18825,053;  259,983;17866,055;105,44697
 449,91;18693,248;  251,455;17570,442;106,48310
 450,50;18468,153;  259,991;17297,350;106,87198
 451,09;18413,326;  285,839;17226,339;107,00680
 451,68;18289,304;  300,997;17102,804;107,06174
 452,26;18263,576;  283,772;17030,593;107,36249
 452,85;18100,953;  268,230;16936,648;106,98509
 453,44;18187,743;  290,014;16939,936;107,49437
 454,03;18214,286;  256,390;16846,173;108,24672
 454,61;18189,563;  250,169;16820,266;108,26367
 455,20;18466,947;  277,174;17078,617;108,26316
 455,79;18507,787;  289,165;16986,449;109,11129
 456,38;18635,236;  296,567;17164,678;108,71798
 456,97;18836,361;  266,026;17172,028;109,84463
 457,55;18799,379;  273,725;17172,291;109,62856
 458,14;18866,387;  286,409;17167,825;110,06173
 458,73;18790,892;  283,264;17100,544;110,05126
 459,31;18920,122;  312,042;17137,143;110,59713
 459,90;19038,756;  316,422;17295,920;110,26436
 460,49;19147,818;  364,958;17361,483;110,51000
 461,08;19286,757;  279,970;17441,739;110,75075
 461,66;19511,870;  281,504;17518,719;111,56307
 462,25;19554,680;  282,128;17645,449;110,99577
 462,84;19658,501;  315,740;17659,377;111,52655
 463,43;19662,695;  252,676;17615,201;111,79261
 464,01;19623,201;  279,989;17602,723;111,66374
 464,60;19578,188;  335,211;17568,320;111,66283
 465,19;19316,915;  270,376;17198,651;112,51318
 465,77;19185,264;  283,765;17229,824;111,53920
 466,36;19088,866;  312,984;17093,712;111,88955
 466,95;18726,508;  293,062;16713,962;112,25600
 467,53;18314,182;  288,694;16421,750;111,73015
 468,12;17987,449;  316,849;16087,943;112,04423
 468,71;17658,771;  296,300;15790,389;112,05868
 469,29;17318,434;  272,850;15529,832;111,72317
 469,88;17065,416;  273,316;15166,261;112,75205
 470,47;17143,349;  345,017;15330,777;112,09530
 471,06;17102,387;  297,402;15300,251;112,01196
 471,64;17295,837;  298,169;15390,728;112,62284
 472,23;17315,293;  275,262;15451,756;112,27910
 472,81;17438,979;  270,331;15582,845;112,12168
 473,40;17609,894;  278,186;15703,080;112,36192
 473,99;17951,698;  372,724;15886,104;113,31492
 474,57;18025,164;  285,724;16111,606;112,09132
 475,16;18284,404;  299,487;16293,259;112,44950
 475,75;18449,874;  322,884;16323,869;113,28672
 476,33;18443,665;  314,275;16490,199;112,07638
 476,92;18554,368;  308,033;16548,808;112,34892
 477,51;18725,948;  310,580;16611,204;112,97339
 478,09;18709,633;  306,503;16621,328;112,80005
 478,68;18571,424;  305,352;16593,948;112,14025
 479,27;18690,587;  338,884;16548,293;113,21636
 479,85;18615,096;  318,275;16619,600;112,24131
 480,44;18797,072;  302,355;16731,357;112,57358
 481,02;20745,171;  312,515;18562,738;111,95839
 481,61;23352,569;  343,127;20852,679;112,18890
 482,20;24938,104;  334,207;22219,373;112,42271
 482,78;25923,241;  356,507;23124,545;112,29221
 483,37;26605,897;  342,908;23711,206;112,38725
 483,95;27014,168;  374,295;24099,851;112,28345
 484,54;27254,825;  382,434;24269,195;112,49910
 485,13;27104,699;  355,841;24152,213;112,40729
 485,71;26834,062;  326,223;23848,593;112,69204
 486,30;26363,593;  377,915;23463,717;112,56130
 486,88;25813,567;  413,532;23027,458;112,32032
 487,47;24879,848;  387,919;22239,507;112,08306
 488,05;23686,149;  380,461;21146,391;112,23041
 488,64;21927,205;  369,775;19587,667;112,17375
 489,23;19333,053;  381,232;17362,008;111,60751
 489,81;16491,446;  380,003;14888,772;111,04624
 490,40;15749,347;  335,928;14300,400;110,37595
 490,98;15437,491;  316,777;13995,218;110,54413
 491,57;15267,206;  340,156;13902,419;110,06312
 492,15;15162,056;  325,624;13829,391;109,86884
 492,74;15034,488;  326,308;13651,066;110,38234
 493,32;14860,400;  345,392;13579,669;109,67738
 493,91;14689,469;  317,089;13407,144;109,79618
 494,50;14618,765;  330,793;13387,330;109,43156
 495,08;14462,598;  317,947;13341,859;108,60524
 495,67;14422,494;  339,780;13260,352;108,99451
 496,25;14308,184;  278,326;13179,140;108,75172
 496,84;14211,345;  276,626;13171,008;108,06814
 497,42;14099,947;  279,866;13083,075;107,94232
 498,01;14042,298;  311,474;12980,017;108,38518
 498,59;13844,614;  275,714;12968,559;106,90196
 499,18;13803,244;  272,474;12887,124;107,26236
 499,76;13677,963;  299,941;12776,083;107,22884
 500,35;13410,423;  282,412;12581,990;106,73546
 500,93;13253,755;  284,943;12532,293;105,89077
 501,52;13177,373;  276,329;12419,462;106,24148
 502,10;13071,139;  288,801;12366,037;105,83828
 502,69;12875,345;  272,729;12183,358;105,80982
 503,27;12605,880;  249,025;11948,958;105,61475
 503,86;12454,518;  267,496;11872,356;105,01653
 504,44;12284,346;  255,346;11743,246;104,71017
 505,03;11944,671;  234,269;11415,450;104,73314
 505,61;11809,571;  269,037;11260,394;104,99644
 506,19;11532,053;  272,423;11047,691;104,49512
 506,78;11304,631;  240,509;10842,267;104,36121
 507,36;11136,546;  255,653;10682,725;104,35233
 507,95;10870,194;  248,820;10513,057;103,47943
 508,53;10748,757;  257,739;10371,812;103,72694
 509,12;10480,157;  262,434;10229,633;102,51348
 509,70;10321,183;  275,129;10006,678;103,23180
 510,29;10110,151;  275,287; 9834,123;102,88767
 510,87; 9895,338;  250,508; 9618,789;102,95197
 511,46; 9673,431;  243,049; 9467,506;102,23237
 512,04; 9445,597;  245,669; 9264,610;102,00675
 512,62; 9252,346;  260,895; 9084,707;101,89985
 513,21; 9079,650;  236,057; 8856,213;102,59203
 513,79; 8832,781;  240,763; 8741,200;101,07736
 514,38; 8621,058;  234,527; 8571,585;100,59341
 514,96; 8522,940;  272,680; 8452,275;100,86392
 515,54; 8334,870;  231,914; 8307,988;100,33286
 516,13; 8172,810;  260,069; 8148,603;100,30687
 516,71; 7994,319;  242,536; 8028,371;99,56263
 517,30; 7830,838;  239,541; 7918,211;98,86214
 517,88; 7715,912;  264,310; 7867,913;98,00093
 518,46; 7549,420;  238,928; 7656,306;98,55898
 519,05; 7470,983;  246,470; 7638,173;97,73814
 519,63; 7406,051;  262,083; 7514,332;98,50694
 520,22; 7298,617;  262,784; 7445,821;97,95067
 520,80; 7101,179;  247,939; 7367,466;96,25977
 521,38; 7113,682;  286,317; 7353,614;96,60503
 521,97; 7004,280;  257,097; 7281,333;96,05576
 522,55; 6932,535;  259,558; 7301,951;94,75440
 523,13; 6898,518;  243,100; 7235,508;95,18064
 523,72; 6804,802;  239,927; 7222,778;94,01425
 524,30; 6931,728;  277,796; 7389,177;93,56737
 524,89; 6925,458;  238,405; 7373,054;93,72644
 525,47; 7008,290;  272,720; 7507,848;93,09537
 526,05; 6985,170;  212,414; 7542,206;92,40039
 526,64; 7103,104;  250,031; 7702,114;91,96186
 527,22; 7207,049;  264,105; 7826,905;91,80387
 527,80; 7270,818;  299,262; 7936,589;91,28268
 528,39; 7298,144;  236,726; 8079,245;90,04017
 528,97; 7443,352;  255,879; 8216,036;90,29310
 529,55; 7575,323;  264,792; 8398,070;89,88419
 530,14; 7686,453;  275,498; 8635,518;88,64757
 530,72; 7801,652;  244,110; 8740,621;88,94877
 531,30; 7865,477;  226,268; 8917,086;87,89976
 531,89; 7923,673;  253,576; 8952,678;88,17113
 532,47; 7982,160;  292,270; 9083,493;87,47236
 533,05; 7976,518;  280,646; 9093,388;87,32664
 533,63; 7994,631;  275,963; 9189,539;86,59452
 534,22; 8005,299;  262,887; 9244,228;86,20552
 534,80; 8049,279;  287,277; 9288,247;86,23517
 535,38; 8133,168;  364,423; 9440,343;85,59733
 535,97; 8003,419;  270,809; 9341,255;85,25060
 536,55; 8030,397;  311,509; 9435,865;84,59653
 537,13; 7973,960;  333,960; 9437,408;83,92425
 537,71; 8001,090;  379,190; 9454,224;83,98756
 538,30; 8000,419;  408,196; 9552,939;83,02282
 538,88; 8044,708;  442,052; 9663,564;82,44478
 539,46; 8193,073;  505,815; 9877,097;82,02995
 540,05; 8229,793;  521,434;10009,619;81,24166
 540,63; 8305,762;  584,127;10211,816;80,20237
 541,21; 8443,569;  616,131;10360,128;80,33088
 541,79; 8514,612;  666,284;10492,643;79,87014
 542,38; 8584,539;  694,510;10649,590;79,25631
 542,96; 8685,002;  715,597;10826,563;78,81942
 543,54; 8816,332;  723,514;11076,303;78,17042
 544,12; 8892,065;  690,747;11230,716;77,81159
 544,70; 8922,904;  678,597;11332,472;77,38317
 545,29; 9072,011;  691,895;11467,071;77,77242
 545,87; 9044,535;  657,515;11489,259;77,43000
 546,45; 9000,690;  609,972;11481,138;77,18323
 547,03; 9054,655;  562,667;11594,568;76,97666
 547,62; 9063,583;  537,593;11769,522;75,90851
 548,20; 9249,842;  539,442;12006,276;75,96168
 548,78; 9242,659;  483,377;12138,565;75,15350
 549,36; 9384,248;  441,684;12306,161;75,37259
 549,94; 9471,630;  400,210;12432,658;75,39131
 550,53; 9591,812;  414,451;12694,266;74,73534
 551,11; 9660,695;  380,149;12908,400;74,07695
 551,69; 9828,185;  393,683;13245,145;73,41190
 552,27;10012,175;  344,679;13473,800;73,63399
 552,85;10257,626;  355,302;13872,891;73,25510
 553,44;10459,175;  351,529;14212,740;72,92036
 554,02;10689,841;  353,916;14576,943;72,67036
 554,60;10890,779;  295,842;14918,302;72,45659
 555,18;11129,290;  330,914;15274,523;72,26083
 555,76;11272,781;  312,301;15730,070;71,08992
 556,34;11591,260;  318,539;16110,744;71,38155
 556,93;11849,695;  304,453;16524,255;71,17992
 557,51;11956,750;  287,693;16869,583;70,37229
 558,09;12241,719;  304,761;17256,566;70,41704
 558,67;12453,515;  307,158;17648,534;70,04264
 559,25;12590,993;  323,310;18007,696;69,37014
 559,83;12758,369;  302,546;18345,401;69,03466
 560,41;12923,248;  289,229;18728,400;68,51728
 561,00;13114,627;  307,235;19116,480;68,09094
 561,58;13199,766;  290,921;19327,438;67,81096
 562,16;13405,594;  272,303;19675,550;67,68605
 562,74;13533,585;  278,839;20110,555;66,83610
 563,32;13736,992;  265,930;20529,970;66,47767
 563,90;13968,071;  287,004;20949,892;66,21082
 564,48;14125,774;  296,613;21437,903;65,41304
 565,06;14469,911;  306,927;22127,297;64,90717
 565,65;14864,878;  292,628;22876,478;64,52509
 566,23;15363,449;  340,697;23727,092;64,23714
 566,81;15784,154;  287,617;24510,726;63,97419
 567,39;16347,637;  300,932;25535,594;63,58993
 567,97;16657,051;  314,234;26144,826;63,26923
 568,55;17157,467;  336,622;27166,415;62,69465
 569,13;17474,630;  283,697;27917,393;62,21004
 569,71;18106,986;  294,687;29013,811;62,02243
 570,29;18679,762;  334,992;30096,389;61,63948
 570,87;19086,592;  325,225;30941,688;61,27869
 571,45;19487,914;  325,235;31609,363;61,25368
 572,03;19678,699;  293,548;32143,868;60,86328
 572,61;19916,996;  281,699;32967,164;60,07348
 573,20;20294,581;  314,924;33617,830;59,99374
 573,78;20505,240;  289,699;34373,559;59,31118
 574,36;20801,902;  325,698;34919,934;59,18964
 574,94;20884,068;  382,550;35314,064;58,69061
 575,52;20803,610;  316,019;35552,524;58,14309
 576,10;21104,969;  373,554;36194,068;57,87582
 576,68;21388,339;  361,548;36853,640;57,62013
 577,26;21560,397;  385,714;37576,642;56,93508
 577,84;21698,206;  381,083;38161,201;56,42418
 578,42;21711,231;  431,244;38459,829;55,95787
 579,00;21650,950;  385,238;38593,378;55,65754
 579,58;21651,694;  424,627;38834,084;55,26521
 580,16;21473,471;  396,553;38808,644;54,87053
 580,74;21487,561;  389,476;39054,038;54,56698
 581,32;21263,539;  382,781;39009,879;54,05728
 581,90;21127,768;  424,399;38879,547;53,83771
 582,48;21057,873;  422,091;39172,617;53,25291
 583,06;20961,739;  416,473;39180,820;53,00042
 583,64;20808,187;  412,703;39283,271;52,47025
 584,22;20601,374;  430,328;39106,817;52,15325
 584,80;20245,797;  420,167;38681,591;51,81624
 585,38;19788,719;  448,538;38295,908;51,10046
 585,96;19651,113;  404,085;38219,578;50,89720
 586,54;19552,508;  443,942;38282,212;50,50063
 587,12;19388,221;  402,862;38389,415;49,97916
 587,70;19406,049;  422,778;38481,587;49,87878
 588,28;19178,228;  406,401;38511,753;49,26297
 588,86;19146,489;  413,479;38590,685;49,06857
 589,44;19020,862;  386,333;38608,623;48,75304
 590,02;18932,931;  397,946;38838,781;48,21691
 590,59;18845,498;  371,172;38986,654;47,84176
 591,17;18820,005;  375,033;39198,637;47,50968
 591,75;18737,059;  368,105;39290,821;47,19340
 592,33;18654,442;  373,642;39535,318;46,68033
 592,91;18651,647;  331,262;39761,511;46,46277
 593,49;18694,217;  333,420;40143,947;46,12046
 594,07;18571,283;  355,497;40314,081;45,58667
 594,65;18456,882;  365,789;40319,988;45,27958
 595,23;18555,732;  366,100;40693,046;45,10540
 595,81;18485,380;  349,025;40809,044;44,82537
 596,39;18348,666;  342,564;40992,723;44,29528
 596,97;18259,381;  338,801;41258,565;43,79444
 597,55;18099,684;  340,714;41009,756;43,66705
 598,12;17917,096;  317,960;41111,099;43,14239
 598,70;17878,530;  302,033;41148,397;43,03075
 599,28;17786,813;  340,187;41411,393;42,47897
 599,86;17631,971;  309,955;41385,203;42,17142
 600,44;17442,458;  293,727;41535,941;41,58053
 601,02;17416,544;  339,198;41604,867;41,38391
 601,60;17191,069;  325,798;41550,610;40,91049
 602,18;17099,810;  299,806;41552,575;40,72455
 602,75;16938,905;  298,563;41554,189;40,33472
 603,33;16817,079;  306,264;41695,494;39,89157
 603,91;16644,498;  298,656;41529,371;39,64482
 604,49;16583,005;  323,495;41744,637;39,25413
 605,07;16448,989;  343,490;41730,390;38,91448
 605,65;16276,286;  344,189;41855,071;38,38053
 606,23;16190,884;  419,095;41953,782;37,97257
 606,80;16103,409;  477,178;41965,396;37,66426
 607,38;15901,685;  518,193;41963,994;37,11713
 607,96;15801,245;  578,332;42048,453;36,70815
 608,54;15728,021;  655,958;42069,663;36,39390
 609,12;15595,846;  639,640;42163,546;36,01830
 609,70;15461,293;  687,263;42148,033;35,63376
 610,27;15245,700;  696,254;42161,704;35,08812
 610,85;15189,272;  728,109;42298,070;34,78753
 611,43;15011,436;  731,187;42209,423;34,42829
 612,01;14714,025;  677,104;42004,002;33,96558
 612,59;14645,737;  686,724;42054,983;33,74329
 613,16;14466,794;  639,020;42004,917;33,42796
 613,74;14304,131;  607,879;41892,490;33,17520
 614,32;14121,622;  551,343;41874,679;32,83926
 614,90;13944,257;  507,722;41710,583;32,61068
 615,48;13672,932;  443,637;41340,037;32,34831
 616,05;13499,410;  417,327;41362,814;31,95000
 616,63;13358,657;  428,940;41107,745;31,78490
 617,21;13189,221;  418,562;41058,193;31,42415
 617,79;13014,890;  395,333;40977,077;31,09663
 618,36;12904,569;  409,490;40879,443;30,87495
 618,94;12629,383;  349,561;40506,197;30,57981
 619,52;12478,254;  374,864;40246,952;30,35555
 620,10;12311,548;  360,102;40224,335;29,98037
 620,67;12179,248;  363,940;40124,050;29,71649
 621,25;12040,513;  390,106;39896,483;29,48994
 621,83;11911,554;  351,253;39866,016;29,25565
 622,41;11818,687;  400,868;39882,361;28,91942
 622,98;11592,954;  365,325;39627,033;28,59689
 623,56;11457,476;  367,939;39583,188;28,27864
 624,14;11321,172;  348,031;39486,502;28,03671
 624,72;11192,946;  339,561;39336,969;27,83104
 625,29;11118,451;  332,862;39395,800;27,61080
 625,87;10994,232;  374,564;39315,101;27,27150
 626,45;10823,337;  327,015;39105,145;27,06763
 627,02;10681,844;  337,642;38977,060;26,77111
 627,60;10594,294;  323,419;39002,921;26,55379
 628,18;10475,692;  304,024;39022,700;26,27070
 628,76;10387,275;  309,941;39026,274;26,02864
 629,33;10310,615;  335,328;39137,683;25,70794
 629,91;10167,241;  317,794;39047,566;25,43120
 630,49;10165,938;  358,096;39197,640;25,25221
 631,06;10139,075;  336,941;39275,641;25,17324
 631,64; 9997,966;  322,477;39242,001;24,86025
 632,22; 9826,326;  291,628;39338,237;24,41876
 632,79; 9864,147;  318,859;39573,157;24,31654
 633,37; 9752,898;  295,259;39474,226;24,13958
 633,95; 9626,523;  300,707;39608,333;23,72521
 634,52; 9575,243;  280,637;39778,026;23,53220
 635,10; 9503,542;  288,409;39761,510;23,34535
 635,68; 9500,651;  294,858;39941,518;23,21959
 636,25; 9351,708;  281,392;39949,384;22,86558
 636,83; 9322,583;  280,941;40174,351;22,66450
 637,41; 9274,051;  277,088;40236,322;22,51535
 637,98; 9283,380;  302,549;40428,874;22,38139
 638,56; 9159,541;  289,237;40563,656;22,02466
 639,13; 9100,105;  288,324;40587,813;21,86574
 639,71; 9050,086;  323,326;40792,815;21,56380
 640,29; 8903,021;  250,634;40492,388;21,50102
 640,86; 8879,199;  261,557;40670,603;21,32602
 641,44; 8719,762;  275,173;40661,895;20,90932
 642,02; 8692,864;  304,942;40628,879;20,80135
 642,59; 8603,735;  258,019;40850,632;20,55969
 643,17; 8564,221;  266,404;40893,616;20,42428
 643,74; 8412,476;  263,866;40884,446;20,06030
 644,32; 8356,116;  298,789;40771,276;19,90816
 644,89; 8269,294;  293,174;40824,414;19,67894
 645,47; 8239,165;  308,790;40873,860;19,54976
 646,05; 8109,574;  290,252;40709,459;19,34556
 646,62; 8050,137;  281,329;40667,597;19,23626
 647,20; 8006,546;  297,406;40834,043;19,01771
 647,77; 7859,571;  268,022;40700,488;18,77588
 648,35; 7757,519;  262,406;40662,934;18,55202
 648,92; 7700,774;  281,022;40673,072;18,36934
 649,50; 7588,875;  250,330;40562,748;18,20418
 650,08; 7504,285;  252,176;40433,501;18,04845
 650,65; 7511,155;  271,715;40672,485;17,91906
 651,23; 7579,872;  241,792;41625,239;17,73192
 651,80; 7691,820;  249,485;42686,530;17,53735
 652,38; 7683,460;  268,562;43115,284;17,30564
 652,95; 7705,023;  228,255;43540,806;17,26236
 653,53; 7683,663;  268,870;43811,713;17,02873
 654,10; 7709,610;  292,409;44030,774;16,95811
 654,68; 7575,481;  254,717;43932,066;16,76101
 655,25; 7554,736;  237,948;43918,511;16,75067
 655,83; 7478,915;  249,333;44067,880;16,49891
 656,40; 7450,478;  276,256;44095,710;16,37223
 656,98; 7333,041;  250,718;43958,925;16,20365
 657,55; 7255,219;  267,487;43774,294;16,06124
 658,13; 7167,398;  248,411;43248,124;16,09078
 658,70; 7047,192;  270,488;42924,415;15,88764
 659,28; 6774,524;  271,642;41800,015;15,65889
 659,85; 6587,471;  277,950;41111,307;15,45188
 660,43; 6557,111;  284,642;41146,444;15,35045
 661,00; 6463,828;  263,489;41329,352;15,09852
 661,58; 6470,160;  255,566;41576,259;15,03991
 662,15; 6446,570;  242,412;41733,166;14,95311
 662,73; 6493,979;  330,643;42125,765;14,74654
 663,30; 6431,542;  268,336;42366,595;14,64005
 663,88; 6452,874;  270,028;42426,887;14,66629
 664,45; 6434,591;  254,644;42750,025;14,54263
 665,03; 6412,385;  262,952;43118,394;14,34925
 665,60; 6535,486;  335,645;43618,839;14,32390
 666,17; 6424,588;  255,337;43668,285;14,21062
 666,75; 6440,997;  252,107;44082,730;14,12001
 667,32; 6471,868;  278,722;44412,945;14,03252
 667,90; 6457,815;  270,415;44652,775;13,94113
 668,47; 6436,917;  285,338;45028,605;13,74861
 669,05; 6425,326;  254,877;45230,974;13,71940
 669,62; 6366,889;  240,415;45445,266;13,55269
 670,19; 6390,221;  250,262;45426,788;13,59104
 670,77; 6376,784;  258,570;45669,388;13,47303
 671,34; 6305,655;  239,416;45574,449;13,38091
 671,92; 6324,141;  237,186;45965,125;13,31124
 672,49; 6338,550;  268,878;45987,032;13,27628
 673,06; 6236,806;  221,494;46023,093;13,13341
 673,64; 6253,369;  237,340;46026,385;13,13858
 674,21; 6197,009;  227,417;45941,215;13,05862
 674,79; 6223,572;  265,725;46187,584;12,97388
 675,36; 6194,827;  264,649;46322,644;12,87546
 675,93; 6111,851;  233,034;46178,859;12,79511
 676,51; 6084,414;  254,649;46308,997;12,65845
 677,08; 6079,439;  259,496;46503,827;12,58520
 677,65; 6078,694;  256,265;46552,888;12,57636
 678,23; 6067,796;  257,419;46751,334;12,49707
 678,80; 6053,282;  248,650;46858,087;12,45377
 679,38; 6019,076;  247,266;47109,840;12,31646
 679,95; 6038,177;  252,881;47317,747;12,29218
 680,52; 6067,894;  248,112;47656,885;12,27575
 681,10; 6051,149;  275,036;48104,254;12,07654
 681,67; 6113,251;  256,574;48320,699;12,18513
 682,24; 6058,506;  225,190;48404,530;12,10751
 682,82; 6066,685;  235,806;48952,668;11,96891
 683,39; 6194,940;  295,191;49430,421;12,00717
 683,96; 6152,041;  249,114;49508,405;11,98338
 684,54; 6175,758;  222,268;49864,004;11,99291
 685,11; 6220,014;  271,653;50262,527;11,89889
 685,68; 6219,346;  244,499;50754,895;11,82894
 686,25; 6219,063;  233,346;50844,418;11,82689
 686,83; 6211,626;  244,654;51055,017;11,74361
 687,40; 6256,343;  224,500;51346,694;11,79887
 687,97; 6288,213;  275,731;51750,139;11,68053
 688,55; 6237,700;  224,347;51804,892;11,65818
 689,12; 6323,493;  199,347;52041,107;11,81315
 689,69; 6300,902;  225,578;52085,783;11,71481
 690,26; 6327,081;  238,424;52170,768;11,72421
 690,84; 6326,336;  233,348;52441,982;11,67046
 691,41; 6302,745;  252,809;52486,197;11,58251
 691,98; 6334,155;  245,425;52829,643;11,57901
 692,56; 6324,102;  229,271;52997,857;11,55011
 693,13; 6400,742;  287,579;52920,534;11,61471
 693,70; 6373,844;  262,349;53043,979;11,57883
 694,27; 6334,330;  241,503;53282,963;11,48691
 694,84; 6351,200;  231,657;53357,640;11,51893
 695,42; 6422,533;  283,965;53472,855;11,54107
 695,99; 6374,173;  250,734;53747,223;11,44643
 696,56; 6396,120;  241,889;53559,361;11,54262
 697,13; 6460,991;  261,966;53951,114;11,54614
 697,71; 6433,708;  229,043;53976,483;11,54411
 698,28; 6437,425;  243,197;54357,159;11,44664
 698,85; 6447,988;  208,890;54387,066;11,51589
 699,42; 6464,397;  218,505;54574,973;11,49061
 699,99; 6478,345;  255,659;54751,188;11,41871
 700,57; 6496,908;  251,429;54712,941;11,46769
 701,14; 6491,778;  237,660;54894,310;11,44256
 701,71; 6566,188;  261,583;55089,140;11,49897
 702,28; 6541,366;  249,660;55203,124;11,44915
 702,85; 6577,544;  258,968;55134,724;11,51433
 703,43; 6611,415;  269,199;55389,092;11,50622
 704,00; 6679,132;  276,892;55671,230;11,55757
 704,57; 6659,233;  259,892;55673,368;11,54835
 705,14; 6737,412;  286,354;55892,198;11,60140
 705,71; 6718,975;  296,585;55932,028;11,54370
 706,28; 6684,461;  260,123;55763,397;11,57470
 706,86; 6808,793;  297,585;56023,227;11,68440
 707,43; 6780,049;  316,355;55914,288;11,62578
 708,00; 6809,304;  290,509;56106,503;11,67908
 708,57; 6756,867;  255,048;55978,949;11,66792
 709,14; 6816,507;  285,586;56030,394;11,71575
 709,71; 6887,224;  270,279;56060,917;11,86031
 710,28; 6901,787;  264,894;56358,516;11,83181
 710,86; 6939,042;  265,895;56390,423;11,88989
 711,43; 6993,144;  296,126;56437,638;11,92882
 712,00; 6960,937;  276,818;56659,237;11,85497
 712,57; 7065,577;  282,126;56759,375;12,01094
 713,14; 7083,063;  262,973;56867,513;12,04866
 713,71; 7099,626;  272,050;56818,343;12,07431
 714,28; 7124,959;  257,588;56919,404;12,11993
 714,85; 7137,060;  242,050;56565,004;12,24192
 715,42; 7157,854;  242,358;56728,757;12,24276
 716,00; 7241,571;  316,820;56924,125;12,23296
 716,57; 7275,288;  246,282;56951,802;12,39563
 717,14; 7256,697;  229,974;56936,170;12,39145
 717,71; 7283,721;  230,821;56957,693;12,43309
 718,28; 7390,131;  278,898;57090,138;12,51730
 718,85; 7370,540;  222,821;57116,123;12,56337
 719,42; 7409,257;  257,360;57282,953;12,54156
 719,99; 7410,435;  231,745;57033,706;12,63810
 720,56; 7471,690;  256,360;57311,613;12,64622
 721,13; 7540,407;  232,668;57520,982;12,75607
 721,70; 7534,586;  239,822;57310,581;12,78196
 722,27; 7556,610;  258,976;57399,027;12,77149
 722,84; 7648,327;  299,823;57566,780;12,83201
 723,41; 7656,198;  226,131;57493,072;12,97444
 723,98; 7688,607;  239,823;57758,517;12,95020
 724,55; 7796,093;  264,824;57882,194;13,07118
 725,12; 7756,656;  205,285;57881,947;13,09259
 725,69; 7880,450;  228,670;57941,777;13,25830
 726,27; 7917,628;  246,132;57932,069;13,29873
 726,84; 8041,345;  246,978;58437,283;13,39461
 727,41; 8017,139;  251,671;58343,037;13,36768
 727,98; 8102,856;  259,364;58616,559;13,44049
 728,55; 8125,496;  276,748;58480,851;13,48487
 729,12; 8162,905;  228,364;58644,450;13,58280
 729,69; 8213,930;  273,287;58787,204;13,57052
 730,26; 8280,569;  273,365;58986,572;13,63783
 730,82; 8329,056;  253,365;58801,325;13,79329
 731,39; 8416,465;  237,750;59025,694;13,91223
 731,96; 8484,874;  226,058;59327,140;13,97405
 732,53; 8562,822;  248,673;59445,739;14,04487
 733,10; 8660,538;  270,904;59478,262;14,16992
 733,67; 8699,871;  256,674;59837,399;14,17102
 734,24; 8679,588;  234,982;59425,922;14,26672
 734,81; 8788,766;  279,213;59498,291;14,36961
 735,38; 8794,944;  257,136;59310,813;14,45771
 735,95; 8781,661;  247,213;59091,028;14,50356
 736,52; 8835,686;  265,598;59294,627;14,51843
 737,09; 8886,480;  259,906;58937,919;14,70154
 737,66; 9006,196;  308,368;59125,672;14,78787
 738,23; 8980,298;  241,753;59219,425;14,81670
 738,80; 9163,169;  325,753;59585,717;14,91296
 739,37; 9209,347;  288,599;59725,470;15,00878
 739,94; 9262,679;  264,676;59793,685;15,11532
 740,51; 9379,935;  378,138;59844,131;15,13772
 741,07; 9343,575;  253,908;59775,346;15,27125
 741,64; 9462,676;  295,908;59983,022;15,35804
 742,21; 9539,778;  261,600;60014,391;15,52760
 742,78; 9546,033;  235,678;59743,298;15,64565
 743,35; 9635,057;  248,986;60057,512;15,69353
 743,92; 9708,467;  295,524;60245,266;15,70139
 744,49; 9786,337;  282,063;60010,250;15,91254
 745,06; 9788,362;  247,909;60085,464;15,94392
 745,63; 9885,079;  238,217;60007,141;16,14026
 746,19; 9971,180;  251,833;59962,356;16,27744
 746,76;10001,820;  256,602;60007,032;16,30987
 747,33;10094,768;  250,141;60026,247;16,46917
 747,90;10214,639;  280,911;60227,462;16,57098
 748,47;10209,586;  259,449;60168,984;16,60860
 749,04;10254,380;  265,296;60147,583;16,68120
 749,61;10349,712;  294,911;60038,337;16,82997
 750,17;10440,352;  285,758;60183,090;16,95333
 750,74;10463,761;  270,912;60067,997;17,04573
 751,31;10490,555;  243,835;60065,443;17,12879
 751,88;10492,810;  241,143;59910,196;17,18088
 752,45;10607,220;  258,143;60081,718;17,29933
 753,02;10675,706;  278,836;59896,625;17,43921
 753,58;10702,346;  233,913;59817,763;17,56925
 754,15;10810,832;  247,990;59950,286;17,69252
 754,72;10797,241;  240,375;59794,270;17,72658
 755,29;10818,727;  234,221;59679,792;17,80537
 755,86;10936,598;  253,222;59764,930;17,95172
 756,42;11031,930;  255,145;59646,837;18,14527
 756,99;11030,878;  217,299;59707,821;18,17698
 757,56;11127,671;  228,145;59525,421;18,38116
 758,13;11118,773;  191,300;59519,174;18,41878
 758,70;11265,874;  218,992;59516,312;18,62965
 759,26;11348,745;  204,069;59594,065;18,76524
 759,83;11423,693;  218,685;59743,126;18,82421
 760,40;11409,871;  204,608;59452,187;18,91261
 760,97;11492,434;  192,224;59546,094;19,03871
 761,53;11520,997;  191,609;59311,001;19,16357
 762,10;11564,868;  187,378;59170,831;19,28929
 762,67;11636,662;  214,148;59106,969;19,39543
 763,24;11607,994;  182,225;58661,107;19,53828
 763,80;11709,557;  201,687;58829,168;19,62880
 764,37;11790,659;  211,225;58747,614;19,78160
 764,94;11762,222;  187,379;58355,444;19,89896
 765,50;11837,708;  197,303;58250,889;20,05114
 766,07;11933,732;  233,226;58263,720;20,16269
 766,64;11966,372;  209,996;57982,396;20,34947
 767,21;12005,012;  222,150;57950,688;20,41081
 767,77;12113,191;  223,535;57757,210;20,66556
 768,34;12130,677;  243,996;57835,963;20,63948
 768,91;12166,317;  241,689;57543,101;20,81036
 769,47;12223,880;  240,920;57486,085;20,93270
 770,04;12300,443;  254,151;57440,992;21,06480
 770,61;12289,544;  231,382;57224,361;21,15728
 771,18;12377,184;  222,151;57047,268;21,39025
 771,74;12429,670;  237,459;57235,406;21,39061
 772,31;12455,310;  244,767;56999,467;21,51459
 772,88;12487,873;  209,152;56754,451;21,71484
 773,44;12565,052;  218,614;56536,589;21,92273
 774,01;12605,999;  239,537;56613,342;21,93654
 774,58;12663,639;  222,153;56296,711;22,18740
 775,14;12665,433;  210,999;56412,464;22,16034
 775,71;12838,150;  218,461;56348,294;22,48303
 776,27;12900,559;  280,615;56213,278;22,56274
 776,84;12977,507;  314,154;56304,493;22,61703
 777,41;12948,762;  242,077;55950,785;22,80915
 777,97;12920,940;  227,770;55718,922;22,87422
 778,54;13048,580;  244,924;55748,830;23,06803
 779,11;13052,374;  259,386;55763,506;23,04872
 779,67;13218,706;  220,540;55671,721;23,44074
 780,24;13125,269;  237,540;55375,551;23,37358
 780,80;13253,755;  255,694;55373,919;23,58215
 781,37;13369,626;  250,002;55541,980;23,72790
 781,94;13318,497;  240,156;55196,888;23,79752
 782,50;13408,445;  249,695;55052,718;24,01099
 783,07;13419,546;  262,003;55063,856;24,00930
 783,63;13519,878;  225,849;54920,070;24,30609
 784,20;13550,518;  263,003;54836,977;24,34771
 784,77;13608,697;  235,850;54660,731;24,57120
 785,33;13565,721;  219,773;54378,176;24,64243
 785,90;13619,438;  240,542;54360,622;24,72076
 786,46;13660,386;  260,466;54292,837;24,79980
 787,03;13692,795;  221,004;54110,744;24,99880
 787,59;13777,512;  240,235;53997,420;25,18226
 788,16;13864,306;  251,697;54021,404;25,31650
 788,73;13955,330;  247,697;53785,311;25,60374
 789,29;13935,201;  240,544;53423,988;25,74985
 789,86;13975,995;  258,544;53351,202;25,83681
 790,42;13998,635;  242,237;53140,956;26,00516
 790,99;13999,274;  254,929;52815,940;26,14932
 791,55;14073,299;  229,160;52792,924;26,33780
 792,12;14108,324;  262,160;52820,523;26,34436
 792,68;14104,271;  239,699;52524,738;26,51728
 793,25;14143,834;  254,469;52215,799;26,73020
 793,81;14210,551;  316,546;51916,398;26,92644
 794,38;14124,960;  210,469;51653,459;27,04837
 794,94;14205,908;  212,315;51481,059;27,29459
 795,51;14186,471;  247,854;51209,504;27,35119
 796,07;14218,957;  236,316;51034,488;27,52587
 796,64;14346,212;  265,162;51104,780;27,69700
 797,20;14246,314;  251,240;50573,379;27,81097
 797,77;14248,954;  217,317;50237,363;28,05203
 798,33;14199,825;  241,240;50048,270;28,02533
 798,90;14319,003;  271,240;49972,254;28,26454
 799,46;14226,489;  233,856;49438,238;28,43778
 800,03;14303,437;  238,318;49475,684;28,56595
 800,59;14247,692;  255,087;49325,899;28,51513
 801,15;14305,640;  262,241;48916,344;28,86375
 801,72;14273,203;  259,857;48572,636;29,00546
 802,28;14240,843;  271,011;48293,851;29,08997
 802,85;14259,944;  240,088;48018,143;29,34371
 803,41;14244,507;  234,242;47993,665;29,33508
 803,98;14164,762;  236,319;47385,880;29,54098
 804,54;14141,556;  234,089;47260,172;29,57394
 805,11;14160,965;  235,243;47031,079;29,75847
 805,67;14213,682;  264,243;47025,755;29,83103
 806,23;14159,322;  254,551;46493,662;30,07145
 806,80;14222,347;  264,474;46325,261;30,30316
 807,36;14259,833;  269,090;46274,245;30,41125
 807,93;14241,319;  264,552;46054,999;30,52333
 808,49;14174,267;  227,244;45652,137;30,70348
 809,05;14186,214;  226,399;45456,659;30,86389
 809,62;14269,547;  258,476;45281,566;31,11974
 810,18;14288,417;  243,476;45264,243;31,19658
 810,74;14234,134;  214,245;44941,150;31,34554
 811,31;14285,466;  224,323;44772,518;31,56389
 811,87;14353,183;  241,938;44580,810;31,82590
 812,44;14392,900;  268,631;44608,871;31,85429
 813,00;14324,848;  180,939;44238,470;32,10327
 813,56;14423,257;  245,477;44277,993;32,19843
 814,13;14500,589;  238,632;44153,900;32,47608
 814,69;14452,998;  240,401;43940,730;32,52286
 815,25;14378,408;  207,401;43580,714;32,67218
 815,82;14434,894;  252,401;43491,775;32,79995
 816,38;14473,149;  288,094;43235,682;33,02876
 816,94;14388,635;  228,940;42973,512;33,12630
 817,51;14317,429;  208,556;42691,958;33,21032
 818,07;14345,684;  203,172;42410,711;33,50708
 818,63;14278,632;  242,787;42231,541;33,42763
 819,20;14315,733;  235,711;42167,756;33,57819
 819,76;14189,835;  224,557;41715,125;33,65892
 820,32;14284,244;  253,557;41683,032;33,86644
 820,89;14317,961;  248,634;41346,401;34,23380
 821,45;14245,447;  227,635;41066,692;34,32452
 822,01;14249,548;  243,481;40818,830;34,51866
 822,57;14197,573;  250,712;40752,814;34,43491
 823,14;14167,290;  204,020;40358,567;34,77382
 823,70;14175,699;  218,790;40197,013;34,91128
 824,26;14116,647;  217,559;40033,074;34,90872
 824,82;14220,440;  250,098;39788,058;35,33400
 825,39;14128,850;  225,098;39508,580;35,39338
 825,95;14168,105;  247,406;39592,411;35,38111
 826,51;14101,668;  247,098;39127,164;35,63412
 827,08;14204,693;  285,176;39188,840;35,77945
 827,64;14197,179;  255,637;39035,286;35,95066
 828,20;14085,665;  220,715;38672,270;36,05823
 828,76;14160,535;  251,099;38728,408;36,14971
 829,32;14174,560;  259,253;38534,853;36,35555
 829,89;14125,431;  212,023;38430,529;36,40490
 830,45;14167,686;  239,408;38338,590;36,55795
 831,01;14209,711;  234,639;38215,421;36,79511
 831,57;14237,812;  229,331;37967,635;37,12006
 832,14;14264,067;  224,178;37938,696;37,22675
 832,70;14245,631;  222,024;37751,296;37,36712
 833,26;14185,424;  194,794;37680,434;37,32264
 833,82;14281,526;  234,025;37455,802;37,74001
 834,38;14328,397;  216,563;37564,786;37,78448
 834,95;14349,575;  222,871;37492,463;37,90410
 835,51;14377,753;  189,025;37183,600;38,35354
 836,07;14492,778;  226,410;37249,431;38,53378
 836,63;14548,572;  250,411;37352,261;38,53760
 837,19;14527,981;  240,257;37063,322;38,80102
 837,75;14458,236;  207,565;36846,460;38,89493
 838,32;14553,568;  251,565;36923,751;38,99959
 838,88;14618,824;  245,027;36891,043;39,22335
 839,44;14604,925;  249,027;36809,258;39,26643
 840,00;14687,488;  230,720;36704,011;39,63659
 840,56;14587,590;  220,874;36469,611;39,63370
 841,12;14643,845;  219,489;36309,287;39,96796
 841,68;14555,793;  197,182;36230,194;39,84849
 842,25;14647,971;  218,875;36164,255;40,14173
 842,81;14547,919;  204,952;35981,393;40,09054
 843,37;14637,713;  214,183;35979,454;40,32831
 843,93;14591,814;  217,798;35781,669;40,41747
 844,49;14684,685;  234,029;35855,729;40,56700
 845,05;14644,632;  182,645;35711,329;40,70510
 845,61;14763,811;  231,799;35821,621;40,83193
 846,17;14776,066;  216,184;35575,143;41,17735
 846,73;14745,321;  225,492;35471,973;41,19512
 847,29;14756,961;  211,492;35325,880;41,42310
 847,86;14803,140;  209,185;35293,941;41,59628
 848,42;14802,164;  202,493;35106,310;41,82830
 848,98;14867,804;  229,724;35013,140;42,08350
 849,54;14875,444;  220,801;35013,663;42,11968
 850,10;14863,238;  229,955;34945,108;42,15244
 850,66;14837,340;  200,417;34694,015;42,43374
 851,22;14808,672;  202,648;34618,692;42,43958
 851,78;14915,235;  255,494;34686,676;42,57693
 852,34;14879,182;  224,725;34413,198;42,86374
 852,90;14882,899;  213,418;34318,567;43,01251
 853,46;14833,616;  198,956;34122,935;43,13957
 854,02;14932,795;  228,495;34106,766;43,40334
 854,58;14829,435;  221,111;33866,134;43,41897
 855,14;14875,228;  203,957;33739,580;43,74832
 855,70;14799,330;  183,188;33581,641;43,76293
 856,26;14901,354;  224,650;33626,086;43,94034
 856,82;14865,148;  209,112;33341,916;44,23422
 857,38;14971,250;  250,497;33316,516;44,51928
 857,94;14845,967;  221,881;33181,808;44,36929
 858,50;14929,607;  225,266;32960,484;44,91902
 859,06;14838,246;  207,805;32807,083;44,87965
 859,62;14877,425;  232,190;32650,837;45,17534
 860,18;14805,449;  221,344;32590,590;45,05544
 860,74;14835,628;  188,575;32362,112;45,52516
 861,30;14807,422;  193,960;32227,481;45,61928
 861,86;14867,138;  267,806;32294,542;45,58483
 862,42;14772,317;  226,268;31965,757;45,82950
 862,98;14897,803;  248,576;32078,125;46,02399
 863,54;14796,212;  220,653;31793,032;46,16554
 864,10;14819,544;  213,269;31937,093;46,04198
 864,66;14716,415;  202,192;31644,693;46,16116
 865,22;14731,517;  224,346;31435,984;46,48000
 865,78;14721,310;  219,192;31266,353;46,70997
 866,34;14700,181;  204,731;31362,106;46,52333
 866,90;14732,436;  220,808;31083,475;47,02001
 867,45;14624,230;  236,578;30929,151;46,87666
 868,01;14624,178;  223,655;30790,597;47,11143
 868,57;14566,741;  215,732;30619,966;47,20069
 869,13;14488,689;  200,732;30401,565;47,30981
 869,69;14560,944;  210,271;30320,241;47,66087
 870,25;14507,276;  186,348;30246,302;47,64122
 870,81;14574,301;  214,810;30184,209;47,91384
 871,37;14643,248;  223,349;30086,809;48,28610
 871,93;14584,119;  236,811;29867,716;48,42008
 872,49;14516,759;  254,580;29613,854;48,57811
 873,04;14448,707;  202,196;29450,145;48,70943
 873,60;14351,270;  195,350;29270,822;48,68681
 874,16;14421,833;  219,119;29224,883;48,96514
 874,72;14452,063;  217,888;29149,498;49,19939
 875,28;14431,140;  225,119;29078,806;49,23468
 875,84;14506,756;  226,581;29020,498;49,59442
 876,40;14524,756;  213,504;28867,960;49,94425
 876,95;14539,525;  227,042;28836,113;50,02778
 877,51;14521,294;  247,273;28855,267;49,89522
 878,07;14603,756;  253,812;28901,729;50,09071
 878,63;14574,679;  223,965;28900,037;50,04421
 879,19;14637,833;  228,812;28924,267;50,21360
 879,75;14707,063;  216,504;28921,729;50,48056
 880,30;14741,987;  207,735;28891,883;50,66998
 880,86;14799,217;  260,042;29039,883;50,51861
 881,42;14920,448;  206,812;29044,113;51,02293
 881,98;14994,756;  232,504;29123,190;51,09692
 882,54;15113,602;  203,119;29288,498;51,26453
 883,09;15183,294;  219,965;29421,113;51,24226
 883,65;15294,448;  202,658;29500,883;51,51094
 884,21;15496,063;  245,427;29732,037;51,72055
 884,77;15495,371;  215,658;29681,806;51,85514
 885,32;15622,833;  216,427;29980,883;51,76109
 885,88;15782,987;  248,119;30130,960;51,98591
 886,44;15881,063;  224,119;30121,344;52,36922
 887,00;15921,602;  246,504;30179,498;52,36729
 887,56;16051,140;  210,119;30411,498;52,45132
 888,11;16097,833;  216,273;30340,498;52,72023
 888,67;16178,987;  240,273;30523,960;52,63135
 889,23;16208,679;  224,273;30494,960;52,80490
 889,79;16241,602;  209,658;30424,113;53,06051
 890,34;16206,525;  232,658;30343,883;53,04954
 890,90;16361,140;  290,965;30495,883;53,20384
 891,46;16317,294;  201,427;30323,883;53,50117
 892,01;16389,910;  243,658;30357,652;53,61711
 892,57;16329,294;  258,273;30260,883;53,56541
 893,13;16311,833;  232,965;30047,883;53,92893
 893,69;16244,294;  207,427;29994,344;53,83863
 894,24;16281,679;  218,196;29892,037;54,13348
 894,80;16216,525;  226,658;29773,037;54,11786
 895,36;16196,987;  220,427;29661,729;54,26581
 895,91;16099,063;  220,965;29475,190;54,27626
 896,47;16066,294;  234,965;29274,113;54,51719
 897,03;15965,294;  227,119;29118,037;54,47447
 897,58;16025,910;  233,196;28943,960;55,00625
 898,14;15920,910;  233,196;28747,498;55,01700
 898,70;15905,217;  196,350;28606,421;55,29331
 899,25;15930,910;  218,427;28578,113;55,40429
 899,81;15908,756;  235,581;28370,960;55,70629
 900,37;15764,756;  186,042;28129,421;55,75100
 900,92;15754,140;  221,965;28086,883;55,74097
 901,48;15734,910;  225,581;27998,344;55,84366
 902,03;15652,987;  217,119;27810,344;55,94079
 902,59;15657,525;  215,196;27764,498;56,05343
 903,15;15645,833;  241,658;27546,113;56,41634
 903,70;15454,140;  215,042;27327,883;56,20620
 904,26;15493,679;  211,658;27219,267;56,58413
 904,82;15480,294;  220,273;27155,883;56,65371
 905,37;15447,294;  227,888;27043,498;56,75577
 905,93;15320,525;  209,504;26857,729;56,70554
 906,48;15371,140;  228,735;26871,113;56,83579
 907,04;15430,833;  232,196;26694,498;57,43505
 907,60;15318,679;  219,350;26502,421;57,44888
 908,15;15297,371;  197,888;26350,190;57,73673
 908,71;15284,217;  238,042;26385,037;57,54457
 909,26;15274,910;  224,427;26125,652;58,10722
 909,82;15195,294;  227,196;26128,729;57,78846
 910,37;15245,525;  266,119;25979,190;58,25600
 910,93;15167,294;  212,812;25777,421;58,49682
 911,48;15109,140;  201,888;25659,806;58,55645
 912,04;15071,987;  220,119;25480,806;58,79439
 912,60;15086,448;  228,812;25513,729;58,76087
 913,15;15048,140;  221,273;25329,498;59,05183
 913,71;14994,910;  204,812;25161,498;59,26307
 914,26;15005,294;  202,658;25003,344;59,68640
 914,82;14911,525;  225,735;24906,652;59,50261
 915,37;14876,756;  199,658;24883,575;59,46017
 915,93;14879,910;  256,735;24693,344;59,84126
 916,48;14781,217;  193,581;24655,344;59,63444
 917,04;14789,063;  227,735;24440,037;60,14021
 917,59;14811,602;  249,658;24525,113;59,98629
 918,15;14661,448;  190,042;24173,960;60,33796
 918,70;14536,679;  205,273;24166,113;59,81178
 919,26;14572,294;  219,427;24042,652;60,24737
 919,81;14495,371;  200,658;23895,575;60,32818
 920,37;14559,140;  204,888;23822,421;60,77795
 920,92;14476,756;  228,504;23654,498;60,82240
 921,48;14375,294;  200,504;23530,729;60,75720
 922,03;14381,448;  205,504;23463,575;60,95064
 922,59;14364,371;  216,119;23292,575;61,31033
 923,14;14358,679;  212,273;23113,729;61,77077
 923,69;14314,448;  223,350;23059,652;61,70482
 924,25;14244,910;  236,504;22986,344;61,57584
 924,80;14212,679;  215,735;22825,960;61,90537
 925,36;14152,217;  203,581;22760,883;61,83646
 925,91;14116,140;  196,119;22596,498;62,14190
 926,47;14116,063;  186,812;22550,806;62,28428
 927,02;14143,833;  273,273;22458,190;62,52248
 927,57;13987,217;  218,273;22275,421;62,42396
 928,13;13922,448;  202,581;22197,037;62,37875
 928,68;13877,833;  207,735;22179,729;62,21601
 929,24;13830,910;  187,812;21897,806;62,84248
 929,79;13741,063;  210,965;21808,960;62,64516
 930,34;13770,217;  212,196;21625,652;63,31543
 930,90;13651,140;  201,119;21634,190;62,75359
 931,45;13688,833;  223,658;21562,267;63,10240
 932,01;13704,371;  224,812;21431,883;63,56163
 932,56;13587,371;  233,658;21278,729;63,45293
 933,11;13607,371;  236,504;21355,190;63,31297
 933,67;13561,910;  211,427;21081,421;63,96975
 934,22;13519,987;  216,504;21017,267;63,95670
 934,77;13424,679;  234,888;20884,960;63,87286
 935,33;13391,371;  223,965;20760,652;64,11651
 935,88;13329,756;  219,273;20625,113;64,24868
 936,43;13355,294;  213,504;20572,190;64,55127
 936,99;13334,448;  212,735;20439,729;64,87229
 937,54;13222,987;  204,273;20285,652;64,82978
 938,09;13197,833;  219,812;20243,806;64,81235
 938,65;13143,063;  215,273;20138,498;64,88804
 939,20;13114,679;  190,196;20034,344;65,12994
 939,75;13039,987;  210,196;19952,883;64,98503
 940,31;13059,910;  188,888;19821,575;65,55914
 940,86;13062,140;  220,042;19795,960;65,60151
 941,41;13042,140;  293,273;19672,652;65,78574
 941,96;13006,294;  196,888;19552,652;66,17877
 942,52;12894,833;  208,042;19358,498;66,24798
 943,07;12825,756;  190,273;19329,883;66,01745
 943,62;12848,833;  194,735;19270,806;66,33493
 944,18;12815,987;  196,658;19146,806;66,59224
 944,73;12732,371;  217,965;19028,960;66,52708
 945,28;12675,448;  182,581;18910,113;66,70856
 945,83;12661,679;  200,350;18902,267;66,63129
 946,39;12662,602;  205,965;18762,037;67,12971
 946,94;12641,756;  240,581;18793,113;66,84357
 947,49;12583,294;  207,504;18619,652;67,21535
 948,04;12606,371;  240,965;18558,113;67,50727
 948,59;12615,525;  237,427;18520,421;67,70279
 949,15;12569,525;  189,273;18325,652;68,26198
 949,70;12538,602;  208,273;18289,575;68,19381
 950,25;12602,525;  216,196;18151,729;69,06028
 950,80;12483,833;  177,196;18029,498;68,93585
 951,36;12485,371;  172,119;17948,037;69,26929
 951,91;12526,602;  217,658;17940,113;69,45394
 952,46;12370,525;  195,350;17714,267;69,49730
 953,01;12413,910;  214,196;17756,190;69,54576
 953,56;12299,525;  190,350;17610,652;69,51185
 954,11;12354,217;  217,888;17566,421;69,95594
 954,67;12249,602;  201,427;17494,652;69,66991
 955,22;12212,371;  181,658;17318,421;70,20412
 955,77;12195,140;  217,888;17317,037;70,04590
 956,32;12113,294;  253,888;17234,267;69,84182
 956,87;12013,063;  200,658;17057,806;70,07357
 957,42;12024,448;  211,273;17000,344;70,36229
 957,98;11990,602;  194,042;16885,729;70,67326
 958,53;11991,910;  233,735;16905,344;70,52813
 959,08;11904,294;  192,504;16733,421;70,80496
 959,63;11896,063;  205,504;16589,498;71,35354
 960,18;11852,525;  216,888;16566,960;71,16566
 960,73;11857,448;  207,658;16534,960;71,35160
 961,28;11774,217;  179,965;16409,806;71,43787
 961,83;11800,525;  228,119;16367,575;71,70258
 962,39;11667,140;  187,273;16232,190;71,54831
 962,94;11651,679;  207,042;16179,344;71,65302
 963,49;11537,833;  208,658;16006,729;71,71239
 964,04;11583,756;  218,119;15901,267;72,47038
 964,59;11499,602;  189,427;15873,652;72,11179
 965,14;11505,140;  222,427;15785,190;72,49814
 965,69;11454,602;  208,581;15683,421;72,67294
 966,24;11433,833;  202,119;15562,267;73,12243
 966,79;11350,448;  217,735;15553,652;72,59242
 967,34;11267,910;  186,427;15374,960;72,95953
 967,89;11297,525;  196,196;15330,575;73,35173
 968,44;11289,525;  205,581;15273,421;73,56027
 968,99;11238,525;  221,196;15182,729;73,63770
 969,55;11140,987;  218,658;15098,344;73,40429
 970,10;11158,371;  219,888;14978,037;74,11826
 970,65;11082,525;  218,812;14927,960;73,85685
 971,20;11005,371;  194,350;14764,267;74,20098
 971,75;10953,448;  181,812;14686,652;74,26236
 972,30;10909,525;  210,427;14581,267;74,45005
 972,85;10867,756;  204,119;14492,267;74,63274
 973,40;10766,756;  195,119;14341,190;74,73196
 973,95;10768,756;  221,119;14313,344;74,84721
 974,50;10755,679;  236,581;14226,729;75,18933
 975,05;10619,294;  214,658;14143,037;74,70099
 975,60;10646,679;  223,350;14038,344;75,44939
 976,15;10599,525;  208,581;13907,960;75,84975
 976,70;10545,756;  221,965;13842,113;75,79793
 977,25;10458,525;  223,042;13793,652;75,42390
 977,80;10386,987;  199,427;13662,421;75,67083
 978,35;10269,910;  219,658;13468,267;75,85892
 978,89;10268,679;  188,888;13409,806;76,24123
 979,44;10266,833;  214,350;13393,960;76,27299
 979,99;10103,987;  193,965;13277,498;75,74423
 980,54;10069,987;  228,658;13134,344;76,25576
 981,09;10083,217;  229,888;13020,960;77,03287
 981,64; 9980,371;  223,581;12872,960;77,13257
 982,19; 9939,910;  254,350;12828,113;77,02992
 982,74; 9864,294;  222,273;12694,883;77,30556
 983,29; 9730,987;  200,658;12585,729;76,95013
 983,84; 9712,756;  221,658;12477,806;77,43949
 984,39; 9718,371;  285,504;12405,113;77,83145
 984,94; 9582,371;  183,965;12212,421;78,13477
 985,49; 9525,140;  233,042;12224,037;77,49231
 986,03; 9487,679;  231,504;12074,037;78,16043
 986,58; 9397,448;  261,581;11949,037;78,16814
 987,13; 9275,602;  211,119;11819,037;78,08879
 987,68; 9237,294;  224,581;11701,575;78,52852
 988,23; 9183,371;  221,581;11654,575;78,38533
 988,78; 9080,294;  198,735;11528,421;78,39193
 989,33; 9027,987;  240,504;11380,652;78,88120
 989,88; 8988,525;  255,350;11359,806;78,64568
 990,42; 8916,910;  213,273;11216,883;79,09801
 990,97; 8763,679;  210,196;11052,883;78,88712
 991,52; 8747,371;  231,735;10994,421;79,12185
 992,07; 8688,063;  252,504;10966,113;78,73686
 992,62; 8611,910;  229,042;10832,960;79,05444
 993,17; 8539,448;  230,196;10679,113;79,52261
 993,71; 8442,679;  234,119;10622,037;79,02026
 994,26; 8346,217;  198,965;10405,267;79,82570
 994,81; 8345,525;  239,658;10404,344;79,74537
 995,36; 8211,217;  218,812;10233,190;79,80930
 995,91; 8225,448;  226,119;10173,652;80,41521
 996,45; 8139,756;  225,119;10071,421;80,38182
 997,00; 8013,371;  206,427; 9907,883;80,47188
 997,55; 8012,525;  238,658; 9872,190;80,69591
 998,10; 7929,294;  246,504; 9737,037;80,95215
 998,65; 7861,371;  216,273; 9673,960;80,83476
 999,19; 7807,371;  247,965; 9548,498;81,27928
 999,74; 7718,371;  241,581; 9464,113;81,07090
1000,29; 7670,833;  237,273; 9353,498;81,54208
1000,84; 7580,679;  212,888; 9203,190;81,95265
1001,38; 7498,987;  227,042; 9137,652;81,60995
1001,93; 7453,602;  246,888; 9059,806;81,77444
1002,48; 7397,679;  211,812; 8881,037;82,88939
1003,03; 7375,679;  232,196; 8874,498;82,65718
1003,57; 7263,294;  233,042; 8753,344;82,51177
1004,12; 7240,063;  262,504; 8678,729;82,90605
1004,67; 7152,217;  222,119; 8592,960;82,78856
1005,22; 7044,833;  216,658; 8405,729;83,38156
1005,76; 6934,294;  201,196; 8318,652;82,94592
1006,31; 6952,910;  230,581; 8234,575;83,98718
1006,86; 6830,063;  218,273; 8113,498;83,74417
1007,40; 6723,140;  195,196; 8020,806;83,41771
1007,95; 6664,294;  220,119; 7905,421;83,85064
1008,50; 6539,602;  231,196; 7753,960;83,85756
1009,04; 6472,140;  209,812; 7686,652;83,75635
1009,59; 6361,987;  229,042; 7556,190;83,70166
1010,14; 6281,371;  206,658; 7438,037;84,00491
1010,68; 6193,679;  220,504; 7320,806;84,12565
1011,23; 6119,294;  212,888; 7211,652;84,39213
1011,78; 6060,910;  229,888; 7119,344;84,63689
1012,32; 5994,217;  241,965; 7036,113;84,66480
1012,87; 5979,756;  257,581; 6974,806;85,18659
1013,42; 5901,525;  203,196; 6845,344;85,79045
1013,96; 5928,448;  257,350; 6877,806;85,66024
1014,51; 5863,756;  192,965; 6726,883;86,79005
1015,06; 5875,294;  187,812; 6776,190;86,32598
1015,60; 5879,525;  264,042; 6805,037;85,85060
1016,15; 5879,756;  209,965; 6771,037;86,41562
1016,69; 5865,756;  217,658; 6788,421;85,95802
1017,24; 5916,294;  199,196; 6784,960;86,80995
1017,79; 5975,294;  241,350; 6898,190;86,13612
1018,33; 5930,525;  207,888; 6841,113;86,27231
1018,88; 6013,833;  224,273; 6898,190;86,74905
1019,42; 6038,371;  217,427; 6885,652;87,29376
1019,97; 6054,294;  207,427; 6909,575;87,23871
1020,51; 6089,679;  242,196; 6946,421;87,22086
1021,06; 6044,371;  188,965; 6917,344;87,02551
1021,61; 6027,679;  190,042; 6892,883;87,09198
1022,15; 5978,063;  170,735; 6874,960;86,62193
1022,70; 5970,910;  209,965; 6875,960;86,42288
1023,24; 5938,063;  202,042; 6803,729;86,88721
1023,79; 5846,910;  213,427; 6726,960;86,48890
1024,33; 5846,987;  204,427; 6673,883;87,21846
1024,88; 5790,602;  225,812; 6619,883;87,03047
1025,42; 5726,910;  219,965; 6470,729;88,10035
1025,97; 5638,833;  206,504; 6409,498;87,57591
1026,51; 5529,217;  174,504; 6244,344;88,21836
1027,06; 5472,833;  202,658; 6224,960;87,51097
1027,60; 5413,063;  229,658; 6108,421;88,17170
1028,15; 5359,525;  224,427; 6049,652;88,15279
1028,69; 5290,910;  178,658; 5900,498;89,34629
1029,24; 5246,448;  190,888; 5858,652;89,19849
1029,78; 5138,756;  191,581; 5760,806;88,83058
1030,33; 5076,448;  183,812; 5600,190;90,33040
1030,87; 4987,987;  203,119; 5562,421;89,28154
1031,42; 4910,448;  186,888; 5474,960;89,32481
1031,96; 4884,679;  216,504; 5405,344;89,96567
1032,51; 4831,679;  193,350; 5354,652;89,86742
1033,05; 4750,910;  218,504; 5267,806;89,76302
1033,60; 4654,140;  181,581; 5145,267;90,10560
1034,14; 4623,448;  199,658; 5080,652;90,63298
1034,69; 4597,294;  204,735; 5045,652;90,73817
1035,23; 4539,448;  211,119; 4934,652;91,63330
1035,77; 4492,679;  199,042; 4887,037;91,58792
1036,32; 4370,833;  174,350; 4782,344;91,06962
1036,86; 4365,602;  210,427; 4749,344;91,54551
1037,41; 4271,063;  220,273; 4667,267;91,09052
1037,95; 4226,448;  179,196; 4579,729;91,97186
1038,50; 4198,756;  185,504; 4553,190;91,88507
1039,04; 4149,756;  220,427; 4509,575;91,61094
1039,58; 4086,217;  185,812; 4421,498;92,08438
1040,13; 4024,756;  202,581; 4362,806;91,87424
1040,67; 4019,448;  235,119; 4322,883;92,57700
1041,21; 3954,294;  231,273; 4245,883;92,73682
1041,76; 3858,910;  188,735; 4150,037;92,65073
1042,30; 3817,679;  200,581; 4087,960;93,04722
1042,85; 3746,602;  203,042; 4051,267;92,08296
1043,39; 3691,525;  185,812; 3954,113;93,03165
1043,93; 3680,217;  215,042; 3934,037;93,17506
1044,48; 3623,833;  210,273; 3906,806;92,34491
1045,02; 3572,602;  199,042; 3826,498;93,00071
1045,56; 3567,140;  226,042; 3777,113;94,08705
1046,11; 3496,217;  220,812; 3749,652;92,81819
1046,65; 3453,756;  204,273; 3688,883;93,25242
1047,19; 3384,833;  196,350; 3599,806;93,68368
1047,74; 3333,217;  186,042; 3537,113;93,91549
1048,28; 3289,063;  212,427; 3515,575;93,14256
1048,82; 3301,833;  226,735; 3507,883;93,72019
1049,37; 3258,063;  218,504; 3423,883;94,82684
1049,91; 3188,217;  211,042; 3355,652;94,67550
1050,45; 3175,448;  222,504; 3341,190;94,68551
1050,99; 3114,987;  212,042; 3292,267;94,24455
1051,54; 3023,140;  190,504; 3225,575;93,33015
1052,08; 3015,371;  237,119; 3201,421;93,72365
1052,62; 2980,448;  230,119; 3156,960;93,96921
1053,16; 2914,371;  211,812; 3111,883;93,18942
1053,71; 2905,217;  208,504; 3087,806;93,65859
1054,25; 2854,063;  216,581; 3010,421;94,40349
1054,79; 2822,756;  223,965; 2979,652;94,30646
1055,33; 2765,833;  188,196; 2892,344;95,32158
1055,88; 2760,217;  220,812; 2885,113;95,31224
1056,42; 2711,679;  230,965; 2875,190;93,81628
1056,96; 2700,910;  227,119; 2836,806;94,79263
1057,50; 2649,679;  220,427; 2793,344;94,41625
1058,05; 2613,602;  214,119; 2740,344;94,98294
1058,59; 2594,371;  243,888; 2702,960;95,58417
1059,13; 2529,833;  199,119; 2619,113;96,31070
1059,67; 2505,602;  222,658; 2601,113;95,98430
1060,21; 2452,217;  217,581; 2572,344;94,89856
1060,76; 2440,679;  228,119; 2535,729;95,88102
1061,30; 2441,448;  230,350; 2515,652;96,75300
1061,84; 2368,987;  208,196; 2445,883;96,56359
1062,38; 2316,987;  208,581; 2374,344;97,35162
1062,92; 2359,217;  255,427; 2419,729;97,20411
1063,46; 2273,063;  224,119; 2353,421;96,22610
1064,01; 2236,987;  216,504; 2333,113;95,45845
1064,55; 2216,987;  223,965; 2281,883;96,84651
1065,09; 2164,910;  194,735; 2227,806;96,90635
1065,63; 2185,371;  250,658; 2235,421;97,47829
1066,17; 2161,756;  250,812; 2233,267;96,39278
1066,71; 2126,987;  239,735; 2178,806;97,32763
1067,25; 2063,217;  214,042; 2134,652;96,28063
1067,80; 2070,756;  240,735; 2131,421;96,79136
1068,34; 2061,833;  241,350; 2115,190;97,15250
1068,88; 2000,140;  218,965; 2031,344;98,27829
1069,42; 2000,833;  250,273; 2060,960;96,67933
1069,96; 1948,063;  218,581; 2041,421;94,87845
1070,50; 1977,756;  251,735; 2038,267;96,61291
1071,04; 1891,371;  206,273; 1965,421;95,79058
1071,58; 1900,448;  217,042; 1958,267;96,67939
1072,12; 1867,063;  219,581; 1920,729;96,84534
1072,66; 1872,371;  220,119; 1898,883;98,42077
1073,21; 1850,910;  233,427; 1906,806;96,65968
1073,75; 1815,987;  238,196; 1855,190;97,57551
1074,29; 1804,910;  231,581; 1827,190;98,60362
1074,83; 1802,987;  239,581; 1820,190;98,91157
1075,37; 1795,756;  239,042; 1805,498;99,37807
1075,91; 1753,217;  234,888; 1783,344;98,05439
1076,45; 1754,833;  231,504; 1762,421;99,50432
1076,99; 1712,140;  240,350; 1738,344;98,25074
1077,53; 1665,140;  224,042; 1674,575;99,34958
1078,07; 1698,294;  239,812; 1680,575;101,22985
1078,61; 1657,140;  222,888; 1656,037;100,07702
1079,15; 1632,756;  229,427; 1636,421;99,73949
1079,69; 1598,217;  226,735; 1619,344;98,48293
1080,23; 1615,294;  248,273; 1642,960;98,01637
1080,77; 1624,140;  278,196; 1640,037;98,83274
1081,31; 1544,217;  215,888; 1551,498;99,45487
1081,85; 1552,063;  239,427; 1559,267;99,45419
1082,39; 1530,371;  230,812; 1535,498;99,60704
1082,93; 1538,217;  237,427; 1526,421;100,91514
1083,47; 1474,371;  208,504; 1501,883;97,87289
1084,01; 1508,371;  238,350; 1494,113;101,13538
1084,55; 1456,833;  225,119; 1450,652;100,50433
1085,09; 1457,833;  247,658; 1436,344;101,80775
1085,63; 1430,140;  223,427; 1433,652;99,70984
1086,17; 1403,294;  214,273; 1409,037;99,51938
1086,71; 1365,294;  226,042; 1363,960;100,11729
1087,24; 1370,987;  255,042; 1414,575;96,24086
1087,78; 1393,525;  246,735; 1389,037;100,39293
1088,32; 1321,679;  202,273; 1326,652;99,55770
1088,86; 1332,371;  243,504; 1357,421;97,75118
1089,40; 1336,679;  233,812; 1338,267;99,85618
1089,94; 1283,140;  203,888; 1270,421;101,19258
1090,48; 1281,602;  235,196; 1269,498;101,17024
1091,02; 1267,140;  243,735; 1276,113;99,13083
1091,56; 1254,063;  228,504; 1258,267;99,59177
1092,10; 1220,140;  214,965; 1212,421;100,77389
1092,63; 1266,140;  248,658; 1234,190;103,24190
1093,17; 1223,217;  239,812; 1216,113;100,72763
1093,71; 1194,448;  217,965; 1210,729;98,36006
1094,25; 1209,602;  261,888; 1200,190;101,00304
1094,79; 1173,679;  224,812; 1174,575;99,90564
1095,33; 1161,371;  227,735; 1160,267;100,11837
1095,87; 1163,833;  226,965; 1149,960;101,50305
1096,40; 1120,448;  210,350; 1115,575;100,53833
1096,94; 1137,140;  228,119; 1111,652;102,88484
1097,48; 1122,371;  244,196; 1122,267;100,01183
1098,02; 1100,910;  223,196; 1093,421;100,86052
1098,56; 1055,756;  196,427; 1057,421;99,80657
1099,10; 1044,525;  205,196; 1047,806;99,61064
1099,63; 1037,756;  206,196; 1042,113;99,47869
1100,17; 1042,679;  234,581; 1050,344;99,06034
1100,71; 1064,140;  254,042; 1052,190;101,49722

