
Integration time [ms]: 160,000
Averaging Nr. [scans]: 13
Smoothing Nr. [pixels]: 0
Data measured with spectrometer [name]: 2009305U1
Wave   ;Sample   ;Dark     ;Reference;Reflectance
[nm]   ;[counts] ;[counts] ;[counts] ;[%]

 175,72;  225,721;  211,481;  218,198;211,99907
 176,32;  241,755;  242,342;  237,064; 0,00000
 176,92;  286,624;  274,024;  286,893;97,91190
 177,52;  275,899;  269,099;  274,399;128,30039
 178,12;  254,015;  242,726;  241,865; 0,00000
 178,72;  266,546;  285,192;  276,001; 0,00000
 179,32;  265,969;  271,804;  258,781; 0,00000
 179,92;  266,356;  271,952;  251,920; 0,00000
 180,52;  257,159;  247,166;  277,718;32,70858
 181,12;  270,997;  273,258;  268,649; 0,00000
 181,73;  301,875;  303,642;  290,175; 0,00000
 182,33;  399,973;  400,787;  408,394;-10,70006
 182,93;  294,294;  285,176;  293,730;106,58999
 183,53;  258,291;  256,655;  235,234; 0,00000
 184,13;  250,342;  258,269;  234,768; 0,00000
 184,73;  296,307;  310,349;  296,521; 0,00000
 185,33;  282,760;  248,820;  394,412;23,31220
 185,93;  285,176;  245,368;  398,196;26,04756
 186,53;  308,931;  265,978;  408,744;30,08624
 187,13;  326,243;  290,044;  447,866;22,93667
 187,73;  291,967;  264,675;  415,930;18,04381
 188,33;  302,607;  245,219;  387,713;40,27403
 188,93;  310,402;  270,930;  405,484;29,33563
 189,53;  308,185;  269,175;  424,072;25,18417
 190,13;  337,190;  303,044;  440,384;24,86228
 190,73;  282,676;  239,106;  383,350;30,20624
 191,34;  318,406;  276,781;  434,912;26,32302
 191,94;  291,943;  252,456;  418,799;23,73862
 192,54;  306,359;  270,574;  439,983;21,12325
 193,14;  319,201;  271,430;  434,086;29,36968
 193,74;  314,782;  277,278;  439,295;23,14864
 194,34;  305,880;  276,273;  426,370;19,72511
 194,94;  280,135;  229,891;  407,340;28,31425
 195,54;  257,927;  215,357;  369,546;27,60869
 196,14;  275,141;  234,578;  405,012;23,79952
 196,74;  273,556;  242,129;  389,416;21,33705
 197,34;  245,713;  211,648;  390,907;19,00303
 197,94;  281,420;  241,044;  415,716;23,11549
 198,54;  299,509;  255,194;  430,267;25,31210
 199,14;  266,577;  222,722;  427,949;21,36937
 199,74;  249,029;  211,106;  431,925;17,17358
 200,34;  254,033;  201,105;  426,377;23,49546
 200,94;  296,147;  249,189;  481,453;20,21762
 201,54;  258,884;  222,339;  476,646;14,37058
 202,14;  325,170;  267,948;  536,358;21,31880
 202,74;  274,461;  230,799;  536,970;14,26060
 203,34;  262,795;  198,866;  546,256;18,40270
 203,94;  241,349;  181,101;  534,318;17,05699
 204,54;  306,242;  260,735;  653,213;11,59467
 205,14;  276,638;  215,491;  657,051;13,84790
 205,74;  335,816;  257,251;  756,379;15,74038
 206,34;  279,702;  225,486;  763,868;10,07004
 206,94;  297,092;  234,411;  851,748;10,15342
 207,54;  271,134;  197,564;  867,836;10,97613
 208,14;  286,353;  203,255;  963,005;10,93753
 208,74;  314,916;  220,107; 1048,173;11,44947
 209,34;  297,887;  220,336; 1146,059; 8,37736
 209,94;  334,276;  228,106; 1279,593;10,09714
 210,54;  328,210;  212,945; 1358,793;10,05932
 211,14;  335,989;  222,029; 1514,178; 8,81938
 211,73;  360,524;  224,494; 1640,996; 9,60328
 212,33;  372,619;  246,343; 1758,938; 8,34831
 212,93;  372,937;  221,030; 1894,450; 9,07760
 213,53;  347,829;  196,107; 1929,919; 8,75078
 214,13;  391,472;  220,170; 2031,963; 9,45485
 214,73;  357,862;  189,409; 2041,666; 9,09446
 215,33;  355,891;  185,183; 2081,131; 9,00386
 215,93;  396,880;  212,405; 2230,476; 9,14113
 216,53;  362,633;  181,492; 2297,215; 8,56164
 217,13;  436,414;  224,715; 2533,410; 9,16965
 217,73;  444,782;  212,713; 2767,506; 9,08370
 218,33;  422,213;  155,092; 2966,387; 9,50171
 218,93;  508,425;  208,312; 3334,968; 9,59854
 219,53;  556,049;  213,092; 3666,979; 9,92960
 220,13;  537,507;  173,551; 4026,440; 9,44632
 220,73;  596,255;  189,106; 4398,392; 9,67266
 221,32;  649,070;  187,184; 4901,481; 9,79756
 221,92;  714,367;  213,705; 5372,536; 9,70495
 222,52;  732,966;  184,943; 5861,538; 9,65407
 223,12;  801,550;  189,173; 6366,852; 9,91273
 223,72;  856,309;  196,865; 6820,752; 9,95554
 224,32;  906,542;  206,941; 7315,632; 9,84148
 224,92;  938,893;  189,634; 7653,451;10,03856
 225,52; 1002,543;  211,103; 8058,109;10,08588
 226,12; 1018,792;  198,099; 8394,150;10,01327
 226,72; 1031,696;  172,716; 8818,142; 9,93566
 227,31; 1093,201;  167,716; 9288,269;10,14725
 227,91; 1195,040;  207,181; 9795,790;10,30242
 228,51; 1209,711;  186,034;10198,182;10,22435
 229,11; 1282,974;  194,408;10644,726;10,41658
 229,71; 1327,683;  187,031;11067,447;10,48353
 230,31; 1370,121;  182,016;11517,374;10,48141
 230,91; 1410,705;  165,576;11911,197;10,60080
 231,51; 1479,211;  185,174;12242,326;10,73252
 232,10; 1520,246;  184,861;12643,414;10,71862
 232,70; 1579,803;  189,504;12859,370;10,97327
 233,30; 1635,603;  218,944;13193,393;10,91884
 233,90; 1647,339;  183,560;13313,674;11,14826
 234,50; 1679,886;  189,174;13436,659;11,25279
 235,10; 1686,432;  185,403;13455,913;11,31101
 235,70; 1754,802;  211,720;13468,454;11,63999
 236,29; 1733,381;  197,415;13436,168;11,60205
 236,89; 1717,417;  171,190;13193,436;11,87373
 237,49; 1753,237;  197,869;13088,252;12,06611
 238,09; 1739,394;  193,871;12729,099;12,32944
 238,69; 1746,207;  243,194;12505,680;12,25701
 239,29; 1725,753;  186,564;12046,908;12,97761
 239,89; 1687,450;  197,421;11575,386;13,09574
 240,48; 1635,515;  184,948;11134,687;13,24750
 241,08; 1589,597;  188,180;10682,952;13,35347
 241,68; 1594,390;  205,640;10272,873;13,79476
 242,28; 1547,959;  171,791; 9848,284;14,22176
 242,88; 1575,847;  233,708; 9478,401;14,51793
 243,48; 1517,478;  238,638; 9155,891;14,34119
 244,07; 1506,160;  198,566; 8855,609;15,10440
 244,67; 1500,947;  214,793; 8693,035;15,17006
 245,27; 1501,370;  209,494; 8466,303;15,64620
 245,87; 1515,283;  211,325; 8363,749;15,99473
 246,47; 1520,865;  203,032; 8352,176;16,17143
 247,06; 1522,814;  188,257; 8320,626;16,41043
 247,66; 1569,319;  188,793; 8410,748;16,79073
 248,26; 1653,566;  208,492; 8598,777;17,22318
 248,86; 1677,768;  217,262; 8812,360;16,99231
 249,46; 1694,375;  154,559; 9031,811;17,34563
 250,05; 1830,535;  213,487; 9546,119;17,32682
 250,65; 1907,807;  176,187; 9989,959;17,64479
 251,25; 2019,865;  188,796;10490,127;17,77507
 251,85; 2145,554;  188,190;11125,846;17,89564
 252,44; 2267,806;  155,645;11908,685;17,97118
 253,04; 2487,640;  203,875;12810,007;18,11630
 253,64; 2622,534;  153,034;13680,640;18,25526
 254,24; 2895,699;  220,718;14831,835;18,30785
 254,84; 3077,529;  188,867;15996,734;18,27357
 255,43; 3321,186;  185,953;17244,536;18,37922
 256,03; 3536,272;  203,726;18451,646;18,26261
 256,63; 3773,229;  201,036;19808,871;18,21819
 257,23; 3944,533;  181,113;20871,414;18,18930
 257,82; 4219,764;  205,733;22198,232;18,25182
 258,42; 4365,299;  151,813;23334,204;18,17538
 259,02; 4653,018;  220,798;24592,594;18,18586
 259,62; 4765,877;  179,814;25547,111;18,07864
 260,21; 4938,438;  196,953;26211,736;18,22612
 260,81; 5049,043;  186,715;26980,120;18,14748
 261,41; 5159,618;  176,580;27633,684;18,14845
 262,01; 5296,886;  227,047;28229,601;18,10492
 262,60; 5343,533;  177,805;28838,491;18,02374
 263,20; 5430,441;  187,494;29286,737;18,01747
 263,80; 5453,188;  201,432;29662,957;17,82581
 264,40; 5470,912;  170,123;29839,945;17,86593
 264,99; 5499,526;  199,048;30127,181;17,71069
 265,59; 5515,459;  189,670;30316,259;17,67803
 266,19; 5540,562;  176,970;30574,780;17,64467
 266,78; 5598,280;  233,205;30823,865;17,53828
 267,38; 5471,728;  208,823;30828,429;17,18802
 267,98; 5537,490;  196,743;30871,434;17,41092
 268,58; 5512,849;  195,438;30913,172;17,31056
 269,17; 5461,990;  177,367;31023,779;17,13205
 269,77; 5410,509;  199,577;30754,570;17,05428
 270,37; 5321,520;  175,971;30671,922;16,87289
 270,96; 5335,132;  228,656;30454,950;16,89415
 271,56; 5209,811;  194,806;30122,767;16,75692
 272,16; 5155,050;  187,735;29971,268;16,67806
 272,75; 5084,816;  186,427;29859,965;16,50760
 273,35; 5075,810;  192,425;29843,931;16,46926
 273,95; 5074,421;  187,196;29778,711;16,51563
 274,54; 5027,375;  167,718;29810,629;16,39399
 275,14; 5147,004;  216,886;30186,602;16,45033
 275,74; 5078,331;  167,427;30271,039;16,31334
 276,33; 5198,690;  224,654;30851,261;16,24090
 276,93; 5239,105;  201,793;31279,415;16,20881
 277,53; 5331,140;  199,569;31882,683;16,19655
 278,12; 5450,585;  183,727;32492,142;16,30182
 278,72; 5641,001;  251,954;33285,317;16,31395
 279,32; 5722,784;  181,955;33862,874;16,45095
 279,91; 5892,977;  168,956;34771,549;16,54217
 280,51; 6024,180;  184,107;35427,430;16,57072
 281,11; 6220,636;  189,033;36405,369;16,65437
 281,70; 6349,216;  173,342;36799,693;16,86183
 282,30; 6553,196;  178,575;37647,075;17,01328
 282,90; 6698,146;  188,114;38160,150;17,14428
 283,49; 6917,030;  202,271;38818,062;17,38864
 284,09; 7100,588;  225,496;39352,713;17,57112
 284,69; 7271,283;  222,493;39716,819;17,84760
 285,28; 7410,444;  212,727;40272,352;17,96751
 285,88; 7681,770;  271,043;40575,343;18,38694
 286,47; 7745,772;  191,806;40555,943;18,71455
 287,07; 7959,872;  223,647;40682,282;19,12132
 287,67; 8159,632;  218,254;40858,814;19,54052
 288,26; 8346,772;  186,493;40795,817;20,09459
 288,86; 8600,561;  184,727;40802,177;20,71975
 289,46; 8899,572;  202,494;40964,118;21,33644
 290,05; 9167,875;  189,873;40945,997;22,02860
 290,65; 9569,890;  188,038;41352,190;22,79132
 291,24; 9911,643;  196,646;41512,007;23,51425
 291,84;10305,229;  209,575;41660,409;24,35573
 292,44;10688,129;  200,560;41800,490;25,21054
 293,03;11132,627;  285,723;41934,340;26,04385
 293,63;11429,113;  190,960;42113,662;26,80684
 294,22;11787,576;  227,110;42371,190;27,43082
 294,82;12049,567;  185,815;42256,231;28,19975
 295,41;12188,600;  169,726;41928,693;28,78154
 296,01;12389,734;  224,197;41937,898;29,16437
 296,61;12485,329;  227,570;41649,594;29,59237
 297,20;12500,720;  196,197;41109,418;30,07469
 297,80;12625,743;  214,718;40879,116;30,52062
 298,39;12640,323;  172,344;40404,615;30,99000
 298,99;12657,858;  222,349;40273,823;31,04882
 299,58;12658,342;  207,947;39970,212;31,31209
 300,18;12764,641;  223,719;39835,925;31,65924
 300,78;12684,220;  184,183;39324,178;31,93674
 301,37;12690,836;  202,741;39327,758;31,91844
 301,97;12760,846;  204,802;39294,553;32,12107
 302,56;12758,743;  195,345;39240,911;32,17625
 303,16;12787,534;  176,193;39095,766;32,40360
 303,75;12765,800;  188,105;39022,882;32,38771
 304,35;12913,313;  185,712;39371,209;32,48039
 304,94;12934,578;  184,802;39363,454;32,54266
 305,54;12923,454;  225,799;39364,788;32,44247
 306,13;12885,078;  165,865;39235,829;32,55496
 306,73;12813,079;  175,714;38959,642;32,58403
 307,33;12863,311;  203,792;38958,373;32,66587
 307,92;12845,968;  206,415;38898,444;32,66707
 308,52;13033,153;  177,116;39535,145;32,66433
 309,11;13171,578;  188,506;40084,403;32,54237
 309,71;13304,211;  183,047;40497,883;32,54674
 310,30;13435,664;  171,416;40684,285;32,74083
 310,90;13625,356;  237,031;41231,208;32,65909
 311,49;13609,481;  205,417;41350,330;32,57769
 312,09;13668,136;  162,180;41476,721;32,69056
 312,68;13912,752;  261,414;41986,611;32,71725
 313,28;13933,352;  173,108;42091,290;32,82643
 313,87;13927,300;  158,339;42363,178;32,62413
 314,47;14054,506;  185,889;42609,624;32,69070
 315,06;14057,358;  168,492;42638,934;32,70243
 315,66;14169,059;  179,950;42994,336;32,67385
 316,25;14083,563;  152,577;42865,028;32,61575
 316,85;14091,065;  155,334;42884,519;32,61408
 317,44;14192,590;  176,890;43146,152;32,61797
 318,04;14168,564;  170,806;43057,638;32,63883
 318,63;14156,326;  157,253;43115,078;32,58795
 319,22;14156,576;  187,730;43434,931;32,30000
 319,82;14140,191;  191,112;43397,964;32,28441
 320,41;14094,341;  204,345;43284,244;32,24241
 321,01;14133,040;  200,104;43511,944;32,16888
 321,60;14095,692;  193,881;43642,096;31,99628
 322,20;13993,238;  165,031;43518,037;31,89677
 322,79;14057,991;  206,800;43654,986;31,87979
 323,39;14022,123;  180,790;43572,225;31,89877
 323,98;14003,993;  175,338;43633,481;31,82063
 324,58;13953,555;  167,655;43447,351;31,85304
 325,17;13900,927;  185,269;43201,366;31,88494
 325,76;13801,892;  201,186;43122,636;31,68743
 326,36;13658,528;  169,874;42593,788;31,79493
 326,95;13469,534;  218,649;42178,563;31,57987
 327,55;13312,321;  176,497;41915,346;31,47146
 328,14;13202,959;  172,794;41348,251;31,64547
 328,74;12985,137;  209,038;40829,011;31,45275
 329,33;12836,736;  190,105;40315,939;31,51743
 329,92;12632,617;  166,890;39660,305;31,56407
 330,52;12353,203;  192,178;38900,769;31,41686
 331,11;12211,554;  178,881;38444,687;31,44498
 331,71;11896,285;  186,110;37666,472;31,24349
 332,30;11745,117;  198,878;37106,531;31,28413
 332,89;11575,476;  266,490;36426,984;31,27442
 333,49;11354,243;  198,649;35823,230;31,31431
 334,08;11092,074;  181,497;35198,217;31,15819
 334,68;10967,739;  188,497;34737,295;31,20005
 335,27;10808,064;  194,100;34311,321;31,11028
 335,86;10755,478;  250,573;33898,764;31,21982
 336,46;10572,873;  202,792;33572,761;31,07609
 337,05;10519,521;  181,419;33453,737;31,07118
 337,65;10414,987;  169,650;33172,347;31,04394
 338,24;10403,712;  230,645;33140,248;30,91215
 338,83;10353,966;  221,260;33125,328;30,79469
 339,43;10374,757;  174,269;32976,622;31,09682
 340,02;10293,952;  181,270;32831,100;30,97315
 340,61;10321,880;  191,954;32885,805;30,98419
 341,21;10318,676;  210,653;32927,934;30,89506
 341,80;10306,887;  189,497;32862,882;30,96523
 342,40;10353,764;  195,332;33024,003;30,94378
 342,99;10366,322;  179,490;33101,753;30,94208
 343,58;10386,505;  178,105;33248,554;30,86865
 344,18;10527,183;  214,950;33488,535;30,99225
 344,77;10601,517;  179,885;33746,098;31,04798
 345,36;10706,842;  175,803;34210,255;30,94229
 345,96;10857,308;  212,105;34584,196;30,97048
 346,55;10961,163;  169,789;34774,204;31,18496
 347,14;11041,122;  173,101;35169,313;31,05485
 347,74;11250,542;  156,013;35698,813;31,21456
 348,33;11495,115;  186,707;36480,186;31,15824
 348,92;11753,186;  191,394;37188,955;31,25014
 349,52;11963,409;  153,550;37759,932;31,40387
 350,11;12058,916;  169,963;38005,963;31,42233
 350,70;12098,061;  176,954;38194,188;31,35711
 351,29;12041,939;  171,897;37901,223;31,46105
 351,89;12042,253;  200,659;37840,505;31,46026
 352,48;12040,473;  150,339;37923,879;31,47742
 353,07;12008,395;  197,408;37836,555;31,37953
 353,67;11995,419;  202,394;37818,604;31,35091
 354,26;11878,523;  190,255;37412,595;31,40122
 354,85;11899,807;  189,026;37287,366;31,56686
 355,45;11817,329;  162,959;36975,643;31,65857
 356,04;11813,765;  183,638;36930,767;31,64908
 356,63;11793,650;  217,111;36670,003;31,75753
 357,22;11714,239;  183,048;36525,690;31,72909
 357,82;11689,313;  180,892;36305,305;31,85774
 358,41;11680,528;  217,263;36129,991;31,91978
 359,00;11624,312;  167,500;35840,289;32,11639
 359,60;11646,619;  185,799;35775,735;32,20242
 360,19;11564,740;  208,098;35547,956;32,13551
 360,78;11608,569;  189,189;35462,705;32,37381
 361,37;11546,097;  180,958;35141,143;32,50881
 361,97;11503,944;  185,572;35077,292;32,43856
 362,56;11456,525;  190,040;34711,396;32,63628
 363,15;11433,650;  253,882;34372,239;32,76760
 363,74;11258,358;  191,735;33926,345;32,80495
 364,34;11143,613;  203,115;33405,107;32,95133
 364,93;11032,199;  183,348;32948,157;33,11129
 365,52;10929,016;  156,650;32451,071;33,35674
 366,11;10841,406;  182,961;32152,418;33,33946
 366,71;10742,807;  178,730;31649,470;33,56793
 367,30;10657,808;  191,650;31259,152;33,68845
 367,89;10648,416;  220,873;30917,492;33,96968
 368,48;10531,953;  204,427;30607,452;33,96875
 369,07;10393,369;  191,415;30016,803;34,20560
 369,67;10327,329;  220,118;29658,538;34,33340
 370,26;10252,964;  172,569;29287,910;34,62228
 370,85;10212,307;  192,188;29025,096;34,75237
 371,44;10180,921;  197,110;28760,135;34,95362
 372,03;10099,707;  166,654;28417,774;35,15986
 372,63;10030,079;  162,188;28050,514;35,38359
 373,22;10056,339;  174,724;27649,618;35,96598
 373,81; 9951,521;  178,188;27247,045;36,10545
 374,40; 9881,515;  186,102;26994,687;36,16533
 374,99; 9784,951;  189,651;26691,749;36,20581
 375,59; 9819,144;  158,256;26274,783;36,99147
 376,18; 9814,332;  198,343;26161,600;37,03691
 376,77; 9791,967;  208,187;25873,834;37,34089
 377,36; 9839,026;  212,958;25865,787;37,52439
 377,95; 9793,478;  209,499;25474,807;37,93336
 378,55; 9766,347;  176,643;25254,559;38,23964
 379,14; 9847,856;  206,958;25162,581;38,63217
 379,73; 9870,150;  187,729;25007,145;39,01148
 380,32; 9937,268;  193,495;25112,805;39,10130
 380,91; 9987,982;  168,272;24888,560;39,72328
 381,50; 9963,130;  195,732;24793,450;39,70856
 382,10;10020,576;  184,725;24709,574;40,10565
 382,69;10026,114;  160,343;24621,657;40,33214
 383,28;10139,892;  208,654;24566,383;40,77243
 383,87;10158,628;  175,424;24428,279;41,16300
 384,46;10201,694;  173,661;24306,925;41,55274
 385,05;10293,345;  212,886;24303,782;41,84343
 385,64;10385,559;  189,576;24339,572;42,21940
 386,24;10362,483;  167,661;24220,203;42,38563
 386,83;10551,859;  207,432;24279,449;42,97283
 387,42;10699,154;  206,730;24403,679;43,36259
 388,01;10877,576;  193,284;24638,078;43,70785
 388,60;11106,087;  192,737;24934,295;44,10939
 389,19;11314,293;  178,599;25258,789;44,40036
 389,78;11526,508;  182,443;25516,348;44,77819
 390,37;11896,896;  255,049;26044,630;45,14167
 390,96;11990,675;  187,662;26216,686;45,34558
 391,56;12236,290;  191,601;26377,838;45,99626
 392,15;12463,205;  174,826;26689,722;46,34519
 392,74;12595,618;  154,150;26904,368;46,50978
 393,33;12961,479;  193,679;27212,750;47,25477
 393,92;13248,749;  190,155;27681,721;47,50037
 394,51;13413,977;  164,218;27977,079;47,63897
 395,10;13747,727;  202,094;28227,249;48,33384
 395,69;13837,647;  206,168;28372,249;48,39679
 396,28;14038,400;  196,869;28554,213;48,81110
 396,87;14165,118;  205,421;28611,242;49,14379
 397,46;14365,369;  210,353;28729,041;49,63418
 398,06;14573,237;  225,287;29018,224;49,83149
 398,65;14668,622;  196,160;29080,013;50,10572
 399,24;14889,435;  217,088;29277,343;50,48940
 399,83;14936,972;  176,590;29253,316;50,76356
 400,42;15130,513;  224,626;29454,467;50,99545
 401,01;15290,240;  207,128;29571,044;51,36614
 401,60;15451,237;  217,799;29610,593;51,82712
 402,19;15534,502;  236,844;29605,829;52,08780
 402,78;15575,891;  226,835;29615,856;52,22718
 403,37;15564,429;  214,977;29390,074;52,61149
 403,96;15594,755;  227,976;29203,943;53,03285
 404,55;15628,013;  218,445;29138,663;53,28303
 405,14;15658,441;  211,599;28996,034;53,66387
 405,73;15599,522;  223,612;28785,954;53,83281
 406,32;15685,887;  237,134;28829,577;54,03090
 406,91;15542,573;  223,512;28451,200;54,26963
 407,50;15537,158;  238,163;28207,094;54,69996
 408,09;15469,003;  205,880;27879,689;55,15367
 408,68;15442,262;  230,129;27691,801;55,39405
 409,27;15388,948;  210,260;27477,721;55,66594
 409,86;15324,365;  208,898;27355,978;55,67990
 410,45;15319,478;  257,852;27271,554;55,75551
 411,04;15357,266;  244,189;27202,348;56,06123
 411,63;15258,177;  236,436;26878,885;56,38273
 412,22;15158,053;  252,227;26535,489;56,71224
 412,81;15032,552;  274,284;26290,545;56,72709
 413,40;14847,162;  262,336;25837,152;57,02808
 413,99;14674,324;  314,190;25452,504;57,12449
 414,58;14432,357;  235,339;25010,712;57,30294
 415,17;14359,157;  245,745;24729,214;57,64466
 415,76;14278,772;  231,536;24579,646;57,69333
 416,35;14213,061;  226,679;24283,150;58,13979
 416,94;14280,722;  260,762;24360,672;58,17432
 417,53;14467,552;  232,128;24573,694;58,48196
 418,12;14566,816;  243,123;24618,826;58,76218
 418,71;14873,011;  261,027;25197,185;58,59757
 419,30;14959,773;  230,429;25198,617;58,99245
 419,89;15190,068;  217,348;25463,049;59,30800
 420,48;15399,709;  256,643;25830,983;59,21196
 421,07;15532,724;  248,715;25884,029;59,62091
 421,66;15539,152;  215,550;25955,515;59,53234
 422,25;15582,570;  236,297;25951,341;59,67819
 422,84;15596,146;  261,754;25945,006;59,70580
 423,43;15465,032;  248,071;25663,928;59,87192
 424,02;15307,277;  265,221;25298,897;60,08728
 424,60;14992,518;  241,579;24734,056;60,22641
 425,19;14834,457;  256,131;24393,754;60,39669
 425,78;14815,461;  263,515;24327,975;60,47070
 426,37;14715,037;  258,967;24127,053;60,56652
 426,96;14629,872;  246,197;23974,029;60,61943
 427,55;14550,504;  250,336;23815,088;60,68457
 428,14;14405,575;  239,099;23559,774;60,74642
 428,73;14366,067;  238,727;23287,640;61,29287
 429,32;14344,861;  256,122;23272,549;61,21167
 429,91;14352,839;  277,187;23243,981;61,28697
 430,50;14298,815;  260,180;23069,501;61,54780
 431,08;14139,757;  264,480;22903,070;61,29038
 431,67;14101,781;  298,780;22792,481;61,36385
 432,26;14002,578;  316,158;22547,502;61,56362
 432,85;13765,417;  328,391;22187,710;61,47047
 433,44;13512,961;  329,612;21718,486;61,63648
 434,03;13276,902;  359,675;21306,430;61,66696
 434,62;12908,134;  302,227;20804,187;61,48635
 435,21;12736,893;  323,698;20490,492;61,55265
 435,79;12689,391;  317,373;20361,246;61,72469
 436,38;12550,984;  308,205;20228,135;61,45995
 436,97;12529,678;  310,434;20041,745;61,92819
 437,56;12405,392;  301,183;19805,014;62,06067
 438,15;12338,078;  279,881;19799,419;61,77501
 438,74;12369,360;  320,110;19760,262;61,98125
 439,33;12433,862;  281,189;19699,053;62,58501
 439,91;12497,502;  261,719;19851,305;62,46065
 440,50;12522,724;  314,333;19867,853;62,43577
 441,09;12611,806;  314,707;20012,283;62,42950
 441,68;12619,268;  285,387;20047,796;62,41082
 442,27;12582,191;  276,469;20008,998;62,36262
 442,86;12549,109;  251,675;20081,605;62,01451
 443,44;12712,521;  268,757;20002,114;63,05954
 444,03;12755,583;  343,520;20137,200;62,70720
 444,62;12626,413;  260,290;19968,456;62,74619
 445,21;12458,721;  284,677;19693,269;62,72503
 445,80;12444,003;  311,971;19650,624;62,73463
 446,39;12248,528;  367,974;19356,495;62,56703
 446,97;12101,701;  261,881;19073,511;62,93883
 447,56;11963,113;  266,485;18837,714;62,98252
 448,15;11782,925;  279,497;18571,175;62,88886
 448,74;11657,485;  291,880;18309,447;63,08069
 449,33;11542,875;  276,641;18160,537;62,99653
 449,91;11387,936;  276,473;17911,299;63,00863
 450,50;11243,422;  268,015;17637,654;63,18731
 451,09;11120,955;  285,090;17553,390;62,75004
 451,68;11117,924;  307,700;17358,424;63,40038
 452,26;11082,872;  311,232;17250,566;63,58951
 452,85;10940,766;  272,620;17151,501;63,20411
 453,44;10984,969;  288,679;17136,235;63,48867
 454,03;10953,522;  263,228;17099,659;63,49501
 454,61;10950,924;  262,294;17035,993;63,72256
 455,20;11078,828;  297,518;17301,084;63,40617
 455,79;11074,760;  303,298;17270,018;63,48582
 456,38;11164,504;  299,508;17334,704;63,77969
 456,97;11238,829;  281,973;17474,030;63,73208
 457,55;11205,189;  277,350;17483,395;63,51163
 458,14;11253,969;  317,283;17442,594;63,86270
 458,73;11168,452;  295,656;17325,922;63,84396
 459,31;11231,279;  316,722;17423,811;63,80137
 459,90;11298,853;  355,651;17490,156;63,86646
 460,49;11443,507;  402,039;17571,606;64,30836
 461,08;11429,061;  300,101;17691,511;63,99113
 461,66;11480,190;  301,800;17819,062;63,81357
 462,25;11534,830;  299,173;17869,693;63,94607
 462,84;11603,631;  321,254;17989,499;63,85681
 463,43;11487,733;  251,007;17879,081;63,74336
 464,01;11549,157;  296,233;17915,549;63,86698
 464,60;11511,829;  355,627;17826,061;63,85761
 465,19;11378,283;  282,845;17556,814;64,23213
 465,77;11345,232;  302,224;17580,033;63,91440
 466,36;11300,904;  326,315;17407,748;64,24864
 466,95;11045,293;  295,775;17026,046;64,25191
 467,53;10822,814;  314,525;16753,644;63,92246
 468,12;10614,825;  341,215;16387,586;64,02451
 468,71;10417,271;  307,998;16047,060;64,23047
 469,29;10232,248;  292,522;15741,525;64,33895
 469,88;10043,846;  304,978;15485,809;64,15241
 470,47;10168,776;  365,660;15586,201;64,40714
 471,06;10119,420;  324,429;15519,925;64,45983
 471,64;10203,147;  326,201;15704,611;64,22605
 472,23;10169,670;  295,565;15640,551;64,34744
 472,81;10246,737;  286,575;15786,318;64,26018
 473,40;10410,727;  296,719;15978,350;64,49589
 473,99;10645,144;  417,565;16199,915;64,80391
 474,57;10676,928;  316,181;16243,164;65,05153
 475,16;10752,129;  313,035;16521,341;64,40583
 475,75;10852,981;  331,635;16626,222;64,56958
 476,33;10978,414;  343,704;16768,516;64,74784
 476,92;10988,788;  333,871;16829,755;64,59137
 477,51;11092,216;  319,784;16902,322;64,96250
 478,09;11123,359;  327,553;16982,606;64,82000
 478,68;11090,639;  334,627;16808,872;65,28986
 479,27;11149,763;  351,788;16917,741;65,18173
 479,85;11118,088;  322,320;16913,123;65,07080
 480,44;11187,617;  309,393;17056,628;64,95535
 481,02;12162,223;  327,540;18513,781;65,07493
 481,61;13820,438;  360,389;21025,696;65,13356
 482,20;14774,229;  335,847;22425,425;65,36287
 482,78;15502,656;  368,240;23457,996;65,54602
 483,37;15933,699;  345,836;24077,235;65,68455
 483,95;16169,552;  386,219;24441,950;65,61153
 484,54;16357,868;  378,467;24717,477;65,65345
 485,13;16305,099;  335,441;24580,842;65,86675
 485,71;16173,973;  311,521;24299,731;66,12603
 486,30;15950,655;  374,213;24015,246;65,88732
 486,88;15649,053;  425,210;23631,682;65,60171
 487,47;15031,297;  376,670;22763,964;65,45957
 488,05;14375,228;  367,358;21754,751;65,49592
 488,64;13357,925;  368,042;20199,995;65,49977
 489,23;11956,405;  367,509;18030,057;65,61282
 489,81;10189,606;  370,045;15402,136;65,32399
 490,40; 9615,249;  328,890;14590,975;65,11221
 490,98; 9391,030;  321,809;14267,450;65,03266
 491,57; 9275,079;  341,816;14131,813;64,78075
 492,15; 9256,419;  324,423;14086,901;64,90107
 492,74; 9193,016;  334,434;13926,221;65,17599
 493,32; 9078,258;  346,425;13829,647;64,76073
 493,91; 8984,306;  322,496;13679,484;64,84853
 494,50; 9000,377;  322,943;13664,540;65,04044
 495,08; 8888,143;  308,713;13605,891;64,52069
 495,67; 8907,890;  342,805;13563,727;64,78433
 496,25; 8778,451;  291,874;13466,176;64,41766
 496,84; 8757,674;  285,267;13420,976;64,49904
 497,42; 8692,477;  286,486;13343,746;64,37791
 498,01; 8678,367;  309,265;13274,048;64,55258
 498,59; 8581,739;  276,947;13162,195;64,45194
 499,18; 8569,375;  288,341;13136,494;64,45311
 499,76; 8552,534;  317,720;13043,589;64,70925
 500,35; 8333,823;  306,324;12773,862;64,38720
 500,93; 8295,678;  288,641;12779,560;64,10287
 501,52; 8270,579;  286,178;12588,629;64,90090
 502,10; 8250,062;  303,703;12636,336;64,43360
 502,69; 8065,343;  279,852;12413,289;64,16559
 503,27; 7921,175;  265,866;12229,110;63,99025
 503,86; 7882,011;  300,392;12150,983;63,97672
 504,44; 7755,764;  269,080;12010,806;63,76136
 505,03; 7580,011;  255,156;11632,165;64,38296
 505,61; 7500,329;  271,466;11502,732;64,36374
 506,19; 7354,015;  282,695;11342,775;63,93552
 506,78; 7198,733;  263,069;11183,407;63,51144
 507,36; 7113,053;  268,465;10923,259;64,23951
 507,95; 6956,144;  270,064;10747,971;63,81121
 508,53; 6889,479;  262,839;10596,711;64,12543
 509,12; 6768,210;  274,220;10401,645;64,12281
 509,70; 6641,812;  290,602;10229,006;63,90573
 510,29; 6525,774;  298,520;10023,243;64,03529
 510,87; 6357,215;  255,146; 9835,838;63,69131
 511,46; 6224,579;  255,144; 9684,786;63,30501
 512,04; 6095,889;  269,292; 9522,309;62,96970
 512,62; 5997,723;  276,836; 9324,609;63,22978
 513,21; 5878,957;  246,981; 9118,737;63,48210
 513,79; 5749,062;  256,657; 8968,660;63,04411
 514,38; 5619,273;  243,124; 8798,316;62,84078
 514,96; 5534,402;  295,586; 8726,279;62,13980
 515,54; 5443,353;  246,813; 8437,575;63,44392
 516,13; 5375,506;  272,966; 8373,229;62,99228
 516,71; 5240,754;  259,805; 8248,457;62,35030
 517,30; 5121,411;  252,953; 8153,958;61,61821
 517,88; 5064,723;  274,415; 8019,184;61,85217
 518,46; 4985,183;  240,028; 7865,909;62,22435
 519,05; 4908,056;  262,869; 7837,551;61,32518
 519,63; 4886,779;  263,795; 7737,088;61,86006
 520,22; 4798,340;  275,631; 7659,763;61,24903
 520,80; 4754,272;  245,706; 7557,517;61,66141
 521,38; 4755,894;  300,253; 7530,946;61,62123
 521,97; 4682,375;  256,394; 7503,851;61,06944
 522,55; 4683,095;  269,779; 7471,465;61,28171
 523,13; 4644,481;  255,390; 7455,608;60,95775
 523,72; 4584,418;  243,720; 7425,904;60,43701
 524,30; 4670,853;  287,924; 7581,887;60,08981
 524,89; 4649,615;  250,008; 7519,759;60,51936
 525,47; 4747,997;  257,230; 7685,089;60,45843
 526,05; 4771,166;  232,306; 7762,102;60,27865
 526,64; 4876,747;  276,611; 7877,186;60,52353
 527,22; 4930,221;  261,846; 8028,138;60,11074
 527,80; 5008,932;  307,842; 8103,564;60,30346
 528,39; 5046,505;  257,838; 8200,041;60,29393
 528,97; 5141,668;  245,532; 8394,916;60,07983
 529,55; 5258,899;  272,083; 8561,096;60,16175
 530,14; 5440,618;  280,143; 8783,866;60,68490
 530,72; 5413,273;  253,917; 8925,662;59,49617
 531,30; 5550,012;  234,373; 9110,697;59,88559
 531,89; 5597,824;  255,604; 9167,824;59,94265
 532,47; 5686,734;  282,601; 9262,492;60,18038
 533,05; 5674,942;  286,073; 9352,202;59,43958
 533,63; 5702,722;  284,215; 9400,892;59,43511
 534,22; 5734,464;  253,215; 9447,509;59,61577
 534,80; 5771,411;  278,746; 9529,227;59,37707
 535,38; 5836,224;  374,064; 9710,376;58,50447
 535,97; 5750,295;  257,139; 9608,265;58,74326
 536,55; 5815,282;  300,053; 9692,187;58,72179
 537,13; 5770,812;  299,373; 9615,767;58,72914
 537,71; 5807,265;  327,067; 9695,551;58,49610
 538,30; 5797,467;  324,443; 9796,845;57,77863
 538,88; 5856,124;  360,355; 9909,605;57,55184
 539,46; 5977,515;  409,054;10099,918;57,46093
 540,05; 6057,017;  397,358;10193,732;57,77300
 540,63; 6155,365;  432,434;10448,326;57,13850
 541,21; 6249,874;  442,738;10683,091;56,70836
 541,79; 6301,225;  456,430;10800,526;56,50368
 542,38; 6395,624;  488,820;10982,670;56,28824
 542,96; 6500,755;  479,655;11143,102;56,46486
 543,54; 6599,959;  505,739;11346,235;56,21717
 544,12; 6642,504;  471,352;11547,335;55,71652
 544,70; 6680,955;  454,654;11663,109;55,55004
 545,29; 6734,553;  463,589;11835,006;55,14673
 545,87; 6793,071;  469,661;11863,603;55,49800
 546,45; 6763,397;  436,744;11875,588;55,30850
 547,03; 6792,844;  419,048;11917,757;55,43053
 547,62; 6849,568;  386,968;12101,509;55,16734
 548,20; 6965,917;  418,579;12279,323;55,20175
 548,78; 6972,817;  381,564;12405,865;54,81610
 549,36; 7067,812;  363,720;12594,645;54,81264
 549,94; 7127,663;  321,581;12759,556;54,72018
 550,53; 7220,491;  347,876;13046,439;54,12120
 551,11; 7317,963;  310,639;13202,562;54,35438
 551,69; 7478,294;  332,489;13521,845;54,17857
 552,27; 7576,442;  281,033;13820,327;53,88323
 552,85; 7806,204;  294,562;14147,047;54,22596
 553,44; 7918,596;  301,105;14551,817;53,45340
 554,02; 8090,917;  319,180;14945,715;53,13451
 554,60; 8258,955;  251,792;15256,803;53,36326
 555,18; 8471,548;  297,412;15642,772;53,26780
 555,76; 8644,472;  282,103;16070,228;52,96619
 556,34; 8834,737;  288,325;16493,734;52,73802
 556,93; 9002,714;  279,258;16897,367;52,49368
 557,51; 9170,606;  262,786;17261,814;52,40194
 558,09; 9391,511;  297,643;17660,827;52,37443
 558,67; 9527,995;  283,935;18064,453;51,98982
 559,25; 9689,744;  293,553;18379,680;51,95248
 559,83; 9769,639;  289,239;18741,441;51,37815
 560,41; 9943,522;  252,173;19102,714;51,41152
 561,00;10076,105;  280,089;19507,787;50,94742
 561,58;10198,740;  272,173;19840,119;50,72871
 562,16;10295,860;  251,638;20092,333;50,62434
 562,74;10446,582;  233,410;20508,024;50,37419
 563,32;10599,034;  238,239;21016,156;49,86445
 563,90;10825,627;  271,012;21474,043;49,77880
 564,48;10980,615;  260,713;21907,540;49,52182
 565,06;11226,942;  266,782;22562,956;49,15713
 565,65;11529,810;  271,386;23334,054;48,81666
 566,23;11903,155;  305,473;24195,019;48,54710
 566,81;12186,601;  257,784;25032,319;48,14951
 567,39;12602,496;  266,084;26019,305;47,90240
 567,97;12897,248;  288,860;26788,384;47,57968
 568,55;13315,823;  315,624;27659,588;47,54321
 569,13;13578,101;  282,012;28440,792;47,21827
 569,71;14034,485;  265,485;29502,434;47,09452
 570,29;14503,477;  316,643;30731,185;46,64491
 570,87;14828,113;  296,025;31492,880;46,58190
 571,45;15047,554;  278,782;32273,499;46,16003
 572,03;15237,149;  244,390;32821,783;46,02197
 572,61;15516,202;  234,779;33581,636;45,82568
 573,20;15828,586;  267,093;34325,998;45,68994
 573,78;16099,589;  249,086;35037,977;45,56197
 574,36;16219,357;  271,011;35670,059;45,05304
 574,94;16414,264;  339,235;36070,492;44,98870
 575,52;16357,201;  250,610;36282,643;44,70076
 576,10;16626,695;  308,152;36963,834;44,51845
 576,68;16795,792;  273,313;37532,704;44,34447
 577,26;17040,851;  290,914;38402,890;43,94928
 577,84;17165,958;  293,087;38976,887;43,61741
 578,42;17230,080;  352,924;39291,417;43,34312
 579,00;17179,836;  270,393;39393,952;43,22061
 579,58;17228,886;  335,696;39679,751;42,93708
 580,16;17120,914;  278,154;39659,662;42,76820
 580,74;17091,147;  273,768;39791,234;42,55683
 581,32;16991,791;  286,387;39900,661;42,17016
 581,90;16923,139;  303,385;39909,788;41,96229
 582,48;16825,700;  283,308;39897,022;41,75926
 583,06;16792,310;  285,080;40076,268;41,48464
 583,64;16797,077;  273,465;40149,927;41,43701
 584,22;16594,246;  270,608;39925,227;41,16453
 584,80;16352,949;  279,693;39600,651;40,87707
 585,38;16096,049;  298,710;39153,421;40,65746
 585,96;16033,286;  258,238;39216,506;40,49217
 586,54;15887,867;  285,841;39070,183;40,22764
 587,12;15851,553;  259,382;39233,583;40,00639
 587,70;15873,211;  297,007;39368,693;39,86571
 588,28;15711,718;  274,844;39446,530;39,40824
 588,86;15782,795;  274,150;39449,217;39,58805
 589,44;15575,942;  261,217;39444,321;39,08502
 590,02;15637,896;  268,681;39733,089;38,94450
 590,59;15554,706;  241,610;39836,924;38,67401
 591,17;15613,936;  256,746;40021,272;38,62033
 591,75;15456,543;  250,752;40263,182;38,00267
 592,33;15544,122;  269,908;40397,974;38,06367
 592,91;15489,845;  226,364;40687,067;37,72421
 593,49;15544,421;  244,975;41020,424;37,52122
 594,07;15541,569;  268,436;41229,934;37,28656
 594,65;15393,996;  271,609;41226,449;36,92454
 595,23;15463,856;  263,451;41679,496;36,70173
 595,81;15416,930;  246,756;41820,572;36,48973
 596,39;15407,206;  243,832;41948,117;36,35927
 596,97;15288,427;  248,287;42077,886;35,95574
 597,55;15182,069;  242,837;42066,449;35,71961
 598,12;15029,264;  230,357;41993,116;35,43565
 598,70;14995,318;  237,978;42164,393;35,19819
 599,28;14955,291;  260,054;42337,087;34,92460
 599,86;14918,305;  233,670;42309,566;34,90035
 600,44;14800,061;  210,052;42490,235;34,50791
 601,02;14739,972;  268,734;42543,075;34,23173
 601,60;14610,934;  244,059;42515,595;33,98711
 602,18;14521,218;  215,511;42408,879;33,90511
 602,75;14453,774;  210,988;42590,385;33,60781
 603,33;14393,555;  237,670;42588,806;33,42504
 603,91;14275,529;  209,276;42485,132;33,27254
 604,49;14229,936;  245,669;42728,426;32,91751
 605,07;14155,707;  242,060;42636,052;32,81986
 605,65;14052,949;  238,436;42830,708;32,43432
 606,23;14054,186;  274,765;42935,861;32,29974
 606,80;13942,971;  285,219;42912,743;32,03975
 607,38;13852,123;  286,662;42991,091;31,76594
 607,96;13758,349;  300,526;42986,330;31,52763
 608,54;13713,070;  363,128;43156,066;31,19660
 609,12;13730,790;  340,295;43191,052;31,24914
 609,70;13607,480;  340,594;43202,306;30,95277
 610,27;13557,126;  345,835;43276,705;30,77341
 610,85;13411,006;  361,825;43401,480;30,31897
 611,43;13282,455;  353,747;43288,725;30,11230
 612,01;13114,297;  316,830;43065,015;29,93687
 612,59;13094,309;  325,517;43091,254;29,85753
 613,16;12917,125;  306,762;42987,023;29,54612
 613,74;12808,682;  306,593;42923,730;29,33583
 614,32;12671,664;  292,743;42904,712;29,05034
 614,90;12531,102;  283,212;42768,301;28,82868
 615,48;12352,548;  261,530;42346,424;28,73007
 616,05;12261,912;  245,840;42366,190;28,52795
 616,63;12135,739;  268,150;42115,264;28,35940
 617,21;12019,187;  265,835;42047,576;28,13035
 617,79;11806,273;  244,602;41977,402;27,70404
 618,36;11740,673;  268,445;41777,871;27,63765
 618,94;11532,754;  213,144;41495,536;27,41995
 619,52;11375,781;  245,995;41185,045;27,18623
 620,10;11309,104;  215,218;41131,081;27,11390
 620,67;11163,635;  230,919;41037,035;26,79186
 621,25;11032,763;  251,675;40899,928;26,52288
 621,83;10934,463;  240,913;40822,972;26,35044
 622,41;10906,758;  289,837;40782,992;26,21905
 622,98;10668,502;  246,766;40504,620;25,88746
 623,56;10643,196;  254,229;40502,351;25,81230
 624,14;10573,766;  241,365;40371,341;25,74734
 624,72;10414,088;  235,990;40270,150;25,42353
 625,29;10347,323;  230,536;40358,353;25,21141
 625,87;10284,691;  265,371;40282,813;25,03738
 626,45;10166,235;  222,461;40096,950;24,93768
 627,02;10111,369;  246,370;39970,025;24,83407
 627,60; 9973,901;  222,207;39961,053;24,53945
 628,18; 9967,482;  205,449;39980,206;24,54329
 628,76; 9886,504;  211,458;39942,192;24,35154
 629,33; 9815,636;  250,839;40010,486;24,05655
 629,91; 9795,643;  224,834;39990,235;24,06818
 630,49; 9776,445;  253,148;40173,239;23,85590
 631,06; 9691,369;  242,688;40285,739;23,59631
 631,64; 9649,852;  238,460;40251,522;23,52080
 632,22; 9493,961;  211,772;40109,559;23,26492
 632,79; 9562,242;  253,310;40497,330;23,13122
 633,37; 9536,089;  217,061;40489,172;23,14015
 633,95; 9474,272;  233,307;40600,433;22,89230
 634,52; 9424,928;  223,606;40657,660;22,75637
 635,10; 9416,266;  236,219;40636,225;22,72289
 635,68; 9389,516;  240,079;40879,534;22,51368
 636,25; 9317,042;  214,623;40865,833;22,39151
 636,83; 9313,735;  202,227;41155,346;22,24863
 637,41; 9283,863;  228,542;41104,902;22,15295
 637,98; 9287,125;  258,235;41412,510;21,93913
 638,56; 9218,443;  233,010;41362,044;21,84693
 639,13; 9154,506;  218,228;41408,000;21,69538
 639,71; 9219,530;  290,687;41663,075;21,58165
 640,29; 9076,003;  189,687;41416,880;21,55450
 640,86; 9034,561;  215,072;41597,874;21,31197
 641,44; 9020,043;  223,302;41674,714;21,22181
 642,02; 8972,909;  232,994;41648,400;21,10305
 642,59; 8943,544;  214,532;41768,856;21,00627
 643,17; 8879,795;  212,532;41708,157;20,88717
 643,74; 8867,815;  205,762;41839,074;20,80558
 644,32; 8782,604;  240,916;41693,607;20,60587
 644,89; 8781,009;  233,762;41793,985;20,56593
 645,47; 8722,952;  241,454;41750,364;20,43296
 646,05; 8628,741;  236,530;41647,204;20,26581
 646,62; 8568,684;  230,838;41632,352;20,13899
 647,20; 8585,935;  233,145;41912,576;20,04056
 647,77; 8482,647;  209,991;41661,262;19,95754
 648,35; 8390,205;  205,606;41558,564;19,79205
 648,92; 8377,456;  210,144;41568,558;19,74764
 649,50; 8349,091;  197,452;41435,244;19,76740
 650,08; 8252,188;  199,913;41342,700;19,57154
 650,65; 8250,285;  201,836;41655,540;19,41551
 651,23; 8367,767;  186,066;42456,149;19,35577
 651,80; 8567,479;  190,066;43651,758;19,27540
 652,38; 8599,345;  205,912;44067,290;19,13627
 652,95; 8629,057;  185,219;44492,438;19,05748
 653,53; 8649,000;  218,450;44825,355;18,89965
 654,10; 8657,097;  252,526;44913,503;18,81860
 654,68; 8583,809;  203,064;44812,497;18,78693
 655,25; 8620,599;  183,833;45006,568;18,82251
 655,83; 8541,157;  185,910;45010,100;18,64004
 656,40; 8539,485;  230,217;45074,863;18,52901
 656,98; 8469,120;  205,371;44870,934;18,50139
 657,55; 8402,140;  208,371;44806,620;18,37240
 658,13; 8330,775;  220,063;44368,691;18,37138
 658,70; 8192,949;  224,293;44015,300;18,19701
 659,28; 7999,661;  203,293;42999,756;18,21732
 659,85; 7814,143;  235,908;42135,903;18,08648
 660,43; 7785,778;  235,985;42116,820;18,02685
 661,00; 7741,183;  201,754;42242,045;17,93382
 661,58; 7759,587;  200,138;42595,193;17,83097
 662,15; 7773,684;  187,368;42820,879;17,79426
 662,73; 7881,166;  268,522;43137,796;17,75781
 663,30; 7854,724;  210,522;43324,944;17,73004
 663,88; 7836,360;  211,137;43483,476;17,62147
 664,45; 7903,226;  205,136;43745,778;17,68024
 665,03; 7922,015;  203,982;44151,541;17,56191
 665,60; 8080,650;  312,597;44532,842;17,56673
 666,17; 7964,824;  199,366;44733,375;17,43714
 666,75; 8043,921;  190,981;45084,753;17,49227
 667,32; 8034,864;  232,827;45466,286;17,24838
 667,90; 8088,730;  212,827;45814,818;17,27096
 668,47; 8157,442;  216,365;46034,812;17,33162
 669,05; 8173,924;  197,057;46393,652;17,26722
 669,62; 8129,790;  181,134;46427,800;17,18752
 670,19; 8191,271;  174,826;46592,409;17,27028
 670,77; 8172,291;  207,441;46742,326;17,11587
 671,34; 8180,773;  190,056;46687,474;17,18529
 671,92; 8199,793;  180,209;47078,391;17,09999
 672,49; 8186,044;  225,594;47184,615;16,95191
 673,06; 8152,833;  176,824;47107,994;16,99512
 673,64; 8179,314;  180,978;47107,526;17,04437
 674,21; 8142,719;  177,516;47029,135;17,00091
 674,79; 8188,816;  215,439;47384,514;16,90382
 675,36; 8218,220;  218,054;47427,277;16,94619
 675,93; 8156,856;  192,746;47219,425;16,93530
 676,51; 8221,414;  217,669;47490,726;16,93088
 677,08; 8179,511;  202,668;47441,028;16,88637
 677,65; 8207,146;  203,976;47746,253;16,83380
 678,23; 8280,859;  203,360;47852,708;16,95196
 678,80; 8245,032;  203,975;47992,471;16,82635
 679,38; 8286,822;  201,206;48148,696;16,86348
 679,95; 8353,688;  214,898;48439,228;16,87694
 680,52; 8360,246;  200,436;48748,607;16,80766
 681,10; 8457,189;  210,512;49157,370;16,84823
 681,67; 8474,978;  220,435;49519,441;16,74383
 682,24; 8458,306;  177,743;49480,742;16,79525
 682,82; 8608,249;  194,512;50159,044;16,83942
 683,39; 8657,192;  251,204;50406,269;16,76000
 683,96; 8720,827;  205,280;50721,878;16,85693
 684,54; 8762,155;  182,049;51152,949;16,83334
 685,11; 8903,944;  251,587;51550,635;16,86651
 685,68; 8895,733;  198,664;51875,936;16,82958
 686,25; 8928,369;  181,433;52115,315;16,84245
 686,83; 8975,927;  202,433;52100,847;16,90513
 687,40; 9007,486;  183,586;52541,457;16,85305
 687,97; 9085,121;  239,432;52955,143;16,77999
 688,55; 9042,295;  189,739;53129,521;16,72193
 689,12; 9077,161;  162,585;53432,054;16,73487
 689,69; 9094,873;  185,277;53480,201;16,71753
 690,26; 9147,355;  199,585;53416,503;16,81377
 690,84; 9174,913;  203,584;53664,574;16,78108
 691,41; 9217,087;  225,507;53752,798;16,79812
 691,98; 9291,645;  206,199;54093,331;16,86014
 692,56; 9296,281;  198,353;54188,786;16,85100
 693,13; 9350,147;  248,506;54337,780;16,82707
 693,70; 9346,013;  220,583;54451,851;16,82688
 694,27; 9320,571;  194,506;54675,076;16,75105
 694,84; 9359,284;  186,275;54652,223;16,84173
 695,42; 9464,842;  249,274;54733,140;16,91431
 695,99; 9456,708;  210,966;54942,288;16,89296
 696,56; 9483,882;  219,581;54864,744;16,95356
 697,13; 9592,133;  224,966;55168,276;17,04879
 697,71; 9565,537;  202,581;55269,501;17,00287
 698,28; 9618,250;  196,965;55665,648;16,98487
 698,85; 9632,116;  164,349;55652,873;17,06257
 699,42; 9668,136;  175,964;55837,175;17,05348
 699,99; 9750,925;  223,733;55935,707;17,10080
 700,57; 9743,868;  216,810;56009,085;17,07594
 701,14; 9767,119;  195,041;56150,541;17,10659
 701,71; 9840,062;  219,656;56429,842;17,11506
 702,28; 9865,159;  202,194;56409,529;17,19164
 702,85; 9867,332;  203,578;56510,523;17,16263
 703,43; 9948,275;  227,809;56596,978;17,24430
 704,00; 9999,142;  227,501;56979,357;17,21819
 704,57;10014,854;  196,654;56899,427;17,31520
 705,14;10106,181;  229,423;57299,114;17,30649
 705,71;10152,586;  231,038;57249,569;17,40057
 706,28;10122,760;  204,576;57169,871;17,41092
 706,86;10232,318;  237,114;57404,249;17,48418
 707,43;10245,415;  272,114;57388,089;17,46149
 708,00;10271,666;  242,268;57321,698;17,57095
 708,57;10271,686;  202,037;57222,846;17,65960
 709,14;10292,398;  223,652;57421,071;17,60350
 709,71;10345,957;  201,575;57612,603;17,66974
 710,28;10389,900;  217,651;57759,136;17,67811
 710,86;10454,150;  209,574;57813,745;17,78444
 711,43;10528,016;  238,343;57849,277;17,86063
 712,00;10538,113;  212,496;57968,963;17,87785
 712,57;10612,133;  245,112;58123,650;17,91169
 713,14;10647,307;  207,419;58235,182;17,99120
 713,71;10640,173;  233,111;58138,637;17,97249
 714,28;10684,578;  221,188;58170,324;18,05616
 714,85;10635,290;  209,726;57925,241;18,06371
 715,42;10740,464;  207,649;58101,234;18,19341
 716,00;10903,638;  311,879;58248,382;18,28167
 716,57;10826,735;  220,725;58306,761;18,25914
 717,14;10902,524;  222,340;58310,908;18,38603
 717,71;10894,236;  204,109;58327,210;18,39222
 718,28;10977,410;  251,724;58485,589;18,41830
 718,85;10955,199;  199,647;58430,429;18,47056
 719,42;11058,142;  238,646;58705,422;18,50537
 719,99;10997,700;  204,185;58397,109;18,54781
 720,56;11175,259;  243,723;58726,256;18,69197
 721,13;11172,894;  204,184;58891,173;18,69019
 721,70;11178,606;  199,414;58717,244;18,76213
 722,27;11227,703;  237,030;58728,084;18,79035
 722,84;11346,954;  287,337;58954,847;18,85135
 723,41;11269,051;  191,644;58861,226;18,88100
 723,98;11362,532;  214,490;59115,527;18,92673
 724,55;11470,783;  247,336;59227,291;19,02926
 725,12;11446,649;  166,336;59275,669;19,08381
 725,69;11538,054;  205,720;59482,432;19,11768
 726,27;11580,305;  217,104;59381,580;19,20612
 726,84;11692,478;  219,181;59790,728;19,25969
 727,41;11767,498;  248,950;59758,260;19,35588
 727,98;11816,826;  237,642;60177,562;19,31798
 728,55;11874,461;  269,334;59999,633;19,42921
 729,12;11896,174;  211,488;60105,857;19,50882
 729,69;12032,117;  233,641;60246,159;19,66002
 730,26;12087,214;  231,333;60551,153;19,65503
 730,82;12111,080;  226,717;60242,839;19,80195
 731,39;12147,330;  221,179;60448,448;19,80191
 731,96;12281,427;  202,563;60680,673;19,97229
 732,53;12388,217;  225,255;60965,205;20,02465
 733,10;12480,390;  238,101;61138,430;20,10217
 733,67;12505,487;  233,716;61312,962;20,09156
 734,24;12456,353;  208,946;60974,879;20,15505
 734,81;12557,527;  250,715;61014,565;20,25351
 735,38;12537,547;  223,177;60774,713;20,33701
 735,95;12576,182;  216,253;60544,707;20,48773
 736,52;12591,895;  228,714;60737,239;20,43213
 737,09;12549,145;  239,099;60437,156;20,44924
 737,66;12696,704;  282,868;60610,843;20,57725
 738,23;12725,955;  226,637;60659,913;20,68284
 738,80;12929,898;  312,713;61133,138;20,74498
 739,37;12927,841;  249,636;61151,440;20,81745
 739,94;12911,553;  224,174;61236,049;20,79493
 740,51;13128,265;  378,405;61342,350;20,91377
 741,07;13055,208;  233,404;61234,037;21,01913
 741,64;13109,997;  253,635;61475,954;20,99947
 742,21;13170,402;  243,096;61487,255;21,10782
 742,78;13174,268;  201,865;61203,557;21,26564
 743,35;13240,980;  228,788;61644,551;21,18706
 743,92;13404,462;  267,711;61799,852;21,34941
 744,49;13425,713;  273,095;61586,154;21,45158
 745,06;13429,963;  233,018;61602,532;21,50407
 745,63;13498,137;  211,710;61548,911;21,66129
 746,19;13545,388;  224,556;61547,828;21,72231
 746,76;13512,023;  241,401;61671,976;21,60263
 747,33;13594,812;  224,324;61610,893;21,78080
 747,90;13753,679;  253,939;61811,579;21,93024
 748,47;13787,852;  237,324;61720,880;22,03927
 749,04;13830,949;  236,477;61735,720;22,10510
 749,61;13944,431;  272,862;61687,022;22,26127
 750,17;13970,374;  274,169;61712,247;22,29270
 750,74;14008,317;  242,246;61661,702;22,41321
 751,31;14030,644;  219,014;61678,234;22,47284
 751,88;14019,741;  204,783;61478,690;22,54623
 752,45;14185,838;  225,860;61681,915;22,71538
 753,02;14138,243;  259,091;61501,755;22,66255
 753,58;14198,263;  226,244;61449,902;22,82127
 754,15;14288,514;  227,013;61555,666;22,92811
 754,72;14231,687;  220,090;61234,506;22,96441
 755,29;14296,707;  200,628;61164,653;23,12196
 755,86;14353,650;  235,320;61458,032;23,06061
 756,42;14414,824;  259,089;61205,564;23,22650
 756,99;14371,844;  195,550;61184,327;23,24410
 757,56;14406,556;  210,550;61123,552;23,30538
 758,13;14403,499;  183,396;61024,930;23,37236
 758,70;14582,519;  209,472;61085,078;23,61052
 759,26;14595,770;  206,241;61143,457;23,61370
 759,83;14637,713;  216,010;61259,835;23,62516
 760,40;14711,733;  193,856;60955,598;23,89312
 760,97;14770,445;  196,240;61145,669;23,91196
 761,53;14734,388;  191,855;60667,125;24,04707
 762,10;14725,408;  170,163;60646,965;24,06749
 762,67;14796,505;  212,701;60721,805;24,10184
 763,24;14713,294;  176,854;60169,491;24,23037
 763,80;14851,776;  215,239;60354,408;24,33778
 764,37;14816,719;  202,315;60257,786;24,33484
 764,94;14790,047;  190,084;59855,396;24,46977
 765,50;14808,682;  200,546;59891,774;24,47284
 766,07;14971,394;  221,468;59820,076;24,74878
 766,64;14852,414;  200,853;59542,147;24,69033
 767,21;14879,896;  207,160;59496,371;24,74773
 767,77;14921,300;  225,160;59327,596;24,86554
 768,34;14903,936;  227,390;59309,821;24,84080
 768,91;14987,571;  238,082;59146,353;25,03806
 769,47;15043,206;  230,620;59197,885;25,12002
 770,04;15064,149;  234,159;59072,802;25,20451
 770,61;15070,169;  210,158;58792,181;25,36616
 771,18;15019,497;  218,696;58710,329;25,30413
 771,74;15137,671;  226,312;58958,399;25,38878
 772,31;15172,922;  232,927;58739,701;25,53550
 772,88;15118,634;  192,542;58311,310;25,68205
 773,44;15054,500;  208,618;58177,304;25,61017
 774,01;15149,212;  237,387;58317,606;25,67453
 774,58;15208,924;  210,310;57905,061;25,99650
 775,14;15194,021;  201,079;58134,440;25,87964
 775,71;15239,734;  196,848;57962,664;26,04115
 776,27;15376,984;  281,694;57820,658;26,23490
 776,84;15427,081;  325,770;57942,729;26,20984
 777,41;15367,409;  228,309;57712,800;26,33597
 777,97;15267,198;  219,924;57490,563;26,27398
 778,54;15396,756;  228,077;57455,018;26,50619
 779,11;15461,469;  258,308;57537,012;26,54243
 779,67;15499,335;  220,769;57381,006;26,72936
 780,24;15490,124;  234,307;57179,616;26,79030
 780,80;15608,452;  252,538;57198,686;26,96568
 781,37;15618,702;  246,768;57157,911;27,01041
 781,94;15594,876;  233,922;56900,982;27,10738
 782,50;15657,435;  228,767;56857,360;27,24537
 783,07;15755,608;  256,690;56928,047;27,34877
 783,63;15712,475;  231,151;56640,963;27,44438
 784,20;15715,802;  261,997;56608,727;27,42627
 784,77;15735,130;  238,151;56367,105;27,60960
 785,33;15745,304;  207,228;56149,484;27,77520
 785,90;15798,016;  231,535;56080,016;27,87270
 786,46;15856,651;  257,381;56036,087;27,96635
 787,03;15896,441;  221,457;55744,850;28,23131
 787,59;15922,076;  224,149;55683,152;28,30546
 788,16;15933,788;  245,457;55596,915;28,34312
 788,73;15967,731;  250,303;55503,139;28,44637
 789,29;15958,213;  225,764;55116,133;28,66158
 789,86;16058,463;  276,379;54994,127;28,84272
 790,42;16021,253;  246,686;54897,890;28,86408
 790,99;15882,503;  245,840;54468,269;28,83800
 791,55;15977,293;  231,378;54523,263;29,00234
 792,12;15987,159;  265,762;54447,795;29,01588
 792,68;15967,871;  244,993;54199,635;29,14092
 793,25;16016,660;  260,531;53951,014;29,34622
 793,81;16030,834;  337,223;53469,931;29,53663
 794,38;15915,085;  214,069;53287,771;29,58342
 794,94;15864,951;  226,684;53089,995;29,58246
 795,51;15913,125;  252,068;52963,912;29,71070
 796,07;15787,606;  244,453;52556,214;29,71254
 796,64;15947,241;  270,914;52788,977;29,84940
 797,20;15836,800;  242,375;52175,894;30,02767
 797,77;15674,358;  219,452;51855,349;29,93055
 798,33;15706,917;  250,451;51727,651;30,02585
 798,90;15716,937;  264,143;51666,260;30,06256
 799,46;15626,034;  222,220;51127,408;30,25981
 800,03;15647,669;  239,220;51086,556;30,30336
 800,59;15541,612;  256,527;50791,934;30,24629
 801,15;15533,247;  262,373;50645,082;30,30975
 801,72;15459,883;  239,296;50239,922;30,44079
 802,28;15370,210;  260,757;49976,916;30,39143
 802,85;15351,307;  249,449;49804,602;30,47485
 803,41;15379,404;  226,987;49520,442;30,73921
 803,98;15217,116;  232,987;49081,128;30,67492
 804,54;15185,982;  247,064;48817,584;30,75717
 805,11;15228,925;  265,909;48568,578;30,97762
 805,67;15186,099;  265,294;48496,802;30,93581
 806,23;15096,350;  254,678;48113,642;31,01127
 806,80;15096,139;  270,909;47901,790;31,12525
 807,36;15155,775;  261,062;47824,015;31,31579
 807,93;15051,102;  285,446;47622,701;31,19246
 808,49;14924,968;  229,138;47175,464;31,30347
 809,05;14929,604;  230,830;47043,073;31,39942
 809,62;15001,085;  264,907;46914,375;31,58917
 810,18;14970,874;  251,907;46860,907;31,57967
 810,74;14903,279;  220,445;46486,132;31,73590
 811,31;14814,453;  222,522;46325,049;31,65104
 811,87;14927,780;  258,598;46123,812;31,98324
 812,44;14897,570;  266,290;46084,806;31,93312
 813,00;14764,359;  203,598;45838,492;31,90708
 813,56;14900,225;  257,213;45856,178;32,11260
 814,13;14867,014;  245,905;45853,095;32,05878
 814,69;14845,034;  241,597;45567,474;32,21876
 815,25;14766,746;  216,135;45001,699;32,48951
 815,82;14783,536;  254,904;44987,308;32,47899
 816,38;14864,402;  289,904;44849,609;32,70780
 816,94;14692,883;  234,980;44529,142;32,64065
 817,51;14587,826;  219,672;44262,443;32,62318
 818,07;14565,692;  232,287;43942,591;32,79182
 818,63;14488,405;  239,595;43801,893;32,70904
 819,20;14530,117;  249,441;43702,271;32,86478
 819,76;14416,368;  223,440;43231,188;33,00086
 820,32;14530,926;  275,209;43110,413;33,28038
 820,89;14448,177;  252,824;42955,022;33,24267
 821,45;14350,812;  234,516;42550,862;33,35897
 822,01;14316,909;  255,285;42356,702;33,39941
 822,57;14290,775;  257,208;42212,927;33,44852
 823,14;14216,026;  214,054;41866,998;33,61580
 823,70;14217,661;  240,361;41616,761;33,78085
 824,26;14174,373;  213,438;41400,678;33,89626
 824,82;14191,701;  265,976;41279,672;33,95384
 825,39;14056,798;  232,437;40941,666;33,95879
 825,95;14165,433;  242,129;41110,583;34,06859
 826,51;13993,915;  250,667;40510,961;34,13598
 827,08;14133,242;  286,283;40593,032;34,35395
 827,64;14136,724;  261,359;40360,026;34,60306
 828,20;14022,359;  221,743;40133,635;34,57770
 828,76;14035,764;  269,820;40193,398;34,48074
 829,32;14065,092;  276,358;39973,469;34,73485
 829,89;14011,804;  224,743;39838,232;34,80396
 830,45;14078,901;  247,742;39738,226;35,02403
 831,01;14038,613;  241,204;39576,143;35,07673
 831,57;14009,171;  237,126;39425,522;35,14317
 832,14;13986,884;  230,203;39358,285;35,15808
 832,70;13974,057;  213,433;39137,432;35,35254
 833,26;13921,693;  198,125;39029,811;35,34116
 833,82;13948,636;  243,510;38898,420;35,45507
 834,38;14000,733;  228,048;38980,568;35,54010
 834,95;13985,753;  215,278;38781,562;35,70599
 835,51;13916,465;  191,663;38626,402;35,70937
 836,07;14063,639;  238,124;38760,319;35,88974
 836,63;14055,813;  248,354;38652,005;35,95350
 837,19;13985,986;  252,970;38504,614;35,90177
 837,75;13930,006;  207,277;38093,608;36,22079
 838,32;14007,872;  253,123;38318,448;36,13459
 838,88;14086,200;  251,122;38316,135;36,34592
 839,44;14034,220;  252,122;38216,667;36,30255
 840,00;14018,548;  255,045;38089,507;36,37822
 840,56;14014,414;  223,660;37756,116;36,74354
 841,12;13957,818;  225,967;37779,802;36,56578
 841,68;13956,223;  208,967;37553,950;36,81152
 842,25;14050,474;  228,198;37652,636;36,93382
 842,81;13937,801;  205,120;37343,015;36,97754
 843,37;13920,744;  199,428;37319,624;36,96456
 843,93;13971,303;  227,274;37173,772;37,19982
 844,49;13986,630;  250,889;37314,843;37,05957
 845,05;13892,958;  191,427;37014,375;37,20922
 845,61;14003,209;  244,196;37150,600;37,28083
 846,17;13948,690;  212,965;36982,901;37,35586
 846,73;13936,326;  242,580;36912,203;37,34357
 847,29;13878,730;  225,733;36677,735;37,45472
 847,86;13918,443;  223,810;36606,268;37,64076
 848,42;13825,155;  218,656;36341,108;37,66771
 848,98;13846,559;  240,425;36353,025;37,67697
 849,54;13866,118;  230,040;36393,711;37,70656
 850,10;13915,369;  244,193;36184,012;38,03908
 850,66;13885,004;  222,732;35997,929;38,18923
 851,22;13876,485;  199,654;35966,385;38,23897
 851,78;13989,352;  263,270;35914,994;38,50047
 852,34;13831,756;  243,577;35736,219;38,28450
 852,90;13883,391;  227,730;35670,059;38,52924
 853,46;13790,258;  215,961;35368,130;38,61582
 854,02;13789,970;  240,499;35407,893;38,52850
 854,58;13774,144;  225,114;35108,425;38,84101
 855,14;13706,010;  222,806;35070,804;38,69147
 855,70;13655,876;  196,575;34870,336;38,81696
 856,26;13652,588;  228,113;34736,253;38,90234
 856,82;13707,608;  227,728;34633,093;39,17959
 857,38;13706,013;  282,728;34582,010;39,13576
 857,94;13607,494;  221,036;34393,465;39,17327
 858,50;13566,976;  246,343;34317,767;39,09620
 859,06;13540,226;  217,420;34104,146;39,31571
 859,62;13498,631;  248,727;34009,909;39,24597
 860,18;13531,420;  227,573;33889,672;39,52174
 860,74;13481,363;  201,265;33764,435;39,56747
 861,30;13404,306;  208,803;33450,352;39,69581
 861,86;13552,095;  284,803;33550,961;39,88225
 862,42;13429,962;  227,033;33349,032;39,86151
 862,98;13459,828;  257,956;33354,564;39,88890
 863,54;13356,463;  220,648;33068,020;39,99046
 864,10;13422,175;  224,878;33158,475;40,07244
 864,66;13259,195;  205,263;32801,777;40,04702
 865,22;13336,369;  230,186;32700,694;40,36335
 865,78;13301,851;  228,031;32483,534;40,53206
 866,34;13296,024;  216,416;32380,682;40,66503
 866,90;13279,121;  232,569;32365,983;40,60120
 867,45;13154,064;  233,877;32121,823;40,51747
 868,01;13143,238;  236,030;31924,817;40,73115
 868,57;13048,027;  233,414;31850,042;40,53125
 869,13;13041,432;  213,799;31633,266;40,82702
 869,69;12914,683;  231,491;31572,799;40,46797
 870,25;12944,472;  195,337;31446,023;40,79634
 870,81;12934,107;  225,183;31277,940;40,92688
 871,37;12889,512;  232,028;31215,396;40,85251
 871,93;12851,609;  248,259;31081,851;40,87539
 872,49;12848,244;  278,105;30774,999;41,21777
 873,04;12697,187;  202,720;30672,762;41,00574
 873,60;12737,668;  219,412;30479,371;41,36905
 874,16;12646,612;  231,335;30434,058;41,10648
 874,72;12638,535;  233,565;30331,365;41,21553
 875,28;12658,381;  240,950;30233,750;41,40137
 875,84;12634,765;  239,488;30124,288;41,47686
 876,40;12631,535;  219,642;30089,135;41,55374
 876,95;12684,996;  244,181;30094,596;41,67719
 877,51;12674,304;  262,258;29995,904;41,74411
 878,07;12754,073;  278,796;30104,904;41,82670
 878,63;12695,842;  230,027;30106,135;41,72503
 879,19;12722,381;  242,335;30152,519;41,72507
 879,75;12809,381;  231,796;30113,365;42,09145
 880,30;12900,842;  232,027;30041,827;42,49883
 880,86;12960,535;  272,181;30242,365;42,33659
 881,42;13012,073;  212,488;30266,058;42,58923
 881,98;13036,919;  235,412;30321,673;42,54935
 882,54;13043,304;  228,335;30386,904;42,49197
 883,09;13090,458;  243,796;30518,673;42,43341
 883,65;13105,227;  210,642;30670,750;42,33270
 884,21;13343,996;  253,335;30906,904;42,70518
 884,77;13279,304;  213,335;30947,519;42,51282
 885,32;13408,073;  229,873;31118,288;42,66389
 885,88;13495,381;  259,104;31227,212;42,74164
 886,44;13516,919;  236,565;31341,212;42,69572
 887,00;13612,304;  263,104;31300,596;43,00992
 887,56;13668,381;  225,335;31517,904;42,95923
 888,11;13755,765;  223,950;31516,212;43,24333
 888,67;13888,304;  257,565;31685,904;43,37085
 889,23;13913,458;  227,488;31733,135;43,43974
 889,79;13874,381;  212,719;31565,750;43,57366
 890,34;13844,458;  244,335;31564,365;43,42308
 890,90;14013,381;  319,335;31753,981;43,56354
 891,46;13912,458;  228,796;31630,442;43,57626
 892,01;13946,919;  246,335;31583,519;43,71990
 892,57;13975,688;  271,027;31485,519;43,90480
 893,13;13824,381;  249,488;31315,212;43,69733
 893,69;13803,227;  212,796;31272,673;43,75558
 894,24;13818,458;  237,950;31211,365;43,84569
 894,80;13743,612;  238,565;31004,058;43,89673
 895,36;13737,996;  228,796;30898,288;44,04768
 895,91;13638,996;  237,642;30537,827;44,22862
 896,47;13599,996;  260,027;30529,827;44,07023
 897,03;13515,381;  237,027;30303,904;44,16273
 897,58;13534,612;  241,642;30312,750;44,20512
 898,14;13410,688;  245,258;29990,442;44,26071
 898,70;13365,688;  205,181;29772,596;44,51017
 899,25;13383,227;  237,950;29750,288;44,54163
 899,81;13343,227;  246,950;29594,673;44,62451
 900,37;13189,227;  206,719;29340,827;44,56120
 900,92;13239,765;  221,796;29260,827;44,82921
 901,48;13168,227;  222,258;29132,135;44,78044
 902,03;13182,381;  231,950;29017,981;44,98859
 902,59;13098,073;  227,335;28905,673;44,87965
 903,15;13057,535;  250,873;28718,212;44,98721
 903,70;12880,765;  224,181;28494,519;44,76984
 904,26;12872,073;  230,873;28338,058;44,97498
 904,82;12871,150;  221,335;28354,596;44,96391
 905,37;12804,765;  228,796;28208,288;44,94710
 905,93;12698,842;  213,488;28030,365;44,88410
 906,48;12770,073;  245,796;27939,365;45,22450
 907,04;12732,842;  252,104;27864,827;45,19923
 907,60;12641,612;  245,796;27555,904;45,38911
 908,15;12649,688;  224,104;27562,596;45,45088
 908,71;12666,919;  241,873;27514,058;45,55941
 909,26;12491,304;  232,181;27271,135;45,33875
 909,82;12500,304;  245,950;27185,212;45,48883
 910,37;12493,842;  277,181;27060,750;45,61252
 910,93;12304,227;  225,950;26855,442;45,35677
 911,48;12288,996;  214,104;26728,904;45,54020
 912,04;12298,765;  219,950;26546,981;45,87990
 912,60;12298,842;  238,104;26595,135;45,75909
 913,15;12223,842;  238,873;26404,827;45,80368
 913,71;12145,996;  216,950;26202,827;45,90588
 914,26;12122,765;  200,719;26087,288;46,05495
 914,82;12096,381;  238,565;26018,519;45,99626
 915,37;12049,842;  211,488;25997,904;45,90927
 915,93;12020,765;  273,258;25806,673;46,00837
 916,48;11954,842;  208,412;25663,750;46,14525
 917,04;11881,842;  239,488;25524,673;46,04417
 917,59;11899,612;  256,104;25455,135;46,20617
 918,15;11739,458;  193,950;25229,673;46,11613
 918,70;11717,150;  217,335;25166,904;46,09224
 919,26;11687,688;  230,488;25054,212;46,15424
 919,81;11618,073;  205,335;24844,288;46,31990
 920,37;11618,304;  223,796;24869,212;46,23378
 920,92;11584,458;  240,181;24722,135;46,33730
 921,48;11468,227;  214,950;24481,212;46,37417
 922,03;11484,688;  224,719;24464,288;46,45284
 922,59;11408,381;  233,873;24275,135;46,48054
 923,14;11356,842;  233,565;24151,519;46,50597
 923,69;11376,765;  247,950;24129,827;46,59942
 924,25;11432,842;  257,488;24016,519;47,03624
 924,80;11284,227;  225,796;23773,058;46,96270
 925,36;11201,842;  213,796;23715,750;46,75376
 925,91;11202,842;  220,950;23554,596;47,06462
 926,47;11119,535;  206,565;23505,519;46,83888
 927,02;11170,304;  308,565;23399,212;47,03956
 927,57;11079,765;  224,488;23133,981;47,38332
 928,13;11068,073;  210,642;23119,058;47,39494
 928,68;11051,304;  223,642;23056,904;47,42056
 929,24;10972,073;  198,719;22802,135;47,66250
 929,79;10877,227;  198,335;22770,904;47,30916
 930,34;10810,688;  214,873;22576,365;47,38421
 930,90;10823,996;  205,950;22459,750;47,71341
 931,45;10868,458;  222,642;22482,288;47,82563
 932,01;10780,996;  226,104;22355,827;47,69555
 932,56;10772,612;  236,719;22221,212;47,92420
 933,11;10777,765;  254,719;22291,750;47,75165
 933,67;10621,612;  219,258;21968,750;47,82803
 934,22;10621,381;  234,565;21936,596;47,86103
 934,77;10572,612;  246,719;21783,442;47,94551
 935,33;10468,381;  225,027;21639,212;47,83443
 935,88;10462,150;  237,950;21579,519;47,90744
 936,43;10424,227;  232,335;21484,750;47,95640
 936,99;10414,842;  232,950;21357,212;48,19999
 937,54;10308,996;  213,181;21167,135;48,18096
 938,09;10290,688;  234,488;21117,596;48,15471
 938,65;10183,996;  230,565;20960,904;48,01384
 939,20;10121,150;  191,796;20899,135;47,95089
 939,75;10178,227;  205,642;20820,904;48,37477
 940,31;10067,381;  202,027;20736,135;48,04374
 940,86;10089,996;  224,565;20640,904;48,32125
 941,41;10099,765;  322,488;20687,058;48,01121
 941,96;10018,304;  210,104;20382,596;48,62166
 942,52; 9975,612;  224,412;20334,212;48,48979
 943,07; 9891,996;  201,796;20198,981;48,45782
 943,62; 9844,688;  208,565;20065,365;48,52808
 944,18; 9811,919;  207,642;20067,750;48,35964
 944,73; 9800,996;  233,027;19904,519;48,63876
 945,28; 9660,304;  182,181;19787,288;48,34517
 945,83; 9670,688;  202,642;19727,981;48,49107
 946,39; 9682,842;  210,412;19667,519;48,68365
 946,94; 9626,304;  247,950;19561,519;48,55837
 947,49; 9572,842;  216,796;19444,904;48,65817
 948,04; 9584,073;  266,565;19358,135;48,80431
 948,59; 9524,765;  234,796;19262,673;48,82294
 949,15; 9454,842;  201,104;19211,058;48,67838
 949,70; 9437,073;  213,027;19100,981;48,83560
 950,25; 9412,381;  233,027;19043,904;48,79812
 950,80; 9315,688;  188,642;18873,827;48,84643
 951,36; 9269,458;  179,335;18800,288;48,81664
 951,91; 9289,304;  233,412;18795,442;48,78719
 952,46; 9176,227;  207,412;18571,981;48,83760
 953,01; 9247,535;  223,950;18566,827;49,19394
 953,56; 9114,381;  189,565;18417,058;48,96348
 954,11; 9133,458;  224,642;18398,288;49,02052
 954,67; 9092,304;  213,796;18288,827;49,12029
 955,22; 9013,073;  194,181;18158,981;49,08984
 955,77; 9016,458;  236,873;18057,981;49,26509
 956,32; 8988,996;  277,950;18018,904;49,10134
 956,87; 8933,535;  201,642;17865,519;49,43361
 957,42; 8877,996;  216,181;17850,981;49,11774
 957,98; 8833,304;  211,719;17736,365;49,19691
 958,53; 8848,842;  239,950;17642,212;49,46996
 959,08; 8743,612;  209,873;17533,750;49,25998
 959,63; 8730,535;  219,335;17419,365;49,48363
 960,18; 8739,612;  223,027;17410,288;49,55173
 960,73; 8719,150;  222,335;17321,904;49,69023
 961,28; 8691,304;  186,719;17229,673;49,90088
 961,83; 8687,842;  243,950;17205,596;49,78227
 962,39; 8609,535;  200,335;17013,981;50,01414
 962,94; 8581,381;  221,950;16965,827;49,92530
 963,49; 8469,073;  226,104;16777,750;49,80151
 964,04; 8486,535;  232,335;16730,135;50,03213
 964,59; 8431,073;  195,181;16633,212;50,10267
 965,14; 8498,765;  249,335;16582,827;50,50623
 965,69; 8334,227;  217,027;16489,750;49,88225
 966,24; 8296,842;  210,412;16394,135;49,96644
 966,79; 8338,535;  239,488;16254,904;50,57032
 967,34; 8222,765;  185,181;16132,519;50,40079
 967,89; 8168,304;  210,335;16050,442;50,23936
 968,44; 8179,381;  216,104;16013,750;50,40800
 968,99; 8178,688;  236,027;15961,135;50,50943
 969,55; 8070,227;  219,412;15833,904;50,27903
 970,10; 8069,458;  232,642;15723,904;50,58862
 970,65; 8008,304;  241,796;15646,827;50,41540
 971,20; 7967,227;  216,258;15527,673;50,62216
 971,75; 7892,381;  195,104;15326,981;50,86796
 972,30; 7848,996;  220,719;15239,596;50,79126
 972,85; 7834,381;  203,796;15149,519;51,05531
 973,40; 7762,996;  208,719;15022,288;50,99566
 973,95; 7719,996;  221,181;15008,827;50,71000
 974,50; 7719,996;  252,412;14953,596;50,79580
 975,05; 7659,688;  223,335;14782,596;51,07645
 975,60; 7636,688;  241,796;14703,981;51,13261
 976,15; 7581,842;  212,873;14616,288;51,16126
 976,70; 7552,996;  222,412;14529,981;51,23571
 977,25; 7541,304;  243,027;14485,827;51,24187
 977,80; 7442,535;  224,181;14321,904;51,20227
 978,35; 7379,535;  243,027;14164,904;51,26110
 978,89; 7330,919;  196,104;14069,596;51,42768
 979,44; 7315,227;  234,258;14051,058;51,24898
 979,99; 7261,073;  212,796;13923,981;51,40531
 980,54; 7230,150;  238,104;13784,212;51,61664
 981,09; 7184,919;  247,104;13719,365;51,49704
 981,64; 7076,765;  231,950;13610,365;51,16312
 982,19; 7091,842;  266,950;13503,827;51,55969
 982,74; 7015,535;  230,950;13377,981;51,60545
 983,29; 6943,688;  221,104;13220,519;51,71451
 983,84; 6895,919;  218,873;13114,904;51,77598
 984,39; 6980,458;  319,642;13130,442;51,99375
 984,94; 6809,688;  194,873;12941,673;51,89393
 985,49; 6804,688;  243,565;12824,981;52,14932
 986,03; 6760,765;  246,719;12732,442;52,17196
 986,58; 6725,381;  285,950;12591,904;52,32777
 987,13; 6611,842;  229,642;12498,288;52,02041
 987,68; 6542,458;  252,104;12396,365;51,79692
 988,23; 6575,919;  234,258;12288,981;52,60728
 988,78; 6458,304;  210,719;12097,058;52,56105
 989,33; 6389,458;  246,412;12040,596;52,08538
 989,88; 6385,842;  263,412;12016,519;52,09202
 990,42; 6276,765;  214,873;11778,135;52,42372
 990,97; 6235,381;  229,950;11706,981;52,32565
 991,52; 6233,227;  246,335;11632,058;52,58245
 992,07; 6184,688;  275,719;11520,442;52,54882
 992,62; 6090,996;  238,719;11359,673;52,62388
 993,17; 6030,842;  249,719;11261,827;52,49788
 993,71; 5996,688;  243,258;11131,750;52,83955
 994,26; 5900,073;  210,796;11031,442;52,57798
 994,81; 5894,842;  254,565;10961,058;52,68090
 995,36; 5827,150;  218,642;10804,288;52,98220
 995,91; 5806,612;  228,027;10706,904;53,23647
 996,45; 5705,919;  240,488;10601,673;52,74909
 997,00; 5640,227;  219,873;10453,596;52,96561
 997,55; 5618,688;  235,873;10425,288;52,82752
 998,10; 5574,996;  258,719;10286,750;53,01417
 998,65; 5536,996;  229,027;10223,750;53,10772
 999,19; 5492,612;  245,412;10122,981;53,12238
 999,74; 5445,612;  275,796;10010,827;53,10528
1000,29; 5380,458;  229,642; 9896,442;53,28356
1000,84; 5294,842;  224,565; 9747,519;53,24269
1001,38; 5291,227;  231,488; 9658,519;53,67266
1001,93; 5236,919;  257,104; 9600,596;53,29715
1002,48; 5128,688;  213,488; 9385,365;53,58990
1003,03; 5129,842;  247,027; 9390,519;53,40208
1003,57; 5048,996;  241,027; 9279,673;53,19347
1004,12; 5030,612;  287,258; 9162,288;53,44606
1004,67; 4958,612;  236,104; 9069,904;53,45953
1005,22; 4854,612;  225,181; 8908,212;53,31584
1005,76; 4748,381;  219,027; 8775,904;52,93232
1006,31; 4722,688;  248,335; 8757,135;52,58502
1006,86; 4679,612;  221,104; 8563,212;53,44582
1007,40; 4602,535;  205,796; 8430,827;53,45559
1007,95; 4562,612;  235,488; 8365,596;53,22344
1008,50; 4502,688;  237,873; 8197,827;53,57839
1009,04; 4444,073;  220,412; 8126,058;53,42589
1009,59; 4350,304;  236,873; 7965,288;53,22476
1010,14; 4277,304;  212,796; 7876,442;53,03621
1010,68; 4251,458;  229,258; 7739,827;53,55386
1011,23; 4166,612;  245,796; 7677,981;52,75455
1011,78; 4131,919;  241,181; 7525,596;53,41181
1012,32; 4116,765;  270,258; 7462,827;53,47891
1012,87; 4063,688;  263,719; 7386,673;53,34822
1013,42; 3983,996;  212,258; 7261,058;53,50894
1013,96; 4021,919;  267,565; 7279,212;53,54454
1014,51; 3906,227;  191,335; 7170,750;53,22641
1015,06; 3921,458;  204,565; 7161,981;53,42346
1015,60; 3990,458;  272,181; 7212,442;53,57546
1016,15; 3917,842;  230,488; 7164,596;53,17705
1016,69; 3966,842;  243,488; 7178,750;53,68729
1017,24; 3965,535;  213,796; 7181,904;53,84157
1017,79; 4030,765;  273,258; 7245,288;53,89402
1018,33; 4003,996;  235,258; 7272,135;53,55698
1018,88; 4072,458;  248,027; 7366,673;53,72413
1019,42; 4052,996;  221,335; 7292,904;54,18403
1019,97; 4037,842;  220,027; 7299,519;53,92781
1020,51; 4080,688;  259,950; 7441,981;53,19858
1021,06; 4041,150;  201,181; 7343,365;53,76463
1021,61; 3994,996;  191,335; 7303,827;53,47860
1022,15; 3965,765;  189,027; 7269,673;53,33890
1022,70; 3992,688;  219,719; 7266,212;53,54393
1023,24; 3966,688;  200,258; 7238,519;53,51365
1023,79; 3955,304;  217,719; 7180,365;53,68052
1024,33; 3919,381;  221,412; 7083,750;53,88789
1024,88; 3871,919;  248,488; 7045,442;53,30963
1025,42; 3814,304;  243,642; 6925,135;53,44108
1025,97; 3769,688;  214,335; 6840,365;53,65737
1026,51; 3691,227;  190,488; 6693,288;53,83432
1027,06; 3681,535;  215,027; 6644,135;53,91896
1027,60; 3632,919;  230,104; 6497,827;54,29109
1028,15; 3577,073;  244,488; 6405,519;54,09135
1028,69; 3490,227;  193,335; 6264,904;54,30050
1029,24; 3470,381;  208,488; 6246,212;54,02521
1029,78; 3412,688;  199,027; 6111,288;54,35588
1030,33; 3362,150;  198,027; 6015,673;54,38837
1030,87; 3324,535;  210,950; 5917,365;54,56288
1031,42; 3272,458;  206,642; 5828,365;54,53515
1031,96; 3271,612;  238,565; 5783,365;54,70073
1032,51; 3156,765;  203,719; 5651,442;54,20698
1033,05; 3135,765;  218,873; 5613,519;54,07013
1033,60; 3060,919;  187,873; 5496,442;54,12091
1034,14; 3068,688;  215,796; 5412,596;54,89710
1034,69; 3013,919;  219,565; 5370,827;54,24601
1035,23; 2967,304;  215,950; 5260,212;54,54423
1035,77; 2958,996;  223,104; 5248,365;54,44278
1036,32; 2910,765;  189,950; 5121,981;55,16623
1036,86; 2886,688;  226,950; 5079,058;54,81615
1037,41; 2853,227;  231,719; 5010,442;54,85791
1037,95; 2762,381;  187,181; 4891,673;54,73917
1038,50; 2763,073;  205,950; 4864,904;54,88621
1039,04; 2745,150;  232,104; 4830,519;54,65026
1039,58; 2690,842;  188,181; 4698,519;55,48722
1040,13; 2646,535;  213,488; 4668,519;54,61345
1040,67; 2665,073;  243,027; 4628,750;55,22570
1041,21; 2632,765;  256,796; 4547,750;55,37159
1041,76; 2540,919;  210,950; 4455,442;54,89394
1042,30; 2519,842;  208,027; 4408,596;55,03576
1042,85; 2477,304;  208,412; 4337,596;54,94771
1043,39; 2477,381;  199,104; 4251,827;56,21595
1043,93; 2453,227;  237,719; 4235,827;55,41391
1044,48; 2398,919;  226,565; 4140,673;55,50062
1045,02; 2364,150;  215,873; 4101,596;55,28641
1045,56; 2360,765;  249,565; 4063,519;55,35463
1046,11; 2318,458;  211,565; 3975,750;55,97208
1046,65; 2268,535;  236,335; 3947,135;54,76447
1047,19; 2207,996;  206,335; 3840,365;55,08103
1047,74; 2189,150;  195,565; 3786,058;55,52399
1048,28; 2189,996;  219,719; 3747,288;55,85367
1048,82; 2185,150;  250,796; 3728,519;55,62127
1049,37; 2117,688;  226,104; 3685,596;54,67810
1049,91; 2122,304;  226,565; 3639,519;55,54539
1050,45; 2077,842;  231,873; 3582,442;55,09420
1050,99; 2059,996;  240,027; 3521,442;55,46293
1051,54; 1997,458;  212,335; 3462,827;54,91854
1052,08; 2002,765;  249,335; 3419,904;55,30334
1052,62; 1962,150;  229,796; 3371,904;55,13350
1053,16; 1928,458;  215,950; 3308,904;55,36803
1053,71; 1923,535;  229,258; 3285,519;55,43625
1054,25; 1886,688;  241,104; 3249,058;54,70777
1054,79; 1871,073;  232,181; 3195,981;55,29699
1055,33; 1793,612;  199,335; 3123,442;54,52183
1055,88; 1787,304;  230,258; 3130,750;53,68213
1056,42; 1795,381;  241,796; 3047,519;55,37199
1056,96; 1774,842;  250,565; 3039,596;54,65257
1057,50; 1753,458;  243,335; 2967,827;55,42769
1058,05; 1713,304;  229,412; 2925,365;55,04146
1058,59; 1701,227;  248,412; 2899,365;54,80350
1059,13; 1635,919;  204,565; 2818,365;54,76141
1059,67; 1662,919;  232,565; 2779,673;56,15600
1060,21; 1643,535;  227,335; 2747,981;56,18401
1060,76; 1613,842;  237,027; 2708,442;55,70959
1061,30; 1587,381;  249,719; 2704,288;54,49679
1061,84; 1553,458;  247,258; 2628,981;54,84265
1062,38; 1527,996;  212,104; 2586,212;55,42682
1062,92; 1556,381;  277,873; 2601,058;55,03255
1063,46; 1525,535;  246,642; 2509,442;56,51813
1064,01; 1485,150;  221,104; 2458,519;56,49582
1064,55; 1457,304;  240,335; 2459,212;54,84618
1065,09; 1422,304;  204,335; 2400,058;55,47007
1065,63; 1466,381;  257,719; 2402,827;56,34503
1066,17; 1455,073;  266,335; 2389,135;55,99861
1066,71; 1423,765;  256,335; 2352,596;55,69108
1067,25; 1394,612;  220,950; 2311,135;56,15109
1067,80; 1382,842;  244,027; 2286,442;55,75827
1068,34; 1392,688;  267,412; 2279,058;55,93811
1068,88; 1328,227;  225,950; 2208,596;55,59625
1069,42; 1357,919;  256,412; 2208,442;56,42881
1069,96; 1305,688;  229,565; 2160,288;55,73679
1070,50; 1329,842;  270,719; 2161,442;56,01683
1071,04; 1258,688;  221,642; 2100,981;55,18145
1071,58; 1246,919;  230,335; 2067,519;55,33383
1072,12; 1262,842;  238,104; 2066,442;56,04753
1072,66; 1255,227;  229,796; 2023,135;57,17999
1073,21; 1254,073;  251,104; 2028,442;56,43096
1073,75; 1235,381;  234,950; 1996,365;56,79698
1074,29; 1188,381;  240,719; 1960,519;55,10301
1074,83; 1203,381;  267,181; 1945,519;55,78136
1075,37; 1215,688;  270,258; 1953,212;56,17687
1075,91; 1174,612;  251,565; 1911,827;55,59643
1076,45; 1177,304;  238,873; 1886,750;56,94787
1076,99; 1169,304;  256,873; 1879,212;56,24170
1077,53; 1128,688;  229,642; 1820,750;56,50442
1078,07; 1114,919;  248,258; 1817,750;55,21923
1078,61; 1102,150;  239,181; 1778,058;56,07786
1079,15; 1098,612;  232,412; 1754,288;56,91656
1079,69; 1087,381;  239,488; 1741,904;56,43528
1080,23; 1099,612;  263,181; 1731,827;56,95250
1080,77; 1122,919;  314,335; 1769,750;55,55696
1081,31; 1035,919;  227,412; 1663,981;56,28045
1081,85; 1056,612;  260,565; 1681,212;56,03409
1082,39; 1025,073;  231,642; 1628,212;56,81285
1082,93; 1032,535;  248,412; 1642,365;56,25172
1083,47;  985,612;  216,565; 1566,904;56,95210
1084,01; 1014,458;  252,719; 1585,904;57,13676
1084,55;  983,227;  229,181; 1557,673;56,75954
1085,09;  986,919;  256,258; 1563,981;55,87280
1085,63;  968,458;  253,104; 1546,519;55,30736
1086,17;  941,842;  237,488; 1493,981;56,05716
1086,71;  939,073;  212,488; 1467,365;57,90087
1087,24;  970,381;  253,873; 1506,212;57,21358
1087,78;  950,150;  265,565; 1493,135;55,76750
1088,32;  902,765;  231,335; 1426,442;56,18161
1088,86;  932,919;  240,412; 1442,442;57,61148
1089,40;  911,381;  249,104; 1424,442;56,34776
1089,94;  873,996;  219,335; 1378,212;56,49103
1090,48;  877,381;  250,104; 1378,673;55,58161
1091,02;  897,227;  253,642; 1388,596;56,70580
1091,56;  863,919;  243,181; 1350,904;56,03733
1092,10;  813,842;  214,719; 1296,212;55,39781
1092,63;  861,304;  271,873; 1345,750;54,88811
1093,17;  852,765;  248,796; 1312,365;56,78702
1093,71;  817,842;  232,719; 1282,135;55,75705
1094,25;  831,765;  251,873; 1299,673;55,34380
1094,79;  807,458;  238,335; 1255,135;55,97198
1095,33;  819,842;  248,565; 1272,288;55,80385
1095,87;  801,612;  237,488; 1246,135;55,92874
1096,40;  769,227;  218,412; 1192,981;56,51886
1096,94;  784,919;  244,258; 1190,904;57,11337
1097,48;  784,073;  258,488; 1205,827;55,48013
1098,02;  751,458;  234,873; 1177,365;54,81049
1098,56;  716,996;  212,335; 1127,058;55,17096
1099,10;  732,150;  213,335; 1134,135;56,34398
1099,63;  707,919;  220,335; 1115,135;54,49090
1100,17;  735,919;  257,412; 1133,673;54,60786
1100,71;  759,073;  274,796; 1126,981;56,82770

