
Integration time [ms]: 120,000
Averaging Nr. [scans]: 13
Smoothing Nr. [pixels]: 0
Data measured with spectrometer [name]: 2009305U1
Wave   ;Sample   ;Dark     ;Reference;Reflectance
[nm]   ;[counts] ;[counts] ;[counts] ;[%]

 175,72;  198,717;  201,729;  206,872;-58,58271
 176,32;  222,204;  218,186;  213,932; 0,00000
 176,92;  252,629;  251,189;  249,591; 0,00000
 177,52;  254,422;  249,113;  256,862;68,50925
 178,12;  234,097;  238,725;  218,250; 0,00000
 178,72;  259,346;  262,954;  247,860; 0,00000
 179,32;  246,955;  250,340;  247,043; 0,00000
 179,92;  252,984;  250,342;  243,729; 0,00000
 180,52;  243,323;  238,347;  240,736;208,26962
 181,12;  258,118;  258,034;  250,818; 0,00000
 181,73;  271,114;  272,650;  268,353; 0,00000
 182,33;  350,016;  341,884;  351,655;83,22727
 182,93;  275,272;  275,575;  267,614; 0,00000
 183,53;  234,252;  239,569;  226,246; 0,00000
 184,13;  239,060;  234,262;  230,039; 0,00000
 184,73;  275,363;  277,568;  272,393; 0,00000
 185,33;  261,545;  232,615;  345,677;25,58734
 185,93;  272,088;  245,073;  348,991;25,99576
 186,53;  278,559;  251,383;  367,173;23,47058
 187,13;  313,232;  271,464;  401,161;32,20474
 187,73;  265,310;  239,766;  346,389;23,95700
 188,33;  267,996;  238,149;  355,651;25,40097
 188,93;  281,885;  255,681;  354,167;26,60694
 189,53;  298,057;  258,060;  373,340;34,69524
 190,13;  319,627;  290,822;  407,960;24,59128
 190,73;  258,312;  217,519;  341,075;33,01530
 191,34;  291,948;  266,833;  379,465;22,29819
 191,94;  279,209;  235,608;  351,373;37,66330
 192,54;  294,230;  251,390;  369,660;36,22219
 193,14;  292,464;  263,925;  377,413;25,14702
 193,74;  289,982;  263,078;  378,201;23,36953
 194,34;  288,455;  260,310;  380,482;23,42003
 194,94;  249,545;  223,386;  339,780;22,47391
 195,54;  225,035;  203,693;  312,414;19,63075
 196,14;  251,255;  220,157;  353,619;23,30084
 196,74;  254,121;  214,922;  338,653;31,68104
 197,34;  233,202;  196,698;  319,609;29,69966
 197,94;  272,573;  237,079;  365,572;27,62296
 198,54;  264,621;  247,080;  380,114;13,18529
 199,14;  247,035;  210,546;  368,519;23,09803
 199,74;  232,800;  207,392;  366,691;15,94987
 200,34;  233,466;  197,469;  355,354;22,79903
 200,94;  274,350;  228,390;  407,380;25,67739
 201,54;  262,435;  222,622;  409,009;21,36056
 202,14;  283,236;  243,778;  440,040;20,10484
 202,74;  264,060;  221,853;  441,142;19,24729
 203,34;  238,859;  198,087;  459,415;15,60171
 203,94;  206,063;  171,394;  466,821;11,73536
 204,54;  285,345;  242,156;  543,763;14,31949
 205,14;  249,862;  198,315;  561,400;14,19709
 205,74;  293,174;  232,933;  638,687;14,84666
 206,34;  268,914;  204,470;  636,056;14,93185
 206,94;  273,406;  218,547;  688,144;11,68222
 207,54;  249,867;  174,778;  718,661;13,80610
 208,14;  271,591;  205,317;  793,743;11,26299
 208,74;  269,969;  214,161;  871,081; 8,49542
 209,34;  286,906;  198,623;  933,736;12,00944
 209,94;  297,664;  210,315; 1008,119;10,94873
 210,54;  294,117;  210,240; 1112,466; 9,29666
 211,14;  321,595;  213,392; 1206,006;10,90084
 211,73;  339,663;  204,314; 1298,510;12,36972
 212,33;  332,354;  225,698; 1403,055; 9,05895
 212,93;  351,207;  204,468; 1488,353;11,42929
 213,53;  318,196;  178,853; 1530,484;10,30923
 214,13;  358,270;  193,089; 1619,086;11,58357
 214,73;  334,621;  189,855; 1644,501; 9,95196
 215,33;  320,895;  170,469; 1671,042;10,02459
 215,93;  367,145;  199,010; 1779,950;10,63514
 216,53;  343,966;  175,314; 1843,429;10,11031
 217,13;  420,018;  219,164; 2025,749;11,11792
 217,73;  409,292;  195,703; 2217,986;10,56177
 218,33;  416,438;  149,166; 2386,125;11,94799
 218,93;  463,462;  177,401; 2679,163;11,43441
 219,53;  500,511;  199,705; 2920,374;11,05633
 220,13;  501,813;  159,475; 3206,578;11,23488
 220,73;  546,272;  187,392; 3517,693;10,77621
 221,32;  608,277;  188,392; 3874,081;11,39231
 221,92;  664,806;  202,551; 4264,174;11,38104
 222,52;  663,339;  174,934; 4661,073;10,88698
 223,12;  733,404;  181,165; 5075,819;11,28251
 223,72;  763,401;  195,319; 5442,991;10,82541
 224,32;  807,964;  192,626; 5845,976;10,88448
 224,92;  839,389;  189,088; 6108,737;10,98547
 225,52;  897,633;  203,008; 6452,854;11,11427
 226,12;  894,004;  185,856; 6698,534;10,87338
 226,72;  876,114;  158,702; 7028,198;10,44345
 227,31;  929,232;  155,240; 7354,420;10,75111
 227,91;  998,018;  192,316; 7785,953;10,61024
 228,51; 1001,716;  178,083; 8109,623;10,38427
 229,11; 1057,221;  184,394; 8495,572;10,50185
 229,71; 1066,867;  186,699; 8716,250;10,31904
 230,31; 1105,076;  179,473; 9075,403;10,40479
 230,91; 1118,374;  166,235; 9391,911;10,32053
 231,51; 1160,947;  172,318; 9652,900;10,42794
 232,10; 1205,551;  171,474; 9976,672;10,54622
 232,70; 1228,839;  186,926;10145,097;10,46290
 233,30; 1281,388;  202,625;10365,435;10,61480
 233,90; 1267,197;  176,164;10513,657;10,55414
 234,50; 1279,237;  175,780;10561,473;10,62478
 235,10; 1288,004;  173,857;10664,121;10,62077
 235,70; 1330,004;  198,008;10648,200;10,83230
 236,29; 1328,728;  191,392;10629,618;10,89587
 236,89; 1296,648;  159,543;10478,016;11,02009
 237,49; 1343,370;  194,625;10431,184;11,22199
 238,09; 1322,914;  184,547;10154,902;11,41752
 238,69; 1346,559;  225,388; 9983,329;11,48983
 239,29; 1309,010;  176,470; 9652,505;11,95162
 239,89; 1305,454;  195,466; 9366,333;12,10341
 240,48; 1266,954;  177,163; 8974,124;12,38828
 241,08; 1293,139;  181,701; 8634,289;13,14909
 241,68; 1313,694;  192,009; 8356,134;13,73919
 242,28; 1287,494;  174,394; 8035,117;14,16027
 242,88; 1321,497;  219,166; 7828,258;14,48703
 243,48; 1339,759;  211,086; 7510,243;15,46305
 244,07; 1295,290;  192,316; 7275,406;15,57193
 244,67; 1362,276;  193,163; 7151,240;16,80224
 245,27; 1372,201;  196,314; 6989,894;17,30880
 245,87; 1439,670;  220,242; 6894,092;18,27173
 246,47; 1487,930;  191,545; 6923,749;19,25648
 247,06; 1523,069;  182,239; 6907,078;19,93846
 247,66; 1605,862;  174,855; 6941,503;21,14795
 248,26; 1709,047;  213,237; 7050,026;21,87883
 248,86; 1787,692;  202,776; 7247,862;22,49676
 249,46; 1832,182;  155,010; 7422,575;23,07749
 250,05; 2017,808;  205,393; 7732,627;24,07810
 250,65; 2128,451;  169,391; 8052,190;24,85235
 251,25; 2278,395;  188,700; 8492,681;25,16498
 251,85; 2475,168;  186,159; 8978,281;26,03478
 252,44; 2656,548;  152,930; 9520,688;26,72590
 253,04; 2936,657;  201,854;10265,000;27,17642
 253,64; 3109,606;  154,236;10900,597;27,50112
 254,24; 3396,120;  204,009;11741,224;27,66795
 254,84; 3678,720;  179,779;12519,882;28,35423
 255,43; 3987,789;  179,700;13422,613;28,75568
 256,03; 4278,671;  185,775;14398,265;28,79788
 256,63; 4605,765;  193,389;15343,007;29,12533
 257,23; 4886,084;  169,928;16095,163;29,61435
 257,82; 5159,618;  188,465;17044,616;29,49163
 258,42; 5451,225;  147,079;17784,581;30,07311
 259,02; 5730,565;  201,469;18712,709;29,86886
 259,62; 5928,446;  169,002;19302,986;30,10060
 260,21; 6126,720;  188,699;19810,500;30,26236
 260,81; 6276,088;  190,009;20287,806;30,28232
 261,41; 6345,905;  163,388;20645,074;30,18559
 262,01; 6510,619;  203,617;21237,688;29,98470
 262,60; 6571,084;  169,697;21451,470;30,07920
 263,20; 6699,341;  173,852;21765,449;30,22235
 263,80; 6727,374;  201,232;21997,474;29,94159
 264,40; 6711,293;  169,386;22117,392;29,80638
 264,99; 6708,232;  187,385;22332,574;29,44588
 265,59; 6690,479;  175,691;22368,883;29,35489
 266,19; 6671,140;  172,078;22546,184;29,04725
 266,78; 6722,501;  213,000;22692,956;28,95691
 267,38; 6618,796;  193,076;22721,709;28,52246
 267,98; 6581,032;  182,692;22678,223;28,44272
 268,58; 6536,375;  189,460;22711,392;28,18104
 269,17; 6446,804;  184,074;22772,031;27,72597
 269,77; 6334,682;  184,850;22568,779;27,47432
 270,37; 6228,833;  160,385;22470,206;27,20079
 270,96; 6156,446;  220,080;22415,265;26,74619
 271,56; 6000,729;  181,851;22134,075;26,50701
 272,16; 5880,550;  182,618;21964,063;26,15957
 272,75; 5785,253;  187,926;21924,911;25,75024
 273,35; 5730,761;  192,850;21843,823;25,57812
 273,95; 5624,864;  180,849;21764,698;25,22263
 274,54; 5518,025;  161,470;21761,566;24,79875
 275,14; 5550,043;  200,773;22189,200;24,32766
 275,74; 5483,912;  154,926;22167,808;24,20849
 276,33; 5570,089;  205,850;22504,881;24,05593
 276,93; 5574,957;  188,855;22848,853;23,76921
 277,53; 5605,955;  195,238;23368,098;23,34937
 278,12; 5684,702;  178,775;23806,277;23,30304
 278,72; 5782,179;  219,238;24373,847;23,03056
 279,32; 5808,941;  186,391;24798,059;22,84506
 279,91; 5935,085;  159,468;25562,541;22,73590
 280,51; 6023,852;  188,469;25967,321;22,63632
 281,11; 6149,279;  180,006;26630,763;22,56750
 281,70; 6207,064;  167,698;27049,153;22,46666
 282,30; 6307,190;  171,312;27551,998;22,40951
 282,90; 6410,289;  173,851;27939,485;22,46100
 283,49; 6545,526;  198,311;28439,687;22,47488
 284,09; 6631,112;  201,390;28910,339;22,39623
 284,69; 6710,351;  211,314;29098,297;22,49815
 285,28; 6818,577;  197,159;29476,937;22,61430
 285,88; 6978,957;  245,541;29721,166;22,84401
 286,47; 6968,447;  186,235;29759,467;22,93362
 287,07; 7078,560;  209,930;29811,041;23,20396
 287,67; 7170,759;  202,163;29911,397;23,45599
 288,26; 7277,527;  176,853;29846,860;23,93216
 288,86; 7434,628;  181,159;29866,006;24,43492
 289,46; 7620,308;  192,698;30055,269;24,87264
 290,05; 7795,476;  175,470;30059,663;25,49845
 290,65; 7961,847;  193,235;30239,781;25,85526
 291,24; 8220,047;  191,699;30304,873;26,66058
 291,84; 8422,381;  211,466;30425,700;27,17565
 292,44; 8606,974;  188,702;30600,545;27,68090
 293,03; 8902,182;  261,776;30732,753;28,35618
 293,63; 8969,637;  177,235;30773,553;28,73680
 294,22; 9273,374;  198,544;30973,729;29,48749
 294,82; 9311,267;  183,617;30975,077;29,64345
 295,41; 9367,602;  170,390;30638,076;30,18678
 296,01; 9495,049;  216,464;30605,787;30,53238
 296,61; 9515,802;  210,622;30362,350;30,86118
 297,20; 9503,517;  199,157;30000,191;31,22160
 297,80; 9542,468;  201,316;29818,216;31,53994
 298,39; 9457,553;  183,313;29490,512;31,64492
 298,99; 9453,637;  194,619;29344,735;31,76323
 299,58; 9385,818;  204,009;29207,145;31,65799
 300,18; 9379,025;  198,624;28990,588;31,88529
 300,78; 9301,980;  178,007;28703,929;31,98485
 301,37; 9260,427;  194,462;28642,972;31,86798
 301,97; 9292,810;  192,929;28648,490;31,97927
 302,56; 9261,477;  193,158;28653,764;31,86270
 303,16; 9224,833;  170,004;28481,819;31,98251
 303,75; 9207,517;  189,315;28525,061;31,82624
 304,35; 9324,159;  181,472;28720,066;32,03622
 304,94; 9337,707;  181,699;28731,637;32,07015
 305,54; 9368,431;  218,546;28672,081;32,15729
 306,13; 9333,170;  161,934;28573,068;32,28043
 306,73; 9283,458;  158,548;28317,031;32,40554
 307,33; 9292,653;  204,317;28321,045;32,32359
 307,92; 9268,680;  193,084;28380,531;32,19730
 308,52; 9443,207;  170,696;28741,356;32,45466
 309,11; 9668,485;  178,541;29205,878;32,69313
 309,71; 9747,484;  171,617;29443,116;32,71396
 310,30; 9806,131;  172,776;29648,606;32,68222
 310,90;10005,362;  208,853;29955,991;32,93261
 311,49;10036,161;  185,314;30028,673;33,00851
 312,09;10117,446;  161,008;30225,597;33,11683
 312,68;10376,504;  231,930;30664,330;33,33478
 313,28;10426,911;  167,314;30631,838;33,67719
 313,87;10486,677;  154,776;30809,032;33,70462
 314,47;10598,997;  172,157;30963,772;33,86260
 315,06;10674,156;  159,391;31159,668;33,91829
 315,66;10805,908;  174,547;31275,674;34,18320
 316,25;10737,419;  156,620;31163,214;34,12435
 316,85;10833,538;  151,778;31200,812;34,40287
 317,44;10928,591;  179,387;31341,615;34,49434
 318,04;10979,018;  164,466;31348,802;34,67944
 318,63;11024,014;  162,471;31389,074;34,78298
 319,22;11129,832;  188,158;31575,797;34,85982
 319,82;11214,160;  185,621;31708,679;34,98562
 320,41;11299,766;  187,158;31426,645;35,57231
 321,01;11264,403;  197,008;31533,415;35,31801
 321,60;11403,134;  189,390;31561,672;35,74411
 322,20;11371,270;  169,315;31579,831;35,66307
 322,79;11494,867;  204,391;31614,250;35,94564
 323,39;11597,790;  181,472;31629,533;36,30214
 323,98;11525,584;  168,930;31550,158;36,18932
 324,58;11614,764;  170,619;31501,168;36,52711
 325,17;11647,950;  174,543;31304,557;36,85641
 325,76;11625,029;  206,776;31146,621;36,90469
 326,36;11588,964;  171,239;30813,671;37,26116
 326,95;11555,606;  200,390;30497,135;37,47999
 327,55;11483,281;  163,774;30140,191;37,76137
 328,14;11387,705;  168,855;29824,158;37,83084
 328,74;11360,019;  199,004;29444,362;38,16337
 329,33;11303,854;  198,931;29099,182;38,42501
 329,92;11177,844;  163,464;28602,332;38,73002
 330,52;11024,580;  184,240;28056,741;38,89260
 331,11;10970,537;  173,390;27658,869;39,28309
 331,71;10830,470;  179,929;27078,464;39,59524
 332,30;10785,015;  201,083;26683,099;39,96649
 332,89;10681,114;  237,161;26152,787;40,29983
 333,49;10484,470;  187,159;25730,178;40,31360
 334,08;10425,955;  176,851;25392,148;40,64637
 334,68;10333,163;  185,928;24979,661;40,92661
 335,27;10280,173;  201,086;24699,617;41,14160
 335,86;10287,229;  229,544;24407,330;41,59887
 336,46;10231,301;  201,625;24132,917;41,91030
 337,05;10224,731;  178,698;23990,860;42,18866
 337,65;10193,874;  166,851;23853,243;42,33242
 338,24;10353,760;  226,161;23820,953;42,92303
 338,83;10375,870;  209,546;23747,210;43,19173
 339,43;10404,393;  166,158;23655,207;43,58727
 340,02;10481,793;  179,542;23628,981;43,93389
 340,61;10606,523;  175,622;23638,933;44,45622
 341,21;10690,788;  213,312;23703,977;44,60272
 341,80;10762,072;  189,082;23583,139;45,19520
 342,40;10866,613;  191,932;23701,383;45,40591
 342,99;10984,961;  184,623;23787,787;45,75801
 343,58;11180,623;  187,392;23957,336;46,24845
 344,18;11306,861;  197,239;24025,125;46,62445
 344,77;11550,584;  175,542;24256,853;47,23597
 345,36;11815,760;  158,083;24541,058;47,81072
 345,96;12006,737;  208,239;24819,807;47,93883
 346,55;12213,995;  181,703;25003,141;48,47540
 347,14;12514,899;  169,778;25317,973;49,08949
 347,74;12785,198;  150,628;25676,600;49,49692
 348,33;13145,892;  178,089;26274,468;49,69196
 348,92;13587,804;  197,629;26750,416;50,42851
 349,52;13871,959;  164,167;27227,383;50,65101
 350,11;14093,885;  175,773;27467,218;50,99808
 350,70;14227,776;  181,622;27518,189;51,38229
 351,29;14225,234;  167,461;27205,563;51,99246
 351,89;14322,159;  187,156;27278,374;52,17559
 352,48;14415,259;  152,237;27344,522;52,45246
 353,07;14474,821;  183,548;27195,951;52,90634
 353,67;14522,367;  191,630;27196,094;53,06803
 354,26;14503,763;  177,778;27049,324;53,31284
 354,85;14573,285;  190,931;26835,017;53,97954
 355,45;14617,721;  168,313;26713,111;54,43405
 356,04;14573,751;  182,548;26689,894;54,29138
 356,63;14585,118;  218,467;26476,589;54,71317
 357,22;14583,316;  191,924;26303,231;55,11556
 357,82;14586,619;  184,463;26171,051;55,42150
 358,41;14578,806;  207,160;26032,662;55,64905
 359,00;14533,642;  173,004;25832,557;55,96605
 359,60;14584,511;  187,238;25782,294;56,25021
 360,19;14604,754;  193,548;25704,162;56,49102
 360,78;14624,991;  191,313;25485,157;57,06400
 361,37;14595,218;  177,159;25361,021;57,25118
 361,97;14583,433;  191,852;25288,609;57,34439
 362,56;14514,640;  171,388;24946,234;57,89441
 363,15;14403,519;  217,544;24762,617;57,79561
 363,74;14337,396;  192,157;24476,679;58,24796
 364,34;14183,474;  205,773;24153,881;58,36662
 364,93;13999,981;  177,696;23823,975;58,45438
 365,52;13867,152;  154,467;23477,638;58,79426
 366,11;13778,891;  187,774;23182,062;59,10649
 366,71;13585,832;  191,389;22803,643;59,23533
 367,30;13502,492;  188,467;22570,511;59,48530
 367,89;13410,117;  227,393;22379,572;59,50983
 368,48;13246,465;  202,234;22074,561;59,63806
 369,07;13074,468;  189,391;21656,189;60,02328
 369,67;12950,102;  210,926;21477,410;59,90260
 370,26;12849,076;  175,468;21171,532;60,36182
 370,85;12752,980;  182,082;20922,749;60,60990
 371,44;12664,939;  188,237;20753,120;60,66994
 372,03;12531,030;  163,235;20556,770;60,64567
 372,63;12452,774;  158,775;20244,119;61,20881
 373,22;12251,498;  175,930;20036,179;60,80270
 373,81;12110,654;  159,236;19782,321;60,90489
 374,40;12036,877;  173,778;19460,047;61,51060
 374,99;11871,197;  176,467;19282,864;61,20845
 375,59;11762,794;  172,085;19059,643;61,36690
 376,18;11715,977;  201,005;18980,250;61,31754
 376,77;11603,850;  196,006;18709,635;61,61863
 377,36;11630,233;  208,390;18763,235;61,55720
 377,95;11490,978;  191,543;18407,371;62,03086
 378,55;11375,095;  172,931;18324,569;61,71435
 379,14;11328,522;  186,159;18193,346;61,87731
 379,73;11263,202;  190,005;18150,868;61,65181
 380,32;11336,144;  184,775;18138,729;62,11094
 380,91;11262,205;  157,311;18041,879;62,09205
 381,50;11187,328;  201,158;18028,560;61,62519
 382,10;11174,913;  168,621;17937,882;61,94006
 382,69;11100,390;  168,621;17884,833;61,70489
 383,28;11103,119;  202,466;17890,255;61,62813
 383,87;11016,467;  176,542;17716,016;61,80302
 384,46;10984,322;  170,540;17679,514;61,76137
 385,05;10987,079;  208,696;17677,748;61,69988
 385,64;10940,045;  192,235;17644,677;61,58341
 386,24;10879,791;  163,386;17642,555;61,30958
 386,83;10913,136;  199,540;17686,201;61,26725
 387,42;10933,422;  196,851;17786,251;61,04001
 388,01;11005,437;  194,076;17924,233;60,97724
 388,60;11193,207;  191,925;18158,714;61,23121
 389,19;11321,139;  177,997;18305,830;61,46980
 389,78;11381,104;  179,228;18564,528;60,92844
 390,37;11691,178;  240,000;18893,698;61,38824
 390,96;11681,894;  189,001;18997,024;61,10633
 391,56;11762,206;  194,919;19208,103;60,83825
 392,15;11879,924;  184,690;19430,345;60,76818
 392,74;11927,745;  159,069;19627,742;60,44930
 393,33;12103,284;  183,688;19819,125;60,70451
 393,92;12265,863;  193,298;20196,938;60,35184
 394,51;12339,772;  169,303;20392,440;60,18091
 395,10;12502,358;  207,062;20651,962;60,13869
 395,69;12502,429;  202,678;20752,398;59,85362
 396,28;12581,926;  208,983;20771,541;60,17220
 396,87;12539,973;  208,363;20898,450;59,60154
 397,46;12604,163;  215,129;20943,923;59,76727
 398,06;12724,589;  223,279;21139,960;59,76718
 398,65;12714,433;  204,578;21271,406;59,38177
 399,24;12781,624;  225,422;21394,542;59,31376
 399,83;12706,954;  198,331;21390,949;59,02349
 400,42;12789,662;  254,088;21553,748;58,85340
 401,01;12859,840;  213,074;21665,870;58,95160
 401,60;12761,904;  228,285;21657,881;58,48742
 402,19;12687,754;  249,039;21683,120;58,03241
 402,78;12750,728;  253,477;21718,293;58,22203
 403,37;12637,425;  237,763;21500,734;58,31575
 403,96;12456,866;  234,660;21369,983;57,82834
 404,55;12489,571;  263,323;21325,723;58,04774
 405,14;12307,240;  239,527;21175,396;57,64133
 405,73;12255,755;  256,881;21100,947;57,56494
 406,32;12249,412;  257,091;21055,753;57,65910
 406,91;12044,091;  238,759;20761,509;57,52315
 407,50;11953,993;  263,593;20641,761;57,36728
 408,09;11758,796;  237,815;20373,194;57,21760
 408,68;11715,018;  246,270;20291,234;57,21511
 409,27;11549,371;  245,355;20085,614;56,97514
 409,86;11461,140;  256,989;20002,333;56,74325
 410,45;11426,951;  288,928;19955,774;56,63350
 411,04;11412,319;  289,559;19904,468;56,70564
 411,63;11167,958;  273,350;19624,100;56,30070
 412,22;10998,532;  280,523;19482,421;55,81744
 412,81;10907,649;  293,145;19202,463;56,13372
 413,40;10739,601;  298,077;18947,508;55,98843
 413,99;10564,669;  328,535;18631,139;55,92720
 414,58;10318,478;  271,614;18284,849;55,77490
 415,17;10155,799;  279,991;18101,481;55,41516
 415,76;10081,493;  256,368;17999,166;55,37528
 416,35; 9923,671;  258,680;17838,897;54,97652
 416,94; 9955,595;  295,139;17844,585;55,04707
 417,53; 9985,864;  266,761;18068,435;54,59657
 418,12; 9995,365;  261,609;18120,991;54,50220
 418,71;10149,703;  299,923;18412,108;54,38206
 419,30;10216,847;  278,225;18537,049;54,43189
 419,89;10277,053;  270,303;18741,244;54,17563
 420,48;10413,717;  290,231;18964,708;54,21028
 421,07;10452,022;  282,078;19006,851;54,31277
 421,66;10418,438;  257,159;19023,831;54,14534
 422,25;10414,088;  270,782;19022,155;54,09367
 422,84;10385,887;  301,245;19019,094;53,87714
 423,43;10214,162;  279,781;18735,300;53,82878
 424,02;10117,389;  302,397;18536,212;53,82852
 424,60; 9933,010;  262,406;18159,979;54,03305
 425,19; 9777,438;  274,402;17884,214;53,96444
 425,78; 9694,565;  288,248;17869,031;53,50340
 426,37; 9621,752;  290,329;17674,825;53,67670
 426,96; 9558,441;  276,406;17574,765;53,65847
 427,55; 9505,470;  262,565;17458,296;53,75116
 428,14; 9333,289;  276,951;17277,370;53,27126
 428,73; 9250,156;  281,178;17176,404;53,08587
 429,32; 9239,453;  289,944;17161,119;53,04615
 429,91; 9223,796;  302,947;17156,620;52,93119
 430,50; 9139,018;  287,873;16968,792;53,06149
 431,08; 9070,895;  301,183;16859,955;52,96112
 431,67; 9043,761;  337,494;16810,809;52,85073
 432,26; 8924,232;  350,957;16658,199;52,57342
 432,85; 8735,926;  376,957;16259,013;52,63153
 433,44; 8598,256;  372,883;15957,398;52,77914
 434,03; 8414,403;  388,580;15678,711;52,49022
 434,62; 8199,837;  356,807;15263,888;52,61279
 435,21; 8115,057;  369,419;15092,581;52,60852
 435,79; 8015,344;  378,809;14993,266;52,25330
 436,38; 7961,441;  360,429;14891,432;52,30893
 436,97; 7874,117;  363,276;14828,789;51,92240
 437,56; 7779,010;  357,591;14579,542;52,18285
 438,15; 7715,377;  330,897;14590,165;51,78723
 438,74; 7759,954;  347,051;14560,189;52,15529
 439,33; 7741,678;  329,127;14514,915;52,25336
 439,91; 7730,836;  288,284;14558,280;52,15525
 440,50; 7823,626;  339,669;14649,975;52,29767
 441,09; 7816,761;  341,211;14755,578;51,86179
 441,68; 7763,675;  323,215;14746,260;51,58730
 442,27; 7832,133;  313,368;14780,559;51,97114
 442,86; 7767,008;  285,530;14782,373;51,60763
 443,44; 7797,565;  302,067;14802,621;51,69111
 444,03; 7877,883;  356,300;14838,956;51,93511
 444,62; 7761,172;  306,069;14699,606;51,79480
 445,21; 7699,537;  315,068;14587,723;51,73858
 445,80; 7657,644;  345,919;14524,583;51,56851
 446,39; 7535,324;  356,302;14305,874;51,46410
 446,97; 7430,993;  292,385;14107,313;51,67315
 447,56; 7313,545;  312,927;13923,327;51,43580
 448,15; 7261,286;  304,846;13730,790;51,81341
 448,74; 7135,663;  322,693;13558,650;51,47319
 449,33; 7049,085;  317,773;13412,294;51,40556
 449,91; 6931,888;  316,162;13256,983;51,12293
 450,50; 6877,824;  299,238;12957,665;51,97001
 451,09; 6799,486;  319,854;12948,808;51,30775
 451,68; 6728,709;  331,779;12840,793;51,13856
 452,26; 6724,309;  330,781;12763,121;51,42658
 452,85; 6641,780;  309,241;12702,998;51,09459
 453,44; 6663,173;  337,093;12715,419;51,10610
 454,03; 6618,698;  305,474;12641,459;51,17729
 454,61; 6588,630;  302,171;12612,877;51,06498
 455,20; 6727,498;  334,173;12819,368;51,20725
 455,79; 6683,315;  334,631;12800,040;50,93041
 456,38; 6704,563;  334,869;12835,957;50,95312
 456,97; 6717,716;  314,175;12930,733;50,75505
 457,55; 6703,014;  327,024;12986,367;50,36589
 458,14; 6743,703;  359,328;12929,255;50,79087
 458,73; 6702,471;  336,255;12858,286;50,84012
 459,31; 6724,265;  360,105;12888,016;50,79985
 459,90; 6729,493;  365,642;13009,337;50,33221
 460,49; 6790,576;  401,179;13084,693;50,37561
 461,08; 6768,913;  331,646;13146,916;50,23123
 461,66; 6810,236;  333,874;13133,433;50,59832
 462,25; 6850,686;  346,724;13253,540;50,39168
 462,84; 6906,831;  372,415;13264,835;50,68417
 463,43; 6798,362;  312,728;13273,642;50,03994
 464,01; 6836,878;  335,346;13300,720;50,14535
 464,60; 6824,786;  382,881;13257,123;50,03716
 465,19; 6679,106;  310,193;13024,885;50,09098
 465,77; 6678,475;  346,195;12957,829;50,20984
 466,36; 6667,918;  355,190;12871,454;50,43621
 466,95; 6502,123;  338,421;12568,117;50,39947
 467,53; 6413,196;  349,274;12329,878;50,61449
 468,12; 6238,491;  370,198;12130,524;49,89907
 468,71; 6144,369;  358,578;11902,890;50,11811
 469,29; 6005,424;  329,044;11685,581;49,98337
 469,88; 5889,794;  343,892;11486,547;49,77182
 470,47; 5958,585;  405,357;11586,317;49,66682
 471,06; 5892,478;  349,127;11501,943;49,70360
 471,64; 5928,034;  352,280;11596,839;49,58624
 472,23; 5879,440;  321,594;11583,969;49,34879
 472,81; 5948,275;  323,437;11719,893;49,35602
 473,40; 6012,278;  338,671;11817,928;49,42486
 473,99; 6164,545;  438,979;12040,937;49,35000
 474,57; 6149,616;  340,133;12159,994;49,15018
 475,16; 6171,350;  360,361;12218,465;49,00437
 475,75; 6243,683;  373,289;12384,013;48,87627
 476,33; 6282,069;  377,523;12477,109;48,79957
 476,92; 6310,398;  374,980;12492,704;48,98129
 477,51; 6341,291;  368,983;12553,558;49,01532
 478,09; 6306,518;  376,598;12581,345;48,58700
 478,68; 6268,901;  378,292;12542,433;48,42601
 479,27; 6291,866;  397,751;12597,596;48,31303
 479,85; 6262,872;  370,599;12553,004;48,36707
 480,44; 6301,990;  361,908;12606,505;48,51186
 481,02; 6806,435;  378,757;13796,042;47,90595
 481,61; 7690,012;  402,064;15652,194;47,78942
 482,20; 8236,295;  389,526;16794,488;47,83168
 482,78; 8560,749;  417,446;17518,987;47,61736
 483,37; 8785,650;  400,222;18018,243;47,59574
 483,95; 8922,725;  423,531;18194,276;47,82689
 484,54; 9051,786;  435,063;18409,352;47,93916
 485,13; 8951,942;  397,380;18366,598;47,60676
 485,71; 8880,021;  376,840;18058,972;48,08912
 486,30; 8785,248;  431,071;17894,682;47,83763
 486,88; 8594,569;  442,688;17531,852;47,70205
 487,47; 8316,274;  433,535;16893,254;47,89109
 488,05; 7917,102;  429,767;16157,182;47,60690
 488,64; 7355,063;  425,000;14969,596;47,64700
 489,23; 6544,735;  430,229;13365,258;47,27091
 489,81; 5596,245;  430,538;11432,053;46,95451
 490,40; 5271,636;  382,077;10874,205;46,60217
 490,98; 5131,069;  357,462;10591,516;46,64434
 491,57; 5063,521;  397,999;10567,510;45,87755
 492,15; 5046,966;  373,771;10500,179;46,14859
 492,74; 5024,377;  389,152;10406,749;46,27083
 493,32; 4964,352;  402,616;10315,377;46,01882
 493,91; 4876,446;  379,387;10229,194;45,65632
 494,50; 4854,443;  391,392;10263,082;45,21060
 495,08; 4798,494;  369,546;10121,789;45,41467
 495,67; 4795,528;  390,772;10132,736;45,21425
 496,25; 4725,815;  326,544;10026,577;45,35315
 496,84; 4683,982;  347,156;10026,563;44,80467
 497,42; 4652,472;  330,468; 9959,484;44,88521
 498,01; 4669,659;  367,080; 9902,920;45,12008
 498,59; 4555,082;  317,237; 9817,250;44,60884
 499,18; 4527,775;  328,080; 9836,658;44,16744
 499,76; 4535,598;  354,775; 9744,638;44,52486
 500,35; 4423,315;  347,086; 9572,984;44,18247
 500,93; 4422,809;  325,852; 9577,089;44,28550
 501,52; 4344,068;  330,237; 9470,573;43,91338
 502,10; 4332,743;  346,011; 9496,038;43,57071
 502,69; 4251,802;  334,090; 9334,329;43,52897
 503,27; 4136,490;  317,777; 9147,938;43,24624
 503,86; 4128,785;  327,474; 9068,484;43,48823
 504,44; 4072,616;  311,398; 8999,373;43,29223
 505,03; 3932,404;  292,860; 8772,262;42,92218
 505,61; 3868,731;  315,167; 8645,426;42,65851
 506,19; 3826,932;  329,629; 8542,030;42,58563
 506,78; 3697,074;  302,940; 8351,751;42,16937
 507,36; 3616,265;  305,244; 8211,729;41,87728
 507,95; 3555,099;  326,558; 8031,400;41,90276
 508,53; 3494,810;  308,094; 7979,494;41,54022
 509,12; 3444,419;  315,403; 7891,907;41,29894
 509,70; 3392,102;  323,250; 7716,130;41,51092
 510,29; 3313,926;  341,483; 7629,516;40,78526
 510,87; 3224,697;  305,402; 7432,639;40,95970
 511,46; 3132,135;  302,941; 7270,954;40,60258
 512,04; 3120,779;  300,635; 7159,948;41,11408
 512,62; 3008,515;  326,710; 7059,818;39,83012
 513,21; 2967,204;  290,714; 6856,757;40,76261
 513,79; 2909,144;  306,027; 6749,780;40,39753
 514,38; 2847,482;  290,640; 6580,820;40,64814
 514,96; 2820,962;  329,640; 6537,501;40,13174
 515,54; 2732,183;  284,641; 6411,547;39,94744
 516,13; 2732,142;  316,257; 6365,150;39,93929
 516,71; 2640,994;  293,413; 6187,097;39,83215
 517,30; 2577,074;  298,492; 6100,160;39,27459
 517,88; 2558,448;  317,031; 6059,697;39,03095
 518,46; 2464,006;  286,109; 5948,733;38,46091
 519,05; 2452,032;  296,187; 5904,152;38,44255
 519,63; 2438,521;  312,494; 5837,280;38,48161
 520,22; 2404,176;  314,651; 5819,016;37,96123
 520,80; 2367,523;  310,883; 5738,447;37,89252
 521,38; 2370,207;  334,495; 5731,616;37,71847
 521,97; 2318,164;  293,500; 5657,788;37,74340
 522,55; 2312,110;  318,038; 5672,813;37,23913
 523,13; 2282,154;  293,962; 5633,143;37,23778
 523,72; 2253,072;  301,647; 5659,501;36,42177
 524,30; 2322,052;  324,733; 5771,568;36,66935
 524,89; 2244,204;  294,346; 5746,142;35,76542
 525,47; 2308,186;  313,426; 5873,635;35,87563
 526,05; 2300,856;  278,657; 5922,665;35,82912
 526,64; 2332,993;  323,351; 6001,539;35,39231
 527,22; 2342,710;  318,349; 6135,190;34,80173
 527,80; 2399,389;  347,504; 6262,947;34,68691
 528,39; 2385,470;  301,198; 6336,439;34,53503
 528,97; 2407,721;  295,736; 6473,141;34,18887
 529,55; 2463,114;  310,039; 6638,152;34,02397
 530,14; 2522,285;  333,353; 6782,175;33,94313
 530,72; 2517,255;  306,120; 6881,159;33,62923
 531,30; 2532,247;  294,045; 6980,759;33,47238
 531,89; 2555,519;  316,891; 7098,981;33,00792
 532,47; 2602,586;  340,508; 7179,358;33,07689
 533,05; 2602,469;  327,889; 7206,237;33,06870
 533,63; 2596,080;  346,816; 7320,901;32,25174
 534,22; 2592,211;  307,816; 7328,722;32,53705
 534,80; 2618,693;  338,357; 7389,806;32,33855
 535,38; 2698,880;  412,353; 7502,857;32,24773
 535,97; 2588,388;  318,046; 7407,846;32,02265
 536,55; 2640,290;  371,819; 7484,972;31,89121
 537,13; 2590,182;  378,045; 7457,091;31,24908
 537,71; 2621,989;  408,506; 7522,121;31,11614
 538,30; 2612,220;  432,817; 7585,910;30,46799
 538,88; 2627,304;  469,897; 7660,675;30,00241
 539,46; 2711,177;  541,588; 7831,755;29,76049
 540,05; 2712,504;  557,358; 7964,077;29,09717
 540,63; 2765,093;  596,666; 8108,608;28,86640
 541,21; 2815,972;  625,206; 8260,452;28,69281
 541,79; 2833,321;  662,283; 8345,751;28,25596
 542,38; 2867,925;  681,742; 8498,338;27,96848
 542,96; 2899,345;  701,977; 8638,609;27,68641
 543,54; 2937,182;  719,744; 8861,218;27,23632
 544,12; 2949,027;  696,591; 8941,174;27,32019
 544,70; 2960,334;  672,747; 9030,355;27,37132
 545,29; 2996,863;  683,743; 9151,014;27,31837
 545,87; 2996,090;  650,898; 9205,136;27,41555
 546,45; 2946,376;  605,588; 9222,491;27,16507
 547,03; 2948,249;  598,051; 9248,623;27,16812
 547,62; 2983,305;  568,745; 9376,130;27,41518
 548,20; 3014,170;  568,900; 9540,760;27,25489
 548,78; 3024,687;  525,136; 9614,143;27,50082
 549,36; 3015,867;  493,751; 9815,403;27,05654
 549,94; 3019,846;  453,053; 9900,376;27,16953
 550,53; 3081,393;  468,442;10132,079;27,03900
 551,11; 3055,615;  419,291;10261,657;26,78548
 551,69; 3135,567;  444,135;10523,829;26,70153
 552,27; 3117,165;  415,518;10761,760;26,11235
 552,85; 3207,311;  411,444;11102,716;26,15093
 553,44; 3259,245;  404,904;11349,153;26,08074
 554,02; 3343,181;  418,674;11698,555;25,92675
 554,60; 3376,560;  357,060;11986,584;25,96409
 555,18; 3459,446;  405,981;12299,240;25,67391
 555,76; 3461,969;  371,674;12580,521;25,31193
 556,34; 3563,054;  372,985;12928,483;25,40774
 556,93; 3623,860;  370,058;13278,593;25,20659
 557,51; 3673,163;  355,062;13566,586;25,11520
 558,09; 3731,420;  375,828;13889,695;24,83074
 558,67; 3800,156;  383,525;14243,901;24,65035
 559,25; 3863,898;  387,601;14502,516;24,62854
 559,83; 3882,839;  361,219;14712,948;24,53795
 560,41; 3941,934;  358,446;15061,399;24,37257
 561,00; 4027,731;  370,679;15405,602;24,32372
 561,58; 4051,598;  352,292;15564,740;24,31762
 562,16; 4052,593;  354,675;15827,248;23,89983
 562,74; 4134,851;  333,674;16170,299;24,00245
 563,32; 4190,689;  343,449;16487,161;23,83119
 563,90; 4287,328;  365,371;16893,406;23,72912
 564,48; 4307,045;  366,138;17252,932;23,33722
 565,06; 4443,538;  348,756;17790,633;23,47673
 565,65; 4550,768;  370,452;18364,895;23,23115
 566,23; 4735,402;  407,218;18999,500;23,27947
 566,81; 4774,210;  357,447;19670,421;22,86941
 567,39; 4978,134;  364,527;20526,056;22,88322
 567,97; 5076,513;  383,525;21033,571;22,72628
 568,55; 5263,389;  410,988;21775,741;22,71218
 569,13; 5377,511;  359,756;22407,065;22,75904
 569,71; 5499,905;  358,060;23291,076;22,42115
 570,29; 5745,538;  409,981;24137,455;22,48683
 570,87; 5835,411;  399,290;24791,379;22,28641
 571,45; 5933,549;  392,987;25303,173;22,24215
 572,03; 5982,990;  349,912;25699,267;22,22178
 572,61; 6098,297;  348,911;26399,372;22,07019
 573,20; 6212,386;  381,831;27027,545;21,88177
 573,78; 6330,245;  370,603;27582,819;21,90061
 574,36; 6378,415;  379,218;28016,539;21,70687
 574,94; 6494,000;  428,682;28281,862;21,77603
 575,52; 6451,693;  384,531;28548,552;21,54224
 576,10; 6546,915;  439,607;29100,078;21,30917
 576,68; 6629,166;  424,989;29663,753;21,21901
 577,26; 6718,697;  437,225;30132,352;21,15321
 577,84; 6794,114;  435,603;30649,174;21,04522
 578,42; 6885,280;  487,683;30852,657;21,06900
 579,00; 6783,879;  434,603;30962,554;20,79824
 579,58; 6801,553;  466,528;31145,999;20,64907
 580,16; 6763,312;  454,375;31274,508;20,47018
 580,74; 6744,106;  459,068;31409,801;20,30659
 581,32; 6709,032;  453,221;31471,405;20,16821
 581,90; 6687,374;  475,068;31360,832;20,11382
 582,48; 6664,023;  481,145;31530,012;19,91338
 583,06; 6640,681;  467,759;31645,146;19,79936
 583,64; 6642,809;  465,066;31726,545;19,76152
 584,22; 6551,948;  475,224;31533,208;19,56574
 584,80; 6482,928;  485,606;31311,453;19,45550
 585,38; 6323,658;  497,446;30916,404;19,15323
 585,96; 6286,526;  459,758;31068,098;19,03654
 586,54; 6277,901;  481,454;31036,758;18,97035
 587,12; 6273,406;  462,761;31161,891;18,92772
 587,70; 6243,167;  481,450;31347,237;18,66700
 588,28; 6222,717;  461,915;31385,412;18,62921
 588,86; 6218,163;  476,992;31519,846;18,49434
 589,44; 6167,155;  451,996;31455,187;18,43410
 590,02; 6165,183;  451,610;31719,238;18,27313
 590,59; 6120,425;  430,608;31929,235;18,06370
 591,17; 6226,533;  428,845;32006,144;18,36030
 591,75; 6175,105;  418,766;32126,473;18,15438
 592,33; 6171,213;  443,688;32340,353;17,95650
 592,91; 6196,905;  393,306;32671,434;17,97997
 593,49; 6213,088;  404,307;32802,681;17,92924
 594,07; 6181,227;  422,846;33033,313;17,65808
 594,65; 6223,289;  438,224;33079,333;17,72325
 595,23; 6235,901;  416,687;33409,322;17,63792
 595,81; 6262,050;  408,534;33545,835;17,66443
 596,39; 6202,653;  406,457;33624,196;17,44910
 596,97; 6241,330;  398,690;33796,195;17,49424
 597,55; 6194,514;  392,455;33700,615;17,41933
 598,12; 6135,544;  386,693;33728,117;17,24237
 598,70; 6099,123;  391,768;33818,620;17,07416
 599,28; 6169,409;  404,768;34013,287;17,15232
 599,86; 6149,402;  397,152;33965,114;17,13613
 600,44; 6133,854;  356,461;34064,721;17,13940
 601,02; 6162,970;  417,695;34218,050;16,99768
 601,60; 6090,043;  392,535;34173,150;16,86620
 602,18; 6054,555;  365,462;34152,602;16,83804
 602,75; 6048,486;  373,072;34232,157;16,76186
 603,33; 6036,445;  381,922;34418,757;16,61295
 603,91; 6054,548;  360,540;34325,147;16,76453
 604,49; 6044,687;  398,999;34393,682;16,60756
 605,07; 6048,570;  386,304;34345,533;16,67372
 605,65; 5996,161;  406,615;34436,391;16,42546
 606,23; 6016,485;  464,608;34619,214;16,25513
 606,80; 6069,911;  514,995;34630,071;16,28288
 607,38; 6011,634;  546,155;34683,826;16,01011
 607,96; 6006,127;  597,457;34728,164;15,84693
 608,54; 6050,355;  652,769;34860,921;15,77866
 609,12; 6018,043;  655,918;34823,046;15,69381
 609,70; 6036,256;  695,229;34929,540;15,60138
 610,27; 5981,414;  700,687;35001,084;15,39553
 610,85; 6053,765;  718,844;35003,187;15,56081
 611,43; 6025,874;  717,537;34987,961;15,48956
 612,01; 5954,205;  684,304;34750,674;15,46951
 612,59; 5964,930;  672,460;34737,035;15,53658
 613,16; 5886,830;  644,224;34690,217;15,39860
 613,74; 5892,346;  620,153;34677,271;15,48045
 614,32; 5860,963;  581,846;34577,418;15,52884
 614,90; 5840,097;  533,613;34521,641;15,61280
 615,48; 5788,840;  481,379;34204,658;15,73827
 616,05; 5727,582;  456,916;34228,119;15,60698
 616,63; 5714,016;  469,069;34010,964;15,63700
 617,21; 5700,472;  462,072;33849,657;15,68967
 617,79; 5654,573;  441,765;33792,598;15,63022
 618,36; 5642,841;  445,766;33676,601;15,63932
 618,94; 5568,151;  385,302;33551,233;15,62703
 619,52; 5552,323;  405,916;33249,711;15,66935
 620,10; 5456,442;  393,841;33235,799;15,41504
 620,67; 5506,071;  413,146;33193,170;15,53667
 621,25; 5480,486;  421,151;33002,568;15,52828
 621,83; 5443,862;  406,225;32912,046;15,49764
 622,41; 5471,910;  450,071;32859,540;15,49497
 622,98; 5433,925;  415,300;32663,673;15,56241
 623,56; 5431,428;  418,299;32733,532;15,51321
 624,14; 5374,264;  395,998;32622,603;15,44769
 624,72; 5357,250;  382,686;32516,489;15,48078
 625,29; 5367,713;  382,069;32529,661;15,50861
 625,87; 5392,840;  417,765;32515,376;15,49983
 626,45; 5337,649;  372,914;32343,321;15,52916
 627,02; 5316,232;  383,381;32318,396;15,44653
 627,60; 5329,763;  359,538;32308,045;15,55699
 628,18; 5282,658;  351,841;32275,815;15,44550
 628,76; 5306,412;  361,377;32234,196;15,51490
 629,33; 5305,962;  382,840;32184,576;15,48067
 629,91; 5321,288;  362,688;32279,184;15,53617
 630,49; 5371,952;  388,070;32417,596;15,56028
 631,06; 5394,840;  381,454;32548,609;15,58542
 631,64; 5353,289;  374,453;32413,461;15,53992
 632,22; 5328,127;  339,990;32414,294;15,55182
 632,79; 5385,951;  371,913;32640,346;15,53852
 633,37; 5394,622;  346,150;32776,778;15,56699
 633,95; 5416,751;  342,145;32761,252;15,65314
 634,52; 5463,697;  344,686;32872,044;15,73755
 635,10; 5456,574;  345,072;32898,950;15,70167
 635,68; 5474,530;  340,913;33024,645;15,70695
 636,25; 5488,805;  328,219;33057,515;15,76748
 636,83; 5496,873;  319,454;33308,812;15,69421
 637,41; 5526,520;  339,528;33312,742;15,73093
 637,98; 5613,455;  356,989;33467,304;15,87561
 638,56; 5634,762;  345,911;33589,662;15,90931
 639,13; 5607,761;  336,838;33647,671;15,82345
 639,71; 5685,469;  368,070;33756,978;15,92565
 640,29; 5648,328;  300,377;33598,392;16,06087
 640,86; 5649,358;  324,762;33698,719;15,95434
 641,44; 5669,926;  321,070;33764,584;15,99370
 642,02; 5696,109;  343,454;33797,372;16,00008
 642,59; 5730,523;  330,070;33899,160;16,08758
 643,17; 5724,168;  307,455;33825,564;16,16056
 643,74; 5754,351;  332,147;33897,121;16,15435
 644,32; 5746,534;  350,224;33794,602;16,13518
 644,89; 5764,487;  339,455;33886,236;16,17154
 645,47; 5779,209;  364,301;33822,870;16,18392
 646,05; 5804,853;  338,917;33844,120;16,31369
 646,62; 5799,960;  333,532;33775,754;16,34589
 647,20; 5840,451;  340,609;33996,004;16,34163
 647,77; 5811,634;  309,686;33826,177;16,41564
 648,35; 5817,279;  300,148;33744,657;16,49637
 648,92; 5845,770;  332,917;33742,599;16,50076
 649,50; 5790,338;  299,763;33743,079;16,41755
 650,08; 5823,136;  313,379;33643,868;16,53068
 650,65; 5871,858;  308,148;33873,117;16,57594
 651,23; 5988,657;  287,533;34500,213;16,66377
 651,80; 6222,378;  284,225;35347,924;16,93533
 652,38; 6276,408;  304,918;35719,482;16,86168
 652,95; 6374,822;  285,379;36081,193;17,01160
 653,53; 6443,928;  321,149;36346,443;16,99578
 654,10; 6497,265;  336,841;36454,538;17,05652
 654,68; 6470,910;  300,611;36378,250;17,10284
 655,25; 6500,862;  289,918;36456,422;17,17319
 655,83; 6540,661;  296,688;36537,364;17,22919
 656,40; 6563,998;  332,534;36506,845;17,22621
 656,98; 6574,489;  292,457;36424,171;17,38648
 657,55; 6570,749;  309,842;36363,652;17,36545
 658,13; 6510,010;  295,842;35883,286;17,46169
 658,70; 6505,116;  318,227;35800,074;17,43677
 659,28; 6356,222;  303,304;34942,170;17,47436
 659,85; 6227,636;  323,381;34232,958;17,41176
 660,43; 6248,050;  322,458;34213,516;17,48424
 661,00; 6314,849;  302,304;34383,073;17,64205
 661,58; 6341,109;  295,073;34619,630;17,61432
 662,15; 6365,523;  296,996;34827,265;17,57451
 662,73; 6476,476;  355,997;35099,514;17,61618
 663,30; 6548,197;  313,227;35312,764;17,81444
 663,88; 6581,765;  305,766;35433,783;17,86608
 664,45; 6647,410;  299,920;35638,648;17,96185
 665,03; 6699,439;  297,382;35915,513;17,97415
 665,60; 6907,007;  374,151;36403,609;18,13199
 666,17; 6865,421;  312,920;36516,166;18,09921
 666,75; 6973,605;  298,997;36774,339;18,29896
 667,32; 7037,096;  329,074;37023,204;18,28091
 667,90; 7178,202;  312,921;37335,146;18,54368
 668,47; 7241,539;  323,382;37535,934;18,59092
 669,05; 7277,492;  314,075;37830,722;18,56087
 669,62; 7327,213;  291,152;37968,895;18,67432
 670,19; 7373,935;  275,767;37959,837;18,83599
 670,77; 7439,041;  303,767;38223,317;18,81687
 671,34; 7512,071;  295,152;38101,336;19,08925
 671,92; 7558,254;  290,229;38389,586;19,07650
 672,49; 7618,360;  308,614;38431,759;19,17404
 673,06; 7587,313;  266,229;38504,701;19,14586
 673,64; 7641,265;  280,537;38489,643;19,26433
 674,21; 7688,218;  282,614;38387,662;19,43471
 674,79; 7784,016;  309,153;38620,988;19,51059
 675,36; 7854,584;  315,230;38708,699;19,63708
 675,93; 7832,152;  283,537;38668,257;19,66568
 676,51; 7918,028;  308,768;38746,045;19,79656
 677,08; 7932,211;  299,307;38908,910;19,76945
 677,65; 7984,317;  307,845;38928,621;19,87654
 678,23; 8074,270;  305,922;39173,179;19,98687
 678,80; 8116,530;  291,153;39328,351;20,04595
 679,38; 8230,175;  295,153;39473,293;20,25370
 679,95; 8314,512;  304,769;39654,620;20,35521
 680,52; 8373,157;  296,000;39890,716;20,39958
 681,10; 8525,032;  304,384;40293,888;20,55701
 681,67; 8598,677;  299,923;40502,215;20,64249
 682,24; 8609,707;  273,615;40588,849;20,67727
 682,82; 8740,582;  290,077;41102,484;20,70573
 683,39; 8913,073;  326,923;41358,964;20,92548
 683,96; 8938,179;  288,308;41611,983;20,93200
 684,54; 9039,593;  272,616;41813,848;21,10428
 685,11; 9168,084;  310,385;42132,482;21,17947
 685,68; 9258,422;  286,308;42546,424;21,23069
 686,25; 9335,836;  274,616;42635,059;21,39076
 686,83; 9393,711;  273,693;42791,462;21,44990
 687,40; 9536,971;  269,386;43071,789;21,65202
 687,97; 9610,770;  322,386;43388,808;21,56758
 688,55; 9627,953;  258,001;43466,903;21,68524
 689,12; 9727,521;  255,617;43682,692;21,81106
 689,69; 9844,012;  266,232;43795,787;22,00294
 690,26; 9930,503;  284,771;43954,499;22,08791
 690,84;10013,917;  291,771;44189,364;22,14733
 691,41;10072,408;  306,309;44136,844;22,28150
 691,98;10120,053;  294,848;44588,478;22,18198
 692,56;10160,544;  282,694;44574,882;22,30156
 693,13;10291,650;  333,464;44633,593;22,47891
 693,70;10308,449;  302,925;44812,381;22,47955
 694,27;10339,709;  290,387;44812,708;22,57142
 694,84;10420,200;  282,695;45005,957;22,66719
 695,42;10573,460;  334,310;45101,899;22,87179
 695,99;10602,105;  304,079;45276,918;22,89832
 696,56;10597,980;  294,080;45164,014;22,96393
 697,13;10768,779;  298,849;45467,264;23,17976
 697,71;10820,885;  289,003;45588,129;23,24964
 698,28;10952,376;  299,080;45841,302;23,39213
 698,85;10968,175;  268,157;45908,628;23,44414
 699,42;11076,897;  267,772;46123,263;23,57215
 699,99;11175,772;  304,926;46237,128;23,66716
 700,57;11271,802;  297,311;46230,070;23,89251
 701,14;11290,754;  280,311;46376,935;23,88557
 701,71;11443,168;  310,850;46638,800;24,02938
 702,28;11479,505;  294,465;46572,511;24,16921
 702,85;11604,304;  307,081;46653,376;24,37568
 703,43;11706,564;  312,312;46872,549;24,47207
 704,00;11802,824;  327,004;47096,568;24,53694
 704,57;11854,700;  299,312;46970,971;24,75890
 705,14;11938,960;  332,004;47369,682;24,67587
 705,71;12030,759;  342,081;47427,471;24,82443
 706,28;12014,019;  310,850;47394,874;24,85592
 706,86;12151,048;  346,620;47531,354;25,01747
 707,43;12248,078;  359,235;47444,912;25,24938
 708,00;12212,953;  328,005;47556,777;25,16464
 708,57;12239,060;  301,389;47422,488;25,33402
 709,14;12405,166;  327,236;47655,815;25,51932
 709,71;12383,272;  312,543;47744,449;25,44854
 710,28;12565,763;  313,082;47915,314;25,73972
 710,86;12621,947;  309,928;48020,871;25,80544
 711,43;12673,361;  333,313;47975,352;25,90159
 712,00;12762,236;  316,467;48120,755;26,03484
 712,57;12859,881;  337,390;48233,544;26,14509
 713,14;12957,295;  314,698;48374,639;26,30589
 713,71;12939,325;  315,159;48244,197;26,33928
 714,28;13015,739;  300,544;48378,754;26,44690
 714,85;13034,460;  293,775;48046,850;26,68035
 715,42;13111,336;  293,237;48317,407;26,69093
 716,00;13268,827;  360,237;48414,042;26,86278
 716,57;13280,702;  297,468;48484,291;26,94354
 717,14;13276,809;  281,929;48384,541;27,01491
 717,71;13362,761;  280,006;48454,637;27,15694
 718,28;13524,714;  325,699;48556,348;27,36645
 718,85;13491,589;  276,468;48492,059;27,40840
 719,42;13674,926;  296,776;48717,617;27,62891
 719,99;13631,340;  283,776;48509,020;27,67755
 720,56;13797,216;  310,391;48748,654;27,84333
 721,13;13792,092;  287,392;48823,981;27,82375
 721,70;13856,044;  277,546;48758,615;28,00784
 722,27;13952,612;  304,546;48775,019;28,15749
 722,84;14080,487;  345,238;48931,961;28,26955
 723,41;13979,748;  276,546;48967,826;28,14303
 723,98;14184,392;  299,546;49080,229;28,46382
 724,55;14316,114;  310,315;49232,402;28,62878
 725,12;14277,836;  247,623;49144,498;28,69348
 725,69;14418,558;  285,239;49277,517;28,84805
 726,27;14533,510;  293,623;49382,690;29,00827
 726,84;14704,847;  298,854;49718,401;29,15040
 727,41;14749,031;  308,316;49661,189;29,26013
 727,98;14877,060;  311,162;49958,900;29,33849
 728,55;14912,551;  330,162;49853,381;29,44556
 729,12;14983,657;  273,239;49989,169;29,58894
 729,69;15052,687;  317,624;50136,957;29,57700
 730,26;15162,793;  309,778;50348,822;29,68285
 730,82;15195,438;  297,163;50277,456;29,80830
 731,39;15286,159;  291,317;50285,167;29,99337
 731,96;15428,266;  280,624;50571,802;30,11988
 732,53;15596,526;  306,240;50841,744;30,25652
 733,10;15660,709;  306,548;51018,993;30,27691
 733,67;15770,046;  314,317;51184,551;30,38266
 734,24;15716,307;  290,855;50785,416;30,54874
 734,81;15812,951;  325,702;50886,742;30,63080
 735,38;15787,442;  301,702;50707,223;30,72231
 735,95;15810,241;  299,625;50561,780;30,85943
 736,52;15924,424;  302,548;50796,491;30,93812
 737,09;15780,992;  307,548;50411,818;30,88249
 737,66;16020,329;  349,241;50647,221;31,15650
 738,23;16024,820;  293,395;50711,779;31,20176
 738,80;16192,619;  357,318;50979,490;31,28135
 739,37;16195,571;  321,395;51168,278;31,21957
 739,94;16304,832;  306,933;51266,605;31,39325
 740,51;16442,476;  399,395;51176,162;31,59532
 741,07;16385,967;  294,395;51149,489;31,64201
 741,64;16524,227;  334,626;51368,123;31,72348
 742,21;16598,411;  297,857;51408,450;31,89271
 742,78;16589,748;  271,934;51195,776;32,04356
 743,35;16659,546;  295,780;51403,334;32,01829
 743,92;16854,422;  323,396;51518,122;32,29049
 744,49;16869,759;  309,011;51500,987;32,35028
 745,06;16934,712;  304,011;51481,621;32,49605
 745,63;16921,203;  277,242;51405,409;32,55341
 746,19;16994,847;  286,781;51513,813;32,61572
 746,76;17055,569;  295,704;51484,062;32,74156
 747,33;17075,983;  284,858;51445,158;32,82062
 747,90;17214,936;  316,319;51609,408;32,94521
 748,47;17234,504;  305,396;51598,427;33,00469
 749,04;17258,610;  308,550;51568,061;33,06715
 749,61;17387,716;  334,935;51465,465;33,35147
 750,17;17420,207;  313,166;51550,714;33,38770
 750,74;17468,006;  309,474;51508,964;33,51309
 751,31;17473,497;  288,551;51351,598;33,65437
 751,88;17545,372;  272,474;51405,848;33,78009
 752,45;17674,248;  296,782;51402,174;34,00319
 753,02;17619,585;  316,859;51215,040;33,99478
 753,58;17748,230;  293,628;51275,212;34,23707
 754,15;17767,336;  295,859;51399,462;34,18835
 754,72;17730,750;  281,551;51227,404;34,25048
 755,29;17808,549;  267,244;51119,192;34,49485
 755,86;17870,655;  295,475;51214,365;34,51603
 756,42;18023,146;  299,244;51097,845;34,89053
 756,99;17842,791;  253,090;50977,326;34,67711
 757,56;18004,513;  255,937;50970,498;34,99700
 758,13;17979,927;  227,860;50886,210;35,04273
 758,70;18124,341;  250,552;51004,921;35,21626
 759,26;18110,370;  236,322;51033,863;35,18684
 759,83;18209,323;  243,322;51053,266;35,35922
 760,40;18274,121;  226,322;51003,824;35,54291
 760,97;18269,997;  230,937;50898,227;35,60297
 761,53;18199,488;  218,322;50600,554;35,68950
 762,10;18221,133;  209,245;50629,650;35,72341
 762,67;18278,162;  252,861;50692,130;35,73664
 763,24;18250,730;  196,784;50153,149;36,13943
 763,80;18363,836;  237,938;50331,860;36,18383
 764,37;18369,789;  239,938;50257,571;36,24692
 764,94;18250,510;  226,246;49867,283;36,30920
 765,50;18284,001;  239,092;49944,378;36,30380
 766,07;18414,877;  271,015;49896,244;36,56177
 766,64;18365,214;  243,246;49654,262;36,67597
 767,21;18354,013;  259,323;49628,974;36,65144
 767,77;18358,965;  276,861;49478,685;36,75088
 768,34;18366,533;  280,554;49371,396;36,84186
 768,91;18400,793;  276,016;49330,569;36,94821
 769,47;18408,746;  284,016;49375,280;36,92048
 770,04;18407,544;  291,247;49143,068;37,08418
 770,61;18371,035;  262,939;48955,087;37,18895
 771,18;18340,988;  254,247;48914,106;37,16974
 771,74;18478,633;  278,401;48989,510;37,36362
 772,31;18455,047;  279,632;48733,913;37,51044
 772,88;18319,845;  249,016;48515,393;37,43979
 773,44;18314,721;  262,939;48387,566;37,51049
 774,01;18415,058;  279,324;48493,970;37,61457
 774,58;18404,626;  255,555;48151,681;37,89257
 775,14;18424,348;  254,709;48253,700;37,85421
 775,71;18460,762;  252,171;48216,026;37,96315
 776,27;18504,945;  310,709;48202,507;37,99030
 776,84;18585,821;  336,171;48305,833;38,04415
 777,41;18499,619;  278,248;47961,699;38,21320
 777,97;18420,418;  255,940;47678,179;38,30371
 778,54;18543,601;  276,171;47718,275;38,50468
 779,11;18518,400;  291,479;47758,217;38,39935
 779,67;18492,891;  243,941;47711,928;38,44475
 780,24;18501,997;  272,941;47509,101;38,59132
 780,80;18559,334;  290,864;47501,120;38,69598
 781,37;18582,287;  271,787;47502,908;38,76787
 781,94;18480,624;  271,787;47295,234;38,72289
 782,50;18526,422;  274,556;47226,407;38,87358
 783,07;18608,375;  296,326;47330,118;38,93381
 783,63;18500,174;  264,557;47086,214;38,94697
 784,20;18505,588;  291,018;46959,925;39,02935
 784,77;18521,540;  274,095;46781,483;39,23558
 785,33;18460,031;  255,711;46631,425;39,25399
 785,90;18445,984;  268,096;46723,828;39,12948
 786,46;18462,013;  288,019;46535,616;39,29716
 787,03;18422,888;  253,173;46280,712;39,47575
 787,59;18471,072;  265,173;46207,885;39,62739
 788,16;18472,024;  267,942;46151,442;39,67457
 788,73;18477,823;  285,327;46032,461;39,76751
 789,29;18471,391;  268,096;45727,865;40,04265
 789,86;18514,728;  278,865;45739,038;40,11393
 790,42;18480,219;  282,173;45568,979;40,18399
 790,99;18491,864;  280,481;45233,691;40,51186
 791,55;18400,047;  262,789;45164,325;40,39340
 792,12;18418,922;  289,712;45206,575;40,36170
 792,68;18305,721;  276,174;44950,517;40,35772
 793,25;18257,751;  284,174;44732,536;40,43698
 793,81;18318,472;  335,405;44415,016;40,79679
 794,38;18240,271;  240,559;44239,343;40,90957
 794,94;18182,377;  261,097;44125,977;40,85565
 795,51;18093,022;  283,790;43907,688;40,82449
 796,07;17980,898;  276,328;43538,322;40,92407
 796,64;18130,158;  290,328;43800,957;41,00108
 797,20;17965,033;  272,713;43289,052;41,12930
 797,77;17869,217;  250,098;42932,994;41,27911
 798,33;17844,938;  276,329;42779,475;41,33485
 798,90;17899,891;  288,867;42734,417;41,49086
 799,46;17670,536;  264,252;42403,820;41,30627
 800,03;17652,257;  262,944;42239,455;41,42630
 800,59;17567,441;  286,406;42102,243;41,32653
 801,15;17537,085;  281,868;41835,031;41,52564
 801,72;17392,115;  273,714;41555,819;41,46688
 802,28;17319,375;  298,945;41222,607;41,59068
 802,85;17248,712;  271,176;41168,088;41,51300
 803,41;17245,665;  266,714;40968,260;41,71574
 803,98;17051,079;  253,483;40590,125;41,64351
 804,54;17067,493;  272,484;40381,606;41,87329
 805,11;16961,214;  278,484;40151,856;41,83928
 805,67;17016,552;  302,945;40103,798;41,99309
 806,23;16880,196;  276,792;39698,893;42,11700
 806,80;16909,149;  300,099;39595,989;42,26663
 807,36;16920,101;  298,946;39503,777;42,39568
 807,93;16853,515;  303,176;39394,796;42,33731
 808,49;16632,622;  254,561;38991,661;42,28004
 809,05;16688,497;  251,561;38746,373;42,69909
 809,62;16677,296;  283,254;38788,853;42,57574
 810,18;16680,171;  287,792;38594,257;42,79272
 810,74;16569,662;  255,869;38356,814;42,81729
 811,31;16562,615;  253,869;38185,756;42,99482
 811,87;16526,875;  270,331;38124,082;42,94566
 812,44;16591,751;  298,639;38078,563;43,12638
 813,00;16457,319;  227,100;37743,736;43,26139
 813,56;16543,194;  273,947;37907,216;43,23102
 814,13;16533,839;  256,485;37684,620;43,48962
 814,69;16514,022;  270,716;37579,331;43,53768
 815,25;16365,359;  241,332;37159,965;43,67450
 815,82;16415,235;  279,639;37158,369;43,75312
 816,38;16395,034;  304,101;36982,772;43,87000
 816,94;16239,909;  247,947;36683,945;43,89056
 817,51;16204,169;  241,947;36475,502;44,05370
 818,07;16152,968;  250,563;36313,367;44,09642
 818,63;16098,613;  270,948;36059,232;44,22583
 819,20;16060,719;  259,025;36002,636;44,20844
 819,76;15952,902;  245,255;35733,655;44,26136
 820,32;15964,932;  279,640;35601,981;44,40615
 820,89;15868,884;  279,102;35421,385;44,36189
 821,45;15785,914;  247,717;35149,788;44,51941
 822,01;15768,943;  263,487;34907,961;44,75593
 822,57;15580,819;  281,102;34767,826;44,36408
 823,14;15586,540;  240,333;34556,691;44,71980
 823,70;15452,801;  249,102;34326,479;44,61522
 824,26;15382,292;  245,333;34234,729;44,53436
 824,82;15440,398;  280,179;34049,363;44,89365
 825,39;15339,120;  245,564;33819,844;44,95571
 825,95;15355,457;  273,641;33877,863;44,88072
 826,51;15223,486;  261,564;33513,651;44,99544
 827,08;15206,823;  293,949;33632,208;44,73201
 827,64;15156,699;  277,872;33386,227;44,93979
 828,20;15058,190;  254,103;33196,861;44,93882
 828,76;15100,065;  272,642;33139,265;45,11392
 829,32;15034,633;  286,026;32959,438;45,13948
 829,89;14982,201;  238,027;32840,687;45,22384
 830,45;14982,846;  265,719;32805,937;45,22750
 831,01;14941,568;  253,796;32630,264;45,36558
 831,57;14923,059;  260,950;32506,359;45,47037
 832,14;14934,088;  252,565;32522,378;45,49615
 832,70;14838,271;  247,489;32309,243;45,50837
 833,26;14812,531;  226,412;32221,032;45,58929
 833,82;14817,792;  251,873;32083,897;45,75869
 834,38;14818,129;  256,335;32210,608;45,57072
 834,95;14764,466;  233,258;31973,319;45,78191
 835,51;14661,418;  210,951;31919,569;45,57268
 836,07;14762,448;  253,797;31953,588;45,76892
 836,63;14817,708;  275,643;31927,607;45,94364
 837,19;14756,814;  250,182;31857,164;45,89692
 837,75;14673,536;  221,259;31542,567;46,14200
 838,32;14746,950;  264,182;31683,048;46,09577
 838,88;14809,903;  265,720;31676,298;46,30345
 839,44;14725,547;  255,644;31588,316;46,18152
 840,00;14727,038;  249,490;31425,489;46,43812
 840,56;14642,298;  244,259;31253,200;46,43190
 841,12;14651,559;  240,721;31220,065;46,51757
 841,68;14560,203;  218,798;30958,469;46,65439
 842,25;14573,771;  235,336;31083,949;46,48000
 842,81;14491,570;  221,875;30810,276;46,65067
 843,37;14521,676;  220,875;30856,987;46,67956
 843,93;14544,167;  232,029;30698,852;46,97614
 844,49;14670,658;  262,414;30842,179;47,11692
 845,05;14459,918;  210,799;30651,736;46,80907
 845,61;14591,717;  265,645;30777,678;46,95220
 846,17;14464,054;  236,568;30496,466;47,01763
 846,73;14496,007;  246,414;30422,408;47,22162
 847,29;14432,805;  230,260;30269,735;47,27960
 847,86;14349,219;  237,876;30236,446;47,04005
 848,42;14391,556;  235,953;30102,927;47,39551
 848,98;14366,124;  248,107;30056,945;47,36185
 849,54;14355,000;  230,338;30022,195;47,41115
 850,10;14375,106;  243,338;29921,522;47,61669
 850,66;14332,443;  231,338;29752,695;47,76578
 851,22;14303,011;  220,338;29685,560;47,79422
 851,78;14367,579;  267,646;29743,194;47,83603
 852,34;14321,916;  241,800;29509,213;48,10851
 852,90;14265,099;  227,492;29446,847;48,04215
 853,46;14202,360;  227,723;29214,251;48,21080
 854,02;14253,312;  249,185;29228,654;48,32431
 854,58;14148,957;  241,723;29006,827;48,34759
 855,14;14064,063;  227,185;28966,230;48,14662
 855,70;14014,400;  198,262;28718,172;48,44384
 856,26;14085,891;  247,801;28829,114;48,41657
 856,82;13953,305;  235,031;28605,133;48,35469
 857,38;13935,796;  265,032;28495,614;48,42537
 857,94;13979,518;  245,493;28417,017;48,75144
 858,50;13948,394;  250,032;28338,267;48,76904
 859,06;13901,192;  226,878;28103,978;49,05214
 859,62;13923,991;  247,724;28130,843;49,04855
 860,18;13841,097;  239,032;28049,170;48,91046
 860,74;13746,050;  208,340;27876,112;48,92953
 861,30;13697,002;  214,648;27653,977;49,13515
 861,86;13843,724;  275,725;27715,073;49,44724
 862,42;13780,830;  240,648;27517,707;49,63945
 862,98;13796,321;  263,417;27542,341;49,60938
 863,54;13642,735;  236,033;27343,283;49,45800
 864,10;13750,842;  234,494;27331,687;49,88099
 864,66;13693,486;  213,879;27118,782;50,10093
 865,22;13644,054;  232,110;27079,494;49,95624
 865,78;13531,161;  234,725;26994,743;49,68769
 866,34;13587,267;  228,187;26833,685;50,21173
 866,90;13488,296;  241,341;26807,243;49,86451
 867,45;13435,480;  244,880;26595,185;50,05862
 868,01;13438,663;  244,341;26394,204;50,45656
 868,57;13356,923;  237,957;26249,069;50,43601
 869,13;13347,953;  215,880;26126,088;50,68301
 869,69;13215,751;  241,726;26118,414;50,13789
 870,25;13229,319;  218,957;25974,664;50,51448
 870,81;13215,964;  228,572;25969,221;50,45479
 871,37;13157,763;  245,419;25871,009;50,38847
 871,93;13211,253;  248,880;25682,721;50,96506
 872,49;13182,668;  264,727;25491,893;51,20647
 873,04;13051,697;  222,111;25348,758;51,05968
 873,60;12953,649;  222,342;25272,777;50,82270
 874,16;13002,294;  245,650;25173,181;51,17492
 874,72;12927,063;  221,727;25105,027;51,05969
 875,28;12900,987;  243,727;25044,565;51,03561
 875,84;12880,833;  240,804;24918,412;51,22064
 876,40;12861,217;  229,573;24931,412;51,13645
 876,95;12944,833;  242,342;24891,258;51,53367
 877,51;12932,525;  263,650;24825,335;51,57983
 878,07;12953,063;  278,573;24851,719;51,57862
 878,63;12933,140;  231,881;24878,796;51,53286
 879,19;12986,987;  254,342;24867,950;51,73010
 879,75;13022,294;  229,419;24956,642;51,73600
 880,30;13024,602;  235,881;24889,335;51,87395
 880,86;13115,679;  271,881;25034,181;51,86836
 881,42;13098,448;  218,573;25074,181;51,81879
 881,98;13219,833;  256,804;25141,027;52,09336
 882,54;13232,987;  225,958;25146,412;52,19419
 883,09;13277,525;  241,188;25286,258;52,05151
 883,65;13379,371;  219,419;25362,181;52,34092
 884,21;13540,525;  263,496;25535,181;52,53717
 884,77;13577,756;  235,573;25585,950;52,63110
 885,32;13615,910;  236,727;25729,335;52,48260
 885,88;13697,756;  272,419;25771,488;52,65030
 886,44;13763,910;  239,881;25922,873;52,65753
 887,00;13787,910;  261,650;25852,565;52,85571
 887,56;13833,833;  236,650;26019,873;52,73655
 888,11;13862,679;  239,958;26002,796;52,87741
 888,67;13982,910;  271,265;26241,335;52,79787
 889,23;14044,756;  243,112;26145,488;53,28331
 889,79;13903,525;  228,727;26112,335;52,83189
 890,34;13905,679;  244,573;25986,642;53,06918
 890,90;14086,294;  300,035;26218,335;53,19122
 891,46;14024,756;  217,958;26037,104;53,47504
 892,01;14046,448;  259,496;26049,412;53,45869
 892,57;14068,063;  272,342;26020,565;53,57931
 893,13;13907,140;  246,650;25776,719;53,50746
 893,69;13902,602;  223,804;25697,873;53,69695
 894,24;13849,217;  241,265;25649,719;53,55679
 894,80;13849,756;  241,804;25554,565;53,75925
 895,36;13789,833;  247,727;25397,181;53,84652
 895,91;13635,679;  232,958;25253,796;53,56624
 896,47;13621,679;  254,650;25154,488;53,68320
 897,03;13537,756;  230,419;25040,181;53,63750
 897,58;13511,602;  254,265;24929,488;53,72732
 898,14;13442,910;  245,419;24805,873;53,73472
 898,70;13293,217;  212,804;24601,719;53,63262
 899,25;13336,294;  238,496;24590,796;53,78464
 899,81;13292,679;  244,881;24447,027;53,91174
 900,37;13187,525;  219,496;24229,027;54,01200
 900,92;13180,987;  241,188;24254,796;53,88527
 901,48;13109,217;  219,573;24116,258;53,93905
 902,03;13111,756;  219,727;23871,719;54,50716
 902,59;13026,756;  232,727;23853,796;54,16363
 903,15;12978,448;  245,265;23809,027;54,03714
 903,70;12818,294;  239,881;23473,719;54,13834
 904,26;12818,602;  233,112;23408,181;54,30616
 904,82;12787,910;  236,342;23407,950;54,16787
 905,37;12748,217;  247,804;23234,873;54,38020
 905,93;12695,525;  229,881;23086,950;54,53737
 906,48;12603,140;  240,650;23093,181;54,09681
 907,04;12594,448;  248,112;23024,335;54,20713
 907,60;12522,910;  233,035;22848,104;54,34374
 908,15;12494,910;  222,958;22672,412;54,66481
 908,71;12557,756;  258,419;22698,258;54,81027
 909,26;12445,756;  224,881;22501,796;54,85892
 909,82;12376,679;  254,265;22493,412;54,50935
 910,37;12406,910;  277,881;22386,027;54,86226
 910,93;12357,756;  228,727;22198,796;55,20706
 911,48;12266,679;  214,573;22115,642;55,02976
 912,04;12169,448;  229,496;22051,950;54,71407
 912,60;12221,371;  243,496;21990,719;55,07772
 913,15;12174,063;  235,342;21874,950;55,17069
 913,71;12059,294;  227,035;21640,181;55,25699
 914,26;12004,833;  212,112;21610,412;55,11055
 914,82;12027,602;  236,342;21583,181;55,23656
 915,37;11983,679;  221,573;21462,027;55,37596
 915,93;11970,525;  272,342;21413,258;55,33432
 916,48;11885,217;  219,188;21190,873;55,62752
 917,04;11912,217;  242,496;21185,565;55,72116
 917,59;11843,756;  253,342;21147,950;55,47084
 918,15;11742,294;  201,419;20903,719;55,74683
 918,70;11796,910;  228,496;20838,796;56,12928
 919,26;11738,833;  228,496;20751,181;56,08592
 919,81;11669,525;  212,727;20559,488;56,30772
 920,37;11690,679;  231,727;20512,950;56,50030
 920,92;11671,602;  242,804;20421,796;56,63711
 921,48;11547,910;  209,881;20279,873;56,49244
 922,03;11563,756;  210,573;20264,719;56,61265
 922,59;11495,294;  227,804;20154,412;56,54495
 923,14;11478,756;  227,112;20027,642;56,82496
 923,69;11421,217;  247,112;19924,565;56,78634
 924,25;11426,679;  243,342;19947,796;56,75537
 924,80;11368,833;  220,650;19736,104;57,12490
 925,36;11319,833;  223,112;19705,642;56,95729
 925,91;11260,448;  228,804;19547,335;57,10395
 926,47;11239,140;  208,188;19500,181;57,17892
 927,02;11216,140;  268,881;19422,719;57,15439
 927,57;11167,756;  221,650;19268,335;57,46987
 928,13;11092,294;  219,035;19187,181;57,32379
 928,68;11103,756;  216,881;19171,873;57,43540
 929,24;11024,987;  193,573;18956,181;57,72872
 929,79;10985,525;  215,496;18839,027;57,83022
 930,34;10857,525;  223,035;18777,488;57,31503
 930,90;10897,910;  220,958;18733,258;57,67491
 931,45;10893,987;  237,188;18704,796;57,70535
 932,01;10853,217;  237,804;18604,258;57,79784
 932,56;10797,448;  242,342;18426,335;58,04614
 933,11;10786,140;  248,804;18460,488;57,86031
 933,67;10652,371;  212,727;18240,258;57,90945
 934,22;10650,910;  228,419;18208,873;57,96567
 934,77;10629,987;  257,958;18076,335;58,20973
 935,33;10524,525;  232,035;17948,719;58,09490
 935,88;10585,602;  235,342;17888,950;58,62971
 936,43;10519,833;  219,265;17853,873;58,41109
 936,99;10506,371;  232,650;17785,719;58,52949
 937,54;10363,987;  206,035;17585,104;58,44934
 938,09;10386,833;  227,035;17601,565;58,47524
 938,65;10285,833;  232,188;17499,642;58,22308
 939,20;10271,217;  204,112;17404,488;58,52840
 939,75;10264,525;  209,188;17267,488;58,94689
 940,31;10168,833;  207,342;17111,181;58,93035
 940,86;10210,371;  227,573;17159,027;58,96008
 941,41;10234,602;  297,958;17040,488;59,34971
 941,96;10081,063;  206,804;16943,719;58,99689
 942,52;10146,987;  221,419;16860,258;59,65301
 943,07; 9973,063;  207,265;16771,258;58,95800
 943,62; 9960,294;  213,727;16700,258;59,11836
 944,18; 9981,987;  210,804;16651,719;59,43211
 944,73; 9914,910;  218,342;16579,719;59,26498
 945,28; 9816,140;  192,881;16361,565;59,51789
 945,83; 9842,063;  220,650;16426,181;59,37117
 946,39; 9793,140;  213,804;16281,488;59,61865
 946,94; 9809,833;  240,881;16218,796;59,88861
 947,49; 9755,987;  218,573;16132,027;59,93302
 948,04; 9728,525;  257,881;16075,488;59,87406
 948,59; 9688,140;  236,727;15972,488;60,06327
 949,15; 9650,294;  206,650;15893,488;60,20107
 949,70; 9663,294;  213,342;15800,950;60,62477
 950,25; 9604,987;  237,035;15759,873;60,34948
 950,80; 9541,448;  189,881;15703,181;60,28097
 951,36; 9495,833;  199,958;15601,258;60,35773
 951,91; 9497,217;  228,342;15542,873;60,52340
 952,46; 9422,833;  202,265;15409,719;60,63189
 953,01; 9411,910;  237,650;15412,104;60,45858
 953,56; 9351,140;  197,573;15242,719;60,84067
 954,11; 9303,140;  230,112;15221,642;60,52103
 954,67; 9324,140;  206,650;15153,719;60,99852
 955,22; 9191,525;  193,342;15033,719;60,63311
 955,77; 9248,448;  241,573;15066,873;60,75341
 956,32; 9170,371;  258,958;14908,719;60,82975
 956,87; 9101,987;  213,419;14765,258;61,08209
 957,42; 9068,910;  221,188;14795,642;60,70705
 957,98; 9015,448;  214,342;14672,488;60,87299
 958,53; 9022,833;  234,265;14663,181;60,90941
 959,08; 8959,833;  201,881;14547,104;61,05135
 959,63; 8906,063;  207,804;14474,181;60,97035
 960,18; 8895,987;  232,419;14434,488;61,00215
 960,73; 8853,679;  214,496;14359,258;61,07691
 961,28; 8852,294;  201,804;14329,796;61,22944
 961,83; 8849,371;  238,112;14196,565;61,69207
 962,39; 8759,602;  209,112;14137,258;61,39001
 962,94; 8734,679;  229,112;14077,104;61,42094
 963,49; 8691,294;  227,419;13949,104;61,68248
 964,04; 8692,217;  234,112;13925,335;61,77758
 964,59; 8574,602;  191,804;13798,719;61,60690
 965,14; 8577,140;  243,265;13801,488;61,46731
 965,69; 8554,987;  222,496;13690,181;61,87025
 966,24; 8508,448;  211,112;13623,488;61,86328
 966,79; 8461,448;  231,496;13524,258;61,91303
 967,34; 8426,525;  199,496;13412,104;62,26650
 967,89; 8333,448;  212,419;13317,258;61,96970
 968,44; 8346,525;  221,112;13282,565;62,20910
 968,99; 8306,756;  225,804;13275,719;61,92340
 969,55; 8269,217;  225,958;13148,950;62,23992
 970,10; 8238,756;  231,573;13099,950;62,22372
 970,65; 8160,217;  236,881;12999,642;62,08168
 971,20; 8099,987;  210,265;12905,027;62,14942
 971,75; 8037,987;  192,419;12743,719;62,50801
 972,30; 8002,525;  229,727;12757,796;62,04306
 972,85; 7984,910;  202,496;12631,719;62,61384
 973,40; 7938,833;  212,496;12491,796;62,92164
 973,95; 7882,140;  228,804;12465,796;62,54263
 974,50; 7842,679;  249,419;12374,950;62,62208
 975,05; 7816,525;  222,419;12307,950;62,83634
 975,60; 7787,602;  243,650;12237,181;62,90018
 976,15; 7707,679;  217,035;12218,873;62,41247
 976,70; 7676,525;  230,573;12122,873;62,61154
 977,25; 7651,371;  232,342;12038,104;62,84244
 977,80; 7529,987;  211,342;11892,104;62,65554
 978,35; 7498,140;  231,958;11735,873;63,16269
 978,89; 7420,140;  203,188;11688,642;62,83558
 979,44; 7410,910;  220,265;11636,719;62,98492
 979,99; 7314,063;  205,804;11508,873;62,88787
 980,54; 7303,217;  243,804;11431,104;63,10203
 981,09; 7302,371;  241,573;11321,642;63,72522
 981,64; 7170,987;  238,804;11206,642;63,20464
 982,19; 7161,910;  253,573;11203,412;63,09076
 982,74; 7071,602;  244,496;11080,719;63,00263
 983,29; 6995,833;  210,650;10954,258;63,15553
 983,84; 6982,448;  228,112;10888,565;63,35881
 984,39; 7032,756;  287,188;10869,104;63,74618
 984,94; 6853,679;  202,419;10718,565;63,24807
 985,49; 6848,371;  249,188;10677,642;63,28055
 986,03; 6792,833;  244,496;10605,258;63,20324
 986,58; 6774,987;  271,419;10455,104;63,86262
 987,13; 6666,602;  228,265;10394,642;63,32971
 987,68; 6658,371;  242,419;10296,027;63,81741
 988,23; 6637,294;  243,958;10255,027;63,86267
 988,78; 6573,679;  222,958;10075,873;64,45525
 989,33; 6514,217;  239,496; 9960,027;64,55122
 989,88; 6418,448;  259,265; 9965,873;63,45350
 990,42; 6405,448;  229,419; 9825,950;64,35689
 990,97; 6316,294;  223,804; 9701,181;64,28456
 991,52; 6285,833;  244,188; 9648,642;64,24237
 992,07; 6255,448;  258,650; 9567,796;64,41835
 992,62; 6223,679;  246,035; 9442,335;65,00054
 993,17; 6156,525;  242,265; 9361,873;64,85213
 993,71; 6110,756;  235,496; 9281,642;64,94765
 994,26; 6039,294;  215,342; 9151,412;65,17353
 994,81; 6034,448;  246,496; 9142,642;65,06134
 995,36; 5948,679;  227,112; 8950,719;65,58717
 995,91; 5903,140;  242,265; 8909,488;65,31360
 996,45; 5832,371;  236,419; 8820,719;65,18821
 997,00; 5786,448;  207,958; 8733,565;65,43217
 997,55; 5766,525;  240,035; 8674,950;65,51922
 998,10; 5717,756;  264,265; 8576,796;65,60566
 998,65; 5669,756;  231,342; 8531,488;65,52190
 999,19; 5632,525;  245,265; 8443,642;65,71129
 999,74; 5558,756;  267,804; 8278,027;66,05249
1000,29; 5524,448;  248,881; 8217,950;66,20055
1000,84; 5402,756;  230,573; 8101,873;65,70938
1001,38; 5390,756;  238,035; 8027,719;66,14801
1001,93; 5337,140;  255,342; 7980,873;65,77927
1002,48; 5234,833;  228,342; 7828,719;65,87161
1003,03; 5226,987;  239,727; 7789,488;66,05851
1003,57; 5153,371;  238,804; 7741,719;65,50210
1004,12; 5140,602;  260,496; 7623,565;66,27815
1004,67; 5042,910;  235,650; 7545,796;65,76147
1005,22; 4984,525;  217,035; 7401,719;66,35629
1005,76; 4907,294;  221,342; 7280,181;66,38418
1006,31; 4897,294;  241,188; 7239,719;66,52976
1006,86; 4824,987;  231,496; 7143,719;66,45460
1007,40; 4730,987;  208,419; 7036,181;66,23792
1007,95; 4668,140;  239,881; 6959,181;65,90359
1008,50; 4606,371;  235,496; 6838,719;66,19305
1009,04; 4566,525;  228,573; 6743,796;66,58179
1009,59; 4467,371;  241,958; 6638,719;66,05551
1010,14; 4419,217;  219,265; 6575,642;66,07462
1010,68; 4340,987;  240,804; 6468,258;65,84043
1011,23; 4271,525;  231,881; 6378,719;65,71906
1011,78; 4220,371;  241,265; 6307,719;65,59196
1012,32; 4207,294;  250,035; 6180,796;66,72431
1012,87; 4224,525;  255,496; 6195,642;66,81702
1013,42; 4089,063;  220,112; 6063,412;66,21176
1013,96; 4137,910;  251,265; 6070,027;66,79504
1014,51; 4054,987;  195,496; 5976,412;66,76262
1015,06; 4050,987;  198,958; 5961,950;66,84078
1015,60; 4130,217;  268,881; 6060,412;66,67212
1016,15; 4073,756;  228,188; 5950,104;67,20769
1016,69; 4127,756;  234,573; 5960,642;67,99049
1017,24; 4099,448;  209,035; 5988,950;67,30918
1017,79; 4152,371;  257,188; 6042,950;67,32360
1018,33; 4167,756;  224,650; 6075,642;67,39209
1018,88; 4230,294;  240,342; 6074,181;68,39325
1019,42; 4218,756;  226,958; 6056,950;68,47004
1019,97; 4238,833;  219,958; 6031,796;69,14981
1020,51; 4318,448;  253,265; 6133,027;69,13856
1021,06; 4278,910;  212,342; 6067,335;69,45470
1021,61; 4238,756;  205,650; 6056,642;68,93029
1022,15; 4234,833;  179,958; 5999,873;69,67240
1022,70; 4245,679;  222,265; 6018,027;69,41993
1023,24; 4238,910;  214,727; 5998,488;69,57726
1023,79; 4216,987;  230,804; 5954,565;69,64271
1024,33; 4199,371;  213,419; 5880,104;70,34011
1024,88; 4150,371;  233,188; 5819,104;70,12607
1025,42; 4074,833;  233,035; 5729,104;69,90083
1025,97; 4027,063;  216,188; 5628,796;70,40738
1026,51; 3941,525;  192,188; 5505,873;70,56001
1027,06; 3888,525;  218,112; 5490,258;69,61896
1027,60; 3871,987;  236,265; 5386,565;70,59242
1028,15; 3828,294;  224,265; 5324,796;70,65988
1028,69; 3677,063;  179,958; 5196,258;69,71484
1029,24; 3687,987;  221,573; 5164,258;70,13220
1029,78; 3614,448;  213,188; 5064,873;70,10471
1030,33; 3528,448;  191,035; 4969,642;69,84071
1030,87; 3525,294;  209,496; 4948,181;69,97296
1031,42; 3452,063;  197,496; 4831,258;70,23597
1031,96; 3435,525;  229,958; 4776,488;70,50579
1032,51; 3351,217;  210,804; 4713,642;69,74297
1033,05; 3351,987;  224,496; 4639,796;70,83302
1033,60; 3248,833;  189,419; 4530,565;70,47479
1034,14; 3217,910;  216,727; 4478,258;70,42499
1034,69; 3175,063;  211,958; 4464,258;69,68243
1035,23; 3133,833;  210,035; 4369,719;70,28894
1035,77; 3112,448;  216,265; 4330,412;70,39572
1036,32; 3033,833;  186,727; 4232,873;70,36587
1036,86; 3043,910;  217,419; 4206,642;70,85315
1037,41; 2973,833;  223,804; 4155,027;69,95352
1037,95; 2953,063;  192,188; 4067,027;71,25136
1038,50; 2906,525;  201,804; 4014,181;70,94580
1039,04; 2889,063;  226,650; 3986,565;70,81046
1039,58; 2845,679;  211,496; 3931,796;70,80565
1040,13; 2795,833;  217,342; 3890,181;70,20430
1040,67; 2809,910;  247,419; 3840,335;71,32064
1041,21; 2762,448;  244,419; 3791,412;70,99054
1041,76; 2664,910;  195,419; 3682,565;70,81695
1042,30; 2658,140;  213,727; 3667,104;70,78328
1042,85; 2618,987;  205,804; 3611,181;70,86389
1043,39; 2575,140;  210,958; 3527,796;71,27820
1043,93; 2567,063;  236,496; 3525,181;70,86625
1044,48; 2526,063;  216,881; 3458,412;71,23741
1045,02; 2505,140;  215,496; 3391,488;72,09225
1045,56; 2498,525;  236,881; 3390,719;71,71085
1046,11; 2432,525;  231,496; 3368,027;70,17399
1046,65; 2418,294;  228,265; 3293,565;71,44582
1047,19; 2365,756;  216,035; 3216,873;71,63735
1047,74; 2324,371;  192,804; 3173,104;71,52190
1048,28; 2310,294;  217,573; 3149,873;71,36791
1048,82; 2312,525;  246,342; 3112,488;72,08923
1049,37; 2264,756;  230,035; 3063,104;71,82038
1049,91; 2251,525;  211,188; 3040,335;72,11846
1050,45; 2225,217;  233,188; 2985,719;72,37081
1050,99; 2197,371;  229,650; 2956,181;72,16941
1051,54; 2145,063;  208,573; 2865,412;72,88702
1052,08; 2123,756;  247,265; 2883,258;71,18725
1052,62; 2105,140;  241,419; 2835,950;71,83269
1053,16; 2055,371;  208,342; 2762,873;72,30404
1053,71; 2069,371;  223,188; 2731,642;73,59843
1054,25; 2018,525;  237,419; 2712,796;71,95291
1054,79; 2009,602;  229,881; 2674,104;72,81337
1055,33; 1944,679;  201,265; 2603,258;72,58198
1055,88; 1950,294;  235,881; 2567,488;73,52924
1056,42; 1930,294;  243,881; 2579,873;72,19259
1056,96; 1924,140;  240,419; 2534,796;73,38468
1057,50; 1892,063;  227,958; 2505,258;73,07363
1058,05; 1848,448;  216,188; 2435,950;73,53311
1058,59; 1855,140;  249,881; 2436,719;73,40550
1059,13; 1800,448;  212,727; 2355,258;74,10494
1059,67; 1787,525;  228,112; 2348,950;73,52816
1060,21; 1765,525;  220,881; 2301,719;74,23182
1060,76; 1738,294;  239,727; 2287,027;73,19725
1061,30; 1754,525;  246,496; 2275,104;74,33812
1061,84; 1689,679;  233,496; 2224,027;73,15550
1062,38; 1640,833;  214,881; 2153,104;73,57006
1062,92; 1686,910;  263,496; 2191,719;73,81996
1063,46; 1628,756;  250,342; 2135,565;73,11673
1064,01; 1602,525;  221,958; 2084,335;74,12932
1064,55; 1589,756;  229,188; 2065,642;74,08666
1065,09; 1546,448;  200,573; 1974,412;75,87359
1065,63; 1581,602;  263,035; 2042,873;74,08354
1066,17; 1570,140;  255,112; 2012,258;74,83890
1066,71; 1547,756;  251,881; 1995,719;74,31164
1067,25; 1502,371;  235,650; 1933,488;74,60787
1067,80; 1479,140;  238,804; 1928,412;73,40974
1068,34; 1507,756;  260,958; 1935,027;74,47709
1068,88; 1438,679;  224,573; 1857,412;74,35553
1069,42; 1475,140;  257,804; 1866,565;75,66917
1069,96; 1405,987;  230,035; 1806,258;74,60568
1070,50; 1429,602;  262,265; 1830,412;74,44054
1071,04; 1372,987;  226,958; 1775,258;74,01853
1071,58; 1375,063;  228,265; 1753,027;75,21163
1072,12; 1361,448;  235,188; 1738,873;74,89999
1072,66; 1349,833;  221,188; 1709,181;75,85014
1073,21; 1374,217;  244,112; 1729,104;76,10179
1073,75; 1323,217;  234,958; 1680,950;75,26040
1074,29; 1305,140;  241,958; 1645,027;75,77550
1074,83; 1298,217;  245,650; 1676,181;73,57880
1075,37; 1279,987;  246,573; 1652,642;73,49663
1075,91; 1276,756;  249,881; 1618,181;75,04750
1076,45; 1242,217;  237,573; 1606,104;73,41042
1076,99; 1238,756;  247,035; 1562,719;75,37681
1077,53; 1218,140;  228,650; 1542,719;75,29971
1078,07; 1210,987;  238,727; 1527,412;75,44589
1078,61; 1194,371;  244,112; 1495,950;75,90912
1079,15; 1178,294;  237,265; 1484,488;75,44992
1079,69; 1184,063;  226,496; 1473,258;76,80437
1080,23; 1180,756;  253,265; 1479,181;75,65697
1080,77; 1183,987;  272,804; 1493,796;74,62641
1081,31; 1130,756;  226,881; 1429,104;75,18363
1081,85; 1146,679;  249,727; 1421,565;76,54228
1082,39; 1105,679;  228,188; 1389,335;75,57105
1082,93; 1105,063;  255,804; 1379,181;75,59881
1083,47; 1075,679;  233,342; 1353,104;75,22464
1084,01; 1100,602;  249,112; 1369,565;75,99513
1084,55; 1071,756;  234,419; 1334,258;76,13268
1085,09; 1063,294;  255,881; 1343,181;74,25857
1085,63; 1053,140;  241,650; 1310,412;75,92811
1086,17; 1042,679;  226,804; 1293,258;76,50355
1086,71; 1011,063;  226,958; 1264,642;75,56301
1087,24; 1035,525;  261,650; 1288,796;75,34225
1087,78; 1019,602;  244,573; 1253,488;76,81802
1088,32;  977,371;  228,881; 1207,335;76,49726
1088,86; 1016,448;  261,881; 1225,181;78,33150
1089,40;  977,679;  241,265; 1206,873;76,26425
1089,94;  932,910;  213,650; 1198,565;73,02755
1090,48;  960,525;  257,419; 1166,488;77,34348
1091,02;  964,756;  250,958; 1173,335;77,38681
1091,56;  932,910;  244,112; 1148,335;76,17568
1092,10;  896,525;  218,881; 1127,412;74,58682
1092,63;  925,217;  260,188; 1146,104;75,06686
1093,17;  925,602;  251,188; 1109,258;78,59663
1093,71;  891,756;  232,650; 1096,719;76,27928
1094,25;  914,140;  258,496; 1117,104;76,36133
1094,79;  878,140;  233,112; 1085,181;75,70146
1095,33;  892,063;  235,958; 1056,488;79,96114
1095,87;  867,371;  243,573; 1068,873;75,58440
1096,40;  832,371;  226,188; 1029,258;75,48324
1096,94;  849,602;  235,342; 1011,335;79,15795
1097,48;  852,063;  247,804; 1025,796;77,66910
1098,02;  822,448;  228,573; 1004,258;76,56140
1098,56;  788,063;  208,958;  970,258;76,06801
1099,10;  778,833;  214,650;  962,873;75,40301
1099,63;  793,525;  216,881;  949,488;78,71119
1100,17;  795,063;  241,650;  972,565;75,71512
1100,71;  816,448;  265,496;  968,565;78,36382

