
Integration time [ms]: 120,000
Averaging Nr. [scans]: 13
Smoothing Nr. [pixels]: 0
Data measured with spectrometer [name]: 2009305U1
Wave   ;Sample   ;Dark     ;Reference;Reflectance
[nm]   ;[counts] ;[counts] ;[counts] ;[%]

 175,72;  201,974;  201,729;  206,872; 4,75543
 176,32;  227,462;  218,186;  213,932; 0,00000
 176,92;  260,016;  251,189;  249,591; 0,00000
 177,52;  261,160;  249,113;  256,862;155,45162
 178,12;  226,089;  238,725;  218,250; 0,00000
 178,72;  262,436;  262,954;  247,860; 0,00000
 179,32;  245,139;  250,340;  247,043; 0,00000
 179,92;  256,967;  250,342;  243,729; 0,00000
 180,52;  243,021;  238,347;  240,736;195,61647
 181,12;  253,038;  258,034;  250,818; 0,00000
 181,73;  268,569;  272,650;  268,353; 0,00000
 182,33;  343,488;  341,884;  351,655;16,42055
 182,93;  268,638;  275,575;  267,614; 0,00000
 183,53;  240,249;  239,569;  226,246; 0,00000
 184,13;  234,006;  234,262;  230,039; 0,00000
 184,73;  269,399;  277,568;  272,393; 0,00000
 185,33;  265,878;  232,615;  345,677;29,42019
 185,93;  265,849;  245,073;  348,991;19,99198
 186,53;  287,815;  251,383;  367,173;31,46407
 187,13;  313,009;  271,464;  401,161;32,03278
 187,73;  278,594;  239,766;  346,389;36,41559
 188,33;  261,413;  238,149;  355,651;19,79877
 188,93;  282,094;  255,681;  354,167;26,81884
 189,53;  278,394;  258,060;  373,340;17,63881
 190,13;  315,118;  290,822;  407,960;20,74131
 190,73;  258,731;  217,519;  341,075;33,35476
 191,34;  290,341;  266,833;  379,465;20,87195
 191,94;  265,481;  235,608;  351,373;25,80468
 192,54;  286,560;  251,390;  369,660;29,73686
 193,14;  295,154;  263,925;  377,413;27,51750
 193,74;  287,489;  263,078;  378,201;21,20418
 194,34;  282,908;  260,310;  380,482;18,80457
 194,94;  250,632;  223,386;  339,780;23,40834
 195,54;  224,491;  203,693;  312,414;19,12980
 196,14;  260,247;  220,157;  353,619;30,03869
 196,74;  244,352;  214,922;  338,653;23,78527
 197,34;  235,068;  196,698;  319,609;31,21743
 197,94;  261,254;  237,079;  365,572;18,81380
 198,54;  262,925;  247,080;  380,114;11,90991
 199,14;  244,968;  210,546;  368,519;21,78991
 199,74;  238,182;  207,392;  366,691;19,32859
 200,34;  243,528;  197,469;  355,354;29,17205
 200,94;  262,786;  228,390;  407,380;19,21654
 201,54;  240,102;  222,622;  409,009; 9,37855
 202,14;  284,264;  243,778;  440,040;20,62829
 202,74;  259,016;  221,853;  441,142;16,94707
 203,34;  254,974;  198,087;  459,415;21,76819
 203,94;  230,719;  171,394;  466,821;20,08114
 204,54;  297,433;  242,156;  543,763;18,32739
 205,14;  270,107;  198,315;  561,400;19,77277
 205,74;  315,084;  232,933;  638,687;20,24637
 206,34;  285,419;  204,470;  636,056;18,75608
 206,94;  290,475;  218,547;  688,144;15,31696
 207,54;  291,484;  174,778;  718,661;21,45791
 208,14;  313,660;  205,317;  793,743;18,41242
 208,74;  329,172;  214,161;  871,081;17,50757
 209,34;  334,641;  198,623;  933,736;18,50299
 209,94;  360,967;  210,315; 1008,119;18,88328
 210,54;  380,850;  210,240; 1112,466;18,90987
 211,14;  393,692;  213,392; 1206,006;18,16418
 211,73;  418,231;  204,314; 1298,510;19,55012
 212,33;  438,110;  225,698; 1403,055;18,04146
 212,93;  448,128;  204,468; 1488,353;18,97830
 213,53;  430,155;  178,853; 1530,484;18,59249
 214,13;  479,613;  193,089; 1619,086;20,09291
 214,73;  459,110;  189,855; 1644,501;18,50997
 215,33;  461,736;  170,469; 1671,042;19,41038
 215,93;  509,779;  199,010; 1779,950;19,65723
 216,53;  485,069;  175,314; 1843,429;18,56915
 217,13;  569,895;  219,164; 2025,749;19,41408
 217,73;  588,900;  195,703; 2217,986;19,44323
 218,33;  569,236;  149,166; 2386,125;18,77862
 218,93;  644,724;  177,401; 2679,163;18,67978
 219,53;  693,143;  199,705; 2920,374;18,13664
 220,13;  715,452;  159,475; 3206,578;18,24608
 220,73;  795,626;  187,392; 3517,693;18,26362
 221,32;  855,018;  188,392; 3874,081;18,08688
 221,92;  902,794;  202,551; 4264,174;17,24046
 222,52;  953,450;  174,934; 4661,073;17,35382
 223,12; 1012,170;  181,165; 5075,819;16,97781
 223,72; 1068,153;  195,319; 5442,991;16,63280
 224,32; 1101,134;  192,626; 5845,976;16,07024
 224,92; 1122,719;  189,088; 6108,737;15,77173
 225,52; 1159,227;  203,008; 6452,854;15,29988
 226,12; 1207,435;  185,856; 6698,534;15,68601
 226,72; 1200,517;  158,702; 7028,198;15,16582
 227,31; 1209,333;  155,240; 7354,420;14,64184
 227,91; 1279,680;  192,316; 7785,953;14,31941
 228,51; 1269,241;  178,083; 8109,623;13,75721
 229,11; 1322,197;  184,394; 8495,572;13,69004
 229,71; 1318,268;  186,699; 8716,250;13,26646
 230,31; 1318,643;  179,473; 9075,403;12,80552
 230,91; 1325,876;  166,235; 9391,911;12,56971
 231,51; 1340,331;  172,318; 9652,900;12,32006
 232,10; 1360,882;  171,474; 9976,672;12,13038
 232,70; 1383,062;  186,926;10145,097;12,01160
 233,30; 1399,291;  202,625;10365,435;11,77494
 233,90; 1397,107;  176,164;10513,657;11,81082
 234,50; 1379,393;  175,780;10561,473;11,58915
 235,10; 1363,488;  173,857;10664,121;11,34033
 235,70; 1395,066;  198,008;10648,200;11,45489
 236,29; 1367,036;  191,392;10629,618;11,26288
 236,89; 1353,641;  159,543;10478,016;11,57243
 237,49; 1353,959;  194,625;10431,184;11,32543
 238,09; 1377,111;  184,547;10154,902;11,96110
 238,69; 1367,616;  225,388; 9983,329;11,70562
 239,29; 1353,579;  176,470; 9652,505;12,42195
 239,89; 1354,979;  195,466; 9366,333;12,64343
 240,48; 1342,773;  177,163; 8974,124;13,25015
 241,08; 1356,291;  181,701; 8634,289;13,89622
 241,68; 1386,324;  192,009; 8356,134;14,62882
 242,28; 1357,432;  174,394; 8035,117;15,04999
 242,88; 1439,750;  219,166; 7828,258;16,04113
 243,48; 1462,206;  211,086; 7510,243;17,14061
 244,07; 1501,034;  192,316; 7275,406;18,47666
 244,67; 1522,242;  193,163; 7151,240;19,10125
 245,27; 1589,308;  196,314; 6989,894;20,50456
 245,87; 1662,833;  220,242; 6894,092;21,61558
 246,47; 1755,030;  191,545; 6923,749;23,22397
 247,06; 1800,564;  182,239; 6907,078;24,06488
 247,66; 1894,092;  174,855; 6941,503;25,40751
 248,26; 2037,393;  213,237; 7050,026;26,68147
 248,86; 2152,920;  202,776; 7247,862;27,68091
 249,46; 2245,809;  155,010; 7422,575;28,76891
 250,05; 2423,807;  205,393; 7732,627;29,47183
 250,65; 2594,698;  169,391; 8052,190;30,76709
 251,25; 2810,954;  188,700; 8492,681;31,57828
 251,85; 3026,703;  186,159; 8978,281;32,30783
 252,44; 3285,142;  152,930; 9520,688;33,43608
 253,04; 3618,472;  201,854;10265,000;33,95179
 253,64; 3855,151;  154,236;10900,597;34,43877
 254,24; 4269,669;  204,009;11741,224;35,23953
 254,84; 4594,656;  179,779;12519,882;35,77666
 255,43; 4962,739;  179,700;13422,613;36,11773
 256,03; 5321,486;  185,775;14398,265;36,13519
 256,63; 5785,995;  193,389;15343,007;36,91582
 257,23; 6100,439;  169,928;16095,163;37,23971
 257,82; 6504,053;  188,465;17044,616;37,46756
 258,42; 6768,053;  147,079;17784,581;37,53918
 259,02; 7176,473;  201,469;18712,709;37,67983
 259,62; 7440,678;  169,002;19302,986;38,00398
 260,21; 7658,618;  188,699;19810,500;38,06949
 260,81; 7832,930;  190,009;20287,806;38,02865
 261,41; 7990,474;  163,388;20645,074;38,21505
 262,01; 8218,059;  203,617;21237,688;38,10219
 262,60; 8238,054;  169,697;21451,470;37,91205
 263,20; 8321,232;  173,852;21765,449;37,73403
 263,80; 8427,138;  201,232;21997,474;37,74002
 264,40; 8388,130;  169,386;22117,392;37,44643
 264,99; 8489,649;  187,385;22332,574;37,49015
 265,59; 8500,029;  175,691;22368,883;37,50852
 266,19; 8436,967;  172,078;22546,184;36,93953
 266,78; 8481,421;  213,000;22692,956;36,78131
 267,38; 8403,097;  193,076;22721,709;36,44261
 267,98; 8308,542;  182,692;22678,223;36,12206
 268,58; 8244,836;  189,460;22711,392;35,76681
 269,17; 8195,761;  184,074;22772,031;35,46884
 269,77; 8016,713;  184,850;22568,779;34,98878
 270,37; 7895,189;  160,385;22470,206;34,66995
 270,96; 7823,884;  220,080;22415,265;34,25880
 271,56; 7619,504;  181,851;22134,075;33,88109
 272,16; 7480,616;  182,618;21964,063;33,50557
 272,75; 7384,982;  187,926;21924,911;33,10973
 273,35; 7279,388;  192,850;21843,823;32,73081
 273,95; 7148,196;  180,849;21764,698;32,28037
 274,54; 7052,808;  161,470;21761,566;31,90420
 275,14; 7121,032;  200,773;22189,200;31,47228
 275,74; 7002,353;  154,926;22167,808;31,10646
 276,33; 7059,514;  205,850;22504,881;30,73526
 276,93; 7044,645;  188,855;22848,853;30,25503
 277,53; 7143,866;  195,238;23368,098;29,98606
 278,12; 7143,772;  178,775;23806,277;29,47835
 278,72; 7371,285;  219,238;24373,847;29,60945
 279,32; 7384,473;  186,391;24798,059;29,24663
 279,91; 7488,021;  159,468;25562,541;28,84908
 280,51; 7599,048;  188,469;25967,321;28,74674
 281,11; 7731,914;  180,006;26630,763;28,55082
 281,70; 7768,903;  167,698;27049,153;28,27676
 282,30; 7946,273;  171,312;27551,998;28,39578
 282,90; 8008,997;  173,851;27939,485;28,21886
 283,49; 8035,987;  198,311;28439,687;27,75246
 284,09; 8145,368;  201,390;28910,339;27,67074
 284,69; 8278,291;  211,314;29098,297;27,92599
 285,28; 8288,385;  197,159;29476,937;27,63418
 285,88; 8403,109;  245,541;29721,166;27,67564
 286,47; 8390,398;  186,235;29759,467;27,74185
 287,07; 8463,105;  209,930;29811,041;27,88130
 287,67; 8512,898;  202,163;29911,397;27,97358
 288,26; 8480,246;  176,853;29846,860;27,98581
 288,86; 8534,336;  181,159;29866,006;28,13953
 289,46; 8656,065;  192,698;30055,269;28,34105
 290,05; 8667,509;  175,470;30059,663;28,41649
 290,65; 8835,080;  193,235;30239,781;28,76153
 291,24; 8933,393;  191,699;30304,873;29,02947
 291,84; 9013,995;  211,466;30425,700;29,13372
 292,44; 9064,217;  188,702;30600,545;29,18440
 293,03; 9218,148;  261,776;30732,753;29,39312
 293,63; 9186,890;  177,235;30773,553;29,44686
 294,22; 9278,160;  198,544;30973,729;29,50304
 294,82; 9247,620;  183,617;30975,077;29,43674
 295,41; 9161,519;  170,390;30638,076;29,51038
 296,01; 9138,098;  216,464;30605,787;29,35779
 296,61; 9034,164;  210,622;30362,350;29,26380
 297,20; 8837,064;  199,157;30000,191;28,98526
 297,80; 8798,716;  201,316;29818,216;29,02870
 298,39; 8602,934;  183,313;29490,512;28,72885
 298,99; 8497,299;  194,619;29344,735;28,48249
 299,58; 8355,490;  204,009;29207,145;28,10551
 300,18; 8182,261;  198,624;28990,588;27,72870
 300,78; 8033,692;  178,007;28703,929;27,53876
 301,37; 7919,994;  194,462;28642,972;27,15619
 301,97; 7877,111;  192,929;28648,490;27,00415
 302,56; 7722,078;  193,158;28653,764;26,45383
 303,16; 7592,765;  170,004;28481,819;26,21789
 303,75; 7583,086;  189,315;28525,061;26,09344
 304,35; 7489,248;  181,472;28720,066;25,60664
 304,94; 7448,294;  181,699;28731,637;25,45223
 305,54; 7309,326;  218,546;28672,081;24,92056
 306,13; 7179,615;  161,934;28573,068;24,70046
 306,73; 7055,095;  158,548;28317,031;24,49190
 307,33; 6992,517;  204,317;28321,045;24,14292
 307,92; 6900,562;  193,084;28380,531;23,79598
 308,52; 6895,014;  170,696;28741,356;23,53575
 309,11; 6940,579;  178,541;29205,878;23,29542
 309,71; 6924,613;  171,617;29443,116;23,07021
 310,30; 6901,811;  172,776;29648,606;22,82899
 310,90; 6947,350;  208,853;29955,991;22,65259
 311,49; 6874,568;  185,314;30028,673;22,41455
 312,09; 6810,598;  161,008;30225,597;22,11768
 312,68; 6860,078;  231,930;30664,330;21,77991
 313,28; 6823,024;  167,314;30631,838;21,84741
 313,87; 6760,998;  154,776;30809,032;21,55075
 314,47; 6783,848;  172,157;30963,772;21,47238
 315,06; 6754,484;  159,391;31159,668;21,27430
 315,66; 6711,983;  174,547;31275,674;21,01993
 316,25; 6648,854;  156,620;31163,214;20,93824
 316,85; 6658,443;  151,778;31200,812;20,95610
 317,44; 6609,730;  179,387;31341,615;20,63506
 318,04; 6581,489;  164,466;31348,802;20,57771
 318,63; 6522,956;  162,471;31389,074;20,36880
 319,22; 6581,466;  188,158;31575,797;20,36887
 319,82; 6519,294;  185,621;31708,679;20,09219
 320,41; 6501,525;  187,158;31426,645;20,21277
 321,01; 6508,988;  197,008;31533,415;20,14264
 321,60; 6505,323;  189,390;31561,672;20,13221
 322,20; 6429,976;  169,315;31579,831;19,93174
 322,79; 6509,191;  204,391;31614,250;20,07268
 323,39; 6500,853;  181,472;31629,533;20,09466
 323,98; 6467,556;  168,930;31550,158;20,07132
 324,58; 6479,798;  170,619;31501,168;20,13747
 325,17; 6483,205;  174,543;31304,557;20,26553
 325,76; 6431,216;  206,776;31146,621;20,11788
 326,36; 6385,250;  171,239;30813,671;20,27911
 326,95; 6377,382;  200,390;30497,135;20,38830
 327,55; 6311,973;  163,774;30140,191;20,51012
 328,14; 6283,374;  168,855;29824,158;20,61864
 328,74; 6262,634;  199,004;29444,362;20,73365
 329,33; 6259,236;  198,931;29099,182;20,96973
 329,92; 6152,993;  163,464;28602,332;21,06107
 330,52; 6096,909;  184,240;28056,741;21,21327
 331,11; 6058,030;  173,390;27658,869;21,41000
 331,71; 5963,790;  179,929;27078,464;21,50251
 332,30; 5939,140;  201,083;26683,099;21,66775
 332,89; 5890,763;  237,161;26152,787;21,81542
 333,49; 5836,166;  187,159;25730,178;22,11566
 334,08; 5800,573;  176,851;25392,148;22,30282
 334,68; 5770,003;  185,928;24979,661;22,52212
 335,27; 5756,425;  201,086;24699,617;22,67621
 335,86; 5789,107;  229,544;24407,330;22,99451
 336,46; 5758,069;  201,625;24132,917;23,21832
 337,05; 5789,000;  178,698;23990,860;23,56066
 337,65; 5817,326;  166,851;23853,243;23,85536
 338,24; 5912,280;  226,161;23820,953;24,09904
 338,83; 5923,525;  209,546;23747,210;24,27590
 339,43; 5971,113;  166,158;23655,207;24,71345
 340,02; 6035,333;  179,542;23628,981;24,97199
 340,61; 6106,777;  175,622;23638,933;25,27842
 341,21; 6206,095;  213,312;23703,977;25,51134
 341,80; 6224,774;  189,082;23583,139;25,80011
 342,40; 6386,076;  191,932;23701,383;26,34747
 342,99; 6444,455;  184,623;23787,787;26,52116
 343,58; 6575,083;  187,392;23957,336;26,87297
 344,18; 6683,048;  197,239;24025,125;27,21941
 344,77; 6874,211;  175,542;24256,853;27,81688
 345,36; 6973,843;  158,083;24541,058;27,95295
 345,96; 7211,651;  208,239;24819,807;28,45578
 346,55; 7353,728;  181,703;25003,141;28,89448
 347,14; 7549,199;  169,778;25317,973;29,34374
 347,74; 7744,212;  150,628;25676,600;29,74846
 348,33; 8018,203;  178,089;26274,468;30,04292
 348,92; 8272,513;  197,629;26750,416;30,41068
 349,52; 8532,342;  164,167;27227,383;30,92084
 350,11; 8661,554;  175,773;27467,218;31,09319
 350,70; 8769,116;  181,622;27518,189;31,41394
 351,29; 8820,083;  167,461;27205,563;32,00159
 351,89; 8912,795;  187,156;27278,374;32,20837
 352,48; 9041,071;  152,237;27344,522;32,68881
 353,07; 9087,054;  183,548;27195,951;32,96081
 353,67; 9185,032;  191,630;27196,094;33,30339
 354,26; 9187,291;  177,778;27049,324;33,52808
 354,85; 9252,796;  190,931;26835,017;34,01079
 355,45; 9293,317;  168,313;26713,111;34,37587
 356,04; 9375,019;  182,548;26689,894;34,67896
 356,63; 9389,641;  218,467;26476,589;34,92700
 357,22; 9455,374;  191,924;26303,231;35,47678
 357,82; 9484,837;  184,463;26171,051;35,78913
 358,41; 9544,556;  207,160;26032,662;36,15572
 359,00; 9545,974;  173,004;25832,557;36,52819
 359,60; 9641,419;  187,238;25782,294;36,93753
 360,19; 9671,737;  193,548;25704,162;37,15390
 360,78; 9722,526;  191,313;25485,157;37,68195
 361,37; 9684,048;  177,159;25361,021;37,74993
 361,97; 9788,837;  191,852;25288,609;38,23994
 362,56; 9724,940;  171,388;24946,234;38,56150
 363,15; 9764,775;  217,544;24762,617;38,89673
 363,74; 9654,000;  192,157;24476,679;38,96244
 364,34; 9658,976;  205,773;24153,881;39,47369
 364,93; 9552,483;  177,696;23823,975;39,64593
 365,52; 9487,338;  154,467;23477,638;40,01545
 366,11; 9491,836;  187,774;23182,062;40,46249
 366,71; 9434,005;  191,389;22803,643;40,87437
 367,30; 9379,274;  188,467;22570,511;41,06331
 367,89; 9328,259;  227,393;22379,572;41,08339
 368,48; 9310,659;  202,234;22074,561;41,64361
 369,07; 9173,808;  189,391;21656,189;41,85262
 369,67; 9154,315;  210,926;21477,410;42,05392
 370,26; 9121,929;  175,468;21171,532;42,61018
 370,85; 9028,323;  182,082;20922,749;42,65167
 371,44; 8996,362;  188,237;20753,120;42,83090
 372,03; 8989,453;  163,235;20556,770;43,27949
 372,63; 8913,995;  158,775;20244,119;43,59009
 373,22; 8842,489;  175,930;20036,179;43,63772
 373,81; 8738,846;  159,236;19782,321;43,72202
 374,40; 8741,619;  173,778;19460,047;44,42457
 374,99; 8659,008;  176,467;19282,864;44,39634
 375,59; 8590,270;  172,085;19059,643;44,57000
 376,18; 8615,989;  201,005;18980,250;44,81002
 376,77; 8590,543;  196,006;18709,635;45,34247
 377,36; 8604,047;  208,390;18763,235;45,24779
 377,95; 8500,894;  191,543;18407,371;45,61611
 378,55; 8498,295;  172,931;18324,569;45,86564
 379,14; 8543,416;  186,159;18193,346;46,41067
 379,73; 8556,323;  190,005;18150,868;46,58082
 380,32; 8640,852;  184,775;18138,729;47,09869
 380,91; 8533,825;  157,311;18041,879;46,83655
 381,50; 8584,539;  201,158;18028,560;47,02525
 382,10; 8537,314;  168,621;17937,882;47,09646
 382,69; 8597,294;  168,621;17884,833;47,57605
 383,28; 8637,579;  202,466;17890,255;47,68891
 383,87; 8535,164;  176,542;17716,016;47,65606
 384,46; 8548,589;  170,540;17679,514;47,85003
 385,05; 8660,985;  208,696;17677,748;48,38436
 385,64; 8654,528;  192,235;17644,677;48,48773
 386,24; 8613,776;  163,386;17642,555;48,34549
 386,83; 8712,566;  199,540;17686,201;48,68297
 387,42; 8793,572;  196,851;17786,251;48,87444
 388,01; 8910,078;  194,076;17924,233;49,15919
 388,60; 9031,260;  191,925;18158,714;49,19819
 389,19; 9102,031;  177,997;18305,830;49,22836
 389,78; 9280,651;  179,228;18564,528;49,50380
 390,37; 9558,056;  240,000;18893,698;49,95286
 390,96; 9585,055;  189,001;18997,024;49,95769
 391,56; 9740,416;  194,919;19208,103;50,20462
 392,15; 9821,535;  184,690;19430,345;50,07283
 392,74; 9920,215;  159,069;19627,742;50,13771
 393,33;10083,868;  183,688;19819,125;50,41997
 393,92;10327,893;  193,298;20196,938;50,66375
 394,51;10445,455;  169,303;20392,440;50,81384
 395,10;10567,183;  207,062;20651,962;50,67338
 395,69;10651,261;  202,678;20752,398;50,84538
 396,28;10706,879;  208,983;20771,541;51,05345
 396,87;10739,638;  208,363;20898,450;50,90010
 397,46;10819,631;  215,129;20943,923;51,15831
 398,06;10977,006;  223,279;21139,960;51,41221
 398,65;10995,903;  204,578;21271,406;51,22425
 399,24;11094,949;  225,422;21394,542;51,34614
 399,83;11087,419;  198,331;21390,949;51,38151
 400,42;11203,448;  254,088;21553,748;51,40626
 401,01;11266,909;  213,074;21665,870;51,52632
 401,60;11324,395;  228,285;21657,881;51,77937
 402,19;11293,875;  249,039;21683,120;51,52932
 402,78;11338,837;  253,477;21718,293;51,64433
 403,37;11280,685;  237,763;21500,734;51,93499
 403,96;11247,815;  234,660;21369,983;52,10781
 404,55;11229,074;  263,323;21325,723;52,06316
 405,14;11170,639;  239,527;21175,396;52,21236
 405,73;11112,038;  256,881;21100,947;52,07793
 406,32;11133,277;  257,091;21055,753;52,29272
 406,91;11076,818;  238,759;20761,509;52,80997
 407,50;10969,508;  263,593;20641,761;52,53620
 408,09;10872,521;  237,815;20373,194;52,81602
 408,68;10897,798;  246,270;20291,234;53,13818
 409,27;10745,921;  245,355;20085,614;52,92555
 409,86;10696,350;  256,989;20002,333;52,86999
 410,45;10662,045;  288,928;19955,774;52,74418
 411,04;10638,611;  289,559;19904,468;52,76115
 411,63;10528,861;  273,350;19624,100;52,99800
 412,22;10443,637;  280,523;19482,421;52,92765
 412,81;10315,921;  293,145;19202,463;53,00443
 413,40;10134,756;  298,077;18947,508;52,74520
 413,99;10029,002;  328,535;18631,139;53,00047
 414,58; 9799,341;  271,614;18284,849;52,89293
 415,17; 9710,751;  279,991;18101,481;52,91791
 415,76; 9688,034;  256,368;17999,166;53,15771
 416,35; 9574,368;  258,680;17838,897;52,98961
 416,94; 9650,144;  295,139;17844,585;53,30655
 417,53; 9712,325;  266,761;18068,435;53,05998
 418,12; 9736,434;  261,609;18120,991;53,05237
 418,71; 9875,275;  299,923;18412,108;52,86690
 419,30; 9970,484;  278,225;18537,049;53,08260
 419,89;10057,796;  270,303;18741,244;52,98860
 420,48;10201,119;  290,231;18964,708;53,07184
 421,07;10217,848;  282,078;19006,851;53,06216
 421,66;10234,840;  257,159;19023,831;53,16702
 422,25;10271,203;  270,782;19022,155;53,33167
 422,84;10291,406;  301,245;19019,094;53,37238
 423,43;10126,355;  279,781;18735,300;53,35301
 424,02;10040,391;  302,397;18536,212;53,40623
 424,60; 9820,895;  262,406;18159,979;53,40662
 425,19; 9695,715;  274,402;17884,214;53,50036
 425,78; 9654,676;  288,248;17869,031;53,27651
 426,37; 9565,880;  290,329;17674,825;53,35531
 426,96; 9513,864;  276,406;17574,765;53,40078
 427,55; 9382,729;  262,565;17458,296;53,03738
 428,14; 9305,444;  276,951;17277,370;53,10747
 428,73; 9248,625;  281,178;17176,404;53,07681
 429,32; 9211,212;  289,944;17161,119;52,87876
 429,91; 9213,298;  302,947;17156,620;52,86890
 430,50; 9159,498;  287,873;16968,792;53,18427
 431,08; 9032,668;  301,183;16859,955;52,73027
 431,67; 9020,241;  337,494;16810,809;52,70796
 432,26; 8935,448;  350,957;16658,199;52,64220
 432,85; 8762,507;  376,957;16259,013;52,79889
 433,44; 8633,508;  372,883;15957,398;53,00534
 434,03; 8407,718;  388,580;15678,711;52,44650
 434,62; 8196,195;  356,807;15263,888;52,58835
 435,21; 8099,253;  369,419;15092,581;52,50118
 435,79; 8040,749;  378,809;14993,266;52,42713
 436,38; 7959,854;  360,429;14891,432;52,29801
 436,97; 7891,873;  363,276;14828,789;52,04515
 437,56; 7861,662;  357,591;14579,542;52,76400
 438,15; 7767,046;  330,897;14590,165;52,14959
 438,74; 7750,803;  347,051;14560,189;52,09090
 439,33; 7761,081;  329,127;14514,915;52,39014
 439,91; 7709,289;  288,284;14558,280;52,00425
 440,50; 7784,099;  339,669;14649,975;52,02146
 441,09; 7802,908;  341,211;14755,578;51,76569
 441,68; 7811,161;  323,215;14746,260;51,91654
 442,27; 7753,314;  313,368;14780,559;51,42633
 442,86; 7731,918;  285,530;14782,373;51,36558
 443,44; 7750,717;  302,067;14802,621;51,36804
 444,03; 7800,607;  356,300;14838,956;51,40153
 444,62; 7769,823;  306,069;14699,606;51,85490
 445,21; 7674,687;  315,068;14587,723;51,56447
 445,80; 7599,851;  345,919;14524,583;51,16090
 446,39; 7521,065;  356,302;14305,874;51,36188
 446,97; 7324,757;  292,385;14107,313;50,90415
 447,56; 7251,888;  312,927;13923,327;50,98278
 448,15; 7160,297;  304,846;13730,790;51,06122
 448,74; 7031,811;  322,693;13558,650;50,68858
 449,33; 6973,562;  317,773;13412,294;50,82881
 449,91; 6849,896;  316,162;13256,983;50,48934
 450,50; 6695,390;  299,238;12957,665;50,52880
 451,09; 6652,719;  319,854;12948,808;50,14560
 451,68; 6648,824;  331,779;12840,793;50,49994
 452,26; 6575,204;  330,781;12763,121;50,22725
 452,85; 6496,595;  309,241;12702,998;49,92315
 453,44; 6445,164;  337,093;12715,419;49,34489
 454,03; 6437,196;  305,474;12641,459;49,70598
 454,61; 6395,003;  302,171;12612,877;49,49214
 455,20; 6498,643;  334,173;12819,368;49,37424
 455,79; 6499,600;  334,631;12800,040;49,45662
 456,38; 6523,093;  334,869;12835,957;49,50148
 456,97; 6498,510;  314,175;12930,733;49,01761
 457,55; 6496,557;  327,024;12986,367;48,73502
 458,14; 6450,109;  359,328;12929,255;48,45518
 458,73; 6413,703;  336,255;12858,286;48,53405
 459,31; 6437,345;  360,105;12888,016;48,50960
 459,90; 6467,489;  365,642;13009,337;48,26000
 460,49; 6508,017;  401,179;13084,693;48,14784
 461,08; 6462,574;  331,646;13146,916;47,84081
 461,66; 6482,656;  333,874;13133,433;48,03901
 462,25; 6532,114;  346,724;13253,540;47,92344
 462,84; 6568,951;  372,415;13264,835;48,06341
 463,43; 6470,565;  312,728;13273,642;47,51082
 464,01; 6492,133;  335,346;13300,720;47,48639
 464,60; 6476,867;  382,881;13257,123;47,33471
 465,19; 6303,545;  310,193;13024,885;47,13722
 465,77; 6296,155;  346,195;12957,829;47,17835
 466,36; 6246,349;  355,190;12871,454;47,06803
 466,95; 6075,925;  338,421;12568,117;46,91453
 467,53; 5939,762;  349,274;12329,878;46,66282
 468,12; 5802,105;  370,198;12130,524;46,18841
 468,71; 5720,952;  358,578;11902,890;46,45036
 469,29; 5533,712;  329,044;11685,581;45,82971
 469,88; 5403,006;  343,892;11486,547;45,40313
 470,47; 5514,545;  405,357;11586,317;45,69543
 471,06; 5419,403;  349,127;11501,943;45,46185
 471,64; 5469,221;  352,280;11596,839;45,50593
 472,23; 5418,961;  321,594;11583,969;45,26014
 472,81; 5446,095;  323,437;11719,893;44,94957
 473,40; 5511,928;  338,671;11817,928;45,06613
 473,99; 5640,958;  438,979;12040,937;44,83708
 474,57; 5603,916;  340,133;12159,994;44,53337
 475,16; 5643,190;  360,361;12218,465;44,55037
 475,75; 5701,270;  373,289;12384,013;44,36020
 476,33; 5692,760;  377,523;12477,109;43,92908
 476,92; 5714,855;  374,980;12492,704;44,06665
 477,51; 5721,058;  368,983;12553,558;43,92501
 478,09; 5666,657;  376,598;12581,345;43,34427
 478,68; 5621,069;  378,292;12542,433;43,10026
 479,27; 5635,959;  397,751;12597,596;42,93668
 479,85; 5586,226;  370,599;12553,004;42,81278
 480,44; 5587,941;  361,908;12606,505;42,68031
 481,02; 6026,176;  378,757;13796,042;42,09062
 481,61; 6761,102;  402,064;15652,194;41,69826
 482,20; 7160,559;  389,526;16794,488;41,27430
 482,78; 7499,488;  417,446;17518,987;41,41172
 483,37; 7664,694;  400,222;18018,243;41,23319
 483,95; 7794,020;  423,531;18194,276;41,47541
 484,54; 7846,109;  435,063;18409,352;41,23137
 485,13; 7729,597;  397,380;18366,598;40,80432
 485,71; 7644,262;  376,840;18058,972;41,10037
 486,30; 7566,477;  431,071;17894,682;40,85871
 486,88; 7422,955;  442,688;17531,852;40,84616
 487,47; 7144,510;  433,535;16893,254;40,77211
 488,05; 6810,778;  429,767;16157,182;40,57254
 488,64; 6345,067;  425,000;14969,596;40,70286
 489,23; 5666,888;  430,229;13365,258;40,48432
 489,81; 4810,704;  430,538;11432,053;39,81421
 490,40; 4495,678;  382,077;10874,205;39,20655
 490,98; 4375,195;  357,462;10591,516;39,25847
 491,57; 4342,297;  397,999;10567,510;38,78552
 492,15; 4255,387;  373,771;10500,179;38,33162
 492,74; 4220,466;  389,152;10406,749;38,24584
 493,32; 4184,215;  402,616;10315,377;38,14880
 493,91; 4127,301;  379,387;10229,194;38,05063
 494,50; 4115,076;  391,392;10263,082;37,72083
 495,08; 4011,864;  369,546;10121,789;37,34852
 495,67; 4017,847;  390,772;10132,736;37,23146
 496,25; 3948,151;  326,544;10026,577;37,33603
 496,84; 3900,805;  347,156;10026,563;36,71350
 497,42; 3843,165;  330,468; 9959,484;36,48033
 498,01; 3860,593;  367,080; 9902,920;36,63562
 498,59; 3745,619;  317,237; 9817,250;36,08818
 499,18; 3713,726;  328,080; 9836,658;35,60623
 499,76; 3733,457;  354,775; 9744,638;35,98224
 500,35; 3634,869;  347,086; 9572,984;35,63645
 500,93; 3569,614;  325,852; 9577,089;35,06301
 501,52; 3532,928;  330,237; 9470,573;35,03909
 502,10; 3531,772;  346,011; 9496,038;34,81696
 502,69; 3468,049;  334,090; 9334,329;34,82085
 503,27; 3334,626;  317,777; 9147,938;34,16527
 503,86; 3295,939;  327,474; 9068,484;33,96021
 504,44; 3262,310;  311,398; 8999,373;33,96547
 505,03; 3140,248;  292,860; 8772,262;33,58006
 505,61; 3109,092;  315,167; 8645,426;33,53947
 506,19; 3046,497;  329,629; 8542,030;33,08251
 506,78; 2928,417;  302,940; 8351,751;32,61943
 507,36; 2879,546;  305,244; 8211,729;32,55936
 507,95; 2814,219;  326,558; 8031,400;32,28699
 508,53; 2745,480;  308,094; 7979,494;31,77238
 509,12; 2714,875;  315,403; 7891,907;31,66991
 509,70; 2678,245;  323,250; 7716,130;31,85490
 510,29; 2618,044;  341,483; 7629,516;31,23698
 510,87; 2548,758;  305,402; 7432,639;31,47582
 511,46; 2461,052;  302,941; 7270,954;30,97168
 512,04; 2426,418;  300,635; 7159,948;30,99119
 512,62; 2363,343;  326,710; 7059,818;30,24803
 513,21; 2291,671;  290,714; 6856,757;30,47433
 513,79; 2270,804;  306,027; 6749,780;30,49118
 514,38; 2189,038;  290,640; 6580,820;30,18033
 514,96; 2192,121;  329,640; 6537,501;30,00197
 515,54; 2103,345;  284,641; 6411,547;29,68389
 516,13; 2076,538;  316,257; 6365,150;29,10088
 516,71; 2001,113;  293,413; 6187,097;28,97508
 517,30; 1969,354;  298,492; 6100,160;28,79967
 517,88; 1948,833;  317,031; 6059,697;28,41542
 518,46; 1882,661;  286,109; 5948,733;28,19457
 519,05; 1875,156;  296,187; 5904,152;28,15582
 519,63; 1841,032;  312,494; 5837,280;27,66692
 520,22; 1812,741;  314,651; 5819,016;27,21639
 520,80; 1780,335;  310,883; 5738,447;27,07389
 521,38; 1785,658;  334,495; 5731,616;26,88772
 521,97; 1748,676;  293,500; 5657,788;27,12710
 522,55; 1722,707;  318,038; 5672,813;26,23209
 523,13; 1691,900;  293,962; 5633,143;26,18263
 523,72; 1680,833;  301,647; 5659,501;25,74139
 524,30; 1691,289;  324,733; 5771,568;25,08900
 524,89; 1665,885;  294,346; 5746,142;25,15757
 525,47; 1713,831;  313,426; 5873,635;25,18619
 526,05; 1665,808;  278,657; 5922,665;24,57741
 526,64; 1719,990;  323,351; 6001,539;24,59658
 527,22; 1717,909;  318,349; 6135,190;24,06048
 527,80; 1740,271;  347,504; 6262,947;23,54459
 528,39; 1714,109;  301,198; 6336,439;23,41102
 528,97; 1737,799;  295,736; 6473,141;23,34416
 529,55; 1749,161;  310,039; 6638,152;22,74173
 530,14; 1809,447;  333,353; 6782,175;22,88937
 530,72; 1766,398;  306,120; 6881,159;22,20941
 531,30; 1791,195;  294,045; 6980,759;22,38992
 531,89; 1771,781;  316,891; 7098,981;21,45193
 532,47; 1839,996;  340,508; 7179,358;21,92603
 533,05; 1827,365;  327,889; 7206,237;21,79994
 533,63; 1821,019;  346,816; 7320,901;21,13830
 534,22; 1791,756;  307,816; 7328,722;21,13602
 534,80; 1817,560;  338,357; 7389,806;20,97729
 535,38; 1896,450;  412,353; 7502,857;20,93077
 535,97; 1768,779;  318,046; 7407,846;20,46225
 536,55; 1835,785;  371,819; 7484,972;20,58111
 537,13; 1793,861;  378,045; 7457,091;20,00009
 537,71; 1807,728;  408,506; 7522,121;19,66963
 538,30; 1809,679;  432,817; 7585,910;19,24849
 538,88; 1835,383;  469,897; 7660,675;18,98940
 539,46; 1898,976;  541,588; 7831,755;18,61945
 540,05; 1879,275;  557,358; 7964,077;17,84753
 540,63; 1928,534;  596,666; 8108,608;17,73001
 541,21; 1943,216;  625,206; 8260,452;17,26218
 541,79; 1941,955;  662,283; 8345,751;16,65487
 542,38; 2004,680;  681,742; 8498,338;16,92473
 542,96; 2002,766;  701,977; 8638,609;16,38968
 543,54; 2002,175;  719,744; 8861,218;15,75183
 544,12; 2016,039;  696,591; 8941,174;16,00382
 544,70; 1984,485;  672,747; 9030,355;15,69515
 545,29; 2009,987;  683,743; 9151,014;15,66318
 545,87; 2018,339;  650,898; 9205,136;15,98554
 546,45; 1983,699;  605,588; 9222,491;15,99310
 547,03; 1961,261;  598,051; 9248,623;15,75861
 547,62; 1974,581;  568,745; 9376,130;15,96201
 548,20; 2006,033;  568,900; 9540,760;16,01823
 548,78; 1981,947;  525,136; 9614,143;16,02827
 549,36; 1969,447;  493,751; 9815,403;15,83085
 549,94; 1946,923;  453,053; 9900,376;15,81263
 550,53; 1998,123;  468,442;10132,079;15,82925
 551,11; 1944,314;  419,291;10261,657;15,49448
 551,69; 1995,096;  444,135;10523,829;15,38698
 552,27; 1976,173;  415,518;10761,760;15,08427
 552,85; 2037,639;  411,444;11102,716;15,21049
 553,44; 2032,482;  404,904;11349,153;14,87154
 554,02; 2101,499;  418,674;11698,555;14,91881
 554,60; 2066,201;  357,060;11986,584;14,69657
 555,18; 2141,263;  405,981;12299,240;14,59047
 555,76; 2135,129;  371,674;12580,521;14,44407
 556,34; 2213,277;  372,985;12928,483;14,65726
 556,93; 2223,106;  370,058;13278,593;14,35522
 557,51; 2241,982;  355,062;13566,586;14,28238
 558,09; 2293,830;  375,828;13889,695;14,19285
 558,67; 2334,156;  383,525;14243,901;14,07343
 559,25; 2347,141;  387,601;14502,516;13,88276
 559,83; 2328,611;  361,219;14712,948;13,70840
 560,41; 2350,580;  358,446;15061,399;13,54921
 561,00; 2395,955;  370,679;15405,602;13,47048
 561,58; 2376,814;  352,292;15564,740;13,30832
 562,16; 2415,975;  354,675;15827,248;13,32228
 562,74; 2416,082;  333,674;16170,299;13,14932
 563,32; 2457,628;  343,449;16487,161;13,09599
 563,90; 2527,709;  365,371;16893,406;13,08285
 564,48; 2558,421;  366,138;17252,932;12,98224
 565,06; 2598,207;  348,756;17790,633;12,89684
 565,65; 2651,032;  370,452;18364,895;12,67380
 566,23; 2780,847;  407,218;18999,500;12,76674
 566,81; 2798,542;  357,447;19670,421;12,63966
 567,39; 2894,955;  364,527;20526,056;12,55077
 567,97; 2963,919;  383,525;21033,571;12,49583
 568,55; 3082,430;  410,988;21775,741;12,50397
 569,13; 3090,629;  359,756;22407,065;12,38642
 569,71; 3171,992;  358,060;23291,076;12,27022
 570,29; 3322,493;  409,981;24137,455;12,27485
 570,87; 3361,508;  399,290;24791,379;12,14417
 571,45; 3408,727;  392,987;25303,173;12,10646
 572,03; 3406,254;  349,912;25699,267;12,05688
 572,61; 3456,278;  348,911;26399,372;11,92826
 573,20; 3531,718;  381,831;27027,545;11,82136
 573,78; 3598,797;  370,603;27582,819;11,86303
 574,36; 3617,162;  379,218;28016,539;11,71584
 574,94; 3706,783;  428,682;28281,862;11,76922
 575,52; 3628,666;  384,531;28548,552;11,51872
 576,10; 3708,811;  439,607;29100,078;11,40667
 576,68; 3758,670;  424,989;29663,753;11,40158
 577,26; 3814,813;  437,225;30132,352;11,37422
 577,84; 3824,589;  435,603;30649,174;11,21677
 578,42; 3876,137;  487,683;30852,657;11,15909
 579,00; 3816,658;  434,603;30962,554;11,07855
 579,58; 3836,166;  466,528;31145,999;10,98336
 580,16; 3786,544;  454,375;31274,508;10,81166
 580,74; 3797,063;  459,068;31409,801;10,78487
 581,32; 3784,805;  453,221;31471,405;10,74075
 581,90; 3731,007;  475,068;31360,832;10,54188
 582,48; 3749,098;  481,145;31530,012;10,52519
 583,06; 3730,656;  467,759;31645,146;10,46559
 583,64; 3738,676;  465,066;31726,545;10,47170
 584,22; 3657,194;  475,224;31533,208;10,24526
 584,80; 3615,997;  485,606;31311,453;10,15509
 585,38; 3567,064;  497,446;30916,404;10,09113
 585,96; 3526,988;  459,758;31068,098;10,02090
 586,54; 3550,250;  481,454;31036,758;10,04341
 587,12; 3483,731;  462,761;31161,891; 9,84057
 587,70; 3487,584;  481,450;31347,237; 9,73937
 588,28; 3462,286;  461,915;31385,412; 9,70256
 588,86; 3473,152;  476,992;31519,846; 9,65169
 589,44; 3417,002;  451,996;31455,187; 9,56355
 590,02; 3462,110;  451,610;31719,238; 9,62817
 590,59; 3438,329;  430,608;31929,235; 9,54874
 591,17; 3451,084;  428,845;32006,144; 9,57092
 591,75; 3463,796;  418,766;32126,473; 9,60344
 592,33; 3482,919;  443,688;32340,353; 9,52837
 592,91; 3442,298;  393,306;32671,434; 9,44600
 593,49; 3482,040;  404,307;32802,681; 9,49965
 594,07; 3507,734;  422,846;33033,313; 9,45981
 594,65; 3472,122;  438,224;33079,333; 9,29471
 595,23; 3547,235;  416,687;33409,322; 9,48863
 595,81; 3534,082;  408,534;33545,835; 9,43212
 596,39; 3523,571;  406,457;33624,196; 9,38388
 596,97; 3501,191;  398,690;33796,195; 9,28962
 597,55; 3539,431;  392,455;33700,615; 9,44806
 598,12; 3466,580;  386,693;33728,117; 9,23742
 598,70; 3460,872;  391,768;33818,620; 9,18155
 599,28; 3503,148;  404,768;34013,287; 9,21903
 599,86; 3517,491;  397,152;33965,114; 9,29559
 600,44; 3474,706;  356,461;34064,721; 9,25069
 601,02; 3507,655;  417,695;34218,050; 9,14180
 601,60; 3492,102;  392,535;34173,150; 9,17558
 602,18; 3456,706;  365,462;34152,602; 9,14918
 602,75; 3456,948;  373,072;34232,157; 9,10797
 603,33; 3502,717;  381,922;34418,757; 9,16888
 603,91; 3472,572;  360,540;34325,147; 9,16257
 604,49; 3475,622;  398,999;34393,682; 9,05031
 605,07; 3457,966;  386,304;34345,533; 9,04515
 605,65; 3501,177;  406,615;34436,391; 9,09369
 606,23; 3512,304;  464,608;34619,214; 8,92324
 606,80; 3516,226;  514,995;34630,071; 8,79737
 607,38; 3522,365;  546,155;34683,826; 8,71826
 607,96; 3549,689;  597,457;34728,164; 8,64978
 608,54; 3568,993;  652,769;34860,921; 8,52494
 609,12; 3562,963;  655,918;34823,046; 8,50831
 609,70; 3584,293;  695,229;34929,540; 8,43909
 610,27; 3582,187;  700,687;35001,084; 8,40078
 610,85; 3581,989;  718,844;35003,187; 8,35117
 611,43; 3581,011;  717,537;34987,961; 8,35553
 612,01; 3531,741;  684,304;34750,674; 8,35850
 612,59; 3588,047;  672,460;34737,035; 8,55900
 613,16; 3557,994;  644,224;34690,217; 8,55833
 613,74; 3545,839;  620,153;34677,271; 8,59053
 614,32; 3565,421;  581,846;34577,418; 8,77636
 614,90; 3519,695;  533,613;34521,641; 8,78569
 615,48; 3508,523;  481,379;34204,658; 8,97642
 616,05; 3507,354;  456,916;34228,119; 9,03266
 616,63; 3466,801;  469,069;34010,964; 8,93728
 617,21; 3500,095;  462,072;33849,657; 9,09926
 617,79; 3504,708;  441,765;33792,598; 9,18401
 618,36; 3517,244;  445,766;33676,601; 9,24285
 618,94; 3471,472;  385,302;33551,233; 9,30524
 619,52; 3445,502;  405,916;33249,711; 9,25467
 620,10; 3426,808;  393,841;33235,799; 9,23504
 620,67; 3419,384;  413,146;33193,170; 9,17095
 621,25; 3459,856;  421,151;33002,568; 9,32650
 621,83; 3438,718;  406,225;32912,046; 9,32908
 622,41; 3458,336;  450,071;32859,540; 9,28206
 622,98; 3435,187;  415,300;32663,673; 9,36446
 623,56; 3451,840;  418,299;32733,532; 9,38734
 624,14; 3477,010;  395,998;32622,603; 9,56046
 624,72; 3463,350;  382,686;32516,489; 9,58699
 625,29; 3472,270;  382,069;32529,661; 9,61254
 625,87; 3512,815;  417,765;32515,376; 9,64262
 626,45; 3489,464;  372,914;32343,321; 9,74823
 627,02; 3462,704;  383,381;32318,396; 9,64247
 627,60; 3471,631;  359,538;32308,045; 9,74097
 628,18; 3501,117;  351,841;32275,815; 9,86492
 628,76; 3520,013;  361,377;32234,196; 9,91013
 629,33; 3512,885;  382,840;32184,576; 9,84237
 629,91; 3521,269;  362,688;32279,184; 9,89639
 630,49; 3571,125;  388,070;32417,596; 9,93788
 631,06; 3584,624;  381,454;32548,609; 9,95789
 631,64; 3604,445;  374,453;32413,461;10,08144
 632,22; 3569,590;  339,990;32414,294;10,06912
 632,79; 3607,712;  371,913;32640,346;10,02775
 633,37; 3639,140;  346,150;32776,778;10,15395
 633,95; 3663,205;  342,145;32761,252;10,24414
 634,52; 3685,505;  344,686;32872,044;10,27080
 635,10; 3731,998;  345,072;32898,950;10,40406
 635,68; 3795,605;  340,913;33024,645;10,57007
 636,25; 3761,222;  328,219;33057,515;10,48908
 636,83; 3790,167;  319,454;33308,812;10,52071
 637,41; 3813,306;  339,528;33312,742;10,53515
 637,98; 3913,356;  356,989;33467,304;10,74096
 638,56; 3885,987;  345,911;33589,662;10,64885
 639,13; 3932,513;  336,838;33647,671;10,79431
 639,71; 3999,623;  368,070;33756,978;10,87653
 640,29; 3934,326;  300,377;33598,392;10,91341
 640,86; 3952,336;  324,762;33698,719;10,86948
 641,44; 3947,963;  321,070;33764,584;10,84483
 642,02; 4008,589;  343,454;33797,372;10,95577
 642,59; 4017,907;  330,070;33899,160;10,98581
 643,17; 4037,072;  307,455;33825,564;11,12717
 643,74; 4052,852;  332,147;33897,121;11,08508
 644,32; 4085,863;  350,224;33794,602;11,16971
 644,89; 4114,335;  339,455;33886,236;11,25259
 645,47; 4173,884;  364,301;33822,870;11,38597
 646,05; 4200,434;  338,917;33844,120;11,52513
 646,62; 4172,368;  333,532;33775,754;11,47901
 647,20; 4225,840;  340,609;33996,004;11,54415
 647,77; 4188,851;  309,686;33826,177;11,57390
 648,35; 4202,477;  300,148;33744,657;11,66807
 648,92; 4272,642;  332,917;33742,599;11,79216
 649,50; 4234,114;  299,763;33743,079;11,76424
 650,08; 4228,663;  313,379;33643,868;11,74686
 650,65; 4283,905;  308,148;33873,117;11,84496
 651,23; 4419,300;  287,533;34500,213;12,07671
 651,80; 4563,850;  284,225;35347,924;12,20528
 652,38; 4643,399;  304,918;35719,482;12,25056
 652,95; 4646,179;  285,379;36081,193;12,18243
 653,53; 4768,267;  321,149;36346,443;12,34443
 654,10; 4844,816;  336,841;36454,538;12,48135
 654,68; 4809,827;  300,611;36378,250;12,49865
 655,25; 4833,992;  289,918;36456,422;12,56431
 655,83; 4881,618;  296,688;36537,364;12,65134
 656,40; 4910,090;  332,534;36506,845;12,65416
 656,98; 4907,255;  292,457;36424,171;12,77215
 657,55; 4920,343;  309,842;36363,652;12,78783
 658,13; 4863,584;  295,842;35883,286;12,83526
 658,70; 4893,826;  318,227;35800,074;12,89561
 659,28; 4787,990;  303,304;34942,170;12,94698
 659,85; 4715,540;  323,381;34232,958;12,95256
 660,43; 4773,474;  322,458;34213,516;13,13330
 661,00; 4767,100;  302,304;34383,073;13,10063
 661,58; 4820,495;  295,073;34619,630;13,18421
 662,15; 4862,121;  296,996;34827,265;13,22065
 662,73; 5008,209;  355,997;35099,514;13,39016
 663,30; 4980,451;  313,227;35312,764;13,33510
 663,88; 5051,846;  305,766;35433,783;13,51081
 664,45; 5081,011;  299,920;35638,648;13,52932
 665,03; 5179,099;  297,382;35915,513;13,70571
 665,60; 5305,648;  374,151;36403,609;13,68740
 666,17; 5281,274;  312,920;36516,166;13,72350
 666,75; 5366,054;  298,997;36774,339;13,89173
 667,32; 5439,142;  329,074;37023,204;13,92612
 667,90; 5514,076;  312,921;37335,146;14,04874
 668,47; 5599,702;  323,382;37535,934;14,17887
 669,05; 5660,636;  314,075;37830,722;14,25117
 669,62; 5631,724;  291,152;37968,895;14,17434
 670,19; 5714,042;  275,767;37959,837;14,43123
 670,77; 5735,361;  303,767;38223,317;14,32399
 671,34; 5799,295;  295,152;38101,336;14,55884
 671,92; 5852,767;  290,229;38389,586;14,60008
 672,49; 5903,778;  308,614;38431,759;14,67655
 673,06; 5881,558;  266,229;38504,701;14,68502
 673,64; 5938,953;  280,537;38489,643;14,80908
 674,21; 5987,195;  282,614;38387,662;14,97067
 674,79; 6024,667;  309,153;38620,988;14,91840
 675,36; 6129,832;  315,230;38708,699;15,14477
 675,93; 6082,150;  283,537;38668,257;15,10657
 676,51; 6170,623;  308,768;38746,045;15,25044
 677,08; 6198,403;  299,307;38908,910;15,27883
 677,65; 6266,337;  307,845;38928,621;15,42820
 678,23; 6307,578;  305,922;39173,179;15,44142
 678,80; 6329,974;  291,153;39328,351;15,46940
 679,38; 6397,061;  295,153;39473,293;15,57478
 679,95; 6455,380;  304,769;39654,620;15,63058
 680,52; 6528,929;  296,000;39890,716;15,74182
 681,10; 6632,017;  304,384;40293,888;15,82323
 681,67; 6697,643;  299,923;40502,215;15,91382
 682,24; 6718,962;  273,615;40588,849;15,98737
 682,82; 6814,203;  290,077;41102,484;15,98564
 683,39; 6987,291;  326,923;41358,964;16,23211
 683,96; 7000,379;  288,308;41611,983;16,24268
 684,54; 7083,313;  272,616;41813,848;16,39503
 685,11; 7193,862;  310,385;42132,482;16,45895
 685,68; 7273,027;  286,308;42546,424;16,53265
 686,25; 7328,884;  274,616;42635,059;16,65296
 686,83; 7362,971;  273,693;42791,462;16,67368
 687,40; 7482,136;  269,386;43071,789;16,85127
 687,97; 7614,147;  322,386;43388,808;16,93143
 688,55; 7592,619;  258,001;43466,903;16,97478
 689,12; 7651,553;  255,617;43682,692;17,03070
 689,69; 7762,564;  266,232;43795,787;17,22125
 690,26; 7782,421;  284,771;43954,499;17,16899
 690,84; 7875,893;  291,771;44189,364;17,27685
 691,41; 7933,520;  306,309;44136,844;17,40159
 691,98; 8040,453;  294,848;44588,478;17,48695
 692,56; 8056,849;  282,694;44574,882;17,55198
 693,13; 8132,706;  333,464;44633,593;17,60546
 693,70; 8211,101;  302,925;44812,381;17,76741
 694,27; 8236,035;  290,387;44812,708;17,84644
 694,84; 8307,277;  282,695;45005,957;17,94275
 695,42; 8397,057;  334,310;45101,899;18,01023
 695,99; 8416,145;  304,079;45276,918;18,03770
 696,56; 8467,078;  294,080;45164,014;18,21487
 697,13; 8576,859;  298,849;45467,264;18,32699
 697,71; 8611,177;  289,003;45588,129;18,37160
 698,28; 8671,957;  299,080;45841,302;18,38487
 698,85; 8687,276;  268,157;45908,628;18,44661
 699,42; 8801,517;  267,772;46123,263;18,61008
 699,99; 8869,605;  304,926;46237,128;18,64635
 700,57; 8924,770;  297,311;46230,070;18,78280
 701,14; 8940,780;  280,311;46376,935;18,78764
 701,71; 9007,407;  310,850;46638,800;18,77173
 702,28; 9093,879;  294,465;46572,511;19,01423
 702,85; 9133,044;  307,081;46653,376;19,04351
 703,43; 9197,978;  312,312;46872,549;19,08424
 704,00; 9282,219;  327,004;47096,568;19,14753
 704,57; 9332,153;  299,312;46970,971;19,35402
 705,14; 9415,164;  332,004;47369,682;19,31039
 705,71; 9482,252;  342,081;47427,471;19,41190
 706,28; 9482,724;  310,850;47394,874;19,47980
 706,86; 9559,350;  346,620;47531,354;19,52481
 707,43; 9658,823;  359,235;47444,912;19,75035
 708,00; 9639,526;  328,005;47556,777;19,71578
 708,57; 9658,229;  301,389;47422,488;19,85701
 709,14; 9745,855;  327,236;47655,815;19,90049
 709,71; 9763,943;  312,543;47744,449;19,92625
 710,28; 9856,954;  313,082;47915,314;20,04921
 710,86; 9933,964;  309,928;48020,871;20,17155
 711,43; 9995,283;  333,313;47975,352;20,28035
 712,00;10014,832;  316,467;48120,755;20,28765
 712,57;10092,074;  337,390;48233,544;20,36632
 713,14;10164,623;  314,698;48374,639;20,49508
 713,71;10183,557;  315,159;48244,197;20,58960
 714,28;10177,876;  300,544;48378,754;20,54430
 714,85;10213,733;  293,775;48046,850;20,77344
 715,42;10274,205;  293,237;48317,407;20,78322
 716,00;10432,139;  360,237;48414,042;20,95963
 716,57;10431,380;  297,468;48484,291;21,03046
 717,14;10395,776;  281,929;48384,541;21,02557
 717,71;10478,402;  280,006;48454,637;21,16964
 718,28;10542,413;  325,699;48556,348;21,18303
 718,85;10595,808;  276,468;48492,059;21,40250
 719,42;10614,281;  296,776;48717,617;21,30798
 719,99;10622,753;  283,776;48509,020;21,43893
 720,56;10761,072;  310,391;48748,654;21,57526
 721,13;10761,082;  287,392;48823,981;21,57896
 721,70;10747,632;  277,546;48758,615;21,59624
 722,27;10853,566;  304,546;48775,019;21,76381
 722,84;10943,038;  345,238;48931,961;21,81213
 723,41;11001,895;  276,546;48967,826;22,02725
 723,98;11041,060;  299,546;49080,229;22,02001
 724,55;11108,301;  310,315;49232,402;22,07180
 725,12;11073,081;  247,623;49144,498;22,13937
 725,69;11248,707;  285,239;49277,517;22,37795
 726,27;11277,257;  293,623;49382,690;22,37491
 726,84;11394,114;  298,854;49718,401;22,45116
 727,41;11447,817;  308,316;49661,189;22,57113
 727,98;11487,289;  311,162;49958,900;22,51085
 728,55;11568,377;  330,162;49853,381;22,69282
 729,12;11578,465;  273,239;49989,169;22,73964
 729,69;11657,245;  317,624;50136,957;22,76149
 730,26;11745,717;  309,778;50348,822;22,85403
 730,82;11718,420;  297,163;50277,456;22,85152
 731,39;11802,431;  291,317;50285,167;23,02506
 731,96;11900,980;  280,624;50571,802;23,10615
 732,53;12026,914;  306,240;50841,744;23,19295
 733,10;12067,617;  306,548;51018,993;23,19168
 733,67;12160,320;  314,317;51184,551;23,28671
 734,24;12057,101;  290,855;50785,416;23,30201
 734,81;12185,265;  325,702;50886,742;23,45593
 735,38;12160,814;  301,702;50707,223;23,52741
 735,95;12210,287;  299,625;50561,780;23,69708
 736,52;12215,451;  302,548;50796,491;23,59274
 737,09;12196,385;  307,548;50411,818;23,72819
 737,66;12291,935;  349,241;50647,221;23,74388
 738,23;12380,945;  293,395;50711,779;23,97449
 738,80;12547,572;  357,318;50979,490;24,08086
 739,37;12551,121;  321,395;51168,278;24,05207
 739,94;12605,132;  306,933;51266,605;24,13320
 740,51;12721,527;  399,395;51176,162;24,26726
 741,07;12721,846;  294,395;51149,489;24,43698
 741,64;12765,241;  334,626;51368,123;24,35776
 742,21;12816,483;  297,857;51408,450;24,49321
 742,78;12827,955;  271,934;51195,776;24,65647
 743,35;12963,581;  295,780;51403,334;24,78655
 743,92;13064,746;  323,396;51518,122;24,88801
 744,49;13123,834;  309,011;51500,987;25,03287
 745,06;13104,998;  304,011;51481,621;25,01287
 745,63;13096,548;  277,242;51405,409;25,07288
 746,19;13176,943;  286,781;51513,813;25,16281
 746,76;13187,723;  295,704;51484,062;25,18545
 747,33;13198,042;  284,858;51445,158;25,24063
 747,90;13315,283;  316,319;51609,408;25,34253
 748,47;13373,910;  305,396;51598,427;25,47815
 749,04;13433,305;  308,550;51568,061;25,60453
 749,61;13461,700;  334,935;51465,465;25,67305
 750,17;13503,557;  313,166;51550,714;25,74360
 750,74;13534,568;  309,474;51508,964;25,83052
 751,31;13516,194;  288,551;51351,598;25,90453
 751,88;13520,282;  272,474;51405,848;25,90834
 752,45;13628,908;  296,782;51402,174;26,08751
 753,02;13577,996;  316,859;51215,040;26,05425
 753,58;13643,776;  293,628;51275,212;26,18622
 754,15;13723,864;  295,859;51399,462;26,27604
 754,72;13719,875;  281,551;51227,404;26,37766
 755,29;13724,193;  267,244;51119,192;26,46300
 755,86;13734,512;  295,475;51214,365;26,39303
 756,42;13859,138;  299,244;51097,845;26,69344
 756,99;13878,995;  253,090;50977,326;26,86271
 757,56;13874,006;  255,937;50970,498;26,85238
 758,13;13897,247;  227,860;50886,210;26,98348
 758,70;13976,489;  250,552;51004,921;27,04385
 759,26;14041,269;  236,322;51033,863;27,17641
 759,83;14065,357;  243,322;51053,266;27,20341
 760,40;14103,214;  226,322;51003,824;27,32882
 760,97;14087,455;  230,937;50898,227;27,34805
 761,53;14005,543;  218,322;50600,554;27,36524
 762,10;14059,246;  209,245;50629,650;27,46904
 762,67;14130,411;  252,861;50692,130;27,51338
 763,24;13962,422;  196,784;50153,149;27,55532
 763,80;14130,817;  237,938;50331,860;27,73366
 764,37;14073,443;  239,938;50257,571;27,65726
 764,94;14028,070;  226,246;49867,283;27,80325
 765,50;14049,157;  239,092;49944,378;27,78390
 766,07;14124,014;  271,015;49896,244;27,91524
 766,64;14129,717;  243,246;49654,262;28,10400
 767,21;14060,421;  259,323;49628,974;27,95462
 767,77;14181,201;  276,861;49478,685;28,25980
 768,34;14147,519;  280,554;49371,396;28,24756
 768,91;14189,299;  276,016;49330,569;28,36288
 769,47;14215,848;  284,016;49375,280;28,37945
 770,04;14124,475;  291,247;49143,068;28,31671
 770,61;14128,255;  262,939;48955,087;28,47547
 771,18;14208,035;  254,247;48914,106;28,67618
 771,74;14212,046;  278,401;48989,510;28,60466
 772,31;14211,441;  279,632;48733,913;28,75248
 772,88;14137,375;  249,016;48515,393;28,77440
 773,44;14142,155;  262,939;48387,566;28,84015
 774,01;14204,858;  279,324;48493,970;28,88237
 774,58;14164,946;  255,555;48151,681;29,04074
 775,14;14217,649;  254,709;48253,700;29,09007
 775,71;14262,275;  252,171;48216,026;29,20971
 776,27;14263,363;  310,709;48202,507;29,13370
 776,84;14338,143;  336,171;48305,833;29,18922
 777,41;14306,692;  278,248;47961,699;29,41994
 777,97;14255,626;  255,940;47678,179;29,52135
 778,54;14278,406;  276,171;47718,275;29,51436
 779,11;14317,879;  291,479;47758,217;29,54995
 779,67;14404,659;  243,941;47711,928;29,83214
 780,24;14345,900;  272,941;47509,101;29,79277
 780,80;14427,373;  290,864;47501,120;29,94372
 781,37;14385,153;  271,787;47502,908;29,88150
 781,94;14324,548;  271,787;47295,234;29,88458
 782,50;14392,944;  274,556;47226,407;30,06993
 783,07;14440,570;  296,326;47330,118;30,07251
 783,63;14410,350;  264,557;47086,214;30,21207
 784,20;14451,514;  291,018;46959,925;30,34246
 784,77;14437,525;  274,095;46781,483;30,45415
 785,33;14394,228;  255,711;46631,425;30,48690
 785,90;14377,701;  268,096;46723,828;30,37215
 786,46;14404,635;  288,019;46535,616;30,52400
 787,03;14391,184;  253,173;46280,712;30,71642
 787,59;14359,810;  265,173;46207,885;30,67872
 788,16;14395,821;  267,942;46151,442;30,79076
 788,73;14377,678;  285,327;46032,461;30,80488
 789,29;14346,920;  268,096;45727,865;30,96985
 789,86;14329,238;  278,865;45739,038;30,90699
 790,42;14329,480;  282,173;45568,979;31,01854
 790,99;14190,952;  280,481;45233,691;30,94433
 791,55;14206,732;  262,789;45164,325;31,05449
 792,12;14286,051;  289,712;45206,575;31,16054
 792,68;14185,215;  276,174;44950,517;31,13429
 793,25;14111,457;  284,174;44732,536;31,10865
 793,81;14162,698;  335,405;44415,016;31,36891
 794,38;13975,555;  240,559;44239,343;31,21676
 794,94;14022,566;  261,097;44125,977;31,37241
 795,51;13991,577;  283,790;43907,688;31,42266
 796,07;13897,896;  276,328;43538,322;31,48622
 796,64;14003,829;  290,328;43800,957;31,51759
 797,20;13857,686;  272,713;43289,052;31,58096
 797,77;13778,543;  250,098;42932,994;31,69524
 798,33;13766,324;  276,329;42779,475;31,73881
 798,90;13892,565;  288,867;42734,417;32,04976
 799,46;13710,961;  264,252;42403,820;31,90993
 800,03;13614,356;  262,944;42239,455;31,80686
 800,59;13603,059;  286,406;42102,243;31,84596
 801,15;13697,685;  281,868;41835,031;32,28591
 801,72;13514,081;  273,714;41555,819;32,07290
 802,28;13517,707;  298,945;41222,607;32,30102
 802,85;13417,256;  271,176;41168,088;32,14443
 803,41;13464,959;  266,714;40968,260;32,42689
 803,98;13365,893;  253,483;40590,125;32,50744
 804,54;13232,904;  272,484;40381,606;32,31290
 805,11;13259,915;  278,484;40151,856;32,55664
 805,67;13206,618;  302,945;40103,798;32,42059
 806,23;13114,013;  276,792;39698,893;32,56351
 806,80;13104,717;  300,099;39595,989;32,58513
 807,36;13082,497;  298,946;39503,777;32,60708
 807,93;13076,661;  303,176;39394,796;32,67576
 808,49;12965,903;  254,561;38991,661;32,81439
 809,05;12968,452;  251,561;38746,373;33,03534
 809,62;13014,002;  283,254;38788,853;33,06207
 810,18;13024,474;  287,792;38594,257;33,24943
 810,74;12884,408;  255,869;38356,814;33,14495
 811,31;12916,111;  253,869;38185,756;33,38152
 811,87;12885,276;  270,331;38124,082;33,32548
 812,44;12969,902;  298,639;38078,563;33,53967
 813,00;12826,605;  227,100;37743,736;33,58378
 813,56;12941,385;  273,947;37907,216;33,66021
 814,13;12874,011;  256,485;37684,620;33,71134
 814,69;12848,253;  270,716;37579,331;33,71215
 815,25;12775,571;  241,332;37159,965;33,95098
 815,82;12804,813;  279,639;37158,369;33,96314
 816,38;12770,054;  304,101;36982,772;33,98693
 816,94;12738,681;  247,947;36683,945;34,28130
 817,51;12672,384;  241,947;36475,502;34,30642
 818,07;12640,856;  250,563;36313,367;34,35754
 818,63;12612,713;  270,948;36059,232;34,48549
 819,20;12576,801;  259,025;36002,636;34,46148
 819,76;12509,504;  245,255;35733,655;34,55847
 820,32;12454,976;  279,640;35601,981;34,46922
 820,89;12494,372;  279,102;35421,385;34,75947
 821,45;12319,075;  247,717;35149,788;34,58636
 822,01;12299,009;  263,487;34907,961;34,74009
 822,57;12311,404;  281,102;34767,826;34,88386
 823,14;12214,261;  240,333;34556,691;34,89277
 823,70;12165,272;  249,102;34326,479;34,96798
 824,26;12124,821;  245,333;34234,729;34,95057
 824,82;12127,755;  280,179;34049,363;35,08399
 825,39;12044,997;  245,564;33819,844;35,14426
 825,95;12063,777;  273,641;33877,863;35,08528
 826,51;12009,711;  261,564;33513,651;35,33055
 827,08;12006,414;  293,949;33632,208;35,13220
 827,64;11986,886;  277,872;33386,227;35,36574
 828,20;11893,589;  254,103;33196,861;35,33246
 828,76;11922,677;  272,642;33139,265;35,44640
 829,32;11937,457;  286,026;32959,438;35,66028
 829,89;11864,622;  238,027;32840,687;35,66149
 830,45;11902,402;  265,719;32805,937;35,76093
 831,01;11770,951;  253,796;32630,264;35,57261
 831,57;11816,347;  260,950;32506,359;35,83579
 832,14;11792,973;  252,565;32522,378;35,76224
 832,70;11742,984;  247,489;32309,243;35,85423
 833,26;11724,687;  226,412;32221,032;35,93815
 833,82;11758,775;  251,873;32083,897;36,14882
 834,38;11806,247;  256,335;32210,608;36,14513
 834,95;11763,181;  233,258;31973,319;36,32609
 835,51;11726,038;  210,951;31919,569;36,31532
 836,07;11828,895;  253,797;31953,588;36,51475
 836,63;11812,290;  275,643;31927,607;36,44844
 837,19;11845,532;  250,182;31857,164;36,68604
 837,75;11745,543;  221,259;31542,567;36,79375
 838,32;11892,400;  264,182;31683,048;37,01030
 838,88;11853,641;  265,720;31676,298;36,89178
 839,44;11881,037;  255,644;31588,316;37,10310
 840,00;11880,047;  249,490;31425,489;37,30613
 840,56;11810,135;  244,259;31253,200;37,29852
 841,12;11804,761;  240,721;31220,065;37,32823
 841,68;11727,311;  218,798;30958,469;37,43863
 842,25;11805,245;  235,336;31083,949;37,50544
 842,81;11744,948;  221,875;30810,276;37,67138
 843,37;11770,036;  220,875;30856,987;37,69787
 843,93;11808,816;  232,029;30698,852;37,99801
 844,49;11850,057;  262,414;30842,179;37,89317
 845,05;11752,222;  210,799;30651,736;37,91415
 845,61;11864,463;  265,645;30777,678;38,01392
 846,17;11785,243;  236,568;30496,466;38,16495
 846,73;11815,254;  246,414;30422,408;38,33789
 847,29;11767,957;  230,260;30269,735;38,40845
 847,86;11799,737;  237,876;30236,446;38,54138
 848,42;11755,056;  235,953;30102,927;38,56803
 848,98;11778,067;  248,107;30056,945;38,67967
 849,54;11789,155;  230,338;30022,195;38,79858
 850,10;11770,704;  243,338;29921,522;38,84121
 850,66;11735,945;  231,338;29752,695;38,97046
 851,22;11753,110;  220,338;29685,560;39,14029
 851,78;11800,429;  267,646;29743,194;39,12661
 852,34;11785,593;  241,800;29509,213;39,44248
 852,90;11759,758;  227,492;29446,847;39,46790
 853,46;11628,615;  227,723;29214,251;39,33169
 854,02;11670,241;  249,185;29228,654;39,41085
 854,58;11679,560;  241,723;29006,827;39,76289
 855,14;11636,570;  227,185;28966,230;39,69995
 855,70;11523,812;  198,262;28718,172;39,71103
 856,26;11591,054;  247,801;28829,114;39,68765
 856,82;11547,141;  235,031;28605,133;39,87335
 857,38;11570,921;  265,032;28495,614;40,04838
 857,94;11593,702;  245,493;28417,017;40,28255
 858,50;11564,097;  250,032;28338,267;40,28044
 859,06;11468,646;  226,878;28103,978;40,32618
 859,62;11517,503;  247,724;28130,843;40,41793
 860,18;11427,206;  239,032;28049,170;40,23056
 860,74;11400,448;  208,340;27876,112;40,45179
 861,30;11358,690;  214,648;27653,977;40,61339
 861,86;11432,393;  275,725;27715,073;40,65938
 862,42;11349,788;  240,648;27517,707;40,72705
 862,98;11393,953;  263,417;27542,341;40,80269
 863,54;11297,348;  236,033;27343,283;40,80575
 864,10;11293,359;  234,494;27331,687;40,81185
 864,66;11205,985;  213,879;27118,782;40,85540
 865,22;11216,611;  232,110;27079,494;40,91461
 865,78;11233,622;  234,725;26994,743;41,10198
 866,34;11157,710;  228,187;26833,685;41,07994
 866,90;11144,490;  241,341;26807,243;41,04189
 867,45;11070,578;  244,880;26595,185;41,08377
 868,01;11069,050;  244,341;26394,204;41,39490
 868,57;11016,907;  237,957;26249,069;41,43979
 869,13;10992,533;  215,880;26126,088;41,59231
 869,69;11025,621;  241,726;26118,414;41,67417
 870,25;10973,401;  218,957;25974,664;41,75558
 870,81;11005,797;  228,572;25969,221;41,86850
 871,37;10983,423;  245,419;25871,009;41,90344
 871,93;10935,741;  248,880;25682,721;42,01828
 872,49;10856,675;  264,727;25491,893;41,98628
 873,04;10824,686;  222,111;25348,758;42,19654
 873,60;10820,312;  222,342;25272,777;42,30653
 874,16;10783,015;  245,650;25173,181;42,27200
 874,72;10766,862;  221,727;25105,027;42,37836
 875,28;10755,400;  243,727;25044,565;42,38435
 875,84;10728,323;  240,804;24918,412;42,49812
 876,40;10720,015;  229,573;24931,412;42,46827
 876,95;10794,323;  242,342;24891,258;42,80911
 877,51;10817,554;  263,650;24825,335;42,96897
 878,07;10816,400;  278,573;24851,719;42,88351
 878,63;10808,015;  231,881;24878,796;42,91058
 879,19;10843,400;  254,342;24867,950;43,02115
 879,75;10893,708;  229,419;24956,642;43,12772
 880,30;10916,554;  235,881;24889,335;43,32323
 880,86;11013,169;  271,881;25034,181;43,37759
 881,42;11028,862;  218,573;25074,181;43,49235
 881,98;11075,323;  256,804;25141,027;43,47541
 882,54;11090,631;  225,958;25146,412;43,59741
 883,09;11198,323;  241,188;25286,258;43,74967
 883,65;11193,015;  219,419;25362,181;43,64515
 884,21;11303,708;  263,496;25535,181;43,68609
 884,77;11324,400;  235,573;25585,950;43,74226
 885,32;11470,785;  236,727;25729,335;44,06790
 885,88;11489,015;  272,419;25771,488;43,98826
 886,44;11514,477;  239,881;25922,873;43,89908
 887,00;11615,785;  261,650;25852,565;44,36783
 887,56;11671,400;  236,650;26019,873;44,34958
 888,11;11745,246;  239,958;26002,796;44,65847
 888,67;11748,323;  271,265;26241,335;44,19340
 889,23;11799,938;  243,112;26145,488;44,61686
 889,79;11795,631;  228,727;26112,335;44,68814
 890,34;11751,400;  244,573;25986,642;44,70047
 890,90;11865,015;  300,035;26218,335;44,62091
 891,46;11855,477;  217,958;26037,104;45,07321
 892,01;11881,092;  259,496;26049,412;45,06256
 892,57;11873,092;  272,342;26020,565;45,05457
 893,13;11811,092;  246,650;25776,719;45,29734
 893,69;11829,246;  223,804;25697,873;45,55787
 894,24;11796,400;  241,265;25649,719;45,47752
 894,80;11777,862;  241,804;25554,565;45,57408
 895,36;11728,169;  247,727;25397,181;45,64887
 895,91;11675,169;  232,958;25253,796;45,73073
 896,47;11627,015;  254,650;25154,488;45,67245
 897,03;11554,631;  230,419;25040,181;45,64418
 897,58;11596,938;  254,265;24929,488;45,96786
 898,14;11510,323;  245,419;24805,873;45,86602
 898,70;11458,631;  212,804;24601,719;46,11040
 899,25;11520,323;  238,496;24590,796;46,32756
 899,81;11482,477;  244,881;24447,027;46,43223
 900,37;11324,862;  219,496;24229,027;46,25399
 900,92;11389,246;  241,188;24254,796;46,42392
 901,48;11340,938;  219,573;24116,258;46,53937
 902,03;11328,631;  219,727;23871,719;46,96815
 902,59;11275,785;  232,727;23853,796;46,75088
 903,15;11273,785;  245,265;23809,027;46,80288
 903,70;11107,015;  239,881;23473,719;46,77288
 904,26;11091,785;  233,112;23408,181;46,85498
 904,82;11125,708;  236,342;23407,950;46,99443
 905,37;11078,169;  247,804;23234,873;47,11503
 905,93;11010,862;  229,881;23086,950;47,16694
 906,48;11034,169;  240,650;23093,181;47,23118
 907,04;10986,862;  248,112;23024,335;47,14895
 907,60;10865,323;  233,035;22848,104;47,01418
 908,15;10875,785;  222,958;22672,412;47,45250
 908,71;10900,477;  258,419;22698,258;47,42484
 909,26;10845,477;  224,881;22501,796;47,67534
 909,82;10839,400;  254,265;22493,412;47,59686
 910,37;10837,092;  277,881;22386,027;47,76163
 910,93;10716,246;  228,727;22198,796;47,73549
 911,48;10683,323;  214,573;22115,642;47,80018
 912,04;10683,785;  229,496;22051,950;47,90611
 912,60;10768,938;  243,496;21990,719;48,39902
 913,15;10623,015;  235,342;21874,950;48,00306
 913,71;10562,554;  227,035;21640,181;48,26717
 914,26;10516,631;  212,112;21610,412;48,15578
 914,82;10523,400;  236,342;21583,181;48,19008
 915,37;10543,092;  221,573;21462,027;48,59368
 915,93;10564,785;  272,342;21413,258;48,68494
 916,48;10504,554;  219,188;21190,873;49,04406
 917,04;10480,015;  242,496;21185,565;48,88261
 917,59;10450,323;  253,342;21147,950;48,80197
 918,15;10336,554;  201,419;20903,719;48,95656
 918,70;10306,400;  228,496;20838,796;48,89741
 919,26;10315,092;  228,496;20751,181;49,14852
 919,81;10315,785;  212,727;20559,488;49,65438
 920,37;10299,246;  231,727;20512,950;49,63961
 920,92;10226,169;  242,804;20421,796;49,47405
 921,48;10043,477;  209,881;20279,873;48,99651
 922,03;10120,631;  210,573;20264,719;49,41650
 922,59;10121,169;  227,804;20154,412;49,64902
 923,14;10051,015;  227,112;20027,642;49,61435
 923,69;10065,708;  247,112;19924,565;49,89770
 924,25;10111,400;  243,342;19947,796;50,08034
 924,80;10021,554;  220,650;19736,104;50,22124
 925,36; 9982,246;  223,112;19705,642;50,09172
 925,91; 9909,477;  228,804;19547,335;50,11081
 926,47; 9873,169;  208,188;19500,181;50,09841
 927,02; 9908,169;  268,881;19422,719;50,32562
 927,57; 9859,554;  221,650;19268,335;50,60148
 928,13; 9774,554;  219,035;19187,181;50,37666
 928,68; 9788,015;  216,881;19171,873;50,49400
 929,24; 9747,477;  193,573;18956,181;50,91991
 929,79; 9683,477;  215,496;18839,027;50,83881
 930,34; 9666,092;  223,035;18777,488;50,89375
 930,90; 9637,862;  220,958;18733,258;50,86836
 931,45; 9653,169;  237,188;18704,796;50,98647
 932,01; 9584,246;  237,804;18604,258;50,88866
 932,56; 9579,554;  242,342;18426,335;51,34852
 933,11; 9589,169;  248,804;18460,488;51,28776
 933,67; 9514,708;  212,727;18240,258;51,59875
 934,22; 9518,246;  228,419;18208,873;51,66625
 934,77; 9528,015;  257,958;18076,335;52,02526
 935,33; 9445,015;  232,035;17948,719;52,00172
 935,88; 9398,246;  235,342;17888,950;51,90386
 936,43; 9408,785;  219,265;17853,873;52,11071
 936,99; 9388,785;  232,650;17785,719;52,16258
 937,54; 9299,862;  206,035;17585,104;52,32632
 938,09; 9259,246;  227,035;17601,565;51,98536
 938,65; 9218,015;  232,188;17499,642;52,03910
 939,20; 9205,554;  204,112;17404,488;52,33282
 939,75; 9236,631;  209,188;17267,488;52,92111
 940,31; 9170,554;  207,342;17111,181;53,02471
 940,86; 9210,400;  227,573;17159,027;53,05408
 941,41; 9265,554;  297,958;17040,488;53,56177
 941,96; 9151,169;  206,804;16943,719;53,44094
 942,52; 9164,169;  221,419;16860,258;53,74624
 943,07; 9093,092;  207,265;16771,258;53,64544
 943,62; 9061,938;  213,727;16700,258;53,66934
 944,18; 9023,631;  210,804;16651,719;53,60302
 944,73; 9038,862;  218,342;16579,719;53,91062
 945,28; 8886,554;  192,881;16361,565;53,76859
 945,83; 9014,092;  220,650;16426,181;54,26198
 946,39; 8934,785;  213,804;16281,488;54,27652
 946,94; 8944,785;  240,881;16218,796;54,47459
 947,49; 8828,862;  218,573;16132,027;54,10697
 948,04; 8874,400;  257,881;16075,488;54,47423
 948,59; 8887,169;  236,727;15972,488;54,97314
 949,15; 8822,169;  206,650;15893,488;54,92196
 949,70; 8774,938;  213,342;15800,950;54,92566
 950,25; 8692,092;  237,035;15759,873;54,46850
 950,80; 8672,554;  189,881;15703,181;54,68000
 951,36; 8668,554;  199,958;15601,258;54,98624
 951,91; 8680,092;  228,342;15542,873;55,18778
 952,46; 8555,400;  202,265;15409,719;54,92790
 953,01; 8580,015;  237,650;15412,104;54,97638
 953,56; 8530,708;  197,573;15242,719;55,38753
 954,11; 8518,862;  230,112;15221,642;55,28955
 954,67; 8562,631;  206,650;15153,719;55,90381
 955,22; 8454,400;  193,342;15033,719;55,66609
 955,77; 8462,246;  241,573;15066,873;55,45030
 956,32; 8461,400;  258,958;14908,719;55,99028
 956,87; 8376,015;  213,419;14765,258;56,09323
 957,42; 8357,323;  221,188;14795,642;55,82463
 957,98; 8305,938;  214,342;14672,488;55,96565
 958,53; 8338,785;  234,265;14663,181;56,16860
 959,08; 8262,323;  201,881;14547,104;56,18903
 959,63; 8233,938;  207,804;14474,181;56,25910
 960,18; 8187,554;  232,419;14434,488;56,01391
 960,73; 8173,554;  214,496;14359,258;56,26859
 961,28; 8086,631;  201,804;14329,796;55,80996
 961,83; 8150,323;  238,112;14196,565;56,68401
 962,39; 8094,862;  209,112;14137,258;56,61737
 962,94; 8094,938;  229,112;14077,104;56,80121
 963,49; 8031,400;  227,419;13949,104;56,87334
 964,04; 8042,400;  234,112;13925,335;57,03134
 964,59; 8001,862;  191,804;13798,719;57,39771
 965,14; 7955,092;  243,265;13801,488;56,87933
 965,69; 7919,785;  222,496;13690,181;57,15376
 966,24; 7875,092;  211,112;13623,488;57,14111
 966,79; 7839,477;  231,496;13524,258;57,23401
 967,34; 7763,785;  199,496;13412,104;57,25053
 967,89; 7784,554;  212,419;13317,258;57,78121
 968,44; 7811,938;  221,112;13282,565;58,11625
 968,99; 7754,631;  225,804;13275,719;57,69253
 969,55; 7707,015;  225,958;13148,950;57,88952
 970,10; 7620,938;  231,573;13099,950;57,42267
 970,65; 7655,477;  236,881;12999,642;58,12689
 971,20; 7586,631;  210,265;12905,027;58,10558
 971,75; 7549,323;  192,419;12743,719;58,61468
 972,30; 7557,938;  229,727;12757,796;58,49434
 972,85; 7476,554;  202,496;12631,719;58,52383
 973,40; 7373,862;  212,496;12491,796;58,32063
 973,95; 7352,246;  228,804;12465,796;58,21236
 974,50; 7339,554;  249,419;12374,950;58,47278
 975,05; 7296,862;  222,419;12307,950;58,53646
 975,60; 7275,938;  243,650;12237,181;58,63401
 976,15; 7227,631;  217,035;12218,873;58,41269
 976,70; 7149,169;  230,573;12122,873;58,17711
 977,25; 7220,554;  232,342;12038,104;59,19323
 977,80; 7094,400;  211,342;11892,104;58,92645
 978,35; 7042,708;  231,958;11735,873;59,20376
 978,89; 7003,862;  203,188;11688,642;59,21118
 979,44; 6987,785;  220,265;11636,719;59,27865
 979,99; 6896,477;  205,804;11508,873;59,19342
 980,54; 6905,015;  243,804;11431,104;59,54262
 981,09; 6923,862;  241,573;11321,642;60,30909
 981,64; 6815,169;  238,804;11206,642;59,96045
 982,19; 6832,785;  253,573;11203,412;60,08501
 982,74; 6747,554;  244,496;11080,719;60,01222
 983,29; 6676,631;  210,650;10954,258;60,18445
 983,84; 6650,785;  228,112;10888,565;60,24765
 984,39; 6701,631;  287,188;10869,104;60,61703
 984,94; 6548,938;  202,419;10718,565;60,35024
 985,49; 6576,785;  249,188;10677,642;60,67626
 986,03; 6541,323;  244,496;10605,258;60,77572
 986,58; 6493,862;  271,419;10455,104;61,10207
 987,13; 6387,092;  228,265;10394,642;60,58035
 987,68; 6341,169;  242,419;10296,027;60,66230
 988,23; 6346,169;  243,958;10255,027;60,95464
 988,78; 6250,092;  222,958;10075,873;61,17108
 989,33; 6187,631;  239,496; 9960,027;61,19146
 989,88; 6227,631;  259,265; 9965,873;61,48765
 990,42; 6114,246;  229,419; 9825,950;61,32244
 990,97; 6134,169;  223,804; 9701,181;62,36288
 991,52; 6094,708;  244,188; 9648,642;62,21009
 992,07; 6049,708;  258,650; 9567,796;62,20826
 992,62; 5947,708;  246,035; 9442,335;61,99964
 993,17; 5929,246;  242,265; 9361,873;62,35993
 993,71; 5892,631;  235,496; 9281,642;62,53641
 994,26; 5786,785;  215,342; 9151,412;62,34780
 994,81; 5787,323;  246,496; 9142,642;62,28345
 995,36; 5693,400;  227,112; 8950,719;62,66087
 995,91; 5678,554;  242,265; 8909,488;62,72238
 996,45; 5638,323;  236,419; 8820,719;62,92772
 997,00; 5515,631;  207,958; 8733,565;62,25566
 997,55; 5542,246;  240,035; 8674,950;62,86028
 998,10; 5490,092;  264,265; 8576,796;62,86686
 998,65; 5425,169;  231,342; 8531,488;62,57513
 999,19; 5402,246;  245,265; 8443,642;62,90246
 999,74; 5351,785;  267,804; 8278,027;63,46865
1000,29; 5267,631;  248,881; 8217,950;62,97787
1000,84; 5213,246;  230,573; 8101,873;63,30178
1001,38; 5136,092;  238,035; 8027,719;62,87877
1001,93; 5122,169;  255,342; 7980,873;62,99667
1002,48; 5053,938;  228,342; 7828,719;63,49154
1003,03; 5063,246;  239,727; 7789,488;63,88969
1003,57; 5021,938;  238,804; 7741,719;63,75035
1004,12; 4964,477;  260,496; 7623,565;63,88614
1004,67; 4885,169;  235,650; 7545,796;63,60364
1005,22; 4789,554;  217,035; 7401,719;63,64259
1005,76; 4752,708;  221,342; 7280,181;64,19421
1006,31; 4788,400;  241,188; 7239,719;64,97380
1006,86; 4686,015;  231,496; 7143,719;64,44409
1007,40; 4579,938;  208,419; 7036,181;64,02566
1007,95; 4569,246;  239,881; 6959,181;64,43179
1008,50; 4483,092;  235,496; 6838,719;64,32610
1009,04; 4459,246;  228,573; 6743,796;64,93520
1009,59; 4344,092;  241,958; 6638,719;64,12830
1010,14; 4325,092;  219,265; 6575,642;64,59382
1010,68; 4277,938;  240,804; 6468,258;64,82801
1011,23; 4186,092;  231,881; 6378,719;64,32919
1011,78; 4170,400;  241,265; 6307,719;64,76823
1012,32; 4114,092;  250,035; 6180,796;65,15281
1012,87; 4106,938;  255,496; 6195,642;64,83750
1013,42; 4016,708;  220,112; 6063,412;64,97349
1013,96; 4027,246;  251,265; 6070,027;64,89320
1014,51; 3969,862;  195,496; 5976,412;65,29010
1015,06; 3967,400;  198,958; 5961,950;65,39038
1015,60; 4029,862;  268,881; 6060,412;64,93932
1016,15; 3985,246;  228,188; 5950,104;65,66084
1016,69; 3968,477;  234,573; 5960,642;65,20885
1017,24; 4015,092;  209,035; 5988,950;65,84971
1017,79; 4049,246;  257,188; 6042,950;65,54120
1018,33; 4017,323;  224,650; 6075,642;64,82102
1018,88; 4070,862;  240,342; 6074,181;65,66036
1019,42; 4105,785;  226,958; 6056,950;66,53228
1019,97; 4090,631;  219,958; 6031,796;66,59980
1020,51; 4155,169;  253,265; 6133,027;66,36160
1021,06; 4099,862;  212,342; 6067,335;66,39666
1021,61; 4074,938;  205,650; 6056,642;66,13047
1022,15; 4075,323;  179,958; 5999,873;66,93165
1022,70; 4128,785;  222,265; 6018,027;67,40304
1023,24; 4066,862;  214,727; 5998,488;66,60258
1023,79; 4049,092;  230,804; 5954,565;66,70943
1024,33; 4054,554;  213,419; 5880,104;67,78451
1024,88; 3991,554;  233,188; 5819,104;67,28289
1025,42; 3977,169;  233,035; 5729,104;68,12386
1025,97; 3904,938;  216,188; 5628,796;68,15107
1026,51; 3856,246;  192,188; 5505,873;68,95512
1027,06; 3826,477;  218,112; 5490,258;68,44206
1027,60; 3763,169;  236,265; 5386,565;68,47958
1028,15; 3729,015;  224,265; 5324,796;68,71344
1028,69; 3622,554;  179,958; 5196,258;68,62820
1029,24; 3639,015;  221,573; 5164,258;69,14142
1029,78; 3550,708;  213,188; 5064,873;68,79094
1030,33; 3477,554;  191,035; 4969,642;68,77567
1030,87; 3470,323;  209,496; 4948,181;68,81291
1031,42; 3387,246;  197,496; 4831,258;68,83716
1031,96; 3381,246;  229,958; 4776,488;69,31194
1032,51; 3307,631;  210,804; 4713,642;68,77499
1033,05; 3295,400;  224,496; 4639,796;69,55142
1033,60; 3207,477;  189,419; 4530,565;69,52214
1034,14; 3194,400;  216,727; 4478,258;69,87332
1034,69; 3175,015;  211,958; 4464,258;69,68129
1035,23; 3119,862;  210,035; 4369,719;69,95307
1035,77; 3091,400;  216,265; 4330,412;69,88411
1036,32; 3055,092;  186,727; 4232,873;70,89129
1036,86; 3053,246;  217,419; 4206,642;71,08720
1037,41; 3000,477;  223,804; 4155,027;70,63128
1037,95; 2932,631;  192,188; 4067,027;70,72404
1038,50; 2929,092;  201,804; 4014,181;71,53774
1039,04; 2894,015;  226,650; 3986,565;70,94217
1039,58; 2837,862;  211,496; 3931,796;70,59553
1040,13; 2814,554;  217,342; 3890,181;70,71401
1040,67; 2810,169;  247,419; 3840,335;71,32787
1041,21; 2761,785;  244,419; 3791,412;70,97183
1041,76; 2719,169;  195,419; 3682,565;72,37293
1042,30; 2679,862;  213,727; 3667,104;71,41226
1042,85; 2612,631;  205,804; 3611,181;70,67725
1043,39; 2596,477;  210,958; 3527,796;71,92148
1043,93; 2591,938;  236,496; 3525,181;71,62263
1044,48; 2547,862;  216,881; 3458,412;71,90988
1045,02; 2504,246;  215,496; 3391,488;72,06409
1045,56; 2508,169;  236,881; 3390,719;72,01664
1046,11; 2470,708;  231,496; 3368,027;71,39135
1046,65; 2426,323;  228,265; 3293,565;71,70775
1047,19; 2374,169;  216,035; 3216,873;71,91772
1047,74; 2333,554;  192,804; 3173,104;71,83002
1048,28; 2336,015;  217,573; 3149,873;72,24507
1048,82; 2331,323;  246,342; 3112,488;72,74510
1049,37; 2278,554;  230,035; 3063,104;72,30742
1049,91; 2252,092;  211,188; 3040,335;72,13851
1050,45; 2246,554;  233,188; 2985,719;73,14597
1050,99; 2193,015;  229,650; 2956,181;72,00965
1051,54; 2146,862;  208,573; 2865,412;72,95470
1052,08; 2134,938;  247,265; 2883,258;71,61148
1052,62; 2103,477;  241,419; 2835,950;71,76857
1053,16; 2047,246;  208,342; 2762,873;71,98597
1053,71; 2053,169;  223,188; 2731,642;72,95254
1054,25; 2038,246;  237,419; 2712,796;72,74960
1054,79; 2020,015;  229,881; 2674,104;73,23941
1055,33; 1948,015;  201,265; 2603,258;72,72088
1055,88; 1973,092;  235,881; 2567,488;74,50703
1056,42; 1949,477;  243,881; 2579,873;73,01377
1056,96; 1904,785;  240,419; 2534,796;72,54106
1057,50; 1887,246;  227,958; 2505,258;72,86209
1058,05; 1868,015;  216,188; 2435,950;74,41461
1058,59; 1855,708;  249,881; 2436,719;73,43144
1059,13; 1798,246;  212,727; 2355,258;74,00217
1059,67; 1788,938;  228,112; 2348,950;73,59480
1060,21; 1763,631;  220,881; 2301,719;74,14079
1060,76; 1734,631;  239,727; 2287,027;73,01831
1061,30; 1730,631;  246,496; 2275,104;73,16026
1061,84; 1697,554;  233,496; 2224,027;73,55112
1062,38; 1646,092;  214,881; 2153,104;73,84142
1062,92; 1680,862;  263,496; 2191,719;73,50630
1063,46; 1638,708;  250,342; 2135,565;73,64462
1064,01; 1592,323;  221,958; 2084,335;73,58153
1064,55; 1593,477;  229,188; 2065,642;74,28929
1065,09; 1530,631;  200,573; 1974,412;74,98189
1065,63; 1573,246;  263,035; 2042,873;73,61407
1066,17; 1560,400;  255,112; 2012,258;74,28457
1066,71; 1547,785;  251,881; 1995,719;74,31330
1067,25; 1493,862;  235,650; 1933,488;74,10667
1067,80; 1492,938;  238,804; 1928,412;74,22638
1068,34; 1487,708;  260,958; 1935,027;73,27953
1068,88; 1439,477;  224,573; 1857,412;74,40441
1069,42; 1454,400;  257,804; 1866,565;74,37996
1069,96; 1412,015;  230,035; 1806,258;74,98817
1070,50; 1434,246;  262,265; 1830,412;74,73671
1071,04; 1382,477;  226,958; 1775,258;74,63148
1071,58; 1371,631;  228,265; 1753,027;74,98650
1072,12; 1362,631;  235,188; 1738,873;74,97864
1072,66; 1358,477;  221,188; 1709,181;76,43107
1073,21; 1357,169;  244,112; 1729,104;74,95377
1073,75; 1324,323;  234,958; 1680,950;75,33687
1074,29; 1305,708;  241,958; 1645,027;75,81593
1074,83; 1320,938;  245,650; 1676,181;75,16710
1075,37; 1294,477;  246,573; 1652,642;74,52719
1075,91; 1293,554;  249,881; 1618,181;76,27516
1076,45; 1273,477;  237,573; 1606,104;75,69460
1076,99; 1263,708;  247,035; 1562,719;77,27331
1077,53; 1222,092;  228,650; 1542,719;75,60045
1078,07; 1236,708;  238,727; 1527,412;77,44182
1078,61; 1204,477;  244,112; 1495,950;76,71640
1079,15; 1188,246;  237,265; 1484,488;76,24785
1079,69; 1197,092;  226,496; 1473,258;77,84938
1080,23; 1190,631;  253,265; 1479,181;76,46249
1080,77; 1209,554;  272,804; 1493,796;76,72039
1081,31; 1142,631;  226,881; 1429,104;76,17139
1081,85; 1160,862;  249,727; 1421,565;77,75258
1082,39; 1117,015;  228,188; 1389,335;76,54738
1082,93; 1135,862;  255,804; 1379,181;78,34037
1083,47; 1074,785;  233,342; 1353,104;75,14478
1084,01; 1122,015;  249,112; 1369,565;77,90627
1084,55; 1080,554;  234,419; 1334,258;76,93263
1085,09; 1100,092;  255,881; 1343,181;77,64293
1085,63; 1064,400;  241,650; 1310,412;76,98163
1086,17; 1041,938;  226,804; 1293,258;76,43412
1086,71; 1040,631;  226,958; 1264,642;78,41237
1087,24; 1066,862;  261,650; 1288,796;78,39308
1087,78; 1040,092;  244,573; 1253,488;78,84895
1088,32;  988,477;  228,881; 1207,335;77,63229
1088,86; 1011,015;  261,881; 1225,181;77,76753
1089,40;  989,708;  241,265; 1206,873;77,50998
1089,94;  947,477;  213,650; 1198,565;74,50660
1090,48;  977,785;  257,419; 1166,488;79,24208
1091,02;  954,708;  250,958; 1173,335;76,29744
1091,56;  940,631;  244,112; 1148,335;77,02958
1092,10;  942,554;  218,881; 1127,412;79,65312
1092,63;  936,323;  260,188; 1146,104;76,32045
1093,17;  925,631;  251,188; 1109,258;78,59999
1093,71;  911,554;  232,650; 1096,719;78,57054
1094,25;  922,938;  258,496; 1117,104;77,38602
1094,79;  910,862;  233,112; 1085,181;79,54166
1095,33;  900,169;  235,958; 1056,488;80,94901
1095,87;  893,092;  243,573; 1068,873;78,70099
1096,40;  848,323;  226,188; 1029,258;77,46961
1096,94;  872,477;  235,342; 1011,335;82,10579
1097,48;  850,477;  247,804; 1025,796;77,46517
1098,02;  830,862;  228,573; 1004,258;77,64605
1098,56;  793,092;  208,958;  970,258;76,72857
1099,10;  811,477;  214,650;  962,873;79,76591
1099,63;  800,708;  216,881;  949,488;79,69162
1100,17;  818,862;  241,650;  972,565;78,97105
1100,71;  828,708;  265,496;  968,565;80,10755

