
Integration time [ms]: 120,000
Averaging Nr. [scans]: 13
Smoothing Nr. [pixels]: 0
Data measured with spectrometer [name]: 2009305U1
Wave   ;Sample   ;Dark     ;Reference;Reflectance
[nm]   ;[counts] ;[counts] ;[counts] ;[%]

 175,72;  201,495;  201,729;  206,872;-4,56702
 176,32;  219,186;  218,186;  213,932; 0,00000
 176,92;  256,694;  251,189;  249,591; 0,00000
 177,52;  249,743;  249,113;  256,862; 8,12434
 178,12;  240,678;  238,725;  218,250; 0,00000
 178,72;  256,737;  262,954;  247,860; 0,00000
 179,32;  256,246;  250,340;  247,043; 0,00000
 179,92;  256,723;  250,342;  243,729; 0,00000
 180,52;  251,181;  238,347;  240,736;537,22885
 181,12;  262,366;  258,034;  250,818; 0,00000
 181,73;  276,862;  272,650;  268,353; 0,00000
 182,33;  343,058;  341,884;  351,655;12,01618
 182,93;  271,599;  275,575;  267,614; 0,00000
 183,53;  231,478;  239,569;  226,246; 0,00000
 184,13;  238,149;  234,262;  230,039; 0,00000
 184,73;  273,643;  277,568;  272,393; 0,00000
 185,33;  261,124;  232,615;  345,677;25,21482
 185,93;  271,515;  245,073;  348,991;25,44448
 186,53;  281,437;  251,383;  367,173;25,95531
 187,13;  303,006;  271,464;  401,161;24,32015
 187,73;  266,078;  239,766;  346,389;24,67741
 188,33;  270,089;  238,149;  355,651;27,18259
 188,93;  282,070;  255,681;  354,167;26,79519
 189,53;  281,280;  258,060;  373,340;20,14227
 190,13;  311,231;  290,822;  407,960;17,42290
 190,73;  251,216;  217,519;  341,075;27,27257
 191,34;  293,369;  266,833;  379,465;23,56050
 191,94;  264,641;  235,608;  351,373;25,07941
 192,54;  285,757;  251,390;  369,660;29,05830
 193,14;  287,808;  263,925;  377,413;21,04438
 193,74;  288,846;  263,078;  378,201;22,38292
 194,34;  287,108;  260,310;  380,482;22,29946
 194,94;  248,433;  223,386;  339,780;21,51892
 195,54;  223,907;  203,693;  312,414;18,59276
 196,14;  255,836;  220,157;  353,619;26,73343
 196,74;  247,145;  214,922;  338,653;26,04266
 197,34;  235,425;  196,698;  319,609;31,50812
 197,94;  259,953;  237,079;  365,572;17,80162
 198,54;  274,743;  247,080;  380,114;20,79324
 199,14;  245,837;  210,546;  368,519;22,33986
 199,74;  237,827;  207,392;  366,691;19,10560
 200,34;  228,297;  197,469;  355,354;19,52517
 200,94;  266,547;  228,390;  407,380;21,31794
 201,54;  258,062;  222,622;  409,009;19,01445
 202,14;  282,979;  243,778;  440,040;19,97356
 202,74;  259,258;  221,853;  441,142;17,05722
 203,34;  235,538;  198,087;  459,415;14,33104
 203,94;  221,391;  171,394;  466,821;16,92365
 204,54;  283,931;  242,156;  543,763;13,85050
 205,14;  259,051;  198,315;  561,400;16,72775
 205,74;  291,020;  232,933;  638,687;14,31562
 206,34;  255,587;  204,470;  636,056;11,84392
 206,94;  270,743;  218,547;  688,144;11,11502
 207,54;  252,095;  174,778;  718,661;14,21574
 208,14;  263,778;  205,317;  793,743; 9,93527
 208,74;  283,943;  214,161;  871,081;10,62265
 209,34;  278,610;  198,623;  933,736;10,88095
 209,94;  309,921;  210,315; 1008,119;12,48498
 210,54;  292,101;  210,240; 1112,466; 9,07320
 211,14;  326,017;  213,392; 1206,006;11,34635
 211,73;  323,546;  204,314; 1298,510;10,89681
 212,33;  341,095;  225,698; 1403,055; 9,80142
 212,93;  327,655;  204,468; 1488,353; 9,59484
 213,53;  313,164;  178,853; 1530,484; 9,93695
 214,13;  336,224;  193,089; 1619,086;10,03758
 214,73;  327,363;  189,855; 1644,501; 9,45303
 215,33;  325,305;  170,469; 1671,042;10,31849
 215,93;  362,698;  199,010; 1779,950;10,35383
 216,53;  352,197;  175,314; 1843,429;10,60372
 217,13;  410,228;  219,164; 2025,749;10,57602
 217,73;  405,755;  195,703; 2217,986;10,38691
 218,33;  391,968;  149,166; 2386,125;10,85411
 218,93;  453,668;  177,401; 2679,163;11,04291
 219,53;  476,266;  199,705; 2920,374;10,16520
 220,13;  483,114;  159,475; 3206,578;10,62123
 220,73;  531,747;  187,392; 3517,693;10,34006
 221,32;  574,482;  188,392; 3874,081;10,47538
 221,92;  628,281;  202,551; 4264,174;10,48176
 222,52;  642,786;  174,934; 4661,073;10,42884
 223,12;  684,603;  181,165; 5075,819;10,28547
 223,72;  725,516;  195,319; 5442,991;10,10348
 224,32;  770,366;  192,626; 5845,976;10,21942
 224,92;  794,179;  189,088; 6108,737;10,22173
 225,52;  857,810;  203,008; 6452,854;10,47708
 226,12;  863,221;  185,856; 6698,534;10,40072
 226,72;  858,047;  158,702; 7028,198;10,18044
 227,31;  889,013;  155,240; 7354,420;10,19245
 227,91;  942,150;  192,316; 7785,953; 9,87450
 228,51;  973,498;  178,083; 8109,623;10,02851
 229,11; 1016,401;  184,394; 8495,572;10,01070
 229,71; 1049,785;  186,699; 8716,250;10,11878
 230,31; 1052,104;  179,473; 9075,403; 9,80933
 230,91; 1101,254;  166,235; 9391,911;10,13496
 231,51; 1110,183;  172,318; 9652,900; 9,89249
 232,10; 1151,540;  171,474; 9976,672; 9,99537
 232,70; 1183,185;  186,926;10145,097;10,00444
 233,30; 1247,958;  202,625;10365,435;10,28587
 233,90; 1217,232;  176,164;10513,657;10,07080
 234,50; 1227,474;  175,780;10561,473;10,12638
 235,10; 1224,486;  173,857;10664,121;10,01528
 235,70; 1280,989;  198,008;10648,200;10,36326
 236,29; 1289,638;  191,392;10629,618;10,52139
 236,89; 1264,121;  159,543;10478,016;10,70485
 237,49; 1289,743;  194,625;10431,184;10,69811
 238,09; 1260,895;  184,547;10154,902;10,79548
 238,69; 1292,903;  225,388; 9983,329;10,93996
 239,29; 1265,328;  176,470; 9652,505;11,49065
 239,89; 1239,770;  195,466; 9366,333;11,38718
 240,48; 1235,477;  177,163; 8974,124;12,03045
 241,08; 1207,555;  181,701; 8634,289;12,13657
 241,68; 1222,969;  192,009; 8356,134;12,62793
 242,28; 1191,928;  174,394; 8035,117;12,94453
 242,88; 1237,061;  219,166; 7828,258;13,37735
 243,48; 1248,445;  211,086; 7510,243;14,21204
 244,07; 1217,962;  192,316; 7275,406;14,48022
 244,67; 1251,528;  193,163; 7151,240;15,21060
 245,27; 1288,546;  196,314; 6989,894;16,07742
 245,87; 1320,033;  220,242; 6894,092;16,47910
 246,47; 1325,811;  191,545; 6923,749;16,84836
 247,06; 1376,235;  182,239; 6907,078;17,75501
 247,66; 1449,976;  174,855; 6941,503;18,84420
 248,26; 1533,591;  213,237; 7050,026;19,31248
 248,86; 1566,714;  202,776; 7247,862;19,36014
 249,46; 1614,501;  155,010; 7422,575;20,08225
 250,05; 1771,265;  205,393; 7732,627;20,80276
 250,65; 1861,057;  169,391; 8052,190;21,46023
 251,25; 2012,669;  188,700; 8492,681;21,96499
 251,85; 2151,104;  186,159; 8978,281;22,34893
 252,44; 2296,756;  152,930; 9520,688;22,88515
 253,04; 2530,670;  201,854;10265,000;23,14203
 253,64; 2720,705;  154,236;10900,597;23,88221
 254,24; 2956,891;  204,009;11741,224;23,86089
 254,84; 3153,193;  179,779;12519,882;24,09553
 255,43; 3411,984;  179,700;13422,613;24,40765
 256,03; 3694,137;  185,775;14398,265;24,68506
 256,63; 3948,856;  193,389;15343,007;24,78919
 257,23; 4167,315;  169,928;16095,163;25,10096
 257,82; 4423,765;  188,465;17044,616;25,12614
 258,42; 4569,833;  147,079;17784,581;25,07585
 259,02; 4888,433;  201,469;18712,709;25,31956
 259,62; 5005,791;  169,002;19302,986;25,27853
 260,21; 5188,696;  188,699;19810,500;25,48184
 260,81; 5257,472;  190,009;20287,806;25,21402
 261,41; 5399,156;  163,388;20645,074;25,56317
 262,01; 5508,719;  203,617;21237,688;25,22147
 262,60; 5510,392;  169,697;21451,470;25,09516
 263,20; 5613,155;  173,852;21765,449;25,19176
 263,80; 5667,943;  201,232;21997,474;25,08098
 264,40; 5596,824;  169,386;22117,392;24,72861
 264,99; 5632,664;  187,385;22332,574;24,58899
 265,59; 5624,350;  175,691;22368,883;24,55104
 266,19; 5608,010;  172,078;22546,184;24,29564
 266,78; 5670,872;  213,000;22692,956;24,27884
 267,38; 5584,545;  193,076;22721,709;23,93163
 267,98; 5525,622;  182,692;22678,223;23,75107
 268,58; 5470,666;  189,460;22711,392;23,44917
 269,17; 5452,794;  184,074;22772,031;23,32535
 269,77; 5376,209;  184,850;22568,779;23,19235
 270,37; 5221,504;  160,385;22470,206;22,68561
 270,96; 5188,364;  220,080;22415,265;22,38451
 271,56; 5033,208;  181,851;22134,075;22,09961
 272,16; 4928,740;  182,618;21964,063;21,78975
 272,75; 4848,276;  187,926;21924,911;21,43972
 273,35; 4766,889;  192,850;21843,823;21,12625
 273,95; 4765,112;  180,849;21764,698;21,23932
 274,54; 4637,643;  161,470;21761,566;20,72293
 275,14; 4714,622;  200,773;22189,200;20,52830
 275,74; 4606,483;  154,926;22167,808;20,22251
 276,33; 4643,697;  205,850;22504,881;19,90152
 276,93; 4683,146;  188,855;22848,853;19,83359
 277,53; 4700,090;  195,238;23368,098;19,44021
 278,12; 4781,062;  178,775;23806,277;19,47852
 278,72; 4892,411;  219,238;24373,847;19,34692
 279,32; 4893,885;  186,391;24798,059;19,12708
 279,91; 4965,689;  159,468;25562,541;18,91984
 280,51; 5087,208;  188,469;25967,321;19,00294
 281,11; 5171,656;  180,006;26630,763;18,87148
 281,70; 5241,849;  167,698;27049,153;18,87603
 282,30; 5380,592;  171,312;27551,998;19,02538
 282,90; 5464,003;  173,851;27939,485;19,05288
 283,49; 5505,957;  198,311;28439,687;18,79386
 284,09; 5666,374;  201,390;28910,339;19,03582
 284,69; 5748,383;  211,314;29098,297;19,16804
 285,28; 5813,230;  197,159;29476,937;19,18071
 285,88; 5951,998;  245,541;29721,166;19,35992
 286,47; 5964,859;  186,235;29759,467;19,54005
 287,07; 6128,125;  209,930;29811,041;19,99315
 287,67; 6249,522;  202,163;29911,397;20,35515
 288,26; 6339,640;  176,853;29846,860;20,77110
 288,86; 6462,501;  181,159;29866,006;21,16009
 289,46; 6691,593;  192,698;30055,269;21,76268
 290,05; 6874,448;  175,470;30059,663;22,41646
 290,65; 7097,591;  193,235;30239,781;22,97887
 291,24; 7353,437;  191,699;30304,873;23,78274
 291,84; 7616,780;  211,466;30425,700;24,50935
 292,44; 7824,329;  188,702;30600,545;25,10741
 293,03; 8167,190;  261,776;30732,753;25,94408
 293,63; 8349,508;  177,235;30773,553;26,70999
 294,22; 8586,903;  198,544;30973,729;27,25689
 294,82; 8767,787;  183,617;30975,077;27,87841
 295,41; 8797,311;  170,390;30638,076;28,31498
 296,01; 9015,806;  216,464;30605,787;28,95537
 296,61; 9074,738;  210,622;30362,350;29,39837
 297,20; 9019,101;  199,157;30000,191;29,59610
 297,80; 9129,472;  201,316;29818,216;30,14548
 298,39; 9117,258;  183,313;29490,512;30,48379
 298,99; 9112,166;  194,619;29344,735;30,59181
 299,58; 9113,461;  204,009;29207,145;30,71893
 300,18; 9103,522;  198,624;28990,588;30,92841
 300,78; 9089,710;  178,007;28703,929;31,24072
 301,37; 9127,971;  194,462;28642,972;31,40238
 301,97; 9142,405;  192,929;28648,490;31,45071
 302,56; 9142,136;  193,158;28653,764;31,44339
 303,16; 9147,078;  170,004;28481,819;31,70787
 303,75; 9210,216;  189,315;28525,061;31,83576
 304,35; 9270,211;  181,472;28720,066;31,84719
 304,94; 9332,369;  181,699;28731,637;32,05145
 305,54; 9341,943;  218,546;28672,081;32,06420
 306,13; 9288,516;  161,934;28573,068;32,12326
 306,73; 9268,433;  158,548;28317,031;32,35218
 307,33; 9290,970;  204,317;28321,045;32,31760
 307,92; 9377,223;  193,084;28380,531;32,58237
 308,52; 9556,542;  170,696;28741,356;32,85135
 309,11; 9744,802;  178,541;29205,878;32,95604
 309,71; 9823,197;  171,617;29443,116;32,97262
 310,30; 9885,995;  172,776;29648,606;32,95317
 310,90;10058,534;  208,853;29955,991;33,11136
 311,49;10151,503;  185,314;30028,673;33,39500
 312,09;10212,709;  161,008;30225,597;33,43369
 312,68;10459,241;  231,930;30664,330;33,60665
 313,28;10489,454;  167,314;30631,838;33,88249
 313,87;10572,323;  154,776;30809,032;33,98401
 314,47;10747,810;  172,157;30963,772;34,34589
 315,06;10740,846;  159,391;31159,668;34,13342
 315,66;10896,401;  174,547;31275,674;34,47417
 316,25;10849,032;  156,620;31163,214;34,48432
 316,85;10958,870;  151,778;31200,812;34,80653
 317,44;11058,508;  179,387;31341,615;34,91124
 318,04;11087,729;  164,466;31348,802;35,02804
 318,63;11110,449;  162,471;31389,074;35,05978
 319,22;11328,815;  188,158;31575,797;35,49377
 319,82;11348,360;  185,621;31708,679;35,41134
 320,41;11366,427;  187,158;31426,645;35,78570
 321,01;11445,688;  197,008;31533,415;35,89652
 321,60;11482,092;  189,390;31561,672;35,99580
 322,20;11559,648;  169,315;31579,831;36,26280
 322,79;11630,247;  204,391;31614,250;36,37665
 323,39;11773,866;  181,472;31629,533;36,86203
 323,98;11787,174;  168,930;31550,158;37,02291
 324,58;11837,636;  170,619;31501,168;37,23847
 325,17;11847,474;  174,543;31304,557;37,49735
 325,76;11905,530;  206,776;31146,621;37,81129
 326,36;11853,099;  171,239;30813,671;38,12315
 326,95;11861,243;  200,390;30497,135;38,48880
 327,55;11789,798;  163,774;30140,191;38,78390
 328,14;11751,921;  168,855;29824,158;39,05901
 328,74;11720,685;  199,004;29444,362;39,39661
 329,33;11663,537;  198,931;29099,182;39,66957
 329,92;11606,612;  163,464;28602,332;40,23770
 330,52;11434,781;  184,240;28056,741;40,36431
 331,11;11372,186;  173,390;27658,869;40,74441
 331,71;11247,228;  179,929;27078,464;41,14462
 332,30;11137,446;  201,083;26683,099;41,29732
 332,89;11115,584;  237,161;26152,787;41,97630
 333,49;10935,953;  187,159;25730,178;42,08114
 334,08;10862,781;  176,851;25392,148;42,37876
 334,68;10825,985;  185,928;24979,661;42,91430
 335,27;10757,492;  201,086;24699,617;43,08995
 335,86;10803,109;  229,544;24407,330;43,73256
 336,46;10737,609;  201,625;24132,917;44,02597
 337,05;10751,999;  178,698;23990,860;44,40294
 337,65;10781,309;  166,851;23853,243;44,81247
 338,24;10902,124;  226,161;23820,953;45,24712
 338,83;10957,071;  209,546;23747,210;45,66097
 339,43;11027,072;  166,158;23655,207;46,23820
 340,02;11068,496;  179,542;23628,981;46,43588
 340,61;11256,367;  175,622;23638,933;47,22584
 341,21;11356,762;  213,312;23703,977;47,43778
 341,80;11405,209;  189,082;23583,139;47,94434
 342,40;11531,574;  191,932;23701,383;48,23440
 342,99;11698,045;  184,623;23787,787;48,77915
 343,58;11839,153;  187,392;23957,336;49,01888
 344,18;12045,525;  197,239;24025,125;49,72445
 344,77;12259,984;  175,542;24256,853;50,18183
 345,36;12545,320;  158,083;24541,058;50,80281
 345,96;12787,263;  208,239;24819,807;51,11021
 346,55;12976,906;  181,703;25003,141;51,54900
 347,14;13250,009;  169,778;25317,973;52,01260
 347,74;13600,608;  150,628;25676,600;52,69135
 348,33;13969,641;  178,089;26274,468;52,84853
 348,92;14395,569;  197,629;26750,416;53,47062
 349,52;14677,326;  164,167;27227,383;53,62688
 350,11;14957,997;  175,773;27467,218;54,16431
 350,70;15104,778;  181,622;27518,189;54,59046
 351,29;15073,454;  167,461;27205,563;55,12958
 351,89;15175,324;  187,156;27278,374;55,32482
 352,48;15289,574;  152,237;27344,522;55,66776
 353,07;15362,131;  183,548;27195,951;56,19116
 353,67;15433,803;  191,630;27196,094;56,44316
 354,26;15435,103;  177,778;27049,324;56,77874
 354,85;15458,536;  190,931;26835,017;57,30204
 355,45;15448,034;  168,313;26713,111;57,56202
 356,04;15475,733;  182,548;26689,894;57,69414
 356,63;15426,899;  218,467;26476,589;57,91896
 357,22;15483,376;  191,924;26303,231;58,56257
 357,82;15456,686;  184,463;26171,051;58,76964
 358,41;15465,472;  207,160;26032,662;59,08235
 359,00;15408,551;  173,004;25832,557;59,37573
 359,60;15423,261;  187,238;25782,294;59,52721
 360,19;15432,403;  193,548;25704,162;59,73535
 360,78;15486,814;  191,313;25485,157;60,47124
 361,37;15375,651;  177,159;25361,021;60,35012
 361,97;15463,271;  191,852;25288,609;60,85017
 362,56;15268,529;  171,388;24946,234;60,93737
 363,15;15253,817;  217,544;24762,617;61,25984
 363,74;15038,894;  192,157;24476,679;61,13663
 364,34;14879,159;  205,773;24153,881;61,27159
 364,93;14700,046;  177,696;23823,975;61,41495
 365,52;14528,340;  154,467;23477,638;61,62915
 366,11;14477,567;  187,774;23182,062;62,14497
 366,71;14295,276;  191,389;22803,643;62,37276
 367,30;14103,594;  188,467;22570,511;62,17094
 367,89;14072,836;  227,393;22379,572;62,50150
 368,48;13849,567;  202,234;22074,561;62,39543
 369,07;13650,163;  189,391;21656,189;62,70508
 369,67;13503,561;  210,926;21477,410;62,50509
 370,26;13328,682;  175,468;21171,532;62,64609
 370,85;13229,631;  182,082;20922,749;62,90805
 371,44;13157,247;  188,237;20753,120;63,06387
 372,03;13010,176;  163,235;20556,770;62,99516
 372,63;12848,250;  158,775;20244,119;63,17779
 373,22;12681,825;  175,930;20036,179;62,96948
 373,81;12498,460;  159,236;19782,321;62,88116
 374,40;12391,400;  173,778;19460,047;63,34881
 374,99;12223,579;  176,467;19282,864;63,05277
 375,59;12058,951;  172,085;19059,643;62,93490
 376,18;12024,961;  201,005;18980,250;62,96289
 376,77;11980,603;  196,006;18709,635;63,65363
 377,36;11903,042;  208,390;18763,235;63,02748
 377,95;11705,334;  191,543;18407,371;63,20762
 378,55;11613,919;  172,931;18324,569;63,03006
 379,14;11589,256;  186,159;18193,346;63,32525
 379,73;11478,160;  190,005;18150,868;62,84862
 380,32;11492,057;  184,775;18138,729;62,97934
 380,91;11382,828;  157,311;18041,879;62,76650
 381,50;11408,134;  201,158;18028,560;62,86377
 382,10;11293,596;  168,621;17937,882;62,60797
 382,69;11265,052;  168,621;17884,833;62,63433
 383,28;11222,744;  202,466;17890,255;62,30444
 383,87;11105,633;  176,542;17716,016;62,31140
 384,46;11078,222;  170,540;17679,514;62,29767
 385,05;11075,656;  208,696;17677,748;62,20693
 385,64;11057,337;  192,235;17644,677;62,25548
 386,24;10997,626;  163,386;17642,555;61,98373
 386,83;11027,538;  199,540;17686,201;61,92147
 387,42;11017,778;  196,851;17786,251;61,51959
 388,01;11129,011;  194,076;17924,233;61,67421
 388,60;11183,695;  191,925;18158,714;61,17826
 389,19;11356,094;  177,997;18305,830;61,66262
 389,78;11430,005;  179,228;18564,528;61,19442
 390,37;11669,262;  240,000;18893,698;61,27076
 390,96;11664,663;  189,001;18997,024;61,01471
 391,56;11806,546;  194,919;19208,103;61,07145
 392,15;11830,859;  184,690;19430,345;60,51324
 392,74;11861,081;  159,069;19627,742;60,10688
 393,33;12054,809;  183,688;19819,125;60,45764
 393,92;12190,122;  193,298;20196,938;59,97321
 394,51;12214,307;  169,303;20392,440;59,56051
 395,10;12312,141;  207,062;20651,962;59,20831
 395,69;12367,759;  202,678;20752,398;59,19828
 396,28;12436,724;  208,983;20771,541;59,46605
 396,87;12441,102;  208,363;20898,450;59,12367
 397,46;12423,407;  215,129;20943,923;58,89527
 398,06;12479,556;  223,279;21139,960;58,59571
 398,65;12482,339;  204,578;21271,406;58,28007
 399,24;12514,986;  225,422;21394,542;58,05421
 399,83;12441,197;  198,331;21390,949;57,76948
 400,42;12512,884;  254,088;21553,748;57,55395
 401,01;12502,897;  213,074;21665,870;57,28775
 401,60;12491,531;  228,285;21657,881;57,22574
 402,19;12423,999;  249,039;21683,120;56,80187
 402,78;12352,225;  253,477;21718,293;56,36549
 403,37;12187,609;  237,763;21500,734;56,20027
 403,96;12153,601;  234,660;21369,983;56,39347
 404,55;12086,042;  263,323;21325,723;56,13187
 405,14;11929,133;  239,527;21175,396;55,83530
 405,73;11846,385;  256,881;21100,947;55,60098
 406,32;11747,222;  257,091;21055,753;55,24457
 406,91;11634,895;  238,759;20761,509;55,52928
 407,50;11483,087;  263,593;20641,761;55,05644
 408,09;11325,486;  237,815;20373,194;55,06562
 408,68;11274,472;  246,270;20291,234;55,01732
 409,27;11115,137;  245,355;20085,614;54,78649
 409,86;10961,452;  256,989;20002,333;54,21259
 410,45;10992,751;  288,928;19955,774;54,42572
 411,04;10881,189;  289,559;19904,468;53,99785
 411,63;10672,324;  273,350;19624,100;53,73938
 412,22;10571,793;  280,523;19482,421;53,59507
 412,81;10406,184;  293,145;19202,463;53,48177
 413,40;10224,546;  298,077;18947,508;53,22666
 413,99;10089,920;  328,535;18631,139;53,33331
 414,58; 9792,811;  271,614;18284,849;52,85668
 415,17; 9652,174;  279,991;18101,481;52,58922
 415,76; 9578,507;  256,368;17999,166;52,54041
 416,35; 9425,899;  258,680;17838,897;52,14509
 416,94; 9446,853;  295,139;17844,585;52,14816
 417,53; 9511,958;  266,761;18068,435;51,93443
 418,12; 9535,234;  261,609;18120,991;51,92579
 418,71; 9634,627;  299,923;18412,108;51,53826
 419,30; 9655,811;  278,225;18537,049;51,35920
 419,89; 9731,194;  270,303;18741,244;51,22040
 420,48; 9884,019;  290,231;18964,708;51,37380
 421,07; 9866,736;  282,078;19006,851;51,18704
 421,66; 9811,961;  257,159;19023,831;50,91367
 422,25; 9814,431;  270,782;19022,155;50,89573
 422,84; 9822,479;  301,245;19019,094;50,86714
 423,43; 9656,265;  279,781;18735,300;50,80586
 424,02; 9542,213;  302,397;18536,212;50,67407
 424,60; 9370,670;  262,406;18159,979;50,89106
 425,19; 9183,807;  274,402;17884,214;50,59342
 425,78; 9119,815;  288,248;17869,031;50,23421
 426,37; 9045,490;  290,329;17674,825;50,36190
 426,96; 8979,558;  276,406;17574,765;50,31201
 427,55; 8850,301;  262,565;17458,296;49,94110
 428,14; 8778,003;  276,951;17277,370;50,00496
 428,73; 8676,697;  281,178;17176,404;49,69166
 429,32; 8685,696;  289,944;17161,119;49,76389
 429,91; 8669,163;  302,947;17156,620;49,64031
 430,50; 8580,926;  287,873;16968,792;49,71580
 431,08; 8488,194;  301,183;16859,955;49,44214
 431,67; 8449,466;  337,494;16810,809;49,24311
 432,26; 8364,817;  350,957;16658,199;49,14295
 432,85; 8228,574;  376,957;16259,013;49,43703
 433,44; 8069,219;  372,883;15957,398;49,38451
 434,03; 7895,500;  388,580;15678,711;49,09651
 434,62; 7689,317;  356,807;15263,888;49,18810
 435,21; 7582,207;  369,419;15092,581;48,98940
 435,79; 7506,285;  378,809;14993,266;48,77003
 436,38; 7442,987;  360,429;14891,432;48,74101
 436,97; 7420,530;  363,276;14828,789;48,78676
 437,56; 7284,985;  357,591;14579,542;48,70917
 438,15; 7245,197;  330,897;14590,165;48,48987
 438,74; 7255,484;  347,051;14560,189;48,60596
 439,33; 7273,672;  329,127;14514,915;48,95424
 439,91; 7229,487;  288,284;14558,280;48,64194
 440,50; 7258,250;  339,669;14649,975;48,34684
 441,09; 7332,358;  341,211;14755,578;48,50124
 441,68; 7308,233;  323,215;14746,260;48,42956
 442,27; 7288,836;  313,368;14780,559;48,21578
 442,86; 7296,199;  285,530;14782,373;48,35997
 443,44; 7288,060;  302,067;14802,621;48,17743
 444,03; 7376,598;  356,300;14838,956;48,47383
 444,62; 7280,273;  306,069;14699,606;48,45372
 445,21; 7193,959;  315,068;14587,723;48,19630
 445,80; 7190,043;  345,919;14524,583;48,27059
 446,39; 7064,255;  356,302;14305,874;48,08716
 446,97; 6933,849;  292,385;14107,313;48,07455
 447,56; 6860,211;  312,927;13923,327;48,10501
 448,15; 6747,688;  304,846;13730,790;47,98800
 448,74; 6676,867;  322,693;13558,650;48,00691
 449,33; 6611,353;  317,773;13412,294;48,06270
 449,91; 6498,524;  316,162;13256,983;47,77411
 450,50; 6403,464;  299,238;12957,665;48,22263
 451,09; 6390,693;  319,854;12948,808;48,07080
 451,68; 6359,214;  331,779;12840,793;48,18473
 452,26; 6280,561;  330,781;12763,121;47,85728
 452,85; 6213,985;  309,241;12702,998;47,64289
 453,44; 6218,000;  337,093;12715,419;47,50971
 454,03; 6205,220;  305,474;12641,459;47,82549
 454,61; 6194,111;  302,171;12612,877;47,86030
 455,20; 6297,569;  334,173;12819,368;47,76374
 455,79; 6312,244;  334,631;12800,040;47,95361
 456,38; 6317,191;  334,869;12835,957;47,85441
 456,97; 6300,970;  314,175;12930,733;47,45189
 457,55; 6279,657;  327,024;12986,367;47,02166
 458,14; 6336,413;  359,328;12929,255;47,55067
 458,73; 6276,076;  336,255;12858,286;47,43497
 459,31; 6299,622;  360,105;12888,016;47,41027
 459,90; 6329,566;  365,642;13009,337;47,16916
 460,49; 6381,288;  401,179;13084,693;47,14868
 461,08; 6375,494;  331,646;13146,916;47,16130
 461,66; 6425,147;  333,874;13133,433;47,58971
 462,25; 6443,198;  346,724;13253,540;47,23453
 462,84; 6466,221;  372,415;13264,835;47,26658
 463,43; 6397,514;  312,728;13273,642;46,94720
 464,01; 6437,566;  335,346;13300,720;47,06552
 464,60; 6433,523;  382,881;13257,123;46,99805
 465,19; 6274,623;  310,193;13024,885;46,90975
 465,77; 6266,970;  346,195;12957,829;46,94693
 466,36; 6241,146;  355,190;12871,454;47,02646
 466,95; 6107,231;  338,421;12568,117;47,17051
 467,53; 5970,261;  349,274;12329,878;46,91739
 468,12; 5884,045;  370,198;12130,524;46,88515
 468,71; 5753,306;  358,578;11902,890;46,73062
 469,29; 5653,241;  329,044;11685,581;46,88222
 469,88; 5466,928;  343,892;11486,547;45,97679
 470,47; 5615,727;  405,357;11586,317;46,60038
 471,06; 5515,219;  349,127;11501,943;46,32097
 471,64; 5581,246;  352,280;11596,839;46,50219
 472,23; 5581,434;  321,594;11583,969;46,70276
 472,81; 5598,708;  323,437;11719,893;46,28870
 473,40; 5591,106;  338,671;11817,928;45,75588
 473,99; 5742,678;  438,979;12040,937;45,71383
 474,57; 5728,460;  340,133;12159,994;45,58706
 475,16; 5786,259;  360,361;12218,465;45,75688
 475,75; 5869,224;  373,289;12384,013;45,75856
 476,33; 5836,831;  377,523;12477,109;45,11979
 476,92; 5865,941;  374,980;12492,704;45,31347
 477,51; 5911,700;  368,983;12553,558;45,48962
 478,09; 5893,844;  376,598;12581,345;45,20573
 478,68; 5885,747;  378,292;12542,433;45,27615
 479,27; 5908,392;  397,751;12597,596;45,16976
 479,85; 5850,117;  370,599;12553,004;44,97895
 480,44; 5897,272;  361,908;12606,505;45,20658
 481,02; 6377,433;  378,757;13796,042;44,70856
 481,61; 7184,794;  402,064;15652,194;44,47654
 482,20; 7604,824;  389,526;16794,488;43,98241
 482,78; 7982,922;  417,446;17518,987;44,23856
 483,37; 8158,243;  400,222;18018,243;44,03457
 483,95; 8293,101;  423,531;18194,276;44,28385
 484,54; 8326,836;  435,063;18409,352;43,90590
 485,13; 8294,361;  397,380;18366,598;43,94727
 485,71; 8185,381;  376,840;18058,972;44,16063
 486,30; 8079,833;  431,071;17894,682;43,79828
 486,88; 7933,929;  442,688;17531,852;43,83621
 487,47; 7710,410;  433,535;16893,254;44,21020
 488,05; 7322,888;  429,767;16157,182;43,82870
 488,64; 6819,606;  425,000;14969,596;43,96551
 489,23; 6106,379;  430,229;13365,258;43,88200
 489,81; 5249,124;  430,538;11432,053;43,79929
 490,40; 4857,771;  382,077;10874,205;42,65764
 490,98; 4759,484;  357,462;10591,516;43,01347
 491,57; 4762,440;  397,999;10567,510;42,91693
 492,15; 4677,184;  373,771;10500,179;42,49694
 492,74; 4670,602;  389,152;10406,749;42,73929
 493,32; 4594,556;  402,616;10315,377;42,28832
 493,91; 4551,235;  379,387;10229,194;42,35462
 494,50; 4517,417;  391,392;10263,082;41,79654
 495,08; 4465,489;  369,546;10121,789;42,00002
 495,67; 4517,969;  390,772;10132,736;42,36515
 496,25; 4404,242;  326,544;10026,577;42,03798
 496,84; 4389,751;  347,156;10026,563;41,76491
 497,42; 4316,659;  330,468; 9959,484;41,39770
 498,01; 4311,295;  367,080; 9902,920;41,36201
 498,59; 4234,463;  317,237; 9817,250;41,23390
 499,18; 4229,460;  328,080; 9836,658;41,03011
 499,76; 4211,018;  354,775; 9744,638;41,06815
 500,35; 4100,410;  347,086; 9572,984;40,68248
 500,93; 4075,629;  325,852; 9577,089;40,53270
 501,52; 4017,303;  330,237; 9470,573;40,33840
 502,10; 4015,510;  346,011; 9496,038;40,10369
 502,69; 3928,572;  334,090; 9334,329;39,93762
 503,27; 3827,986;  317,777; 9147,938;39,75248
 503,86; 3781,235;  327,474; 9068,484;39,51215
 504,44; 3781,461;  311,398; 8999,373;39,94098
 505,03; 3620,400;  292,860; 8772,262;39,24263
 505,61; 3580,251;  315,167; 8645,426;39,19547
 506,19; 3515,865;  329,629; 8542,030;38,79786
 506,78; 3460,300;  302,940; 8351,751;39,22766
 507,36; 3358,132;  305,244; 8211,729;38,61245
 507,95; 3293,492;  326,558; 8031,400;38,50740
 508,53; 3263,277;  308,094; 7979,494;38,52208
 509,12; 3180,247;  315,403; 7891,907;37,81221
 509,70; 3123,701;  323,250; 7716,130;37,88037
 510,29; 3072,214;  341,483; 7629,516;37,46870
 510,87; 2981,782;  305,402; 7432,639;37,55143
 511,46; 2895,690;  302,941; 7270,954;37,20930
 512,04; 2864,013;  300,635; 7159,948;37,37077
 512,62; 2816,834;  326,710; 7059,818;36,98327
 513,21; 2727,168;  290,714; 6856,757;37,10689
 513,79; 2671,465;  306,027; 6749,780;36,70901
 514,38; 2616,202;  290,640; 6580,820;36,97130
 514,96; 2623,328;  329,640; 6537,501;36,94812
 515,54; 2505,288;  284,641; 6411,547;36,24418
 516,13; 2483,520;  316,257; 6365,150;35,82909
 516,71; 2442,477;  293,413; 6187,097;36,46384
 517,30; 2361,994;  298,492; 6100,160;35,56739
 517,88; 2326,228;  317,031; 6059,697;34,98719
 518,46; 2266,004;  286,109; 5948,733;34,96426
 519,05; 2266,350;  296,187; 5904,152;35,13151
 519,63; 2250,835;  312,494; 5837,280;35,08446
 520,22; 2231,036;  314,651; 5819,016;34,81573
 520,80; 2172,816;  310,883; 5738,447;34,30515
 521,38; 2165,498;  334,495; 5731,616;33,92554
 521,97; 2111,778;  293,500; 5657,788;33,89598
 522,55; 2122,112;  318,038; 5672,813;33,69094
 523,13; 2085,276;  293,962; 5633,143;33,55035
 523,72; 2063,853;  301,647; 5659,501;32,89014
 524,30; 2116,274;  324,733; 5771,568;32,89141
 524,89; 2071,327;  294,346; 5746,142;32,59442
 525,47; 2100,577;  313,426; 5873,635;32,14179
 526,05; 2102,441;  278,657; 5922,665;32,31363
 526,64; 2124,722;  323,351; 6001,539;31,72440
 527,22; 2147,878;  318,349; 6135,190;31,45227
 527,80; 2189,828;  347,504; 6262,947;31,14431
 528,39; 2156,103;  301,198; 6336,439;30,73456
 528,97; 2162,492;  295,736; 6473,141;30,21910
 529,55; 2235,694;  310,039; 6638,152;30,43017
 530,14; 2292,530;  333,353; 6782,175;30,38039
 530,72; 2283,867;  306,120; 6881,159;30,07962
 531,30; 2296,695;  294,045; 6980,759;29,94968
 531,89; 2296,354;  316,891; 7098,981;29,18661
 532,47; 2338,577;  340,508; 7179,358;29,21645
 533,05; 2327,607;  327,889; 7206,237;29,07265
 533,63; 2330,107;  346,816; 7320,901;28,43801
 534,22; 2314,388;  307,816; 7328,722;28,57996
 534,80; 2362,198;  338,357; 7389,806;28,70106
 535,38; 2419,218;  412,353; 7502,857;28,30355
 535,97; 2310,755;  318,046; 7407,846;28,10669
 536,55; 2362,995;  371,819; 7484,972;27,99287
 537,13; 2333,109;  378,045; 7457,091;27,61762
 537,71; 2369,021;  408,506; 7522,121;27,56004
 538,30; 2377,243;  432,817; 7585,910;27,18301
 538,88; 2398,696;  469,897; 7660,675;26,82322
 539,46; 2425,840;  541,588; 7831,755;25,84649
 540,05; 2450,967;  557,358; 7964,077;25,56610
 540,63; 2518,777;  596,666; 8108,608;25,58741
 541,21; 2540,373;  625,206; 8260,452;25,08324
 541,79; 2572,494;  662,283; 8345,751;24,86131
 542,38; 2626,418;  681,742; 8498,338;24,87880
 542,96; 2625,653;  701,977; 8638,609;24,23794
 543,54; 2670,148;  719,744; 8861,218;23,95640
 544,12; 2672,468;  696,591; 8941,174;23,96576
 544,70; 2689,855;  672,747; 9030,355;24,13499
 545,29; 2726,040;  683,743; 9151,014;24,11990
 545,87; 2720,109;  650,898; 9205,136;24,18931
 546,45; 2678,190;  605,588; 9222,491;24,05275
 547,03; 2647,491;  598,051; 9248,623;23,69138
 547,62; 2676,377;  568,745; 9376,130;23,93029
 548,20; 2664,890;  568,900; 9540,760;23,36182
 548,78; 2693,516;  525,136; 9614,143;23,85718
 549,36; 2702,893;  493,751; 9815,403;23,69904
 549,94; 2690,938;  453,053; 9900,376;23,68803
 550,53; 2731,951;  468,442;10132,079;23,42295
 551,11; 2747,746;  419,291;10261,657;23,65748
 551,69; 2793,451;  444,135;10523,829;23,30741
 552,27; 2803,125;  415,518;10761,760;23,07704
 552,85; 2866,372;  411,444;11102,716;22,96198
 553,44; 2936,829;  404,904;11349,153;23,13475
 554,02; 2965,540;  418,674;11698,555;22,57884
 554,60; 2971,510;  357,060;11986,584;22,48114
 555,18; 3056,013;  405,981;12299,240;22,28180
 555,76; 3091,788;  371,674;12580,521;22,27986
 556,34; 3142,612;  372,985;12928,483;22,05908
 556,93; 3220,489;  370,058;13278,593;22,08175
 557,51; 3269,405;  355,062;13566,586;22,05910
 558,09; 3322,977;  375,828;13889,695;21,80833
 558,67; 3358,189;  383,525;14243,901;21,46164
 559,25; 3394,471;  387,601;14502,516;21,30278
 559,83; 3443,303;  361,219;14712,948;21,47535
 560,41; 3457,470;  358,446;15061,399;21,07756
 561,00; 3544,453;  370,679;15405,602;21,10935
 561,58; 3523,995;  352,292;15564,740;20,84939
 562,16; 3574,566;  354,675;15827,248;20,81031
 562,74; 3626,590;  333,674;16170,299;20,79304
 563,32; 3672,774;  343,449;16487,161;20,62305
 563,90; 3766,206;  365,371;16893,406;20,57616
 564,48; 3786,328;  366,138;17252,932;20,25364
 565,06; 3882,058;  348,756;17790,633;20,25758
 565,65; 4009,183;  370,452;18364,895;20,22141
 566,23; 4130,734;  407,218;18999,500;20,02722
 566,81; 4182,557;  357,447;19670,421;19,80591
 567,39; 4340,779;  364,527;20526,056;19,72198
 567,97; 4460,131;  383,525;21033,571;19,74139
 568,55; 4625,640;  410,988;21775,741;19,72713
 569,13; 4689,912;  359,756;22407,065;19,64029
 569,71; 4804,576;  358,060;23291,076;19,38915
 570,29; 5005,712;  409,981;24137,455;19,36882
 570,87; 5137,431;  399,290;24791,379;19,42491
 571,45; 5214,132;  392,987;25303,173;19,35411
 572,03; 5240,206;  349,912;25699,267;19,29159
 572,61; 5327,941;  348,911;26399,372;19,11302
 573,20; 5455,001;  381,831;27027,545;19,03935
 573,78; 5523,406;  370,603;27582,819;18,93563
 574,36; 5580,863;  379,218;28016,539;18,82109
 574,94; 5662,324;  428,682;28281,862;18,79011
 575,52; 5625,437;  384,531;28548,552;18,60851
 576,10; 5711,845;  439,607;29100,078;18,39550
 576,68; 5739,386;  424,989;29663,753;18,17586
 577,26; 5900,481;  437,225;30132,352;18,39782
 577,84; 5968,312;  435,603;30649,174;18,31200
 578,42; 6012,146;  487,683;30852,657;18,19354
 579,00; 5909,423;  434,603;30962,554;17,93379
 579,58; 5961,639;  466,528;31145,999;17,91136
 580,16; 5892,522;  454,375;31274,508;17,64479
 580,74; 5927,142;  459,068;31409,801;17,66702
 581,32; 5852,008;  453,221;31471,405;17,40523
 581,90; 5830,900;  475,068;31360,832;17,34078
 582,48; 5809,770;  481,145;31530,012;17,16206
 583,06; 5793,295;  467,759;31645,146;17,08141
 583,64; 5777,137;  465,066;31726,545;16,99238
 584,22; 5670,178;  475,224;31533,208;16,72663
 584,80; 5635,939;  485,606;31311,453;16,70784
 585,38; 5517,538;  497,446;30916,404;16,50317
 585,96; 5452,261;  459,758;31068,098;16,31092
 586,54; 5431,795;  481,454;31036,758;16,20125
 587,12; 5432,320;  462,761;31161,891;16,18795
 587,70; 5409,342;  481,450;31347,237;15,96555
 588,28; 5368,945;  461,915;31385,412;15,86829
 588,86; 5337,874;  476,992;31519,846;15,65862
 589,44; 5300,505;  451,996;31455,187;15,63874
 590,02; 5309,530;  451,610;31719,238;15,53658
 590,59; 5285,404;  430,608;31929,235;15,41272
 591,17; 5285,291;  428,845;32006,144;15,37955
 591,75; 5241,730;  418,766;32126,473;15,21070
 592,33; 5276,456;  443,688;32340,353;15,15133
 592,91; 5264,887;  393,306;32671,434;15,09251
 593,49; 5271,551;  404,307;32802,681;15,02311
 594,07; 5280,390;  422,846;33033,313;14,89566
 594,65; 5261,003;  438,224;33079,333;14,77517
 595,23; 5279,874;  416,687;33409,322;14,74022
 595,81; 5274,415;  408,534;33545,835;14,68400
 596,39; 5261,154;  406,457;33624,196;14,61477
 596,97; 5287,930;  398,690;33796,195;14,63954
 597,55; 5229,236;  392,455;33700,615;14,52131
 598,12; 5210,553;  386,693;33728,117;14,46807
 598,70; 5212,825;  391,768;33818,620;14,42271
 599,28; 5184,952;  404,768;34013,287;14,22313
 599,86; 5140,734;  397,152;33965,114;14,13128
 600,44; 5127,342;  356,461;34064,721;14,15345
 601,02; 5168,972;  417,695;34218,050;14,05688
 601,60; 5104,275;  392,535;34173,150;13,94806
 602,18; 5089,736;  365,462;34152,602;13,98246
 602,75; 5069,334;  373,072;34232,157;13,87002
 603,33; 5089,294;  381,922;34418,757;13,83023
 603,91; 5052,443;  360,540;34325,147;13,81409
 604,49; 5064,368;  398,999;34393,682;13,72382
 605,07; 5018,970;  386,304;34345,533;13,64185
 605,65; 5036,002;  406,615;34436,391;13,60393
 606,23; 5019,419;  464,608;34619,214;13,33586
 606,80; 5030,915;  514,995;34630,071;13,23732
 607,38; 5011,649;  546,155;34683,826;13,08084
 607,96; 5021,678;  597,457;34728,164;12,96258
 608,54; 5033,738;  652,769;34860,921;12,80680
 609,12; 5002,120;  655,918;34823,046;12,72042
 609,70; 5002,446;  695,229;34929,540;12,58158
 610,27; 5004,145;  700,687;35001,084;12,54638
 610,85; 5005,356;  718,844;35003,187;12,50282
 611,43; 4970,424;  717,537;34987,961;12,40979
 612,01; 4915,789;  684,304;34750,674;12,42130
 612,59; 4881,276;  672,460;34737,035;12,35540
 613,16; 4844,519;  644,224;34690,217;12,33712
 613,74; 4807,036;  620,153;34677,271;12,29371
 614,32; 4785,641;  581,846;34577,418;12,36571
 614,90; 4784,139;  533,613;34521,641;12,50595
 615,48; 4715,869;  481,379;34204,658;12,55658
 616,05; 4676,689;  456,916;34228,119;12,49518
 616,63; 4657,893;  469,069;34010,964;12,48834
 617,21; 4647,359;  462,072;33849,657;12,53546
 617,79; 4644,375;  441,765;33792,598;12,60122
 618,36; 4597,860;  445,766;33676,601;12,49470
 618,94; 4493,077;  385,302;33551,233;12,38553
 619,52; 4498,092;  405,916;33249,711;12,45951
 620,10; 4487,665;  393,841;33235,799;12,46522
 620,67; 4463,636;  413,146;33193,170;12,35658
 621,25; 4443,105;  421,151;33002,568;12,34432
 621,83; 4383,324;  406,225;32912,046;12,23504
 622,41; 4451,234;  450,071;32859,540;12,34566
 622,98; 4379,117;  415,300;32663,673;12,29153
 623,56; 4386,885;  418,299;32733,532;12,28085
 624,14; 4353,345;  395,998;32622,603;12,27975
 624,72; 4346,488;  382,686;32516,489;12,33530
 625,29; 4331,551;  382,069;32529,661;12,28547
 625,87; 4381,640;  417,765;32515,376;12,34944
 626,45; 4269,921;  372,914;32343,321;12,18942
 627,02; 4267,088;  383,381;32318,396;12,16128
 627,60; 4265,182;  359,538;32308,045;12,22481
 628,18; 4238,120;  351,841;32275,815;12,17354
 628,76; 4224,967;  361,377;32234,196;12,12190
 629,33; 4266,108;  382,840;32184,576;12,21087
 629,91; 4248,742;  362,688;32279,184;12,17569
 630,49; 4319,528;  388,070;32417,596;12,27448
 631,06; 4314,604;  381,454;32548,609;12,22722
 631,64; 4271,309;  374,453;32413,461;12,16285
 632,22; 4247,179;  339,990;32414,294;12,18168
 632,79; 4290,921;  371,913;32640,346;12,14502
 633,37; 4302,505;  346,150;32776,778;12,19944
 633,95; 4284,957;  342,145;32761,252;12,16200
 634,52; 4283,020;  344,686;32872,044;12,10776
 635,10; 4291,594;  345,072;32898,950;12,12305
 635,68; 4354,349;  340,913;33024,645;12,27961
 636,25; 4336,247;  328,219;33057,515;12,24599
 636,83; 4317,352;  319,454;33308,812;12,11875
 637,41; 4329,077;  339,528;33312,742;12,09936
 637,98; 4382,491;  356,989;33467,304;12,15785
 638,56; 4364,797;  345,911;33589,662;12,08915
 639,13; 4370,351;  336,838;33647,671;12,10871
 639,71; 4417,072;  368,070;33756,978;12,12679
 640,29; 4343,776;  300,377;33598,392;12,14306
 640,86; 4364,951;  324,762;33698,719;12,10581
 641,44; 4393,048;  321,070;33764,584;12,17569
 642,02; 4376,838;  343,454;33797,372;12,05654
 642,59; 4402,705;  330,070;33899,160;12,13210
 643,17; 4382,803;  307,455;33825,564;12,15865
 643,74; 4431,439;  332,147;33897,121;12,21300
 644,32; 4429,998;  350,224;33794,602;12,19868
 644,89; 4452,326;  339,455;33886,236;12,26011
 645,47; 4454,654;  364,301;33822,870;12,22513
 646,05; 4480,675;  338,917;33844,120;12,36154
 646,62; 4433,773;  333,532;33775,754;12,26067
 647,20; 4511,255;  340,609;33996,004;12,39221
 647,77; 4409,199;  309,686;33826,177;12,23133
 648,35; 4465,835;  300,148;33744,657;12,45552
 648,92; 4483,163;  332,917;33742,599;12,42228
 649,50; 4439,030;  299,763;33743,079;12,37696
 650,08; 4395,589;  313,379;33643,868;12,24768
 650,65; 4496,379;  308,148;33873,117;12,47798
 651,23; 4590,630;  287,533;34500,213;12,57749
 651,80; 4700,651;  284,225;35347,924;12,59544
 652,38; 4761,595;  304,918;35719,482;12,58431
 652,95; 4827,769;  285,379;36081,193;12,68972
 653,53; 4901,175;  321,149;36346,443;12,71336
 654,10; 4963,888;  336,841;36454,538;12,81102
 654,68; 4897,447;  300,611;36378,250;12,74151
 655,25; 4944,544;  289,918;36456,422;12,86999
 655,83; 4929,565;  296,688;36537,364;12,78364
 656,40; 4985,124;  332,534;36506,845;12,86159
 656,98; 4927,452;  292,457;36424,171;12,82805
 657,55; 4918,396;  309,842;36363,652;12,78243
 658,13; 4890,494;  295,842;35883,286;12,91088
 658,70; 4856,207;  318,227;35800,074;12,78958
 659,28; 4749,074;  303,304;34942,170;12,83463
 659,85; 4659,863;  323,381;34232,958;12,78837
 660,43; 4670,807;  322,458;34213,516;12,83037
 661,00; 4689,366;  302,304;34383,073;12,87255
 661,58; 4755,002;  295,073;34619,630;12,99341
 662,15; 4780,408;  296,996;34827,265;12,98400
 662,73; 4877,813;  355,997;35099,514;13,01485
 663,30; 4866,449;  313,227;35312,764;13,00938
 663,88; 4871,854;  305,766;35433,783;12,99842
 664,45; 4930,029;  299,920;35638,648;13,10208
 665,03; 5001,049;  297,382;35915,513;13,20582
 665,60; 5116,762;  374,151;36403,609;13,16315
 666,17; 5063,937;  312,920;36516,166;13,12318
 666,75; 5131,804;  298,997;36774,339;13,24952
 667,32; 5203,901;  329,074;37023,204;13,28503
 667,90; 5256,153;  312,921;37335,146;13,35207
 668,47; 5343,327;  323,382;37535,934;13,48992
 669,05; 5385,886;  314,075;37830,722;13,51883
 669,62; 5381,369;  291,152;37968,895;13,50988
 670,19; 5388,312;  275,767;37959,837;13,56686
 670,77; 5474,333;  303,767;38223,317;13,63562
 671,34; 5460,123;  295,152;38101,336;13,66171
 671,92; 5546,759;  290,229;38389,586;13,79690
 672,49; 5571,241;  308,614;38431,759;13,80428
 673,06; 5544,416;  266,229;38504,701;13,80334
 673,64; 5608,513;  280,537;38489,643;13,94426
 674,21; 5601,765;  282,614;38387,662;13,95918
 674,79; 5705,862;  309,153;38620,988;14,08627
 675,36; 5739,268;  315,230;38708,699;14,12750
 675,93; 5680,673;  283,537;38668,257;14,06064
 676,51; 5735,232;  308,768;38746,045;14,11771
 677,08; 5776,253;  299,307;38908,910;14,18545
 677,65; 5848,273;  307,845;38928,621;14,34572
 678,23; 5911,294;  305,922;39173,179;14,42184
 678,80; 5900,238;  291,153;39328,351;14,36856
 679,38; 5964,258;  295,153;39473,293;14,47007
 679,95; 5999,048;  304,769;39654,620;14,47090
 680,52; 6040,069;  296,000;39890,716;14,50716
 681,10; 6141,936;  304,384;40293,888;14,59771
 681,67; 6208,649;  299,923;40502,215;14,69748
 682,24; 6224,285;  273,615;40588,849;14,76035
 682,82; 6369,844;  290,077;41102,484;14,89686
 683,39; 6452,018;  326,923;41358,964;14,92759
 683,96; 6485,808;  288,308;41611,983;14,99746
 684,54; 6497,137;  272,616;41813,848;14,98396
 685,11; 6631,080;  310,385;42132,482;15,11329
 685,68; 6692,716;  286,308;42546,424;15,15947
 686,25; 6693,353;  274,616;42635,059;15,15267
 686,83; 6789,450;  273,693;42791,462;15,32479
 687,40; 6882,317;  269,386;43071,789;15,44991
 687,97; 7006,184;  322,386;43388,808;15,51974
 688,55; 6971,974;  258,001;43466,903;15,53840
 689,12; 7038,071;  255,617;43682,692;15,61803
 689,69; 7065,015;  266,232;43795,787;15,61877
 690,26; 7127,113;  284,771;43954,499;15,66839
 690,84; 7155,364;  291,771;44189,364;15,63547
 691,41; 7266,615;  306,309;44136,844;15,88004
 691,98; 7349,328;  294,848;44588,478;15,92663
 692,56; 7365,657;  282,694;44574,882;15,99145
 693,13; 7423,216;  333,464;44633,593;16,00391
 693,70; 7487,929;  302,925;44812,381;16,14265
 694,27; 7522,873;  290,387;44812,708;16,24463
 694,84; 7569,893;  282,695;45005,957;16,29398
 695,42; 7626,760;  334,310;45101,899;16,28957
 695,99; 7650,935;  304,079;45276,918;16,33621
 696,56; 7734,109;  294,080;45164,014;16,58132
 697,13; 7834,899;  298,849;45467,264;16,68434
 697,71; 7810,150;  289,003;45588,129;16,60330
 698,28; 7915,940;  299,080;45841,302;16,72483
 698,85; 7961,499;  268,157;45908,628;16,85640
 699,42; 8031,289;  267,772;46123,263;16,93040
 699,99; 8105,387;  304,926;46237,128;16,98255
 700,57; 8140,715;  297,311;46230,070;17,07584
 701,14; 8207,121;  280,311;46376,935;17,19607
 701,71; 8311,680;  310,850;46638,800;17,26999
 702,28; 8372,700;  294,465;46572,511;17,45587
 702,85; 8409,567;  307,081;46653,376;17,48249
 703,43; 8487,511;  312,312;46872,549;17,55833
 704,00; 8623,916;  327,004;47096,568;17,73998
 704,57; 8595,245;  299,312;46970,971;17,77510
 705,14; 8715,573;  332,004;47369,682;17,82309
 705,71; 8715,209;  342,081;47427,471;17,78286
 706,28; 8748,999;  310,850;47394,874;17,92147
 706,86; 8828,020;  346,620;47531,354;17,97488
 707,43; 8905,117;  359,235;47444,912;18,14964
 708,00; 8933,215;  328,005;47556,777;18,22027
 708,57; 8892,235;  301,389;47422,488;18,23142
 709,14; 9016,333;  327,236;47655,815;18,35909
 709,71; 9014,815;  312,543;47744,449;18,34687
 710,28; 9113,836;  313,082;47915,314;18,48811
 710,86; 9124,857;  309,928;48020,871;18,47569
 711,43; 9256,185;  333,313;47975,352;18,72899
 712,00; 9272,975;  316,467;48120,755;18,73578
 712,57; 9399,072;  337,390;48233,544;18,91944
 713,14; 9339,708;  314,698;48374,639;18,77865
 713,71; 9456,729;  315,159;48244,197;19,07313
 714,28; 9476,057;  300,544;48378,754;19,08456
 714,85; 9470,924;  293,775;48046,850;19,21792
 715,42; 9542,099;  293,237;48317,407;19,25876
 716,00; 9656,196;  360,237;48414,042;19,34490
 716,57; 9687,679;  297,468;48484,291;19,48709
 717,14; 9705,315;  281,929;48384,541;19,59017
 717,71; 9744,720;  280,006;48454,637;19,64668
 718,28; 9835,433;  325,699;48556,348;19,71720
 718,85; 9835,223;  276,468;48492,059;19,82503
 719,42; 9985,090;  296,776;48717,617;20,00856
 719,99; 9934,033;  283,776;48509,020;20,01080
 720,56;10077,669;  310,391;48748,654;20,16439
 721,13;10092,228;  287,392;48823,981;20,20092
 721,70;10121,172;  277,546;48758,615;20,30406
 722,27;10201,808;  304,546;48775,019;20,41916
 722,84;10342,675;  345,238;48931,961;20,57648
 723,41;10291,542;  276,546;48967,826;20,56836
 723,98;10338,332;  299,546;49080,229;20,57943
 724,55;10464,352;  310,315;49232,402;20,75553
 725,12;10443,373;  247,623;49144,498;20,85154
 725,69;10574,009;  285,239;49277,517;21,00080
 726,27;10698,491;  293,623;49382,690;21,19590
 726,84;10738,127;  298,854;49718,401;21,12377
 727,41;10835,994;  308,316;49661,189;21,33144
 727,98;10923,630;  311,162;49958,900;21,37553
 728,55;11047,113;  330,162;49853,381;21,64025
 729,12;11051,979;  273,239;49989,169;21,68066
 729,69;11182,231;  317,624;50136,957;21,80801
 730,26;11204,098;  309,778;50348,822;21,77164
 730,82;11235,426;  297,163;50277,456;21,88515
 731,39;11315,985;  291,317;50285,167;22,05205
 731,96;11443,775;  280,624;50571,802;22,19704
 732,53;11523,180;  306,240;50841,744;22,19616
 733,10;11598,509;  306,548;51018,993;22,26665
 733,67;11730,222;  314,317;51184,551;22,44123
 734,24;11640,165;  290,855;50785,416;22,47630
 734,81;11762,955;  325,702;50886,742;22,62068
 735,38;11720,437;  301,702;50707,223;22,65374
 735,95;11757,227;  299,625;50561,780;22,79568
 736,52;11857,479;  302,548;50796,491;22,88380
 737,09;11814,730;  307,548;50411,818;22,96647
 737,66;11973,443;  349,241;50647,221;23,11067
 738,23;11965,233;  293,395;50711,779;23,14997
 738,80;12184,715;  357,318;50979,490;23,36407
 739,37;12203,890;  321,395;51168,278;23,36917
 739,94;12365,834;  306,933;51266,605;23,66361
 740,51;12500,162;  399,395;51176,162;23,83131
 741,07;12373,183;  294,395;51149,489;23,75138
 741,64;12539,665;  334,626;51368,123;23,91574
 742,21;12594,839;  297,857;51408,450;24,05956
 742,78;12590,091;  271,934;51195,776;24,18937
 743,35;12713,881;  295,780;51403,334;24,29797
 743,92;12784,286;  323,396;51518,122;24,34018
 744,49;12863,691;  309,011;51500,987;24,52470
 745,06;12828,020;  304,011;51481,621;24,47166
 745,63;12925,040;  277,242;51405,409;24,73744
 746,19;12983,984;  286,781;51513,813;24,78614
 746,76;13035,235;  295,704;51484,062;24,88756
 747,33;13053,871;  284,858;51445,158;24,95883
 747,90;13214,815;  316,319;51609,408;25,14665
 748,47;13218,682;  305,396;51598,427;25,17552
 749,04;13259,933;  308,550;51568,061;25,26630
 749,61;13302,723;  334,935;51465,465;25,36212
 750,17;13455,359;  313,166;51550,714;25,64954
 750,74;13373,765;  309,474;51508,964;25,51645
 751,31;13442,555;  288,551;51351,598;25,76032
 751,88;13472,498;  272,474;51405,848;25,81489
 752,45;13602,442;  296,782;51402,174;26,03573
 753,02;13531,693;  316,859;51215,040;25,96327
 753,58;13591,329;  293,628;51275,212;26,08334
 754,15;13681,966;  295,859;51399,462;26,19406
 754,72;13647,986;  281,551;51227,404;26,23655
 755,29;13652,161;  267,244;51119,192;26,32135
 755,86;13723,258;  295,475;51214,365;26,37093
 756,42;13828,587;  299,244;51097,845;26,63330
 756,99;13755,607;  253,090;50977,326;26,61946
 757,56;13827,628;  255,937;50970,498;26,76094
 758,13;13886,341;  227,860;50886,210;26,96195
 758,70;14021,362;  250,552;51004,921;27,13226
 759,26;14052,228;  236,322;51033,863;27,19798
 759,83;14168,711;  243,322;51053,266;27,40682
 760,40;14130,962;  226,322;51003,824;27,38347
 760,97;14153,829;  230,937;50898,227;27,47905
 761,53;14055,311;  218,322;50600,554;27,46403
 762,10;14197,716;  209,245;50629,650;27,74367
 762,67;14228,276;  252,861;50692,130;27,70741
 763,24;14172,758;  196,784;50153,149;27,97636
 763,80;14328,701;  237,938;50331,860;28,12869
 764,37;14341,799;  239,938;50257,571;28,19378
 764,94;14222,512;  226,246;49867,283;28,19495
 765,50;14241,533;  239,092;49944,378;28,17093
 766,07;14375,476;  271,015;49896,244;28,42196
 766,64;14340,882;  243,246;49654,262;28,53136
 767,21;14354,979;  259,323;49628,974;28,55126
 767,77;14370,385;  276,861;49478,685;28,64431
 768,34;14454,636;  280,554;49371,396;28,87317
 768,91;14470,964;  276,016;49330,569;28,93707
 769,47;14494,677;  284,016;49375,280;28,94743
 770,04;14539,390;  291,247;49143,068;29,16604
 770,61;14551,026;  262,939;48955,087;29,34372
 771,18;14558,201;  254,247;48914,106;29,39580
 771,74;14624,683;  278,401;48989,510;29,45177
 772,31;14600,858;  279,632;48733,913;29,55616
 772,88;14639,724;  249,016;48515,393;29,81518
 773,44;14642,130;  262,939;48387,566;29,87907
 774,01;14733,843;  279,324;48493,970;29,97952
 774,58;14710,094;  255,555;48151,681;30,17893
 775,14;14765,115;  254,709;48253,700;30,23065
 775,71;14743,289;  252,171;48216,026;30,21258
 776,27;14845,848;  310,709;48202,507;30,34996
 776,84;14938,792;  336,171;48305,833;30,44137
 777,41;14915,736;  278,248;47961,699;30,69721
 777,97;14868,141;  255,940;47678,179;30,81297
 778,54;14898,777;  276,171;47718,275;30,82200
 779,11;14933,567;  291,479;47758,217;30,84705
 779,67;15025,819;  243,941;47711,928;31,14073
 780,24;14948,301;  272,941;47509,101;31,06806
 780,80;15119,860;  290,864;47501,120;31,41054
 781,37;15116,650;  271,787;47502,908;31,43026
 781,94;15059,824;  271,787;47295,234;31,44822
 782,50;15120,076;  274,556;47226,407;31,61860
 783,07;15200,558;  296,326;47330,118;31,68835
 783,63;15120,579;  264,557;47086,214;31,72895
 784,20;15182,292;  291,018;46959,925;31,90834
 784,77;15180,928;  274,095;46781,483;32,05261
 785,33;15150,871;  255,711;46631,425;32,11845
 785,90;15241,815;  268,096;46723,828;32,23223
 786,46;15221,913;  288,019;46535,616;32,29118
 787,03;15207,241;  253,173;46280,712;32,48939
 787,59;15331,185;  265,173;46207,885;32,79304
 788,16;15300,821;  267,942;46151,442;32,76315
 788,73;15319,226;  285,327;46032,461;32,86304
 789,29;15220,631;  268,096;45727,865;32,89180
 789,86;15260,267;  278,865;45739,038;32,95501
 790,42;15277,904;  282,173;45568,979;33,11280
 790,99;15186,155;  280,481;45233,691;33,15820
 791,55;15203,791;  262,789;45164,325;33,27504
 792,12;15305,735;  289,712;45206,575;33,43070
 792,68;15229,832;  276,174;44950,517;33,47259
 793,25;15172,853;  284,174;44732,536;33,49658
 793,81;15276,720;  335,405;44415,016;33,89620
 794,38;15121,971;  240,559;44239,343;33,82233
 794,94;15151,069;  261,097;44125,977;33,94509
 795,51;15149,166;  283,790;43907,688;34,07622
 796,07;15052,572;  276,328;43538,322;34,15525
 796,64;15178,746;  290,328;43800,957;34,21789
 797,20;15033,305;  272,713;43289,052;34,31392
 797,77;14931,326;  250,098;42932,994;34,39604
 798,33;14956,347;  276,329;42779,475;34,53866
 798,90;15011,444;  288,867;42734,417;34,68580
 799,46;14912,926;  264,252;42403,820;34,76228
 800,03;14882,024;  262,944;42239,455;34,82681
 800,59;14888,737;  286,406;42102,243;34,92058
 801,15;14866,835;  281,868;41835,031;35,09953
 801,72;14781,471;  273,714;41555,819;35,14297
 802,28;14820,491;  298,945;41222,607;35,48447
 802,85;14727,820;  271,176;41168,088;35,34899
 803,41;14635,071;  266,714;40968,260;35,30175
 803,98;14549,630;  253,483;40590,125;35,44208
 804,54;14530,805;  272,484;40381,606;35,54882
 805,11;14534,133;  278,484;40151,856;35,75230
 805,67;14485,154;  302,945;40103,798;35,63293
 806,23;14387,482;  276,792;39698,893;35,79386
 806,80;14415,195;  300,099;39595,989;35,92003
 807,36;14331,831;  298,946;39503,777;35,79377
 807,93;14316,313;  303,176;39394,796;35,84691
 808,49;14241,026;  254,561;38991,661;36,10612
 809,05;14202,816;  251,561;38746,373;36,24191
 809,62;14208,452;  283,254;38788,853;36,16409
 810,18;14262,858;  287,792;38594,257;36,48226
 810,74;14150,263;  255,869;38356,814;36,46732
 811,31;14133,360;  253,869;38185,756;36,59056
 811,87;14145,227;  270,331;38124,082;36,65395
 812,44;14158,171;  298,639;38078,563;36,68491
 813,00;14087,576;  227,100;37743,736;36,94488
 813,56;14153,982;  273,947;37907,216;36,88235
 814,13;14179,771;  256,485;37684,620;37,20005
 814,69;14109,254;  270,716;37579,331;37,09207
 815,25;14101,505;  241,332;37159,965;37,54249
 815,82;14183,449;  279,639;37158,369;37,70143
 816,38;14153,854;  304,101;36982,772;37,75969
 816,94;14050,106;  247,947;36683,945;37,88056
 817,51;13989,972;  241,947;36475,502;37,94280
 818,07;14018,070;  250,563;36313,367;38,17647
 818,63;14015,475;  270,948;36059,232;38,40510
 819,20;14047,342;  259,025;36002,636;38,57561
 819,76;13970,901;  245,255;35733,655;38,67643
 820,32;13927,922;  279,640;35601,981;38,63923
 820,89;13943,789;  279,102;35421,385;38,88389
 821,45;13843,809;  247,717;35149,788;38,95497
 822,01;13842,445;  263,487;34907,961;39,19516
 822,57;13794,543;  281,102;34767,826;39,18447
 823,14;13812,410;  240,333;34556,691;39,54987
 823,70;13774,430;  249,102;34326,479;39,69005
 824,26;13737,220;  245,333;34234,729;39,69440
 824,82;13734,856;  280,179;34049,363;39,84306
 825,39;13619,416;  245,564;33819,844;39,83362
 825,95;13711,744;  273,641;33877,863;39,98933
 826,51;13565,611;  261,564;33513,651;40,00966
 827,08;13617,785;  293,949;33632,208;39,96560
 827,64;13673,729;  277,872;33386,227;40,46065
 828,20;13519,057;  254,103;33196,861;40,26668
 828,76;13567,616;  272,642;33139,265;40,45130
 829,32;13554,329;  286,026;32959,438;40,60887
 829,89;13492,812;  238,027;32840,687;40,65553
 830,45;13559,525;  265,719;32805,937;40,85346
 831,01;13535,853;  253,796;32630,264;41,02380
 831,57;13532,412;  260,950;32506,359;41,15768
 832,14;13485,202;  252,565;32522,378;41,00624
 832,70;13480,915;  247,489;32309,243;41,27480
 833,26;13451,782;  226,412;32221,032;41,33623
 833,82;13494,495;  251,873;32083,897;41,60157
 834,38;13540,669;  256,335;32210,608;41,57295
 834,95;13446,998;  233,258;31973,319;41,63111
 835,51;13472,634;  210,951;31919,569;41,82359
 836,07;13496,424;  253,797;31953,588;41,77512
 836,63;13565,675;  275,643;31927,607;41,98802
 837,19;13548,773;  250,182;31857,164;42,07485
 837,75;13504,639;  221,259;31542,567;42,41004
 838,32;13615,352;  264,182;31683,048;42,49412
 838,88;13569,219;  265,720;31676,298;42,35356
 839,44;13632,625;  255,644;31588,316;42,69339
 840,00;13690,184;  249,490;31425,489;43,11231
 840,56;13601,127;  244,259;31253,200;43,07425
 841,12;13636,840;  240,721;31220,065;43,24210
 841,68;13571,092;  218,798;30958,469;43,43668
 842,25;13645,882;  235,336;31083,949;43,47212
 842,81;13517,364;  221,875;30810,276;43,46579
 843,37;13547,538;  220,875;30856,987;43,49985
 843,93;13629,867;  232,029;30698,852;43,97517
 844,49;13705,272;  262,414;30842,179;43,95998
 845,05;13577,985;  210,799;30651,736;43,91187
 845,61;13703,775;  265,645;30777,678;44,04207
 846,17;13704,565;  236,568;30496,466;44,50774
 846,73;13690,662;  246,414;30422,408;44,55279
 847,29;13679,760;  230,260;30269,735;44,77275
 847,86;13653,550;  237,876;30236,446;44,72104
 848,42;13655,878;  235,953;30102,927;44,93232
 848,98;13698,437;  248,107;30056,945;45,12195
 849,54;13728,766;  230,338;30022,195;45,30912
 850,10;13681,094;  243,338;29921,522;45,27823
 850,66;13625,730;  231,338;29752,695;45,37187
 851,22;13630,751;  220,338;29685,560;45,51268
 851,78;13667,002;  267,646;29743,194;45,45923
 852,34;13609,023;  241,800;29509,213;45,67272
 852,90;13613,428;  227,492;29446,847;45,81188
 853,46;13521,372;  227,723;29214,251;45,86147
 854,02;13573,085;  249,185;29228,654;45,97703
 854,58;13486,567;  241,723;29006,827;46,04483
 855,14;13459,819;  227,185;28966,230;46,04410
 855,70;13391,224;  198,262;28718,172;46,25878
 856,26;13419,783;  247,801;28829,114;46,08599
 856,82;13424,573;  235,031;28605,133;46,49099
 857,38;13382,901;  265,032;28495,614;46,46688
 857,94;13313,691;  245,493;28417,017;46,38797
 858,50;13358,404;  250,032;28338,267;46,66855
 859,06;13361,271;  226,878;28103,978;47,11535
 859,62;13338,522;  247,724;28130,843;46,94883
 860,18;13286,543;  239,032;28049,170;46,91638
 860,74;13255,487;  208,340;27876,112;47,15648
 861,30;13157,507;  214,648;27653,977;47,16901
 861,86;13320,297;  275,725;27715,073;47,53966
 862,42;13133,779;  240,648;27517,707;47,26731
 862,98;13248,262;  263,417;27542,341;47,60028
 863,54;13193,052;  236,033;27343,283;47,79909
 864,10;13179,072;  234,494;27331,687;47,77092
 864,66;13088,862;  213,879;27118,782;47,85367
 865,22;13117,575;  232,110;27079,494;47,99524
 865,78;13079,211;  234,725;26994,743;47,99879
 866,34;13035,924;  228,187;26833,685;48,13944
 866,90;13099,253;  241,341;26807,243;48,40006
 867,45;12994,350;  244,880;26595,185;48,38453
 868,01;12996,909;  244,341;26394,204;48,76725
 868,57;12905,161;  237,957;26249,069;48,69920
 869,13;12972,951;  215,880;26126,088;49,23569
 869,69;12914,740;  241,726;26118,414;48,97464
 870,25;12834,146;  218,957;25974,664;48,98017
 870,81;12902,474;  228,572;25969,221;49,23692
 871,37;12812,956;  245,419;25871,009;49,04292
 871,93;12776,285;  248,880;25682,721;49,25487
 872,49;12729,690;  264,727;25491,893;49,41087
 873,04;12687,711;  222,111;25348,758;49,61107
 873,60;12679,500;  222,342;25272,777;49,72831
 874,16;12695,137;  245,650;25173,181;49,94272
 874,72;12710,906;  221,727;25105,027;50,19101
 875,28;12672,290;  243,727;25044,565;50,11348
 875,84;12717,060;  240,804;24918,412;50,55699
 876,40;12684,983;  229,573;24931,412;50,42301
 876,95;12759,060;  242,342;24891,258;50,77999
 877,51;12790,521;  263,650;24825,335;51,00168
 878,07;12798,444;  278,573;24851,719;50,94940
 878,63;12780,752;  231,881;24878,796;50,91457
 879,19;12856,137;  254,342;24867,950;51,19848
 879,75;12914,675;  229,419;24956,642;51,30077
 880,30;12940,213;  235,881;24889,335;51,53165
 880,86;13071,906;  271,881;25034,181;51,69158
 881,42;13059,213;  218,573;25074,181;51,66094
 881,98;13174,290;  256,804;25141,027;51,91035
 882,54;13256,521;  225,958;25146,412;52,28863
 883,09;13282,137;  241,188;25286,258;52,06992
 883,65;13391,137;  219,419;25362,181;52,38771
 884,21;13545,829;  263,496;25535,181;52,55816
 884,77;13553,983;  235,573;25585,950;52,53732
 885,32;13658,906;  236,727;25729,335;52,65126
 885,88;13770,906;  272,419;25771,488;52,93717
 886,44;13857,906;  239,881;25922,873;53,02351
 887,00;13818,675;  261,650;25852,565;52,97593
 887,56;13975,752;  236,650;26019,873;53,28698
 888,11;14049,137;  239,958;26002,796;53,60115
 888,67;14175,444;  271,265;26241,335;53,53924
 889,23;14210,752;  243,112;26145,488;53,92416
 889,79;14179,290;  228,727;26112,335;53,89729
 890,34;14133,752;  244,573;25986,642;53,95518
 890,90;14308,137;  300,035;26218,335;54,04715
 891,46;14248,060;  217,958;26037,104;54,33991
 892,01;14279,290;  259,496;26049,412;54,36154
 892,57;14316,675;  272,342;26020,565;54,54486
 893,13;14232,983;  246,650;25776,719;54,78376
 893,69;14211,444;  223,804;25697,873;54,90933
 894,24;14194,675;  241,265;25649,719;54,91641
 894,80;14156,290;  241,804;25554,565;54,97024
 895,36;14085,213;  247,727;25397,181;55,02102
 895,91;14034,060;  232,958;25253,796;55,15843
 896,47;14070,521;  254,650;25154,488;55,48579
 897,03;13961,675;  230,419;25040,181;55,34618
 897,58;13987,444;  254,265;24929,488;55,65574
 898,14;13924,137;  245,419;24805,873;55,69407
 898,70;13925,444;  212,804;24601,719;56,22489
 899,25;13931,290;  238,496;24590,796;56,22793
 899,81;13840,829;  244,881;24447,027;56,17662
 900,37;13724,137;  219,496;24229,027;56,24700
 900,92;13806,444;  241,188;24254,796;56,48987
 901,48;13728,367;  219,573;24116,258;56,52999
 902,03;13672,444;  219,727;23871,719;56,87773
 902,59;13687,367;  232,727;23853,796;56,96034
 903,15;13655,060;  245,265;23809,027;56,90855
 903,70;13487,060;  239,881;23473,719;57,01675
 904,26;13475,521;  233,112;23408,181;57,14076
 904,82;13476,213;  236,342;23407,950;57,13834
 905,37;13436,598;  247,804;23234,873;57,37484
 905,93;13407,521;  229,881;23086,950;57,65236
 906,48;13407,675;  240,650;23093,181;57,61736
 907,04;13374,829;  248,112;23024,335;57,63342
 907,60;13275,290;  233,035;22848,104;57,67064
 908,15;13336,752;  222,958;22672,412;58,41476
 908,71;13340,213;  258,419;22698,258;58,29719
 909,26;13254,290;  224,881;22501,796;58,48839
 909,82;13144,598;  254,265;22493,412;57,96235
 910,37;13233,598;  277,881;22386,027;58,60155
 910,93;13069,752;  228,727;22198,796;58,44781
 911,48;13087,060;  214,573;22115,642;58,77561
 912,04;13059,290;  229,496;22051,950;58,79171
 912,60;13059,290;  243,496;21990,719;58,93072
 913,15;13064,060;  235,342;21874,950;59,28350
 913,71;12965,213;  227,035;21640,181;59,48766
 914,26;12948,444;  212,112;21610,412;59,52030
 914,82;12979,367;  236,342;21583,181;59,69514
 915,37;12882,675;  221,573;21462,027;59,60843
 915,93;12840,444;  272,342;21413,258;59,44919
 916,48;12843,521;  219,188;21190,873;60,19704
 917,04;12789,752;  242,496;21185,565;59,91126
 917,59;12766,444;  253,342;21147,950;59,88675
 918,15;12646,290;  201,419;20903,719;60,11347
 918,70;12607,444;  228,496;20838,796;60,06195
 919,26;12607,906;  228,496;20751,181;60,32062
 919,81;12534,829;  212,727;20559,488;60,56051
 920,37;12494,906;  231,727;20512,950;60,46568
 920,92;12485,367;  242,804;20421,796;60,66985
 921,48;12340,213;  209,881;20279,873;60,44015
 922,03;12420,598;  210,573;20264,719;60,88529
 922,59;12323,675;  227,804;20154,412;60,70211
 923,14;12291,444;  227,112;20027,642;60,92934
 923,69;12331,367;  247,112;19924,565;61,41168
 924,25;12211,213;  243,342;19947,796;60,73688
 924,80;12177,521;  220,650;19736,104;61,26873
 925,36;12130,213;  223,112;19705,642;61,11681
 925,91;12084,367;  228,804;19547,335;61,36887
 926,47;12029,444;  208,188;19500,181;61,27545
 927,02;12033,752;  268,881;19422,719;61,42305
 927,57;11917,598;  221,650;19268,335;61,40674
 928,13;11888,752;  219,035;19187,181;61,52271
 928,68;11871,983;  216,881;19171,873;61,48830
 929,24;11771,367;  193,573;18956,181;61,70674
 929,79;11763,521;  215,496;18839,027;62,00771
 930,34;11744,906;  223,035;18777,488;62,09760
 930,90;11720,598;  220,958;18733,258;62,11892
 931,45;11712,367;  237,188;18704,796;62,13679
 932,01;11616,983;  237,804;18604,258;61,95632
 932,56;11561,290;  242,342;18426,335;62,24677
 933,11;11607,444;  248,804;18460,488;62,37007
 933,67;11475,675;  212,727;18240,258;62,47638
 934,22;11429,213;  228,419;18208,873;62,29428
 934,77;11387,521;  257,958;18076,335;62,46115
 935,33;11263,367;  232,035;17948,719;62,26522
 935,88;11247,213;  235,342;17888,950;62,37745
 936,43;11244,290;  219,265;17853,873;62,51925
 936,99;11164,367;  232,650;17785,719;62,27810
 937,54;11104,367;  206,035;17585,104;62,70953
 938,09;11097,290;  227,035;17601,565;62,56431
 938,65;11046,367;  232,188;17499,642;62,62752
 939,20;10974,290;  204,112;17404,488;62,61595
 939,75;10967,983;  209,188;17267,488;63,07073
 940,31;10919,906;  207,342;17111,181;63,37356
 940,86;10904,367;  227,573;17159,027;63,05893
 941,41;10896,983;  297,958;17040,488;63,30599
 941,96;10805,983;  206,804;16943,719;63,32815
 942,52;10819,521;  221,419;16860,258;63,69496
 943,07;10711,983;  207,265;16771,258;63,41899
 943,62;10700,829;  213,727;16700,258;63,61012
 944,18;10697,137;  210,804;16651,719;63,78193
 944,73;10639,752;  218,342;16579,719;63,69519
 945,28;10525,213;  192,881;16361,565;63,90336
 945,83;10524,829;  220,650;16426,181;63,58433
 946,39;10553,137;  213,804;16281,488;64,34862
 946,94;10504,675;  240,881;16218,796;64,23738
 947,49;10430,290;  218,573;16132,027;64,17034
 948,04;10431,829;  257,881;16075,488;64,32040
 948,59;10423,060;  236,727;15972,488;64,73365
 949,15;10367,444;  206,650;15893,488;64,77273
 949,70;10341,598;  213,342;15800,950;64,97633
 950,25;10336,521;  237,035;15759,873;65,06211
 950,80;10265,983;  189,881;15703,181;64,95138
 951,36;10216,060;  199,958;15601,258;65,03413
 951,91;10270,675;  228,342;15542,873;65,57388
 952,46;10147,060;  202,265;15409,719;65,39421
 953,01;10178,675;  237,650;15412,104;65,51158
 953,56;10094,521;  197,573;15242,719;65,78167
 954,11;10130,983;  230,112;15221,642;66,04310
 954,67;10056,060;  206,650;15153,719;65,89526
 955,22;10010,829;  193,342;15033,719;66,15389
 955,77;10052,060;  241,573;15066,873;66,17395
 956,32;10010,521;  258,958;14908,719;66,56466
 956,87; 9842,367;  213,419;14765,258;66,16998
 957,42; 9875,598;  221,188;14795,642;66,24200
 957,98; 9847,367;  214,342;14672,488;66,62697
 958,53; 9882,137;  234,265;14663,181;66,86484
 959,08; 9797,444;  201,881;14547,104;66,89030
 959,63; 9736,983;  207,804;14474,181;66,79467
 960,18; 9728,675;  232,419;14434,488;66,86530
 960,73; 9671,598;  214,496;14359,258;66,85939
 961,28; 9657,290;  201,804;14329,796;66,92732
 961,83; 9666,367;  238,112;14196,565;67,54513
 962,39; 9592,983;  209,112;14137,258;67,37344
 962,94; 9568,060;  229,112;14077,104;67,43900
 963,49; 9590,290;  227,419;13949,104;68,23412
 964,04; 9544,137;  234,112;13925,335;67,99995
 964,59; 9488,906;  191,804;13798,719;68,32630
 965,14; 9500,598;  243,265;13801,488;68,27836
 965,69; 9468,290;  222,496;13690,181;68,65170
 966,24; 9421,752;  211,112;13623,488;68,67269
 966,79; 9388,752;  231,496;13524,258;68,88904
 967,34; 9268,444;  199,496;13412,104;68,63859
 967,89; 9252,598;  212,419;13317,258;68,98352
 968,44; 9217,829;  221,112;13282,565;68,87991
 968,99; 9240,290;  225,804;13275,719;69,07697
 969,55; 9216,137;  225,958;13148,950;69,56732
 970,10; 9133,598;  231,573;13099,950;69,17753
 970,65; 9118,213;  236,881;12999,642;69,58786
 971,20; 9072,752;  210,265;12905,027;69,81215
 971,75; 8999,137;  192,419;12743,719;70,16578
 972,30; 9002,367;  229,727;12757,796;70,02388
 972,85; 8929,983;  202,496;12631,719;70,21747
 973,40; 8868,906;  212,496;12491,796;70,49595
 973,95; 8839,675;  228,804;12465,796;70,36755
 974,50; 8837,983;  249,419;12374,950;70,83041
 975,05; 8755,367;  222,419;12307,950;70,60466
 975,60; 8753,290;  243,650;12237,181;70,95192
 976,15; 8739,906;  217,035;12218,873;71,01305
 976,70; 8684,983;  230,573;12122,873;71,09146
 977,25; 8621,367;  232,342;12038,104;71,05874
 977,80; 8528,598;  211,342;11892,104;71,20474
 978,35; 8467,444;  231,958;11735,873;71,58855
 978,89; 8400,290;  203,188;11688,642;71,36942
 979,44; 8407,060;  220,265;11636,719;71,71048
 979,99; 8340,829;  205,804;11508,873;71,97182
 980,54; 8274,290;  243,804;11431,104;71,78217
 981,09; 8247,060;  241,573;11321,642;72,25123
 981,64; 8125,675;  238,804;11206,642;71,90907
 982,19; 8156,675;  253,573;11203,412;72,17551
 982,74; 8047,444;  244,496;11080,719;72,00801
 983,29; 7997,213;  210,650;10954,258;72,47625
 983,84; 7899,060;  228,112;10888,565;71,95705
 984,39; 7953,675;  287,188;10869,104;72,44895
 984,94; 7792,906;  202,419;10718,565;72,17936
 985,49; 7779,137;  249,188;10677,642;72,20580
 986,03; 7729,598;  244,496;10605,258;72,24471
 986,58; 7699,213;  271,419;10455,104;72,93818
 987,13; 7619,829;  228,265;10394,642;72,70597
 987,68; 7612,521;  242,419;10296,027;73,30803
 988,23; 7539,137;  243,958;10255,027;72,87113
 988,78; 7471,598;  222,958;10075,873;73,56848
 989,33; 7367,906;  239,496; 9960,027;73,33354
 989,88; 7407,752;  259,265; 9965,873;73,64557
 990,42; 7299,675;  229,419; 9825,950;73,67512
 990,97; 7235,521;  223,804; 9701,181;73,98373
 991,52; 7185,367;  244,188; 9648,642;73,80736
 992,07; 7192,137;  258,650; 9567,796;74,48037
 992,62; 7031,521;  246,035; 9442,335;73,78496
 993,17; 6965,521;  242,265; 9361,873;73,72308
 993,71; 6937,906;  235,496; 9281,642;74,09133
 994,26; 6850,367;  215,342; 9151,412;74,24993
 994,81; 6879,444;  246,496; 9142,642;74,55979
 995,36; 6754,598;  227,112; 8950,719;74,82554
 995,91; 6713,444;  242,265; 8909,488;74,66265
 996,45; 6628,675;  236,419; 8820,719;74,46450
 997,00; 6549,367;  207,958; 8733,565;74,38073
 997,55; 6542,060;  240,035; 8674,950;74,71355
 998,10; 6466,521;  264,265; 8576,796;74,61333
 998,65; 6394,137;  231,342; 8531,488;74,24923
 999,19; 6337,906;  245,265; 8443,642;74,31520
 999,74; 6238,906;  267,804; 8278,027;74,54352
1000,29; 6257,444;  248,881; 8217,950;75,39856
1000,84; 6151,752;  230,573; 8101,873;75,22492
1001,38; 6097,521;  238,035; 8027,719;75,22110
1001,93; 6076,598;  255,342; 7980,873;75,35088
1002,48; 5939,598;  228,342; 7828,719;75,14438
1003,03; 5940,829;  239,727; 7789,488;75,51367
1003,57; 5865,137;  238,804; 7741,719;74,98862
1004,12; 5839,060;  260,496; 7623,565;75,76410
1004,67; 5732,906;  235,650; 7545,796;75,20035
1005,22; 5667,060;  217,035; 7401,719;75,85615
1005,76; 5580,521;  221,342; 7280,181;75,92154
1006,31; 5518,213;  241,188; 7239,719;75,40190
1006,86; 5441,444;  231,496; 7143,719;75,37297
1007,40; 5371,752;  208,419; 7036,181;75,62263
1007,95; 5350,906;  239,881; 6959,181;76,06484
1008,50; 5260,598;  235,496; 6838,719;76,10074
1009,04; 5209,829;  228,573; 6743,796;76,45564
1009,59; 5112,290;  241,958; 6638,719;76,13747
1010,14; 5021,367;  219,265; 6575,642;75,54778
1010,68; 4973,983;  240,804; 6468,258;76,00504
1011,23; 4886,752;  231,881; 6378,719;75,72789
1011,78; 4844,060;  241,265; 6307,719;75,87290
1012,32; 4795,290;  250,035; 6180,796;76,63865
1012,87; 4797,521;  255,496; 6195,642;76,46319
1013,42; 4685,060;  220,112; 6063,412;76,41141
1013,96; 4705,444;  251,265; 6070,027;76,54857
1014,51; 4615,060;  195,496; 5976,412;76,45093
1015,06; 4613,290;  198,958; 5961,950;76,59793
1015,60; 4674,213;  268,881; 6060,412;76,06508
1016,15; 4659,752;  228,188; 5950,104;77,44895
1016,69; 4708,367;  234,573; 5960,642;78,13029
1017,24; 4720,675;  209,035; 5988,950;78,05720
1017,79; 4786,367;  257,188; 6042,950;78,28146
1018,33; 4756,367;  224,650; 6075,642;77,45212
1018,88; 4842,521;  240,342; 6074,181;78,88766
1019,42; 4827,521;  226,958; 6056,950;78,91200
1019,97; 4852,983;  219,958; 6031,796;79,71703
1020,51; 4901,290;  253,265; 6133,027;79,05125
1021,06; 4903,444;  212,342; 6067,335;80,12140
1021,61; 4890,906;  205,650; 6056,642;80,07626
1022,15; 4903,213;  179,958; 5999,873;81,15678
1022,70; 4902,598;  222,265; 6018,027;80,75440
1023,24; 4894,137;  214,727; 5998,488;80,90599
1023,79; 4867,444;  230,804; 5954,565;81,00688
1024,33; 4828,675;  213,419; 5880,104;81,44543
1024,88; 4786,598;  233,188; 5819,104;81,51591
1025,42; 4686,521;  233,035; 5729,104;81,03039
1025,97; 4691,983;  216,188; 5628,796;82,69201
1026,51; 4545,983;  192,188; 5505,873;81,93550
1027,06; 4524,675;  218,112; 5490,258;81,68521
1027,60; 4457,983;  236,265; 5386,565;81,97032
1028,15; 4432,983;  224,265; 5324,796;82,51528
1028,69; 4336,752;  179,958; 5196,258;82,86574
1029,24; 4271,213;  221,573; 5164,258;81,93200
1029,78; 4211,367;  213,188; 5064,873;82,40805
1030,33; 4108,290;  191,035; 4969,642;81,97483
1030,87; 4078,598;  209,496; 4948,181;81,64928
1031,42; 3991,137;  197,496; 4831,258;81,86956
1031,96; 3961,521;  229,958; 4776,488;82,07496
1032,51; 3932,598;  210,804; 4713,642;82,65440
1033,05; 3912,060;  224,496; 4639,796;83,51785
1033,60; 3788,675;  189,419; 4530,565;82,91026
1034,14; 3757,598;  216,727; 4478,258;83,08918
1034,69; 3712,367;  211,958; 4464,258;82,31803
1035,23; 3688,752;  210,035; 4369,719;83,62935
1035,77; 3650,367;  216,265; 4330,412;83,47059
1036,32; 3551,906;  186,727; 4232,873;83,16998
1036,86; 3526,290;  217,419; 4206,642;82,94525
1037,41; 3495,213;  223,804; 4155,027;83,21608
1037,95; 3408,521;  192,188; 4067,027;83,00559
1038,50; 3385,675;  201,804; 4014,181;83,51407
1039,04; 3352,444;  226,650; 3986,565;83,13470
1039,58; 3303,521;  211,496; 3931,796;83,11225
1040,13; 3273,752;  217,342; 3890,181;83,21655
1040,67; 3270,213;  247,419; 3840,335;84,13207
1041,21; 3210,906;  244,419; 3791,412;83,63386
1041,76; 3125,752;  195,419; 3682,565;84,03240
1042,30; 3094,290;  213,727; 3667,104;83,41295
1042,85; 3046,290;  205,804; 3611,181;83,41181
1043,39; 2987,137;  210,958; 3527,796;83,69955
1043,93; 2976,444;  236,496; 3525,181;83,31441
1044,48; 2937,521;  216,881; 3458,412;83,93073
1045,02; 2881,521;  215,496; 3391,488;83,94306
1045,56; 2849,598;  236,881; 3390,719;82,84246
1046,11; 2832,060;  231,496; 3368,027;82,91210
1046,65; 2761,213;  228,265; 3293,565;82,63296
1047,19; 2734,675;  216,035; 3216,873;83,93122
1047,74; 2683,521;  192,804; 3173,104;83,57270
1048,28; 2667,213;  217,573; 3149,873;83,53990
1048,82; 2666,598;  246,342; 3112,488;84,44286
1049,37; 2620,829;  230,035; 3063,104;84,38884
1049,91; 2597,367;  211,188; 3040,335;84,34272
1050,45; 2557,367;  233,188; 2985,719;84,43789
1050,99; 2521,829;  229,650; 2956,181;84,06943
1051,54; 2459,137;  208,573; 2865,412;84,70833
1052,08; 2500,829;  247,265; 2883,258;85,49203
1052,62; 2444,829;  241,419; 2835,950;84,92517
1053,16; 2381,367;  208,342; 2762,873;85,06552
1053,71; 2379,213;  223,188; 2731,642;85,95036
1054,25; 2327,752;  237,419; 2712,796;84,44503
1054,79; 2313,213;  229,881; 2674,104;85,23497
1055,33; 2251,060;  201,265; 2603,258;85,33725
1055,88; 2268,906;  235,881; 2567,488;87,19413
1056,42; 2236,444;  243,881; 2579,873;85,29837
1056,96; 2212,367;  240,419; 2534,796;85,94700
1057,50; 2169,137;  227,958; 2505,258;85,24037
1058,05; 2118,521;  216,188; 2435,950;85,69987
1058,59; 2142,444;  249,881; 2436,719;86,54336
1059,13; 2076,598;  212,727; 2355,258;86,99390
1059,67; 2029,137;  228,112; 2348,950;84,92042
1060,21; 2029,829;  220,881; 2301,719;86,93361
1060,76; 2014,829;  239,727; 2287,027;86,70453
1061,30; 1986,829;  246,496; 2275,104;85,78951
1061,84; 1945,060;  233,496; 2224,027;85,98528
1062,38; 1891,829;  214,881; 2153,104;86,51987
1062,92; 1938,213;  263,496; 2191,719;86,85288
1063,46; 1880,829;  250,342; 2135,565;86,48772
1064,01; 1835,444;  221,958; 2084,335;86,63587
1064,55; 1827,598;  229,188; 2065,642;87,03783
1065,09; 1762,675;  200,573; 1974,412;88,06337
1065,63; 1806,983;  263,035; 2042,873;86,74653
1066,17; 1787,675;  255,112; 2012,258;87,21890
1066,71; 1755,367;  251,881; 1995,719;86,21708
1067,25; 1714,290;  235,650; 1933,488;87,08958
1067,80; 1724,213;  238,804; 1928,412;87,91447
1068,34; 1696,137;  260,958; 1935,027;85,72996
1068,88; 1627,444;  224,573; 1857,412;85,91610
1069,42; 1672,367;  257,804; 1866,565;87,92872
1069,96; 1616,213;  230,035; 1806,258;87,94306
1070,50; 1614,521;  262,265; 1830,412;86,23276
1071,04; 1587,137;  226,958; 1775,258;87,84983
1071,58; 1571,675;  228,265; 1753,027;88,10621
1072,12; 1540,444;  235,188; 1738,873;86,80383
1072,66; 1531,444;  221,188; 1709,181;88,05528
1073,21; 1550,906;  244,112; 1729,104;88,00007
1073,75; 1530,137;  234,958; 1680,950;89,57024
1074,29; 1490,983;  241,958; 1645,027;89,02091
1074,83; 1495,675;  245,650; 1676,181;87,38190
1075,37; 1467,290;  246,573; 1652,642;86,81772
1075,91; 1470,983;  249,881; 1618,181;89,24227
1076,45; 1431,367;  237,573; 1606,104;87,23182
1076,99; 1418,752;  247,035; 1562,719;89,05761
1077,53; 1389,829;  228,650; 1542,719;88,36512
1078,07; 1397,598;  238,727; 1527,412;89,92667
1078,61; 1370,213;  244,112; 1495,950;89,95585
1079,15; 1355,598;  237,265; 1484,488;89,66581
1079,69; 1333,444;  226,496; 1473,258;88,78587
1080,23; 1353,983;  253,265; 1479,181;89,78738
1080,77; 1362,060;  272,804; 1493,796;89,21070
1081,31; 1281,213;  226,881; 1429,104;87,69859
1081,85; 1296,675;  249,727; 1421,565;89,34235
1082,39; 1267,829;  228,188; 1389,335;89,53570
1082,93; 1268,598;  255,804; 1379,181;90,15623
1083,47; 1242,213;  233,342; 1353,104;90,09696
1084,01; 1258,829;  249,112; 1369,565;90,11681
1084,55; 1217,213;  234,419; 1334,258;89,35805
1085,09; 1219,367;  255,881; 1343,181;88,61276
1085,63; 1203,829;  241,650; 1310,412;90,02746
1086,17; 1202,290;  226,804; 1293,258;91,47011
1086,71; 1138,444;  226,958; 1264,642;87,83849
1087,24; 1201,752;  261,650; 1288,796;91,52562
1087,78; 1149,060;  244,573; 1253,488;89,64940
1088,32; 1125,675;  228,881; 1207,335;91,65422
1088,86; 1146,060;  261,881; 1225,181;91,78645
1089,40; 1121,598;  241,265; 1206,873;91,16877
1089,94; 1080,829;  213,650; 1198,565;88,04603
1090,48; 1086,675;  257,419; 1166,488;91,22031
1091,02; 1107,598;  250,958; 1173,335;92,87314
1091,56; 1066,598;  244,112; 1148,335;90,96058
1092,10; 1032,829;  218,881; 1127,412;89,58949
1092,63; 1072,137;  260,188; 1146,104;91,65075
1093,17; 1049,598;  251,188; 1109,258;93,04723
1093,71; 1023,906;  232,650; 1096,719;91,57319
1094,25; 1044,521;  258,496; 1117,104;91,54647
1094,79; 1006,906;  233,112; 1085,181;90,81354
1095,33; 1012,444;  235,958; 1056,488;94,63223
1095,87;  992,829;  243,573; 1068,873;90,78587
1096,40;  951,829;  226,188; 1029,258;90,35838
1096,94;  958,213;  235,342; 1011,335;93,15442
1097,48;  957,444;  247,804; 1025,796;91,21432
1098,02;  941,829;  228,573; 1004,258;91,95177
1098,56;  911,060;  208,958;  970,258;92,22408
1099,10;  893,137;  214,650;  962,873;90,67971
1099,63;  911,367;  216,881;  949,488;94,79651
1100,17;  907,060;  241,650;  972,565;91,03785
1100,71;  922,752;  265,496;  968,565;93,48379

