
Integration time [ms]: 120,000
Averaging Nr. [scans]: 13
Smoothing Nr. [pixels]: 0
Data measured with spectrometer [name]: 2009305U1
Wave   ;Sample   ;Dark     ;Reference;Reflectance
[nm]   ;[counts] ;[counts] ;[counts] ;[%]

 175,72;  203,541;  192,633;  188,459; 0,00000
 176,32;  213,471;  209,248;  192,506; 0,00000
 176,92;  237,619;  228,171;  226,553; 0,00000
 177,52;  246,223;  238,248;  234,952; 0,00000
 178,12;  228,200;  209,786;  211,662;981,85825
 178,72;  242,066;  239,786;  229,023; 0,00000
 179,32;  242,377;  238,479;  252,002;28,82634
 179,92;  237,218;  234,402;  227,528; 0,00000
 180,52;  231,226;  228,326;  231,902;81,10539
 181,12;  233,563;  237,325;  236,294; 0,00000
 181,73;  253,303;  256,556;  249,579; 0,00000
 182,33;  298,119;  282,710;  295,912;116,71062
 182,93;  256,000;  240,633;  250,245;159,88281
 183,53;  223,553;  224,786;  219,287; 0,00000
 184,13;  224,629;  228,632;  221,820; 0,00000
 184,73;  255,393;  239,632;  250,923;139,58426
 185,33;  255,720;  218,398;  320,011;36,72901
 185,93;  258,084;  222,090;  330,249;33,27846
 186,53;  264,369;  227,244;  334,348;34,66215
 187,13;  297,435;  258,245;  379,400;32,34702
 187,73;  255,739;  218,783;  332,548;32,48428
 188,33;  260,923;  230,167;  338,588;28,36708
 188,93;  262,950;  229,090;  342,227;29,92863
 189,53;  266,557;  229,243;  349,226;31,09944
 190,13;  293,047;  271,627;  365,959;22,70678
 190,73;  237,419;  203,012;  314,071;30,98128
 191,34;  273,734;  242,705;  352,758;28,19491
 191,94;  254,183;  221,782;  328,172;30,45453
 192,54;  281,037;  237,014;  361,237;35,43875
 193,14;  288,303;  242,629;  361,822;38,31898
 193,74;  279,629;  233,168;  350,562;39,57698
 194,34;  274,936;  233,630;  363,161;31,88907
 194,94;  251,618;  200,476;  311,346;46,12853
 195,54;  217,277;  192,091;  296,355;24,15604
 196,14;  245,688;  211,476;  326,723;29,68611
 196,74;  241,644;  199,321;  314,478;36,75211
 197,34;  225,192;  185,476;  327,226;28,01803
 197,94;  254,154;  220,706;  334,037;29,51312
 198,54;  258,825;  215,014;  350,758;32,27449
 199,14;  243,718;  207,168;  358,849;24,09633
 199,74;  234,402;  185,630;  363,403;27,43531
 200,34;  241,194;  178,938;  343,814;37,75935
 200,94;  258,989;  222,553;  391,639;21,54877
 201,54;  247,310;  200,938;  402,366;23,02150
 202,14;  261,290;  208,399;  429,378;23,93474
 202,74;  258,366;  213,553;  440,939;19,70802
 203,34;  233,512;  169,938;  450,453;22,66337
 203,94;  220,251;  162,707;  446,914;20,24720
 204,54;  294,524;  227,937;  533,985;21,75717
 205,14;  249,239;  191,707;  539,269;16,55310
 205,74;  300,143;  223,707;  641,885;18,27834
 206,34;  268,127;  190,399;  636,398;17,42772
 206,94;  291,035;  199,861;  697,434;18,32388
 207,54;  272,321;  170,322;  734,704;18,07270
 208,14;  295,788;  189,553;  828,688;16,62162
 208,74;  306,280;  192,938;  873,882;16,64486
 209,34;  314,498;  183,553;  960,363;16,85680
 209,94;  325,804;  197,168; 1061,983;14,87439
 210,54;  337,050;  194,630; 1170,618;14,59240
 211,14;  351,820;  200,168; 1256,261;14,35968
 211,73;  362,247;  196,630; 1354,342;14,30552
 212,33;  373,766;  203,399; 1447,931;13,68922
 212,93;  365,296;  191,245; 1534,545;12,95692
 213,53;  362,811;  168,245; 1571,127;13,86896
 214,13;  377,466;  172,784; 1637,377;13,97531
 214,73;  379,213;  174,092; 1688,147;13,54782
 215,33;  367,189;  139,938; 1709,522;14,47844
 215,93;  431,278;  180,246; 1832,540;15,19296
 216,53;  401,140;  151,784; 1917,011;14,12601
 217,13;  481,640;  199,399; 2118,437;14,70743
 217,73;  491,339;  188,861; 2304,570;14,29678
 218,33;  484,299;  125,784; 2496,165;15,12479
 218,93;  550,185;  165,015; 2753,964;14,87744
 219,53;  622,676;  172,015; 3057,488;15,61828
 220,13;  643,086;  141,092; 3339,966;15,69284
 220,73;  722,481;  173,553; 3689,397;15,61298
 221,32;  804,741;  170,707; 4050,267;16,34295
 221,92;  872,862;  181,246; 4442,033;16,23211
 222,52;  928,914;  165,553; 4827,495;16,37431
 223,12; 1008,044;  168,553; 5229,616;16,58725
 223,72; 1095,729;  176,938; 5562,170;17,06131
 224,32; 1165,971;  178,630; 5973,145;17,03923
 224,92; 1199,475;  151,938; 6253,137;17,16936
 225,52; 1314,335;  176,784; 6543,064;17,86839
 226,12; 1374,246;  179,246; 6821,149;17,99184
 226,72; 1414,603;  137,938; 7142,055;18,22735
 227,31; 1479,337;  144,784; 7465,278;18,23037
 227,91; 1597,126;  168,861; 7770,102;18,78990
 228,51; 1661,257;  171,245; 8122,020;18,74046
 229,11; 1751,566;  166,707; 8500,207;19,01793
 229,71; 1834,807;  159,707; 8763,369;19,46962
 230,31; 1912,192;  157,938; 9066,307;19,69221
 230,91; 1992,519;  152,784; 9328,972;20,04902
 231,51; 2077,536;  147,707; 9661,178;20,28522
 232,10; 2177,719;  152,092; 9909,173;20,76058
 232,70; 2241,244;  179,783;10116,699;20,74547
 233,30; 2334,763;  181,784;10333,496;21,20804
 233,90; 2350,267;  166,399;10412,258;21,31464
 234,50; 2433,903;  168,707;10439,751;22,05419
 235,10; 2453,859;  152,476;10513,368;22,21221
 235,70; 2491,425;  173,245;10501,968;22,44401
 236,29; 2498,432;  183,399;10427,118;22,59954
 236,89; 2513,317;  158,937;10362,143;23,07490
 237,49; 2530,537;  171,861;10225,261;23,46148
 238,09; 2504,819;  163,861; 9939,937;23,94579
 238,69; 2503,373;  179,399; 9752,122;24,27704
 239,29; 2379,320;  157,092; 9446,017;23,92342
 239,89; 2363,197;  168,322; 9107,227;24,55418
 240,48; 2300,708;  161,245; 8762,468;24,87393
 241,08; 2187,924;  151,630; 8411,272;24,65354
 241,68; 2154,051;  186,399; 8142,624;24,73098
 242,28; 2090,111;  158,861; 7837,571;25,15072
 242,88; 2033,919;  189,015; 7553,776;25,05043
 243,48; 1968,699;  195,169; 7309,707;24,92825
 244,07; 1906,861;  181,015; 7133,171;24,82462
 244,67; 1847,234;  178,322; 6993,872;24,48682
 245,27; 1850,477;  182,784; 6864,650;24,95850
 245,87; 1816,881;  192,246; 6758,702;24,74144
 246,47; 1767,281;  176,553; 6778,657;24,09426
 247,06; 1754,302;  163,707; 6809,359;23,93438
 247,66; 1747,292;  164,476; 6859,527;23,64158
 248,26; 1793,071;  204,245; 7030,689;23,27457
 248,86; 1778,189;  179,476; 7173,764;22,85740
 249,46; 1789,851;  148,553; 7392,471;22,65760
 250,05; 1884,569;  182,015; 7742,284;22,51976
 250,65; 1907,055;  150,168; 8058,037;22,21694
 251,25; 1988,418;  159,245; 8533,670;21,84237
 251,85; 2084,530;  175,707; 9087,178;21,41985
 252,44; 2148,630;  137,707; 9637,951;21,16707
 253,04; 2301,866;  179,092;10310,859;20,95167
 253,64; 2378,538;  132,937;10994,460;20,67483
 254,24; 2594,270;  177,476;11813,885;20,76924
 254,84; 2735,466;  162,246;12648,163;20,60898
 255,43; 2908,016;  169,168;13613,715;20,37144
 256,03; 3133,592;  171,553;14370,735;20,86063
 256,63; 3253,051;  175,245;15429,520;20,17668
 257,23; 3456,822;  162,476;16196,361;20,54615
 257,82; 3658,300;  179,476;17059,810;20,60874
 258,42; 3786,573;  139,629;17736,429;20,72504
 259,02; 4017,702;  177,092;18626,956;20,81647
 259,62; 4179,978;  153,937;19238,626;21,09566
 260,21; 4277,416;  175,245;19667,071;21,04560
 260,81; 4395,339;  171,476;20110,119;21,18430
 261,41; 4539,989;  157,091;20588,282;21,45200
 262,01; 4699,423;  197,629;20985,359;21,65602
 262,60; 4753,130;  147,168;21219,977;21,85737
 263,20; 4870,776;  166,245;21594,131;21,95518
 263,80; 4989,106;  181,014;21742,764;22,29917
 264,40; 5033,461;  155,168;21874,356;22,46075
 264,99; 5146,745;  175,860;22059,488;22,71509
 265,59; 5153,669;  158,629;22162,901;22,70032
 266,19; 5277,637;  149,552;22378,701;23,06919
 266,78; 5324,460;  192,783;22401,840;23,10624
 267,38; 5352,264;  166,552;22464,166;23,25680
 267,98; 5408,137;  160,245;22480,331;23,51197
 268,58; 5418,306;  175,475;22545,082;23,43730
 269,17; 5491,612;  173,629;22548,340;23,76783
 269,77; 5472,079;  177,937;22218,318;24,02019
 270,37; 5480,889;  148,091;22129,278;24,26074
 270,96; 5477,437;  205,937;22046,076;24,13675
 271,56; 5468,094;  153,476;21848,667;24,49676
 272,16; 5401,876;  158,783;21674,511;24,36865
 272,75; 5419,724;  168,630;21639,813;24,45647
 273,35; 5432,815;  165,937;21632,931;24,53477
 273,95; 5454,485;  174,091;21506,905;24,75245
 274,54; 5444,175;  140,861;21570,843;24,74717
 275,14; 5586,090;  181,168;21997,303;24,77488
 275,74; 5592,774;  146,322;22046,791;24,86911
 276,33; 5732,027;  191,168;22486,499;24,85211
 276,93; 5802,309;  176,322;22777,492;24,89246
 277,53; 5961,963;  168,476;23264,902;25,08391
 278,12; 6111,347;  155,784;23713,001;25,28127
 278,72; 6301,892;  184,553;24239,738;25,43044
 279,32; 6450,590;  158,245;24752,421;25,58470
 279,91; 6695,841;  156,476;25397,002;25,90820
 280,51; 6888,084;  166,553;25968,428;26,05055
 281,11; 7057,499;  167,322;26603,457;26,06348
 281,70; 7256,377;  141,168;26971,705;26,51907
 282,30; 7408,017;  152,476;27555,128;26,47751
 282,90; 7596,734;  160,476;27877,232;26,82947
 283,49; 7838,192;  183,399;28390,562;27,13776
 284,09; 7983,050;  193,091;28765,822;27,26361
 284,69; 8171,085;  185,245;28991,741;27,72236
 285,28; 8407,519;  192,861;29418,038;28,10816
 285,88; 8612,440;  196,245;29544,230;28,67725
 286,47; 8697,588;  174,168;29594,987;28,97071
 287,07; 8905,444;  198,707;29572,252;29,64143
 287,67; 9127,622;  191,784;29813,630;30,16638
 288,26; 9306,879;  162,476;29639,615;31,02202
 288,86; 9502,948;  160,399;29693,179;31,63451
 289,46; 9780,287;  178,476;29782,109;32,43457
 290,05;10043,888;  165,938;29886,424;33,23617
 290,65;10364,389;  170,168;30124,697;34,03232
 291,24;10683,532;  174,784;30247,304;34,94469
 291,84;11032,051;  194,091;30351,905;35,93749
 292,44;11323,898;  164,553;30411,843;36,89370
 293,03;11713,977;  221,015;30532,416;37,91630
 293,63;11878,853;  167,707;30676,917;38,38561
 294,22;12233,132;  185,861;30784,268;39,37222
 294,82;12447,890;  173,014;30631,574;40,30025
 295,41;12497,761;  159,322;30405,474;40,79342
 296,01;12647,394;  217,014;30330,710;41,27816
 296,61;12650,677;  178,861;30135,709;41,63260
 297,20;12674,080;  175,706;29716,181;42,30932
 297,80;12766,389;  182,476;29679,185;42,66209
 298,39;12655,530;  163,168;29242,947;42,95893
 298,99;12747,471;  162,245;29073,160;43,53106
 299,58;12629,780;  176,784;28989,549;43,22041
 300,18;12728,274;  191,707;28857,804;43,73308
 300,78;12566,897;  167,399;28550,031;43,68692
 301,37;12612,578;  183,706;28489,365;43,90950
 301,97;12646,176;  178,014;28456,025;44,09137
 302,56;12622,629;  175,322;28378,369;44,13462
 303,16;12576,093;  166,245;28297,293;44,11442
 303,75;12592,490;  168,245;28462,454;43,91091
 304,35;12669,420;  167,092;28654,021;43,88794
 304,94;12646,143;  169,553;28587,320;43,90419
 305,54;12631,972;  190,861;28536,882;43,89015
 306,13;12591,037;  144,092;28414,785;44,02773
 306,73;12477,692;  155,476;28197,486;43,94199
 307,33;12541,218;  188,861;28209,901;44,08244
 307,92;12489,473;  169,245;28305,039;43,78845
 308,52;12644,938;  156,707;28673,298;43,79286
 309,11;12851,845;  169,783;29131,119;43,78963
 309,71;12894,287;  145,552;29352,016;43,65039
 310,30;12900,779;  157,322;29495,275;43,43676
 310,90;13047,087;  172,399;29797,736;43,45837
 311,49;13043,435;  170,630;29934,811;43,24932
 312,09;13054,770;  143,784;30172,965;42,99480
 312,68;13170,811;  198,015;30429,051;42,91218
 313,28;13131,704;  155,630;30530,808;42,71933
 313,87;13125,487;  141,784;30589,707;42,64233
 314,47;13161,636;  161,553;30835,915;42,38094
 315,06;13155,021;  154,476;30935,019;42,23624
 315,66;13128,462;  147,476;31114,349;41,91894
 316,25;13015,745;  131,937;30991,372;41,74998
 316,85;12982,472;  142,553;31008,560;41,59890
 317,44;12951,248;  155,014;31159,464;41,27225
 318,04;12862,846;  142,399;31143,701;41,03197
 318,63;12846,787;  143,246;31146,682;40,97462
 319,22;12778,533;  167,168;31318,948;40,48361
 319,82;12712,339;  153,014;31304,631;40,31677
 320,41;12557,612;  172,784;31212,327;39,90016
 321,01;12474,511;  174,707;31347,255;39,45717
 321,60;12387,537;  160,937;31342,388;39,21113
 322,20;12282,055;  146,784;31280,103;38,97841
 322,79;12236,653;  195,707;31382,292;38,60938
 323,39;12155,066;  161,861;31403,500;38,38853
 323,98;12067,818;  156,938;31341,959;38,19424
 324,58;11936,109;  159,707;31195,110;37,94506
 325,17;11804,037;  163,707;31072,248;37,66056
 325,76;11632,383;  175,938;30830,761;37,37241
 326,36;11398,228;  142,707;30506,975;37,06831
 326,95;11264,692;  176,476;30215,690;36,91247
 327,55;10973,543;  153,399;29913,532;36,35785
 328,14;10808,690;  144,707;29532,810;36,28674
 328,74;10591,329;  184,937;29144,585;35,93411
 329,33;10401,048;  175,168;28775,568;35,75432
 329,92;10134,196;  152,553;28312,568;35,44616
 330,52; 9836,632;  155,092;27684,693;35,16775
 331,11; 9606,092;  166,322;27316,815;34,76832
 331,71; 9404,688;  160,553;26723,233;34,80121
 332,30; 9213,758;  179,707;26328,397;34,54877
 332,89; 8972,012;  181,861;25922,335;34,14914
 333,49; 8744,171;  176,784;25363,809;34,01508
 334,08; 8579,295;  169,399;25043,413;33,80997
 334,68; 8334,347;  168,245;24616,386;33,40173
 335,27; 8239,355;  173,399;24417,321;33,27001
 335,86; 8090,400;  198,707;24067,276;33,06312
 336,46; 7934,399;  180,169;23925,077;32,65639
 337,05; 7818,366;  165,399;23784,961;32,40097
 337,65; 7699,595;  144,937;23626,505;32,17271
 338,24; 7748,613;  207,399;23718,294;32,07540
 338,83; 7659,639;  187,168;23585,085;31,93648
 339,43; 7554,635;  161,630;23533,975;31,63142
 340,02; 7504,051;  163,091;23450,531;31,52326
 340,61; 7500,234;  154,245;23437,823;31,55009
 341,21; 7490,175;  200,630;23488,124;31,30240
 341,80; 7434,722;  158,630;23410,406;31,29263
 342,40; 7431,967;  166,707;23537,100;31,08745
 342,99; 7442,319;  165,245;23603,105;31,04837
 343,58; 7472,125;  166,784;23759,107;30,96491
 344,18; 7465,580;  170,092;23859,655;30,79621
 344,77; 7525,230;  168,937;24178,636;30,63884
 345,36; 7575,384;  140,784;24414,383;30,62834
 345,96; 7699,159;  190,784;24733,960;30,59252
 346,55; 7712,726;  159,938;24919,565;30,50445
 347,14; 7839,095;  138,784;25212,150;30,71112
 347,74; 7910,800;  137,938;25687,311;30,42291
 348,33; 8067,053;  166,169;26237,118;30,30532
 348,92; 8250,565;  180,708;26796,689;30,31960
 349,52; 8378,148;  141,631;27234,149;30,40144
 350,11; 8460,082;  154,783;27284,088;30,61376
 350,70; 8463,182;  158,707;27335,696;30,55701
 351,29; 8369,195;  154,014;27158,678;30,42134
 351,89; 8386,443;  176,553;27113,231;30,47848
 352,48; 8420,284;  143,322;27210,647;30,57917
 353,07; 8350,612;  163,861;27085,958;30,40904
 353,67; 8393,192;  177,554;27112,971;30,50125
 354,26; 8333,344;  161,938;26877,576;30,58660
 354,85; 8334,216;  170,476;26743,840;30,72151
 355,45; 8257,386;  158,476;26523,389;30,71852
 356,04; 8264,144;  161,246;26489,122;30,77688
 356,63; 8239,044;  185,091;26331,909;30,80280
 357,22; 8239,684;  167,552;26172,459;31,04080
 357,82; 8202,094;  171,091;26074,398;31,00377
 358,41; 8236,322;  172,784;25919,270;31,31898
 359,00; 8212,806;  153,014;25748,633;31,48895
 359,60; 8256,749;  172,399;25672,483;31,70323
 360,19; 8203,592;  165,399;25558,761;31,65470
 360,78; 8225,714;  168,553;25469,267;31,84559
 361,37; 8186,398;  159,476;25195,281;32,06177
 361,97; 8194,268;  166,861;25071,610;32,23244
 362,56; 8146,150;  145,553;24792,646;32,46061
 363,15; 8123,020;  181,553;24556,733;32,58014
 363,74; 8097,030;  164,168;24311,664;32,85170
 364,34; 8044,258;  185,014;23974,576;33,03652
 364,93; 7929,660;  160,553;23631,937;33,10034
 365,52; 7861,708;  145,553;23157,584;33,53096
 366,11; 7830,439;  164,014;23012,598;33,55317
 366,71; 7746,687;  164,399;22691,255;33,65888
 367,30; 7705,042;  166,784;22351,606;33,97935
 367,89; 7699,514;  195,553;22201,245;34,10009
 368,48; 7649,399;  178,476;21895,463;34,40129
 369,07; 7599,105;  177,630;21496,927;34,81107
 369,67; 7544,171;  185,860;21234,299;34,95894
 370,26; 7511,628;  176,168;21015,110;35,20073
 370,85; 7480,844;  166,784;20829,080;35,39810
 371,44; 7502,703;  158,938;20624,204;35,88405
 372,03; 7452,122;  161,476;20387,002;36,04675
 372,63; 7392,779;  145,476;20125,440;36,27285
 373,22; 7346,992;  172,630;19894,386;36,37791
 373,81; 7311,981;  149,553;19640,653;36,74717
 374,40; 7267,246;  154,476;19467,391;36,82909
 374,99; 7255,318;  153,784;19249,830;37,18851
 375,59; 7188,868;  155,938;18966,150;37,38889
 376,18; 7264,781;  186,553;18915,286;37,79342
 376,77; 7224,449;  179,168;18659,710;38,12270
 377,36; 7276,485;  186,553;18690,415;38,31596
 377,95; 7236,671;  176,399;18413,439;38,71392
 378,55; 7183,742;  152,784;18301,332;38,74116
 379,14; 7248,698;  166,861;18214,065;39,24064
 379,73; 7253,733;  164,322;18181,161;39,34880
 380,32; 7321,670;  185,861;18198,883;39,61473
 380,91; 7320,127;  157,706;18080,312;39,96306
 381,50; 7396,219;  176,860;17985,353;40,53885
 382,10; 7381,670;  149,322;17923,191;40,69091
 382,69; 7440,954;  145,399;17867,631;41,16612
 383,28; 7503,376;  180,476;17789,727;41,58553
 383,87; 7499,418;  169,476;17665,258;41,89548
 384,46; 7512,095;  151,860;17646,239;42,07200
 385,05; 7596,971;  186,707;17675,849;42,37065
 385,64; 7593,208;  162,399;17646,906;42,49939
 386,24; 7584,573;  150,476;17650,748;42,47989
 386,83; 7735,706;  181,168;17699,870;43,12270
 387,42; 7825,423;  192,399;17807,320;43,33272
 388,01; 7932,967;  169,937;18002,987;43,53170
 388,60; 8095,578;  168,706;18166,502;44,04357
 389,19; 8230,051;  148,398;18353,236;44,39288
 389,78; 8368,134;  165,090;18572,446;44,56395
 390,37; 8641,946;  203,860;19029,323;44,82273
 390,96; 8751,298;  174,322;19142,914;45,21672
 391,56; 8818,785;  167,783;19240,471;45,35807
 392,15; 8983,541;  169,706;19490,934;45,61736
 392,74; 9101,065;  146,705;19614,031;45,99686
 393,33; 9287,884;  163,860;19934,662;46,14898
 393,92; 9492,208;  172,244;20358,535;46,16977
 394,51; 9616,532;  152,244;20532,521;46,43847
 395,10; 9796,770;  197,474;20657,167;46,91808
 395,69; 9861,718;  169,705;20688,568;47,23465
 396,28;10008,450;  180,089;20821,138;47,61561
 396,87;10093,768;  184,166;20996,328;47,61448
 397,46;10169,215;  183,242;20987,089;48,00061
 398,06;10286,174;  196,549;21204,295;48,02811
 398,65;10390,540;  188,164;21302,211;48,32033
 399,24;10509,676;  195,702;21330,037;48,80198
 399,83;10558,567;  174,316;21377,038;48,97602
 400,42;10698,747;  206,161;21529,288;49,20754
 401,01;10733,967;  183,775;21658,712;49,12793
 401,60;10848,819;  197,850;21686,470;49,56562
 402,19;10817,233;  207,849;21587,595;49,62353
 402,78;10947,245;  219,615;21666,855;50,01870
 403,37;10898,603;  203,152;21513,101;50,18994
 403,96;10859,075;  206,534;21383,933;50,30146
 404,55;10926,293;  205,300;21282,772;50,86470
 405,14;10864,241;  197,528;21192,041;50,80715
 405,73;10853,373;  212,679;21031,306;51,11141
 406,32;10891,301;  212,523;20984,933;51,40847
 406,91;10822,743;  206,059;20662,032;51,90016
 407,50;10833,888;  209,058;20552,044;52,22847
 408,09;10697,421;  180,980;20243,622;52,41803
 408,68;10686,383;  217,749;20191,082;52,41305
 409,27;10619,585;  201,980;20060,349;52,45952
 409,86;10649,284;  206,674;19937,494;52,92537
 410,45;10644,038;  226,291;19877,180;53,01412
 411,04;10656,326;  243,216;19756,870;53,36320
 411,63;10508,528;  232,757;19535,596;53,23451
 412,22;10482,470;  216,758;19281,942;53,84533
 412,81;10376,899;  225,759;19137,775;53,67561
 413,40;10259,587;  240,914;18788,832;54,01508
 413,99;10165,192;  265,452;18552,962;54,13388
 414,58; 9988,594;  217,683;18250,906;54,18283
 415,17; 9899,429;  213,990;18050,020;54,30266
 415,76; 9865,472;  222,297;17923,179;54,47850
 416,35; 9772,203;  200,990;17743,747;54,55934
 416,94; 9842,095;  235,297;17851,834;54,53284
 417,53; 9954,384;  218,913;18020,796;54,68787
 418,12;10041,633;  211,913;18102,893;54,94232
 418,71;10279,521;  225,068;18433,346;55,21913
 419,30;10351,230;  221,221;18501,691;55,41438
 419,89;10468,271;  210,067;18659,205;55,60262
 420,48;10670,838;  248,837;18894,403;55,89533
 421,07;10692,981;  240,452;18965,098;55,82231
 421,66;10696,630;  212,914;18944,137;55,96920
 422,25;10704,776;  217,531;18915,524;56,08754
 422,84;10726,946;  236,915;18909,857;56,17771
 423,43;10597,177;  220,069;18581,358;56,51623
 424,02;10501,936;  239,684;18379,745;56,57231
 424,60;10325,347;  224,070;17906,969;57,12455
 425,19;10163,426;  229,839;17758,250;56,67135
 425,78;10188,371;  243,146;17800,046;56,64568
 426,37;10161,602;  238,301;17603,161;57,14588
 426,96;10092,056;  231,608;17523,253;57,02435
 427,55;10020,639;  220,070;17382,794;57,10381
 428,14; 9939,713;  205,378;17201,233;57,27476
 428,73; 9855,131;  234,685;16981,372;57,44686
 429,32; 9864,486;  232,377;16984,784;57,49686
 429,91; 9932,603;  247,609;16950,886;57,98260
 430,50; 9816,597;  241,378;16817,021;57,76680
 431,08; 9683,248;  259,994;16731,149;57,21064
 431,67; 9725,436;  301,763;16692,282;57,49466
 432,26; 9608,391;  293,994;16476,421;57,55872
 432,85; 9463,050;  315,533;16097,496;57,96185
 433,44; 9300,642;  315,148;15809,732;57,99119
 434,03; 9109,751;  338,918;15524,919;57,75604
 434,62; 8914,901;  295,764;15148,057;58,03237
 435,21; 8848,926;  322,686;15054,200;57,87755
 435,79; 8776,331;  300,302;14848,549;58,26151
 436,38; 8699,549;  295,611;14772,211;58,05188
 436,97; 8663,958;  289,995;14742,770;57,94017
 437,56; 8576,611;  300,073;14489,305;58,32971
 438,15; 8516,079;  276,996;14487,696;57,97802
 438,74; 8575,463;  287,611;14546,844;58,12270
 439,33; 8617,778;  261,457;14518,148;58,61332
 439,91; 8559,451;  239,150;14570,380;58,05713
 440,50; 8686,223;  269,073;14542,370;58,97131
 441,09; 8671,366;  270,920;14656,883;58,39336
 441,68; 8707,973;  255,074;14705,853;58,49442
 442,27; 8703,143;  249,535;14773,763;58,20349
 442,86; 8703,062;  235,613;14659,282;58,70523
 443,44; 8738,488;  244,382;14721,220;58,67376
 444,03; 8795,158;  289,767;14732,781;58,88931
 444,62; 8664,217;  243,536;14585,354;58,71418
 445,21; 8596,642;  258,767;14465,978;58,68763
 445,80; 8596,786;  268,306;14441,635;58,76164
 446,39; 8461,589;  272,459;14150,884;59,00619
 446,97; 8278,183;  234,460;13972,092;58,55247
 447,56; 8233,507;  238,076;13803,013;58,94190
 448,15; 8142,943;  245,691;13657,805;58,88149
 448,74; 7999,059;  259,845;13426,258;58,77998
 449,33; 7932,243;  248,768;13344,934;58,66965
 449,91; 7837,778;  251,153;13131,960;58,89868
 450,50; 7730,153;  231,307;12895,760;59,21176
 451,09; 7720,475;  263,999;12832,109;59,32854
 451,68; 7640,358;  282,846;12787,013;58,84049
 452,26; 7590,687;  269,846;12717,253;58,81419
 452,85; 7514,230;  251,384;12611,106;58,76221
 453,44; 7550,423;  268,846;12614,261;58,98203
 454,03; 7494,616;  253,154;12532,996;58,97032
 454,61; 7430,931;  247,462;12588,161;58,20958
 455,20; 7611,064;  272,308;12704,563;59,02997
 455,79; 7569,940;  272,231;12725,471;58,60089
 456,38; 7637,475;  267,924;12806,392;58,77553
 456,97; 7644,225;  257,616;12850,828;58,65548
 457,55; 7654,218;  256,078;12827,425;58,84923
 458,14; 7651,413;  278,539;12830,692;58,73792
 458,73; 7590,573;  270,232;12766,786;58,57888
 459,31; 7649,920;  295,540;12818,970;58,72497
 459,90; 7680,805;  294,155;12832,687;58,91160
 460,49; 7746,647;  309,770;12948,939;58,83992
 461,08; 7735,692;  255,848;13048,019;58,47204
 461,66; 7771,978;  264,309;13130,625;58,35135
 462,25; 7866,983;  265,925;13210,647;58,71936
 462,84; 7841,355;  301,002;13282,304;58,08626
 463,43; 7808,881;  245,156;13219,031;58,29966
 464,01; 7830,986;  273,079;13134,724;58,76314
 464,60; 7845,003;  290,925;13092,651;59,00828
 465,19; 7703,997;  242,541;12903,764;58,93156
 465,77; 7652,095;  268,003;12835,774;58,75419
 466,36; 7575,591;  283,233;12722,689;58,62281
 466,95; 7421,998;  261,310;12466,638;58,66854
 467,53; 7232,068;  259,618;12208,724;58,35123
 468,12; 7109,407;  292,080;12042,038;58,02002
 468,71; 7032,694;  274,156;11800,133;58,63744
 469,29; 6858,003;  255,695;11587,534;58,26334
 469,88; 6719,353;  264,080;11386,196;58,03997
 470,47; 6832,253;  296,926;11494,201;58,36533
 471,06; 6767,289;  271,234;11430,588;58,21175
 471,64; 6826,133;  282,311;11545,297;58,10024
 472,23; 6830,676;  265,158;11595,511;57,94628
 472,81; 6874,009;  261,004;11680,731;57,90861
 473,40; 6969,276;  269,235;11837,771;57,91607
 473,99; 7074,311;  324,312;11971,394;57,95442
 474,57; 7082,855;  265,542;12141,692;57,40339
 475,16; 7168,350;  285,235;12187,502;57,83029
 475,75; 7232,772;  283,004;12283,750;57,91113
 476,33; 7274,920;  299,774;12373,650;57,77057
 476,92; 7262,129;  285,773;12474,981;57,23387
 477,51; 7243,369;  291,004;12487,230;57,00423
 478,09; 7327,053;  272,774;12523,321;57,58338
 478,68; 7258,988;  292,158;12427,285;57,41044
 479,27; 7302,098;  306,620;12449,480;57,60981
 479,85; 7286,430;  285,851;12471,787;57,44803
 480,44; 7353,393;  275,005;12655,767;57,17248
 481,02; 8137,239;  288,851;14348,509;55,82204
 481,61; 9169,954;  306,389;15935,860;56,71059
 482,20; 9657,633;  306,082;16932,719;56,24439
 482,78;10067,875;  328,928;17581,964;56,44773
 483,37;10362,005;  314,313;17999,930;56,81279
 483,95;10465,961;  341,544;18217,778;56,63619
 484,54;10581,984;  340,851;18283,114;57,07827
 485,13;10485,771;  317,006;18159,890;56,99059
 485,71;10416,914;  300,083;17960,696;57,28471
 486,30;10252,367;  332,159;17723,941;57,03963
 486,88;10066,410;  353,775;17320,461;57,24533
 487,47; 9634,299;  348,852;16635,289;57,01337
 488,05; 9237,202;  335,391;15825,696;57,46698
 488,64; 8601,847;  345,929;14497,680;58,33849
 489,23; 7563,637;  348,237;12624,971;58,77297
 489,81; 6545,638;  332,698;11145,114;57,46116
 490,40; 6229,456;  291,237;10686,009;57,12698
 490,98; 6111,204;  285,775;10477,883;57,15627
 491,57; 6040,325;  317,621;10429,514;56,59380
 492,15; 6007,534;  289,929;10349,448;56,83775
 492,74; 5976,154;  301,698;10268,713;56,93234
 493,32; 5915,193;  312,083;10178,985;56,78692
 493,91; 5876,856;  291,314;10106,632;56,90638
 494,50; 5836,182;  301,468;10051,382;56,76679
 495,08; 5813,170;  282,622;10034,792;56,71095
 495,67; 5799,655;  295,006;10035,886;56,51080
 496,25; 5710,317;  246,545; 9886,989;56,67552
 496,84; 5670,892;  258,545; 9887,569;56,20868
 497,42; 5627,994;  249,468; 9841,546;56,07259
 498,01; 5592,685;  276,545; 9813,590;55,74200
 498,59; 5581,964;  248,391; 9767,215;56,03185
 499,18; 5532,475;  265,314; 9682,160;55,93338
 499,76; 5476,788;  267,391; 9594,430;55,85263
 500,35; 5395,366;  265,084; 9457,691;55,80878
 500,93; 5354,342;  243,853; 9392,774;55,85893
 501,52; 5356,416;  255,084; 9383,466;55,88430
 502,10; 5309,524;  267,084; 9321,120;55,69273
 502,69; 5216,713;  248,238; 9212,643;55,42448
 503,27; 5106,987;  231,161; 9016,461;55,49982
 503,86; 5071,124;  255,238; 8969,753;55,26280
 504,44; 5016,090;  231,084; 8841,801;55,57035
 505,03; 4890,261;  213,315; 8589,612;55,83548
 505,61; 4817,553;  235,315; 8544,576;55,14615
 506,19; 4747,644;  259,854; 8418,156;55,00888
 506,78; 4604,264;  221,700; 8233,793;54,69936
 507,36; 4540,754;  239,161; 8064,630;54,96914
 507,95; 4460,657;  244,085; 7971,603;54,56568
 508,53; 4423,007;  232,162; 7836,694;55,10983
 509,12; 4367,626;  232,777; 7727,365;55,17112
 509,70; 4268,259;  247,470; 7609,319;54,61656
 510,29; 4190,286;  258,316; 7479,166;54,45301
 510,87; 4078,664;  228,469; 7307,379;54,38966
 511,46; 3994,826;  224,623; 7165,276;54,32058
 512,04; 3894,129;  224,470; 7058,341;53,69810
 512,62; 3842,665;  243,316; 6916,060;53,94106
 513,21; 3762,015;  208,701; 6776,168;54,10479
 513,79; 3696,706;  231,317; 6683,793;53,70635
 514,38; 3608,310;  212,316; 6505,763;53,96079
 514,96; 3544,041;  258,778; 6439,305;53,15507
 515,54; 3483,191;  213,932; 6286,836;53,83353
 516,13; 3433,280;  232,393; 6219,960;53,45890
 516,71; 3381,844;  244,317; 6133,113;53,27959
 517,30; 3330,036;  217,009; 6020,319;53,64227
 517,88; 3284,957;  252,625; 5941,862;53,29946
 518,46; 3218,994;  217,471; 5848,930;53,29920
 519,05; 3197,002;  225,394; 5810,047;53,21026
 519,63; 3159,694;  233,163; 5772,828;52,82867
 520,22; 3125,919;  248,933; 5710,567;52,67628
 520,80; 3081,324;  229,625; 5628,830;52,81702
 521,38; 3095,698;  258,317; 5606,652;53,05167
 521,97; 3018,948;  230,702; 5579,793;52,12560
 522,55; 3002,665;  247,548; 5586,743;51,60173
 523,13; 3019,944;  213,395; 5574,479;52,35040
 523,72; 2979,146;  223,548; 5551,013;51,72438
 524,30; 3057,831;  242,087; 5725,300;51,35208
 524,89; 3018,122;  223,548; 5671,748;51,29353
 525,47; 3055,847;  249,164; 5800,106;50,56229
 526,05; 3055,031;  214,856; 5846,348;50,43379
 526,64; 3100,956;  239,626; 5972,640;49,90971
 527,22; 3182,915;  240,856; 6060,664;50,55250
 527,80; 3230,441;  274,241; 6163,749;50,19435
 528,39; 3262,293;  226,472; 6203,723;50,78958
 528,97; 3316,354;  233,780; 6406,379;49,93964
 529,55; 3353,748;  245,549; 6572,332;49,12763
 530,14; 3462,670;  257,395; 6736,034;49,47451
 530,72; 3478,807;  232,703; 6807,701;49,37042
 531,30; 3517,460;  212,395; 6936,758;49,15059
 531,89; 3539,656;  230,549; 7005,597;48,84256
 532,47; 3627,904;  257,626; 7068,936;49,48062
 533,05; 3584,680;  249,933; 7111,273;48,60197
 533,63; 3626,525;  273,780; 7182,997;48,52568
 534,22; 3619,576;  234,395; 7187,585;48,68530
 534,80; 3674,226;  263,626; 7271,718;48,66659
 535,38; 3714,147;  306,703; 7317,224;48,60472
 535,97; 3638,777;  259,242; 7292,035;48,05396
 536,55; 3708,341;  294,396; 7356,638;48,34080
 537,13; 3648,637;  303,934; 7324,098;47,64423
 537,71; 3710,539;  340,318; 7384,528;47,84385
 538,30; 3704,381;  369,319; 7491,504;46,82638
 538,88; 3751,710;  382,627; 7556,569;46,96279
 539,46; 3828,943;  445,011; 7764,361;46,23269
 540,05; 3882,266;  462,627; 7865,776;46,19168
 540,63; 3965,540;  499,242; 8031,994;46,01636
 541,21; 4013,411;  535,011; 8159,158;45,62346
 541,79; 4056,530;  580,473; 8262,843;45,24720
 542,38; 4101,014;  595,934; 8415,206;44,82617
 542,96; 4166,440;  599,088; 8555,307;44,83727
 543,54; 4227,715;  630,627; 8746,861;44,31967
 544,12; 4242,287;  584,242; 8892,170;44,03077
 544,70; 4256,186;  574,550; 8928,890;44,06854
 545,29; 4328,331;  563,550; 9109,493;44,05344
 545,87; 4289,915;  542,627; 9096,536;43,80790
 546,45; 4301,397;  498,319; 9126,903;44,07535
 547,03; 4337,197;  484,319; 9142,596;44,49936
 547,62; 4358,883;  464,473; 9344,364;43,85651
 548,20; 4379,052;  456,165; 9505,702;43,34903
 548,78; 4437,822;  423,781; 9602,102;43,73393
 549,36; 4499,646;  387,704; 9792,152;43,72337
 549,94; 4503,617;  360,781; 9906,351;43,40062
 550,53; 4582,295;  359,550;10086,325;43,41362
 551,11; 4596,618;  344,320;10255,806;42,90273
 551,69; 4688,815;  344,397;10558,738;42,53254
 552,27; 4747,207;  321,935;10774,899;42,33509
 552,85; 4871,472;  311,166;11107,868;42,23796
 553,44; 4980,344;  295,858;11402,835;42,17607
 554,02; 5075,464;  324,781;11672,047;41,86632
 554,60; 5148,621;  275,551;11956,026;41,71980
 555,18; 5294,996;  307,012;12281,991;41,65338
 555,76; 5375,866;  280,243;12620,628;41,29225
 556,34; 5506,162;  286,474;12935,383;41,26592
 556,93; 5634,322;  280,166;13250,413;41,28030
 557,51; 5731,727;  275,474;13594,636;40,96544
 558,09; 5834,886;  288,474;13929,594;40,65951
 558,67; 5955,478;  297,628;14272,731;40,48522
 559,25; 6045,349;  291,935;14477,462;40,55834
 559,83; 6088,628;  273,705;14735,801;40,20802
 560,41; 6200,463;  271,551;15005,865;40,23881
 561,00; 6337,667;  278,166;15387,354;40,10474
 561,58; 6356,829;  267,781;15587,444;39,74662
 562,16; 6460,593;  260,781;15870,932;39,71654
 562,74; 6559,977;  247,397;16255,789;39,43294
 563,32; 6679,097;  246,551;16615,940;39,29619
 563,90; 6752,188;  279,705;16952,388;38,82088
 564,48; 6870,841;  273,628;17305,579;38,73434
 565,06; 7048,954;  268,705;17902,399;38,45053
 565,65; 7249,576;  266,244;18439,877;38,42562
 566,23; 7512,949;  314,705;19140,403;38,23627
 566,81; 7683,280;  264,551;19746,293;38,08042
 567,39; 7941,506;  275,936;20593,039;37,72964
 567,97; 8123,635;  281,782;21133,270;37,60812
 568,55; 8400,190;  281,166;21950,295;37,46816
 569,13; 8617,745;  268,936;22517,502;37,52516
 569,71; 8893,832;  270,243;23412,456;37,26346
 570,29; 9177,005;  309,858;24323,587;36,92532
 570,87; 9409,981;  300,320;24926,702;36,99147
 571,45; 9550,725;  290,089;25475,471;36,76988
 572,03; 9670,255;  251,397;25860,842;36,77884
 572,61; 9879,104;  252,013;26487,315;36,69518
 573,20;10055,096;  288,859;27109,281;36,41344
 573,78;10212,269;  269,628;27641,598;36,32417
 574,36;10340,245;  283,782;28059,576;36,20585
 574,94;10395,696;  325,090;28409,337;35,85856
 575,52;10363,669;  281,090;28565,045;35,64770
 576,10;10607,272;  327,705;29191,317;35,61428
 576,68;10701,665;  318,936;29601,254;35,45733
 577,26;10894,905;  333,629;30309,711;35,23235
 577,84;11033,469;  344,166;30677,894;35,23900
 578,42;11055,697;  378,398;30917,557;34,96265
 579,00;11020,824;  326,628;31061,640;34,79483
 579,58;11037,783;  356,628;31166,856;34,66756
 580,16;10945,702;  348,936;31253,465;34,28871
 580,74;10961,251;  347,859;31459,747;34,11362
 581,32;10899,624;  355,705;31409,553;33,95366
 581,90;10833,769;  363,782;31468,177;33,66080
 582,48;10828,257;  359,551;31538,891;33,57578
 583,06;10812,057;  363,936;31677,074;33,36657
 583,64;10726,585;  367,397;31739,099;33,02080
 584,22;10645,351;  376,013;31577,675;32,91279
 584,80;10468,339;  371,859;31340,733;32,60202
 585,38;10285,391;  377,858;31069,312;32,28108
 585,96;10225,291;  362,782;31135,240;32,04979
 586,54;10157,798;  377,475;31164,095;31,76810
 587,12;10133,521;  349,167;31304,739;31,60773
 587,70;10205,533;  369,936;31469,061;31,62660
 588,28;10071,298;  369,628;31431,263;31,23361
 588,86;10062,322;  356,398;31530,130;31,13495
 589,44; 9983,126;  351,244;31598,637;30,82459
 590,02;10031,510;  343,013;31888,879;30,71241
 590,59; 9995,943;  332,936;31984,269;30,52954
 591,17; 9955,083;  336,552;32163,836;30,22102
 591,75; 9957,079;  316,398;32250,099;30,18968
 592,33; 9952,471;  331,398;32514,326;29,89496
 592,91; 9967,964;  291,937;32683,470;29,87209
 593,49; 9929,057;  297,091;32940,341;29,50676
 594,07;10012,740;  309,245;33256,207;29,45187
 594,65; 9896,938;  317,475;33184,196;29,14639
 595,23; 9927,466;  315,706;33574,507;28,89990
 595,81; 9931,261;  310,860;33637,831;28,86671
 596,39; 9821,930;  306,090;33822,798;28,39133
 596,97; 9900,468;  298,783;33854,770;28,61392
 597,55; 9772,656;  288,244;33839,828;28,26815
 598,12; 9789,390;  291,552;33895,511;28,26404
 598,70; 9692,303;  284,321;34017,938;27,88904
 599,28; 9660,278;  300,091;34110,603;27,68425
 599,86; 9635,515;  284,552;34083,593;27,66635
 600,44; 9597,379;  267,629;34239,778;27,46294
 601,02; 9573,889;  330,937;34294,249;27,21452
 601,60; 9501,550;  282,629;34301,541;27,09940
 602,18; 9437,490;  269,937;34268,544;26,96450
 602,75; 9425,788;  274,321;34310,317;26,88761
 603,33; 9331,159;  286,091;34330,380;26,56853
 603,91; 9298,318;  268,091;34373,485;26,47742
 604,49; 9225,622;  300,475;34471,374;26,11914
 605,07; 9162,702;  289,706;34433,854;25,98687
 605,65; 9167,588;  322,937;34511,664;25,87008
 606,23; 9160,024;  367,167;34698,495;25,61176
 606,80; 9110,677;  413,090;34757,079;25,32492
 607,38; 9029,740;  459,706;34743,031;24,99768
 607,96; 8981,744;  503,859;34821,253;24,70434
 608,54; 9025,707;  560,091;34840,195;24,69542
 609,12; 8952,575;  530,321;34946,206;24,47199
 609,70; 8901,684;  601,244;34939,795;24,17237
 610,27; 8868,125;  583,859;34916,033;24,12975
 610,85; 8809,819;  598,706;35029,835;23,84794
 611,43; 8735,132;  596,783;35010,973;23,64824
 612,01; 8654,049;  565,398;34824,703;23,61009
 612,59; 8555,821;  561,475;34835,522;23,32478
 613,16; 8524,386;  540,244;34684,298;23,38370
 613,74; 8437,057;  512,706;34580,891;23,26027
 614,32; 8321,230;  469,014;34567,455;23,02808
 614,90; 8262,350;  435,091;34462,245;23,00298
 615,48; 8135,135;  370,782;34170,255;22,97181
 616,05; 8099,467;  371,013;34162,678;22,87089
 616,63; 8026,646;  360,628;34057,332;22,75005
 617,21; 7958,493;  362,321;33896,375;22,65211
 617,79; 7879,076;  341,475;33903,582;22,45866
 618,36; 7820,437;  358,090;33739,000;22,35513
 618,94; 7657,351;  296,859;33508,356;22,16248
 619,52; 7621,470;  322,782;33206,371;22,19553
 620,10; 7535,353;  304,936;33196,647;21,98249
 620,67; 7522,159;  315,475;33120,689;21,96811
 621,25; 7441,533;  325,783;33071,653;21,73022
 621,83; 7376,292;  320,167;32953,706;21,62231
 622,41; 7339,657;  351,706;32885,900;21,47879
 622,98; 7230,405;  327,013;32670,890;21,34374
 623,56; 7182,239;  322,705;32683,690;21,19692
 624,14; 7136,106;  299,398;32605,341;21,16239
 624,72; 7047,607;  308,936;32450,076;20,96587
 625,29; 7041,214;  273,244;32467,739;21,02213
 625,87; 7004,649;  324,860;32472,590;20,77842
 626,45; 6924,105;  287,321;32404,655;20,66418
 627,02; 6849,796;  293,398;32353,445;20,45037
 627,60; 6796,908;  288,398;32271,875;20,34960
 628,18; 6745,036;  276,398;32301,360;20,19874
 628,76; 6720,878;  280,321;32341,711;20,08820
 629,33; 6697,514;  292,936;32349,039;19,97928
 629,91; 6643,661;  289,090;32379,340;19,80219
 630,49; 6640,534;  315,552;32581,390;19,60272
 631,06; 6604,983;  310,398;32536,574;19,53252
 631,64; 6603,885;  289,013;32579,476;19,55646
 632,22; 6531,949;  253,474;32517,364;19,45976
 632,79; 6541,001;  283,782;32729,644;19,28511
 633,37; 6546,076;  268,321;32724,494;19,34225
 633,95; 6454,369;  280,859;32873,207;18,94159
 634,52; 6447,982;  259,244;33030,019;18,88493
 635,10; 6434,658;  259,475;32900,273;18,91860
 635,68; 6451,505;  262,936;33149,483;18,81793
 636,25; 6384,041;  259,013;33224,280;18,58025
 636,83; 6419,186;  248,013;33308,326;18,66641
 637,41; 6360,987;  254,705;33345,372;18,45318
 637,98; 6433,087;  278,397;33568,635;18,48797
 638,56; 6381,650;  279,782;33621,070;18,30124
 639,13; 6352,788;  255,628;33659,049;18,25310
 639,71; 6387,300;  281,859;33809,400;18,21023
 640,29; 6282,774;  246,321;33660,891;18,06533
 640,86; 6288,875;  249,705;33802,983;17,99875
 641,44; 6284,590;  252,167;33880,151;17,93870
 642,02; 6259,229;  277,321;33788,704;17,85038
 642,59; 6215,561;  253,782;33907,334;17,71515
 643,17; 6186,584;  247,244;33894,349;17,65186
 643,74; 6141,146;  242,705;33958,132;17,49478
 644,32; 6152,631;  275,936;33810,916;17,52408
 644,89; 6123,809;  265,167;33931,854;17,40190
 645,47; 6133,294;  278,629;33873,945;17,42703
 646,05; 6075,318;  263,013;33792,652;17,33483
 646,62; 6027,264;  269,552;33811,128;17,16590
 647,20; 6019,672;  265,782;33957,296;17,07816
 647,77; 5959,927;  237,475;33814,311;17,04286
 648,35; 5938,181;  217,321;33633,172;17,12020
 648,92; 5910,743;  263,013;33807,263;16,83666
 649,50; 5857,075;  238,090;33626,662;16,82906
 650,08; 5817,867;  227,475;33696,215;16,70333
 650,65; 5893,891;  242,783;33912,460;16,78397
 651,23; 5968,376;  226,244;34674,629;16,66880
 651,80; 6107,861;  235,090;35443,028;16,68025
 652,38; 6145,731;  244,244;35773,735;16,61011
 652,95; 6155,908;  220,398;36156,442;16,51687
 653,53; 6203,240;  249,936;36303,456;16,51241
 654,10; 6219,648;  265,706;36407,778;16,47372
 654,68; 6178,825;  224,860;36276,562;16,51508
 655,25; 6185,618;  227,783;36302,269;16,51537
 655,83; 6154,257;  231,706;36514,976;16,32309
 656,40; 6198,742;  247,398;36407,067;16,45851
 656,98; 6111,689;  240,321;36276,236;16,29310
 657,55; 6103,636;  236,860;36190,712;16,31752
 658,13; 6057,736;  220,398;35822,803;16,39591
 658,70; 5973,760;  264,475;35575,741;16,16845
 659,28; 5796,014;  236,398;34649,217;16,15565
 659,85; 5685,192;  241,475;34064,154;16,09487
 660,43; 5716,600;  251,706;34264,092;16,06736
 661,00; 5719,162;  235,937;34345,953;16,07512
 661,58; 5736,032;  224,937;34643,198;16,01212
 662,15; 5740,363;  224,167;34851,520;15,93017
 662,73; 5798,848;  271,090;35154,612;15,84633
 663,30; 5812,102;  240,706;35399,934;15,84619
 663,88; 5830,049;  247,244;35554,333;15,81214
 664,45; 5863,765;  235,321;35695,886;15,87240
 665,03; 5902,173;  244,398;36017,824;15,81558
 665,60; 6003,351;  281,398;36549,531;15,77680
 666,17; 5947,759;  248,244;36517,314;15,71453
 666,75; 6008,552;  240,090;36891,021;15,73892
 667,32; 6079,652;  259,552;37209,343;15,75137
 667,90; 6062,445;  247,552;37437,358;15,63572
 668,47; 6163,238;  256,014;37596,911;15,81972
 669,05; 6186,184;  237,014;37894,002;15,79832
 669,62; 6181,977;  213,629;38049,555;15,77429
 670,19; 6214,924;  227,937;38140,493;15,79157
 670,77; 6243,101;  242,244;38302,892;15,76657
 671,34; 6208,433;  240,168;38265,214;15,69562
 671,92; 6252,841;  229,091;38587,844;15,70372
 672,49; 6275,095;  252,475;38568,166;15,71842
 673,06; 6260,119;  210,168;38603,258;15,75792
 673,64; 6248,835;  227,398;38541,888;15,71582
 674,21; 6287,397;  214,860;38523,979;15,85141
 674,79; 6331,036;  237,860;38697,840;15,84290
 675,36; 6349,213;  247,783;38771,931;15,83794
 675,93; 6317,083;  223,475;38632,869;15,86489
 676,51; 6394,030;  253,860;38824,883;15,91913
 677,08; 6376,284;  247,629;38818,975;15,88914
 677,65; 6428,000;  234,475;38969,836;15,98933
 678,23; 6468,716;  243,091;39144,619;16,00355
 678,80; 6491,355;  229,706;39197,865;16,06863
 679,38; 6500,301;  216,937;39476,648;16,00461
 679,95; 6546,017;  234,475;39625,817;16,02266
 680,52; 6592,964;  232,552;39859,370;16,05078
 681,10; 6697,680;  232,860;40365,461;16,10865
 681,67; 6749,627;  246,091;40600,322;16,11612
 682,24; 6716,881;  223,783;40562,567;16,09641
 682,82; 6835,443;  222,860;41196,351;16,13869
 683,39; 6920,620;  253,860;41451,596;16,18235
 683,96; 6975,029;  229,937;41835,842;16,21186
 684,54; 7023,052;  220,860;42144,087;16,22535
 685,11; 7103,999;  233,629;42374,101;16,30349
 685,68; 7189,022;  230,475;42814,501;16,34075
 686,25; 7171,738;  220,629;42845,361;16,30769
 686,83; 7274,916;  223,937;43093,991;16,44733
 687,40; 7342,401;  200,783;43333,929;16,55715
 687,97; 7412,425;  246,399;43764,866;16,46663
 688,55; 7403,987;  199,091;43761,958;16,53908
 689,12; 7466,010;  194,629;44011,126;16,59508
 689,69; 7529,880;  204,629;44078,602;16,69612
 690,26; 7549,980;  221,937;44168,309;16,67497
 690,84; 7610,466;  223,245;44287,939;16,76449
 691,41; 7655,412;  233,322;44337,646;16,82849
 691,98; 7710,590;  223,860;44635,814;16,85746
 692,56; 7728,921;  207,399;44761,367;16,88182
 693,13; 7826,098;  278,860;44814,997;16,94632
 693,70; 7859,045;  239,783;44999,627;17,02254
 694,27; 7859,992;  228,706;45029,565;17,03379
 694,84; 7901,785;  217,245;45176,810;17,09211
 695,42; 7968,347;  262,629;45200,440;17,14751
 695,99; 7982,293;  238,399;45436,454;17,13325
 696,56; 8034,163;  221,091;45253,469;17,34990
 697,13; 8143,571;  240,783;45638,637;17,40784
 697,71; 8095,595;  197,014;45661,498;17,37308
 698,28; 8203,695;  226,399;46003,743;17,42630
 698,85; 8240,488;  203,322;45920,142;17,58033
 699,42; 8264,204;  200,783;46172,542;17,53994
 699,99; 8363,074;  235,553;46205,248;17,68017
 700,57; 8406,328;  238,706;46156,955;17,78731
 701,14; 8403,275;  213,630;46431,201;17,71977
 701,71; 8511,298;  231,707;46570,830;17,86739
 702,28; 8535,707;  231,937;46557,614;17,92477
 702,85; 8596,038;  239,630;46695,706;17,98776
 703,43; 8653,369;  236,630;46877,336;18,04591
 704,00; 8755,777;  256,553;47110,427;18,13985
 704,57; 8754,647;  237,630;47050,365;18,19380
 705,14; 8836,902;  259,707;47202,225;18,27170
 705,71; 8928,771;  275,860;47296,701;18,40229
 706,28; 8913,872;  243,476;47120,947;18,49587
 706,86; 9007,203;  270,091;47452,500;18,51773
 707,43; 9031,919;  278,091;47396,206;18,57848
 708,00; 9049,327;  261,630;47491,144;18,60637
 708,57; 9056,735;  236,937;47389,466;18,70482
 709,14; 9132,759;  262,014;47408,558;18,81526
 709,71; 9199,552;  249,860;47482,957;18,94792
 710,28; 9291,422;  239,091;47765,741;19,04685
 710,86; 9284,830;  250,399;47900,601;18,95990
 711,43; 9435,853;  255,476;47990,539;19,23194
 712,00; 9401,800;  253,476;47938,630;19,18485
 712,57; 9462,977;  243,322;48089,953;19,26918
 713,14; 9529,693;  243,553;48201,967;19,36290
 713,71; 9599,178;  257,937;48067,751;19,53833
 714,28; 9643,664;  238,784;48156,919;19,62697
 714,85; 9629,072;  226,784;47798,088;19,76462
 715,42; 9698,557;  237,399;48060,333;19,78373
 716,00; 9787,504;  273,091;48067,501;19,90696
 716,57; 9820,835;  234,630;48242,208;19,96811
 717,14; 9857,166;  221,399;48091,684;20,12891
 717,71; 9864,959;  212,784;48238,160;20,09807
 718,28; 9956,829;  246,245;48321,329;20,19879
 718,85;10012,391;  223,861;48279,882;20,36900
 719,42;10066,953;  243,015;48421,973;20,39052
 719,99;10051,130;  218,553;48239,603;20,47556
 720,56;10146,462;  226,015;48519,771;20,54188
 721,13;10139,716;  226,553;48524,017;20,52522
 721,70;10215,432;  217,938;48456,108;20,72528
 722,27;10202,763;  239,630;48550,277;20,62306
 722,84;10377,941;  268,784;48640,829;20,89876
 723,41;10306,503;  219,938;48564,844;20,86376
 723,98;10418,219;  234,092;48799,705;20,96983
 724,55;10555,319;  244,092;48976,642;21,15881
 725,12;10552,881;  199,553;48797,657;21,30398
 725,69;10632,366;  224,092;48972,902;21,35083
 726,27;10734,467;  223,399;49115,455;21,49852
 726,84;10830,644;  234,092;49280,008;21,60537
 727,41;10881,437;  232,938;49317,869;21,69403
 727,98;10934,614;  242,092;49605,191;21,66096
 728,55;11010,715;  255,553;49457,129;21,85939
 729,12;11114,277;  210,015;49647,835;22,05652
 729,69;11165,839;  254,322;49753,773;22,04371
 730,26;11225,247;  250,322;49962,557;22,07691
 730,82;11233,886;  222,553;49850,187;22,18791
 731,39;11354,602;  234,630;49816,278;22,42760
 731,96;11443,626;  219,322;50163,062;22,47389
 732,53;11536,034;  241,399;50357,153;22,53709
 733,10;11626,211;  250,322;50522,091;22,62878
 733,67;11721,466;  250,015;50676,029;22,74907
 734,24;11733,412;  226,784;50330,889;22,96544
 734,81;11814,744;  264,707;50432,058;23,02301
 735,38;11767,229;  240,246;50267,072;23,04160
 735,95;11803,560;  228,784;50113,702;23,20296
 736,52;11919,584;  250,630;50226,332;23,34925
 737,09;11850,992;  240,861;49921,270;23,36964
 737,66;12001,169;  279,784;50098,669;23,52800
 738,23;12039,655;  240,169;50154,068;23,63968
 738,80;12232,140;  263,938;50414,236;23,86467
 739,37;12315,779;  257,015;50601,405;23,95255
 739,94;12366,879;  249,015;50644,881;24,04535
 740,51;12433,749;  302,861;50688,511;24,07608
 741,07;12425,465;  235,784;50668,294;24,17028
 741,64;12499,719;  269,861;50922,309;24,14465
 742,21;12637,281;  231,476;50853,323;24,50682
 742,78;12637,766;  222,938;50692,723;24,59854
 743,35;12740,175;  224,707;50855,737;24,71897
 743,92;12824,814;  261,400;51007,982;24,75716
 744,49;12862,376;  239,477;50943,151;24,89543
 745,06;12881,784;  232,861;51001,242;24,91496
 745,63;12964,269;  224,477;50902,026;25,13893
 746,19;13032,600;  228,707;50930,348;25,25341
 746,76;13152,701;  255,553;50968,747;25,43154
 747,33;13149,340;  229,784;50905,531;25,49455
 747,90;13295,286;  258,400;51071,007;25,65680
 748,47;13241,156;  249,246;51065,329;25,56653
 749,04;13322,718;  245,169;50956,729;25,78810
 749,61;13422,665;  256,169;50944,128;25,97559
 750,17;13531,227;  242,707;51023,142;26,16858
 750,74;13575,327;  256,477;50913,234;26,29235
 751,31;13505,736;  233,554;50880,248;26,20543
 751,88;13526,375;  214,477;50717,494;26,35862
 752,45;13700,475;  235,169;50994,431;26,52778
 753,02;13640,499;  247,861;50649,215;26,57198
 753,58;13719,753;  222,015;50671,768;26,75481
 754,15;13875,931;  232,707;50812,090;26,97388
 754,72;13779,185;  220,323;50637,105;26,89355
 755,29;13878,055;  213,015;50426,504;27,21388
 755,86;13982,155;  233,631;50544,826;27,32697
 756,42;14031,486;  234,400;50527,533;27,43334
 756,99;14047,741;  198,554;50505,547;27,52935
 757,56;14027,611;  216,631;50361,793;27,54200
 758,13;14084,480;  182,938;50253,192;27,76407
 758,70;14170,735;  203,861;50276,437;27,89326
 759,26;14299,681;  200,246;50461,913;28,05206
 759,83;14325,166;  199,169;50451,543;28,11011
 760,40;14364,728;  192,169;50317,558;28,27421
 760,97;14365,675;  193,400;50289,572;28,29014
 761,53;14328,545;  167,400;49973,510;28,43255
 762,10;14370,492;  173,631;49908,293;28,54520
 762,67;14440,669;  205,631;49960,154;28,61054
 763,24;14417,154;  168,554;49558,015;28,84948
 763,80;14478,793;  197,861;49772,183;28,80711
 764,37;14541,432;  203,323;49732,198;28,94899
 764,94;14445,686;  187,169;49316,828;29,02222
 765,50;14439,710;  182,631;49164,688;29,10674
 766,07;14629,349;  222,785;49319,472;29,34325
 766,64;14538,296;  200,785;48949,410;29,41111
 767,21;14608,089;  197,554;48985,578;29,53703
 767,77;14628,112;  219,938;48824,054;29,64394
 768,34;14659,520;  230,169;48763,069;29,73107
 768,91;14657,236;  226,862;48671,160;29,78756
 769,47;14765,952;  213,246;48647,713;30,04618
 770,04;14786,283;  224,862;48582,958;30,11165
 770,61;14740,692;  209,015;48406,204;30,15046
 771,18;14768,023;  203,169;48330,449;30,26320
 771,74;14923,046;  224,708;48392,079;30,51514
 772,31;14916,070;  215,323;48271,786;30,59057
 772,88;14772,709;  199,246;47999,262;30,48841
 773,44;14839,271;  201,169;47768,815;30,77323
 774,01;14910,295;  219,169;47902,445;30,80981
 774,58;14927,703;  201,785;47572,536;31,08652
 775,14;14997,342;  204,554;47771,397;31,09895
 775,71;14971,827;  204,708;47581,873;31,16928
 776,27;15113,466;  251,477;47574,734;31,40525
 776,84;15128,490;  243,862;47573,748;31,44869
 777,41;15076,206;  228,939;47399,840;31,47548
 777,97;15036,844;  213,554;47193,316;31,55250
 778,54;15054,560;  222,400;47166,792;31,59517
 779,11;15146,584;  241,169;47120,345;31,79539
 779,67;15183,684;  212,785;47053,052;31,96160
 780,24;15225,247;  229,477;46872,989;32,14974
 780,80;15268,886;  242,939;46855,234;32,23602
 781,37;15276,755;  232,708;46853,864;32,26871
 781,94;15286,471;  222,554;46577,417;32,49695
 782,50;15311,187;  236,862;46574,970;32,53116
 783,07;15331,980;  252,939;46587,908;32,54354
 783,63;15238,234;  213,785;46351,384;32,56444
 784,20;15330,566;  236,785;46298,937;32,76829
 784,77;15406,820;  227,400;46110,875;33,08254
 785,33;15303,151;  205,323;45908,197;33,03475
 785,90;15408,790;  237,093;46000,673;33,15234
 786,46;15378,583;  232,631;45769,918;33,26055
 787,03;15435,760;  209,785;45668,779;33,49387
 787,59;15480,630;  226,785;45590,486;33,62566
 788,16;15494,654;  224,016;45589,269;33,66153
 788,73;15545,293;  233,093;45375,822;33,91953
 789,29;15468,316;  227,631;45105,452;33,96039
 789,86;15574,878;  240,708;44895,467;34,33939
 790,42;15494,902;  239,016;44861,866;34,18851
 790,99;15464,156;  241,477;44486,265;34,40559
 791,55;15508,872;  220,093;44553,203;34,48614
 792,12;15518,819;  234,477;44453,602;34,56500
 792,68;15495,073;  221,093;44174,924;34,75005
 793,25;15492,635;  232,093;44065,708;34,81470
 793,81;15508,890;  254,247;43608,184;35,18629
 794,38;15323,298;  192,477;43459,429;34,97085
 794,94;15399,706;  217,324;43264,059;35,26953
 795,51;15396,268;  227,477;43071,228;35,40491
 796,07;15415,215;  222,785;42806,165;35,67690
 796,64;15512,469;  235,170;42989,487;35,73276
 797,20;15385,262;  231,554;42433,810;35,90734
 797,77;15312,516;  203,401;42211,747;35,96694
 798,33;15334,540;  218,785;42050,454;36,13472
 798,90;15384,025;  259,093;41964,161;36,26641
 799,46;15254,664;  224,016;41599,945;36,32704
 800,03;15277,688;  228,631;41487,421;36,47479
 800,59;15245,557;  234,016;41300,897;36,55389
 801,15;15223,273;  240,554;41080,527;36,68641
 801,72;15142,758;  241,016;40827,926;36,71564
 802,28;15041,397;  261,785;40532,017;36,70109
 802,85;15059,959;  222,247;40307,032;37,01582
 803,41;15067,214;  227,247;40049,893;37,26515
 803,98;14969,468;  227,247;39894,292;37,16491
 804,54;14923,492;  231,016;39624,075;37,29712
 805,11;14888,900;  226,708;39414,013;37,41567
 805,67;14970,924;  241,247;39346,720;37,66654
 806,23;14871,486;  234,862;38962,273;37,79396
 806,80;14840,971;  243,247;38930,441;37,73270
 807,36;14860,994;  256,785;38854,071;37,83740
 807,93;14849,864;  255,708;38646,240;38,01499
 808,49;14754,657;  217,247;38245,408;38,22801
 809,05;14705,911;  211,401;38158,192;38,19693
 809,62;14805,320;  239,016;38037,283;38,53696
 810,18;14810,805;  245,093;38080,836;38,49723
 810,74;14713,367;  206,093;37756,158;38,63448
 811,31;14663,698;  216,632;37561,327;38,68573
 811,87;14793,491;  218,632;37431,726;39,16594
 812,44;14847,514;  256,016;37464,125;39,21591
 813,00;14760,153;  188,478;37153,063;39,42064
 813,56;14876,100;  237,939;37204,385;39,59851
 814,13;14864,816;  233,785;37188,092;39,59222
 814,69;14788,455;  229,016;37082,491;39,50629
 815,25;14670,940;  202,170;36620,275;39,72961
 815,82;14664,348;  245,478;36517,981;39,75152
 816,38;14683,295;  250,862;36435,919;39,88506
 816,94;14667,319;  222,478;36113,241;40,24668
 817,51;14579,111;  205,786;35930,102;40,23401
 818,07;14555,904;  209,401;35732,655;40,38623
 818,63;14445,005;  230,632;35501,592;40,30050
 819,20;14484,105;  228,401;35439,915;40,48592
 819,76;14389,744;  205,401;35037,545;40,72199
 820,32;14420,152;  257,786;34969,790;40,79962
 820,89;14353,561;  243,709;34715,651;40,93141
 821,45;14218,584;  216,478;34476,742;40,86981
 822,01;14227,839;  245,478;34225,910;41,14827
 822,57;14253,401;  232,016;34047,925;41,46387
 823,14;14218,963;  202,709;33943,786;41,54062
 823,70;14129,063;  207,478;33684,416;41,58560
 824,26;14049,779;  216,786;33503,815;41,55671
 824,82;14128,110;  222,555;33390,214;41,92504
 825,39;14018,057;  207,093;33055,459;42,04460
 825,95;14064,311;  243,324;33157,397;41,99112
 826,51;13978,489;  237,170;32741,719;42,27506
 827,08;14001,128;  271,632;32869,426;42,11787
 827,64;13913,459;  246,863;32640,133;42,18962
 828,20;13891,637;  209,401;32367,763;42,54643
 828,76;13921,352;  231,247;32374,931;42,59034
 829,32;13891,914;  233,093;32209,484;42,71533
 829,89;13841,323;  208,478;32119,345;42,72164
 830,45;13915,423;  223,478;32096,667;42,95756
 831,01;13874,601;  215,709;31878,681;43,13838
 831,57;13850,624;  228,940;31849,927;43,07799
 832,14;13896,648;  213,247;31775,403;43,35382
 832,70;13808,671;  214,093;31590,494;43,32740
 833,26;13784,926;  180,555;31556,586;43,35912
 833,82;13837,026;  215,555;31468,600;43,58446
 834,38;13923,511;  202,017;31425,615;43,94591
 834,95;13848,381;  208,478;31300,168;43,86993
 835,51;13911,789;  183,478;31186,721;44,28024
 836,07;13923,813;  217,863;31286,889;44,11451
 836,63;13977,683;  237,094;31247,904;44,30903
 837,19;14012,091;  225,555;31169,457;44,55332
 837,75;13850,345;  184,863;30892,625;44,50172
 838,32;13980,138;  238,555;30922,024;44,78497
 838,88;14013,777;  235,401;31025,731;44,74904
 839,44;14027,647;  210,863;30902,130;45,01862
 840,00;13986,440;  213,555;30874,068;44,92059
 840,56;13889,925;  202,555;30617,159;45,00262
 841,12;13979,718;  200,863;30498,404;45,47846
 841,68;13957,126;  193,171;30361,727;45,62351
 842,25;13947,842;  203,094;30317,280;45,64210
 842,81;13868,942;  204,709;30157,679;45,61896
 843,37;13906,581;  198,940;30128,616;45,79950
 843,93;13955,759;  217,709;30065,631;46,02682
 844,49;14015,475;  217,632;30078,030;46,20783
 845,05;13922,883;  181,017;29989,814;46,10004
 845,61;13979,983;  221,324;30019,213;46,17327
 846,17;13982,622;  210,632;29852,766;46,46086
 846,73;14006,261;  216,248;29780,473;46,64426
 847,29;13952,977;  196,094;29625,180;46,74587
 847,86;14006,693;  195,940;29632,579;46,91688
 848,42;13925,563;  197,863;29445,055;46,93681
 848,98;14004,971;  211,709;29466,992;47,14793
 849,54;14013,456;  205,632;29404,392;47,28908
 850,10;14073,480;  209,632;29217,175;47,79394
 850,66;14007,811;  190,555;29161,190;47,69400
 851,22;14034,835;  200,940;29038,820;47,97126
 851,78;14087,627;  231,402;29025,834;48,12120
 852,34;13983,959;  216,709;28886,310;48,02037
 852,90;13923,752;  198,863;28795,940;47,99403
 853,46;13922,852;  191,094;28615,801;48,30923
 854,02;13933,876;  211,171;28607,277;48,32601
 854,58;13849,053;  207,786;28342,138;48,48616
 855,14;13870,615;  192,940;28224,460;48,79391
 855,70;13917,716;  168,402;28179,397;49,08542
 856,26;13875,201;  220,325;28090,181;48,99514
 856,82;13872,378;  195,094;27894,119;49,37822
 857,38;13834,248;  218,094;27830,749;49,31128
 857,94;13849,195;  216,402;27712,302;49,58118
 858,50;13785,141;  206,248;27584,162;49,59798
 859,06;13764,703;  196,325;27413,869;49,85159
 859,62;13773,804;  214,325;27445,115;49,79466
 860,18;13724,981;  209,017;27255,975;49,97222
 860,74;13689,543;  174,094;27075,451;50,24077
 861,30;13574,336;  182,709;26948,774;50,03211
 861,86;13583,821;  220,325;26929,788;50,03282
 862,42;13541,845;  206,863;26838,187;50,07255
 862,98;13622,869;  234,248;26816,202;50,36733
 863,54;13526,123;  211,017;26607,755;50,44224
 864,10;13623,146;  205,479;26677,154;50,68689
 864,66;13526,324;  191,094;26435,245;50,81220
 865,22;13524,732;  209,940;26314,721;51,00518
 865,78;13488,217;  204,479;26260,121;50,98220
 866,34;13476,395;  203,709;26237,212;50,98309
 866,90;13447,572;  223,094;26098,534;51,10822
 867,45;13357,980;  229,863;25859,241;51,22293
 868,01;13333,850;  203,710;25799,871;51,29730
 868,57;13307,335;  216,248;25535,732;51,70361
 869,13;13238,282;  191,248;25443,131;51,66757
 869,69;13248,075;  200,786;25428,145;51,71880
 870,25;13158,098;  199,017;25281,929;51,66498
 870,81;13246,045;  199,633;25314,559;51,94685
 871,37;13280,915;  207,633;25106,958;52,50456
 871,93;13199,015;  213,786;25059,203;52,26408
 872,49;13113,423;  218,633;24710,910;52,64839
 873,04;13038,524;  198,094;24620,463;52,57651
 873,60;13053,086;  191,633;24500,170;52,90920
 874,16;13003,033;  216,710;24490,877;52,67461
 874,72;13017,417;  214,940;24397,646;52,94063
 875,28;13034,110;  216,017;24393,569;53,01650
 875,84;13037,725;  211,633;24287,031;53,27468
 876,40;13045,648;  214,633;24244,031;53,39716
 876,95;13055,802;  214,710;24253,031;53,41926
 877,51;13097,725;  233,094;24252,646;53,55900
 878,07;13107,571;  242,248;24268,800;53,54627
 878,63;13090,263;  198,633;24325,338;53,43303
 879,19;13114,571;  225,171;24259,185;53,62983
 879,75;13191,494;  213,863;24315,877;53,84459
 880,30;13235,033;  202,633;24342,338;53,98740
 880,86;13311,340;  239,940;24542,877;53,78527
 881,42;13413,879;  198,171;24530,338;54,31373
 881,98;13477,187;  225,402;24587,185;54,39579
 882,54;13508,956;  203,248;24670,185;54,38240
 883,09;13616,417;  223,479;24794,185;54,50775
 883,65;13670,571;  199,479;24889,262;54,56140
 884,21;13815,571;  225,556;25072,800;54,69426
 884,77;13912,494;  205,171;25121,877;55,01258
 885,32;14009,648;  207,863;25254,877;55,10351
 885,88;14090,879;  228,325;25438,646;54,98761
 886,44;14187,033;  218,094;25521,031;55,20679
 887,00;14253,956;  222,863;25539,108;55,42328
 887,56;14298,033;  203,633;25738,492;55,19670
 888,11;14367,340;  208,017;25713,646;55,51450
 888,67;14521,956;  240,787;25874,185;55,71313
 889,23;14523,417;  218,094;25864,954;55,77807
 889,79;14521,417;  198,556;25870,031;55,79290
 890,34;14459,033;  199,787;25781,185;55,74068
 890,90;14566,340;  251,940;25876,877;55,86121
 891,46;14541,187;  204,556;25815,723;55,97805
 892,01;14603,494;  227,940;25795,185;56,22645
 892,57;14614,648;  243,863;25656,031;56,55080
 893,13;14537,879;  210,940;25448,723;56,76782
 893,69;14493,648;  208,325;25488,262;56,50854
 894,24;14489,571;  220,171;25362,646;56,75416
 894,80;14397,494;  224,248;25288,646;56,54732
 895,36;14406,571;  222,863;25049,800;57,13032
 895,91;14331,417;  215,325;24927,108;57,12292
 896,47;14310,494;  214,633;24837,646;57,24670
 897,03;14217,033;  210,633;24711,338;57,16733
 897,58;14169,725;  218,402;24565,723;57,30127
 898,14;14132,417;  226,325;24326,877;57,70031
 898,70;14081,648;  193,094;24235,262;57,76748
 899,25;14107,417;  215,325;24180,954;57,96673
 899,81;14088,879;  231,633;24065,185;58,14176
 900,37;14001,879;  192,248;23850,108;58,37227
 900,92;14016,187;  210,863;23841,492;58,42131
 901,48;14016,956;  213,402;23672,569;58,84077
 902,03;13907,648;  210,094;23469,262;58,89099
 902,59;13837,263;  215,017;23371,415;58,82714
 903,15;13869,571;  223,402;23337,877;59,03733
 903,70;13751,802;  220,171;23107,646;59,12243
 904,26;13681,263;  198,325;23010,415;59,10435
 904,82;13739,263;  222,094;22963,877;59,43760
 905,37;13642,725;  222,248;22839,262;59,33797
 905,93;13580,648;  199,479;22630,723;59,65416
 906,48;13582,802;  217,863;22631,646;59,62821
 907,04;13660,879;  229,633;22626,185;59,97015
 907,60;13518,340;  201,479;22360,877;60,09577
 908,15;13481,571;  188,556;22275,954;60,18371
 908,71;13548,571;  238,556;22240,646;60,49432
 909,26;13437,110;  186,556;22060,877;60,57584
 909,82;13388,648;  232,633;22001,185;60,43588
 910,37;13424,879;  243,556;21886,723;60,90293
 910,93;13307,725;  199,863;21749,723;60,82574
 911,48;13249,417;  193,710;21592,262;61,01211
 912,04;13281,263;  215,017;21567,954;61,19180
 912,60;13251,648;  208,402;21463,877;61,36417
 913,15;13189,110;  210,787;21344,954;61,40920
 913,71;13110,725;  211,787;21241,338;61,33720
 914,26;13111,956;  192,787;21165,108;61,60105
 914,82;13076,033;  207,402;21104,492;61,58097
 915,37;13036,956;  195,710;20969,262;61,81536
 915,93;12997,263;  225,633;20882,954;61,82617
 916,48;12914,033;  196,556;20764,800;61,83064
 917,04;12875,879;  221,940;20683,338;61,84298
 917,59;12882,648;  238,402;20578,800;62,16322
 918,15;12794,340;  186,556;20385,185;62,41901
 918,70;12782,033;  205,171;20309,415;62,55824
 919,26;12729,725;  209,402;20177,338;62,70214
 919,81;12661,571;  197,094;20088,108;62,66386
 920,37;12659,110;  199,633;20045,492;62,78124
 920,92;12704,802;  221,248;19921,185;63,36850
 921,48;12512,648;  190,940;19699,338;63,16104
 922,03;12607,110;  208,248;19717,185;63,55478
 922,59;12524,340;  201,633;19613,723;63,47955
 923,14;12497,417;  187,017;19494,185;63,76078
 923,69;12400,494;  217,094;19379,800;63,57870
 924,25;12469,033;  218,402;19368,569;63,97140
 924,80;12371,340;  208,710;19185,954;64,09061
 925,36;12366,802;  201,863;19153,569;64,18915
 925,91;12302,725;  207,556;19094,877;64,03856
 926,47;12270,340;  189,633;18967,646;64,33432
 927,02;12258,802;  216,940;18917,185;64,39414
 927,57;12212,571;  204,402;18711,108;64,88550
 928,13;12145,187;  199,017;18681,800;64,63404
 928,68;12089,725;  202,402;18613,338;64,56664
 929,24;12030,033;  172,556;18417,723;64,98969
 929,79;11990,648;  192,017;18326,569;65,06161
 930,34;11987,725;  211,556;18183,262;65,52616
 930,90;11935,110;  189,710;18191,262;65,24660
 931,45;11955,417;  219,017;18098,954;65,64005
 932,01;11913,110;  227,940;18012,262;65,70489
 932,56;11851,417;  226,787;17928,800;65,66841
 933,11;11826,648;  231,556;17816,723;65,93678
 933,67;11708,187;  196,325;17697,492;65,77768
 934,22;11684,187;  207,556;17585,646;66,04080
 934,77;11669,417;  234,863;17508,031;66,19836
 935,33;11604,340;  215,940;17450,338;66,07948
 935,88;11648,802;  215,633;17373,800;66,63398
 936,43;11598,725;  197,863;17232,185;66,92877
 936,99;11492,417;  211,094;17185,569;66,46051
 937,54;11432,956;  190,325;16987,108;66,93324
 938,09;11446,187;  210,402;16939,954;67,16130
 938,65;11425,494;  213,094;16871,185;67,30904
 939,20;11363,263;  193,094;16814,031;67,20541
 939,75;11374,033;  185,940;16671,723;67,86510
 940,31;11303,187;  189,402;16575,954;67,82259
 940,86;11330,802;  198,402;16584,262;67,93907
 941,41;11278,110;  236,171;16477,646;67,98606
 941,96;11213,340;  197,325;16399,954;67,98906
 942,52;11166,802;  197,171;16384,185;67,76810
 943,07;11154,033;  185,171;16153,338;68,69205
 943,62;11104,648;  188,248;16141,877;68,42581
 944,18;11031,417;  189,940;16094,031;68,16785
 944,73;11045,725;  197,863;15979,338;68,73794
 945,28;10924,648;  168,248;15779,723;68,90060
 945,83;10925,725;  207,171;15774,877;68,85121
 946,39;10952,648;  193,710;15739,108;69,20980
 946,94;10958,956;  222,710;15678,031;69,46634
 947,49;10832,802;  191,325;15619,877;68,97262
 948,04;10841,417;  204,094;15569,954;69,22700
 948,59;10808,417;  210,556;15473,492;69,43527
 949,15;10775,494;  182,402;15381,646;69,69486
 949,70;10768,187;  189,171;15281,723;70,09428
 950,25;10801,802;  207,325;15248,031;70,43870
 950,80;10684,494;  171,710;15173,415;70,07726
 951,36;10633,725;  166,787;15057,338;70,29248
 951,91;10678,802;  214,017;14964,954;70,94319
 952,46;10567,571;  165,402;14841,492;70,87834
 953,01;10630,494;  221,325;14868,646;71,06534
 953,56;10535,648;  194,248;14784,031;70,88111
 954,11;10499,879;  207,479;14694,415;71,04608
 954,67;10528,648;  194,325;14633,262;71,57261
 955,22;10465,033;  182,094;14435,954;72,14143
 955,77;10449,648;  214,479;14495,569;71,66938
 956,32;10394,033;  228,171;14359,646;71,93772
 956,87;10348,187;  187,017;14220,569;72,40625
 957,42;10332,802;  190,940;14269,800;72,03610
 957,98;10318,648;  192,325;14134,492;72,63091
 958,53;10298,187;  210,479;14041,415;72,93583
 959,08;10228,494;  180,171;14049,185;72,45161
 959,63;10212,033;  194,325;13927,108;72,94740
 960,18;10142,802;  212,094;13895,108;72,57691
 960,73;10136,110;  209,094;13836,954;72,84354
 961,28;10116,879;  174,787;13767,262;73,14409
 961,83;10158,956;  218,171;13735,108;73,54318
 962,39;10098,802;  181,402;13566,492;74,09289
 962,94;10058,110;  214,402;13549,723;73,81680
 963,49;10006,340;  200,710;13411,723;74,22315
 964,04; 9940,110;  214,402;13391,492;73,80770
 964,59; 9920,956;  181,863;13264,954;74,44030
 965,14; 9923,571;  204,710;13246,185;74,52272
 965,69; 9835,956;  198,556;13127,338;74,54221
 966,24; 9796,340;  192,710;13055,800;74,66037
 966,79; 9740,187;  206,248;12979,185;74,64171
 967,34; 9710,802;  180,325;12882,954;75,02759
 967,89; 9693,340;  191,171;12813,108;75,28297
 968,44; 9675,879;  201,094;12775,108;75,35211
 968,99; 9678,110;  201,710;12733,492;75,61893
 969,55; 9640,417;  215,556;12580,185;76,22438
 970,10; 9601,110;  210,017;12478,492;76,54653
 970,65; 9558,187;  209,787;12405,723;76,65176
 971,20; 9511,417;  201,402;12356,569;76,59307
 971,75; 9466,802;  183,710;12228,569;77,07099
 972,30; 9419,879;  195,017;12181,031;76,96355
 972,85; 9337,802;  185,094;12096,492;76,83991
 973,40; 9301,494;  186,940;11946,723;77,50614
 973,95; 9262,802;  200,556;11923,954;77,30051
 974,50; 9170,571;  212,479;11874,415;76,81479
 975,05; 9166,494;  212,402;11791,492;77,32984
 975,60; 9134,802;  212,863;11710,108;77,60067
 976,15; 9100,879;  203,017;11617,877;77,94981
 976,70; 9086,110;  211,633;11509,031;78,55328
 977,25; 9039,879;  215,556;11476,569;78,36171
 977,80; 8926,187;  194,171;11351,800;78,26049
 978,35; 8846,033;  202,556;11268,185;78,11103
 978,89; 8841,417;  186,787;11159,723;78,87251
 979,44; 8773,187;  198,863;11173,262;78,13024
 979,99; 8617,648;  187,556;10982,954;78,08968
 980,54; 8602,956;  229,633;10951,415;78,09637
 981,09; 8554,263;  221,248;10848,954;78,40841
 981,64; 8464,033;  207,325;10733,954;78,43639
 982,19; 8475,725;  238,633;10714,415;78,62985
 982,74; 8437,802;  221,633;10532,338;79,68581
 983,29; 8342,110;  179,710;10432,800;79,60917
 983,84; 8302,648;  208,017;10387,569;79,51854
 984,39; 8263,725;  229,248;10298,800;79,78982
 984,94; 8221,187;  184,633;10218,492;80,09434
 985,49; 8197,956;  221,248;10121,800;80,56831
 986,03; 8093,110;  226,325;10067,646;79,93627
 986,58; 8041,879;  235,863; 9971,415;80,18051
 987,13; 7959,802;  211,787; 9863,031;80,27996
 987,68; 7966,648;  224,017; 9761,492;81,18114
 988,23; 7956,648;  212,248; 9718,492;81,46645
 988,78; 7779,802;  207,402; 9598,569;80,63321
 989,33; 7785,725;  212,710; 9511,031;81,44498
 989,88; 7729,340;  226,863; 9447,569;81,36554
 990,42; 7615,648;  206,940; 9285,108;81,61017
 990,97; 7512,956;  214,479; 9250,492;80,77098
 991,52; 7518,879;  231,633; 9181,723;81,42092
 992,07; 7431,340;  231,171; 9049,800;81,64726
 992,62; 7365,879;  217,633; 8967,646;81,69412
 993,17; 7334,340;  229,940; 8882,877;82,10392
 993,71; 7240,571;  216,094; 8817,877;81,66304
 994,26; 7165,725;  200,402; 8673,877;82,20149
 994,81; 7146,956;  228,248; 8648,108;82,17130
 995,36; 7027,033;  200,710; 8540,646;81,85102
 995,91; 7038,956;  216,787; 8479,108;82,56964
 996,45; 6962,725;  215,940; 8368,569;82,75594
 997,00; 6917,879;  192,633; 8271,031;83,24975
 997,55; 6847,956;  210,787; 8188,492;83,19647
 998,10; 6790,340;  236,325; 8111,415;83,22464
 998,65; 6750,571;  206,479; 8051,338;83,41886
 999,19; 6707,263;  216,094; 7942,723;84,01037
 999,74; 6640,494;  237,556; 7846,723;84,14769
1000,29; 6579,263;  225,171; 7798,877;83,89674
1000,84; 6428,033;  213,171; 7684,877;83,17862
1001,38; 6398,956;  208,710; 7594,108;83,81737
1001,93; 6382,417;  231,402; 7561,031;83,91988
1002,48; 6266,340;  201,248; 7451,569;83,65274
1003,03; 6257,263;  217,325; 7389,569;84,21267
1003,57; 6184,187;  228,940; 7287,646;84,36739
1004,12; 6141,417;  220,556; 7173,877;85,15156
1004,67; 6091,879;  209,787; 7105,262;85,30366
1005,22; 5993,033;  192,633; 6965,108;85,64668
1005,76; 5904,802;  199,094; 6846,338;85,83569
1006,31; 5858,648;  236,325; 6824,185;85,34370
1006,86; 5722,648;  212,171; 6700,723;84,92614
1007,40; 5719,571;  194,171; 6583,185;86,48284
1007,95; 5635,725;  212,402; 6555,185;85,50384
1008,50; 5545,340;  209,863; 6415,185;85,98229
1009,04; 5452,571;  217,479; 6352,954;85,32497
1009,59; 5391,648;  216,017; 6204,569;86,42541
1010,14; 5298,417;  199,171; 6121,569;86,10104
1010,68; 5260,263;  210,940; 6027,954;86,80267
1011,23; 5154,263;  200,556; 5883,262;87,17164
1011,78; 5131,417;  227,863; 5858,338;87,08952
1012,32; 5049,802;  210,710; 5761,646;87,17614
1012,87; 5044,956;  233,094; 5755,338;87,13598
1013,42; 4924,340;  203,325; 5646,262;86,73655
1013,96; 4980,879;  235,479; 5649,800;87,64534
1014,51; 4864,648;  176,094; 5590,954;86,58680
1015,06; 4915,571;  182,171; 5596,031;87,43116
1015,60; 4982,110;  246,171; 5671,031;87,30066
1016,15; 4954,340;  205,787; 5603,185;87,97857
1016,69; 4944,802;  217,402; 5682,415;86,50299
1017,24; 4971,494;  186,017; 5626,800;87,95567
1017,79; 4999,725;  234,710; 5707,800;87,06261
1018,33; 5006,956;  183,171; 5716,723;87,17339
1018,88; 5083,033;  217,402; 5789,108;87,32749
1019,42; 5101,263;  202,017; 5776,185;87,89198
1019,97; 5116,033;  202,248; 5782,800;88,05195
1020,51; 5135,187;  217,710; 5820,723;87,76486
1021,06; 5098,110;  193,479; 5811,569;87,30067
1021,61; 5127,802;  183,479; 5788,262;88,21614
1022,15; 5115,725;  168,402; 5762,031;88,44568
1022,70; 5124,033;  199,171; 5764,954;88,48462
1023,24; 5096,648;  194,402; 5702,031;89,00829
1023,79; 5047,187;  199,940; 5682,108;88,41843
1024,33; 5039,879;  203,633; 5642,723;88,91645
1024,88; 5017,802;  205,325; 5540,338;90,20553
1025,42; 4913,110;  196,863; 5474,492;89,36298
1025,97; 4854,956;  200,171; 5363,646;90,14829
1026,51; 4749,879;  166,248; 5273,877;89,74087
1027,06; 4754,802;  201,017; 5223,723;90,66397
1027,60; 4645,417;  216,402; 5139,800;89,95851
1028,15; 4638,340;  211,248; 5039,108;91,69886
1028,69; 4492,648;  166,479; 4909,723;91,20697
1029,24; 4495,725;  198,633; 4886,646;91,66126
1029,78; 4385,879;  186,787; 4781,800;91,38368
1030,33; 4321,879;  176,402; 4689,492;91,85451
1030,87; 4286,648;  191,556; 4647,492;91,90194
1031,42; 4195,417;  190,556; 4555,262;91,75559
1031,96; 4171,725;  205,863; 4510,954;92,12029
1032,51; 4081,879;  190,787; 4436,646;91,64439
1033,05; 4071,956;  205,171; 4360,415;93,05794
1033,60; 3987,494;  172,479; 4252,954;93,49439
1034,14; 3947,033;  195,940; 4215,723;93,31580
1034,69; 3897,033;  193,556; 4193,800;92,58127
1035,23; 3879,033;  199,248; 4103,569;94,24902
1035,77; 3809,494;  190,017; 4048,338;93,80963
1036,32; 3778,802;  173,248; 4005,108;94,09410
1036,86; 3750,571;  191,710; 3916,877;95,53562
1037,41; 3677,494;  209,094; 3864,954;94,87235
1037,95; 3619,879;  177,633; 3809,338;94,78318
1038,50; 3587,956;  190,171; 3776,262;94,74900
1039,04; 3582,033;  200,479; 3748,569;95,30631
1039,58; 3491,417;  181,479; 3666,415;94,97844
1040,13; 3468,956;  195,940; 3587,954;96,49182
1040,67; 3467,879;  225,171; 3587,954;96,42930
1041,21; 3368,494;  216,556; 3548,800;94,58906
1041,76; 3311,879;  175,248; 3446,185;95,89397
1042,30; 3277,263;  192,710; 3406,954;95,96514
1042,85; 3239,571;  192,940; 3349,877;96,50592
1043,39; 3155,725;  175,325; 3274,185;96,17732
1043,93; 3152,187;  202,094; 3278,954;95,87998
1044,48; 3095,263;  204,787; 3208,492;96,23036
1045,02; 3092,110;  188,017; 3132,800;98,61822
1045,56; 3041,956;  208,017; 3120,723;97,29573
1046,11; 3029,648;  208,863; 3092,877;97,80761
1046,65; 2977,110;  207,325; 3036,415;97,90372
1047,19; 2951,571;  200,171; 2989,492;98,64049
1047,74; 2882,802;  180,863; 2941,800;97,86311
1048,28; 2868,725;  194,633; 2907,569;98,56819
1048,82; 2835,263;  212,787; 2890,338;97,94308
1049,37; 2784,494;  208,479; 2838,723;97,93826
1049,91; 2749,725;  185,633; 2769,262;99,24383
1050,45; 2715,263;  208,633; 2764,723;98,06503
1050,99; 2662,263;  192,325; 2703,877;98,34312
1051,54; 2613,725;  192,940; 2670,569;97,70570
1052,08; 2618,417;  216,402; 2652,262;98,61058
1052,62; 2603,571;  210,556; 2609,492;99,75318
1053,16; 2516,648;  187,402; 2544,031;98,83806
1053,71; 2535,725;  208,402; 2538,031;99,90102
1054,25; 2497,571;  218,940; 2499,723;99,90565
1054,79; 2455,725;  209,325; 2466,415;99,52636
1055,33; 2394,494;  184,248; 2416,569;99,01112
1055,88; 2408,340;  210,017; 2395,492;100,58788
1056,42; 2376,648;  220,940; 2374,723;100,08938
1056,96; 2338,725;  215,171; 2332,108;100,31259
1057,50; 2290,110;  200,402; 2295,415;99,74674
1058,05; 2257,648;  206,556; 2258,800;99,94387
1058,59; 2240,417;  223,017; 2225,262;100,75694
1059,13; 2165,033;  189,248; 2172,723;99,61228
1059,67; 2161,187;  214,171; 2183,646;98,85961
1060,21; 2113,033;  201,017; 2118,492;99,71527
1060,76; 2086,340;  220,325; 2108,492;98,82680
1061,30; 2077,263;  224,402; 2061,031;100,88383
1061,84; 2041,340;  206,094; 2030,569;100,59037
1062,38; 1996,494;  201,863; 1978,338;101,02201
1062,92; 2015,956;  236,787; 2015,877;100,00443
1063,46; 1958,187;  221,940; 1961,415;99,81438
1064,01; 1915,187;  204,402; 1923,031;99,54358
1064,55; 1913,956;  213,787; 1897,723;100,96397
1065,09; 1865,263;  183,556; 1862,800;100,14670
1065,63; 1887,187;  242,171; 1888,031;99,94871
1066,17; 1867,879;  227,479; 1859,877;100,49019
1066,71; 1828,956;  228,863; 1836,954;99,50264
1067,25; 1788,187;  203,402; 1785,877;100,14595
1067,80; 1785,879;  235,556; 1796,954;99,29070
1068,34; 1791,263;  231,017; 1771,646;101,27333
1068,88; 1731,033;  209,094; 1706,108;101,66498
1069,42; 1759,956;  233,171; 1734,338;101,70649
1069,96; 1695,340;  199,479; 1669,262;101,77433
1070,50; 1713,110;  235,248; 1685,108;101,93135
1071,04; 1637,571;  202,710; 1642,800;99,63691
1071,58; 1641,417;  206,556; 1625,262;101,13877
1072,12; 1611,110;  206,479; 1602,262;100,63392
1072,66; 1599,033;  200,787; 1598,338;100,04967
1073,21; 1617,340;  221,940; 1599,185;101,31827
1073,75; 1570,494;  217,556; 1565,723;100,35390
1074,29; 1569,571;  218,940; 1535,031;102,62447
1074,83; 1555,494;  236,556; 1532,031;101,81119
1075,37; 1554,879;  227,556; 1509,723;103,52183
1075,91; 1525,033;  232,710; 1501,415;101,86153
1076,45; 1507,571;  220,710; 1479,646;102,21814
1076,99; 1457,263;  225,940; 1447,646;100,78720
1077,53; 1430,956;  200,402; 1411,415;101,61356
1078,07; 1437,340;  219,402; 1391,800;103,88438
1078,61; 1419,263;  215,633; 1400,877;101,55129
1079,15; 1394,417;  216,940; 1371,185;102,01281
1079,69; 1401,725;  219,325; 1373,031;102,48714
1080,23; 1388,187;  236,479; 1359,108;102,59025
1080,77; 1401,340;  232,787; 1342,338;105,31764
1081,31; 1339,340;  198,863; 1303,800;103,21651
1081,85; 1361,340;  216,017; 1321,877;103,56858
1082,39; 1304,263;  215,863; 1273,569;102,90196
1082,93; 1323,648;  213,556; 1279,954;104,09737
1083,47; 1286,110;  204,940; 1246,415;103,81135
1084,01; 1292,494;  237,556; 1255,569;103,62716
1084,55; 1258,879;  210,402; 1200,723;105,87242
1085,09; 1251,802;  232,325; 1224,492;102,75252
1085,63; 1242,648;  213,248; 1193,569;105,00640
1086,17; 1228,417;  212,787; 1190,185;103,91168
1086,71; 1194,494;  210,633; 1162,185;103,39547
1087,24; 1222,110;  239,402; 1178,723;104,61892
1087,78; 1193,187;  223,633; 1150,338;104,62370
1088,32; 1159,956;  197,710; 1108,646;105,63262
1088,86; 1203,494;  247,171; 1161,108;104,63780
1089,40; 1164,263;  213,248; 1121,185;104,74470
1089,94; 1109,187;  193,325; 1063,185;105,28843
1090,48; 1135,725;  221,556; 1081,492;106,30659
1091,02; 1131,956;  222,402; 1069,569;107,36413
1091,56; 1119,494;  229,325; 1079,185;104,74309
1092,10; 1077,725;  202,710; 1040,492;104,44419
1092,63; 1106,648;  237,248; 1062,492;105,35063
1093,17; 1091,956;  237,402; 1025,954;108,37002
1093,71; 1053,033;  213,402;  997,800;107,04141
1094,25; 1059,725;  235,710; 1043,954;101,95129
1094,79; 1015,263;  210,710;  975,800;105,15801
1095,33; 1032,340;  210,787;  963,262;109,18022
1095,87; 1010,571;  212,325;  957,492;107,12308
1096,40;  981,571;  211,479;  936,415;106,22893
1096,94; 1004,187;  211,248;  949,877;107,35276
1097,48;  997,263;  225,710;  939,954;108,02381
1098,02;  962,340;  220,710;  931,723;104,30615
1098,56;  922,417;  183,094;  887,646;104,93522
1099,10;  917,187;  197,556;  894,185;103,30189
1099,63;  925,571;  195,325;  889,185;105,24408
1100,17;  948,263;  213,710;  890,569;108,52381
1100,71;  935,879;  221,171;  887,723;107,22461

