
Integration time [ms]: 120,000
Averaging Nr. [scans]: 13
Smoothing Nr. [pixels]: 0
Data measured with spectrometer [name]: 2009305U1
Wave   ;Sample   ;Dark     ;Reference;Reflectance
[nm]   ;[counts] ;[counts] ;[counts] ;[%]

 175,72;  191,539;  196,668;  197,919;-410,02176
 176,32;  224,451;  224,824;  212,280; 0,00000
 176,92;  239,884;  241,130;  242,571;-86,53739
 177,52;  248,400;  242,515;  254,327;49,81936
 178,12;  235,512;  234,286;  223,116; 0,00000
 178,72;  262,829;  259,440;  254,402; 0,00000
 179,32;  245,670;  246,671;  235,386; 0,00000
 179,92;  258,293;  234,900;  248,482;172,23010
 180,52;  238,972;  240,436;  237,089; 0,00000
 181,12;  248,621;  253,977;  245,596; 0,00000
 181,73;  270,396;  269,515;  273,796;20,57382
 182,33;  341,210;  335,668;  334,695; 0,00000
 182,93;  261,042;  254,130;  265,674;59,87379
 183,53;  237,059;  236,441;  221,261; 0,00000
 184,13;  236,868;  237,671;  221,796; 0,00000
 184,73;  272,838;  262,518;  271,534;114,46577
 185,33;  246,658;  229,840;  336,352;15,78943
 185,93;  261,304;  230,227;  351,774;25,56822
 186,53;  266,146;  244,918;  379,899;15,72646
 187,13;  296,085;  274,916;  403,937;16,40720
 187,73;  263,437;  235,688;  356,935;22,88656
 188,33;  260,084;  241,766;  349,541;16,99649
 188,93;  277,159;  249,615;  369,880;22,90262
 189,53;  276,095;  249,772;  385,703;19,36537
 190,13;  302,362;  275,006;  414,463;19,61545
 190,73;  244,571;  214,465;  357,542;21,04174
 191,34;  278,291;  255,616;  380,255;18,19222
 191,94;  251,772;  233,998;  358,715;14,25119
 192,54;  267,143;  238,761;  386,808;19,17071
 193,14;  274,898;  254,609;  383,084;15,79278
 193,74;  278,332;  248,378;  396,443;20,23035
 194,34;  261,603;  252,224;  387,868; 6,91445
 194,94;  234,387;  212,609;  342,507;16,76542
 195,54;  218,245;  192,610;  327,986;18,93643
 196,14;  243,897;  222,454;  364,863;15,05743
 196,74;  239,387;  216,764;  341,279;18,16899
 197,34;  213,296;  194,760;  337,313;13,00242
 197,94;  244,853;  225,608;  364,072;13,89837
 198,54;  259,731;  230,300;  376,969;20,06601
 199,14;  241,544;  205,914;  371,989;21,45454
 199,74;  224,133;  202,991;  371,028;12,58208
 200,34;  229,946;  185,529;  381,448;22,67114
 200,94;  248,254;  230,838;  425,835; 8,93146
 201,54;  231,003;  210,991;  424,829; 9,35866
 202,14;  269,302;  228,221;  464,972;17,35195
 202,74;  241,534;  209,452;  467,115;12,45091
 203,34;  223,391;  188,758;  473,666;12,15595
 203,94;  208,476;  173,913;  479,547;11,30856
 204,54;  279,604;  230,608;  560,734;14,84164
 205,14;  236,147;  194,529;  577,711;10,86123
 205,74;  267,830;  234,297;  662,667; 7,82800
 206,34;  249,700;  194,990;  656,194;11,86255
 206,94;  254,914;  206,682;  723,812; 9,32684
 207,54;  232,793;  180,990;  761,512; 8,92356
 208,14;  255,440;  194,759;  845,961; 9,31824
 208,74;  252,317;  208,529;  911,260; 6,23110
 209,34;  257,874;  205,914;  978,815; 6,72277
 209,94;  271,761;  213,375; 1077,076; 6,75997
 210,54;  284,777;  203,989; 1184,084; 8,24281
 211,14;  281,199;  215,606; 1280,692; 6,15848
 211,73;  290,944;  202,914; 1388,013; 7,42805
 212,33;  306,204;  218,530; 1506,797; 6,80555
 212,93;  294,063;  198,914; 1587,260; 6,85340
 213,53;  265,367;  178,298; 1618,606; 6,04516
 214,13;  293,615;  200,450; 1689,169; 6,25807
 214,73;  274,686;  178,451; 1740,510; 6,16077
 215,33;  262,376;  160,837; 1762,383; 6,34010
 215,93;  308,550;  204,605; 1872,417; 6,23246
 216,53;  280,027;  159,606; 1926,444; 6,81560
 217,13;  322,507;  214,605; 2158,920; 5,54961
 217,73;  321,804;  190,528; 2304,263; 6,21066
 218,33;  303,864;  152,219; 2518,725; 6,40799
 218,93;  343,267;  182,832; 2769,091; 6,20333
 219,53;  365,145;  193,450; 3043,686; 6,02391
 220,13;  347,645;  158,449; 3363,047; 5,90390
 220,73;  390,708;  180,221; 3703,613; 5,97397
 221,32;  422,163;  184,529; 4093,106; 6,07981
 221,92;  456,098;  183,065; 4469,423; 6,36981
 222,52;  457,096;  183,066; 4860,098; 5,85907
 223,12;  487,862;  181,835; 5272,367; 6,01169
 223,72;  549,297;  191,912; 5711,636; 6,47469
 224,32;  566,242;  191,681; 6080,154; 6,36092
 224,92;  581,371;  176,296; 6396,211; 6,51254
 225,52;  613,580;  194,375; 6776,081; 6,36925
 226,12;  637,675;  184,066; 7115,680; 6,54405
 226,72;  644,256;  163,836; 7436,883; 6,60548
 227,31;  671,308;  150,836; 7843,941; 6,76543
 227,91;  746,932;  191,529; 8225,304; 6,91335
 228,51;  767,736;  176,068; 8674,641; 6,96196
 229,11;  806,656;  180,451; 9046,663; 7,06282
 229,71;  842,987;  178,683; 9391,280; 7,21083
 230,31;  866,025;  167,758; 9800,650; 7,24878
 230,91;  894,151;  165,146;10128,599; 7,31679
 231,51;  957,472;  167,066;10384,244; 7,73605
 232,10; 1011,197;  162,988;10757,667; 8,00599
 232,70; 1053,910;  186,608;11009,483; 8,01360
 233,30; 1122,169;  196,066;11238,918; 8,38644
 233,90; 1144,375;  171,374;11352,438; 8,70222
 234,50; 1194,459;  174,451;11517,427; 8,99242
 235,10; 1221,140;  156,450;11505,442; 9,38136
 235,70; 1286,792;  193,760;11579,833; 9,59973
 236,29; 1324,666;  192,068;11503,674;10,01271
 236,89; 1297,570;  152,992;11438,703;10,14183
 237,49; 1347,662;  180,913;11287,940;10,50461
 238,09; 1359,931;  180,451;10997,578;10,90382
 238,69; 1389,486;  202,146;10858,055;11,14255
 239,29; 1385,296;  166,682;10503,772;11,78875
 239,89; 1394,979;  180,915;10194,569;12,12409
 240,48; 1351,291;  154,451; 9754,405;12,46714
 241,08; 1356,043;  170,529; 9405,870;12,83672
 241,68; 1351,121;  194,836; 9140,318;12,92591
 242,28; 1325,569;  174,220; 8763,467;13,40454
 242,88; 1352,588;  208,065; 8530,515;13,75224
 243,48; 1334,458;  199,374; 8222,440;14,14776
 244,07; 1278,137;  185,452; 8005,746;13,97244
 244,67; 1313,540;  194,220; 7827,115;14,66442
 245,27; 1298,944;  201,683; 7655,244;14,72129
 245,87; 1298,568;  198,988; 7542,632;14,97322
 246,47; 1282,738;  191,299; 7517,879;14,89698
 247,06; 1268,437;  176,221; 7552,186;14,80777
 247,66; 1279,184;  173,067; 7597,404;14,89853
 248,26; 1329,823;  204,375; 7721,867;14,97105
 248,86; 1343,685;  196,068; 7946,032;14,80803
 249,46; 1298,729;  150,220; 8117,436;14,41544
 250,05; 1386,729;  205,605; 8529,406;14,18971
 250,65; 1389,308;  158,684; 8867,977;14,13002
 251,25; 1446,340;  180,529; 9300,687;13,87927
 251,85; 1504,250;  183,915; 9897,809;13,59223
 252,44; 1531,061;  143,760;10426,548;13,49149
 253,04; 1638,477;  193,837;11157,152;13,17704
 253,64; 1652,353;  144,299;11872,353;12,85851
 254,24; 1770,140;  199,990;12750,291;12,51086
 254,84; 1833,191;  178,374;13710,898;12,22844
 255,43; 1922,712;  177,606;14641,288;12,06544
 256,03; 1997,503;  173,068;15619,314;11,81151
 256,63; 2084,237;  187,607;16570,915;11,57660
 257,23; 2110,427;  165,530;17440,270;11,25862
 257,82; 2206,441;  185,685;18410,923;11,08768
 258,42; 2217,570;  140,301;19238,014;10,87706
 259,02; 2302,260;  195,529;20100,066;10,58418
 259,62; 2350,424;  164,301;20780,805;10,60375
 260,21; 2361,535;  185,760;21389,750;10,26116
 260,81; 2391,344;  179,297;21840,834;10,21186
 261,41; 2365,446;  165,070;22271,751; 9,95344
 262,01; 2392,064;  205,071;22747,222; 9,70179
 262,60; 2368,581;  153,146;23059,270; 9,67180
 263,20; 2374,958;  175,530;23358,004; 9,48746
 263,80; 2358,309;  188,609;23556,520; 9,28495
 264,40; 2334,853;  157,224;23717,182; 9,24292
 264,99; 2334,697;  188,609;23856,252; 9,06760
 265,59; 2322,965;  163,226;24016,091; 9,05442
 266,19; 2269,667;  174,224;24242,712; 8,70616
 266,78; 2308,777;  208,533;24397,709; 8,68258
 267,38; 2286,649;  179,149;24300,377; 8,73712
 267,98; 2274,262;  173,764;24345,555; 8,68988
 268,58; 2265,240;  178,072;24350,973; 8,63433
 269,17; 2257,820;  172,919;24355,377; 8,62154
 269,77; 2258,580;  194,454;24203,591; 8,59725
 270,37; 2189,403;  161,455;24082,628; 8,47763
 270,96; 2230,967;  221,993;24011,182; 8,44490
 271,56; 2173,596;  169,607;23734,204; 8,50424
 272,16; 2130,077;  176,301;23539,069; 8,36278
 272,75; 2150,651;  176,916;23407,117; 8,49642
 273,35; 2164,053;  184,069;23453,806; 8,50883
 273,95; 2126,394;  184,839;23409,924; 8,35973
 274,54; 2096,358;  164,144;23390,628; 8,31901
 275,14; 2192,294;  201,916;23686,758; 8,47516
 275,74; 2147,576;  154,454;23785,213; 8,43444
 276,33; 2235,542;  203,223;24173,832; 8,47838
 276,93; 2266,658;  186,451;24621,375; 8,51325
 277,53; 2324,254;  189,606;25047,943; 8,58725
 278,12; 2364,179;  166,145;25551,471; 8,65868
 278,72; 2453,707;  213,529;26164,319; 8,63240
 279,32; 2480,543;  179,453;26731,464; 8,66635
 279,91; 2548,244;  159,760;27416,178; 8,76301
 280,51; 2668,111;  171,452;27950,740; 8,98748
 281,11; 2778,527;  179,991;28722,006; 9,10425
 281,70; 2813,172;  161,530;29076,084; 9,17061
 282,30; 2912,289;  172,992;29653,281; 9,29196
 282,90; 3003,867;  175,453;30050,521; 9,46747
 283,49; 3113,718;  201,377;30707,229; 9,54683
 284,09; 3205,277;  206,761;31099,989; 9,70606
 284,69; 3281,533;  199,299;31383,821; 9,88386
 285,28; 3400,227;  196,684;31825,797;10,12846
 285,88; 3548,193;  220,762;32019,926;10,46389
 286,47; 3598,124;  181,223;32128,176;10,69555
 287,07; 3713,570;  214,837;32257,888;10,91885
 287,67; 3847,304;  200,143;32393,594;11,32889
 288,26; 3955,803;  177,683;32269,677;11,77278
 288,86; 4097,007;  180,684;32334,209;12,18007
 289,46; 4245,344;  193,376;32530,562;12,53037
 290,05; 4399,443;  170,375;32505,111;13,07903
 290,65; 4612,385;  184,223;32648,485;13,64011
 291,24; 4810,669;  193,068;32961,560;14,09159
 291,84; 5060,775;  197,530;33029,454;14,81255
 292,44; 5247,197;  183,220;33101,900;15,38329
 293,03; 5516,502;  239,145;33291,127;15,96684
 293,63; 5620,611;  183,300;33470,733;16,33443
 294,22; 5836,078;  192,991;33683,054;16,85003
 294,82; 5998,018;  174,532;33575,594;17,43503
 295,41; 6082,403;  161,376;33298,468;17,86827
 296,01; 6278,915;  224,685;33327,004;18,28944
 296,61; 6345,760;  193,683;32993,397;18,75650
 297,20; 6353,925;  195,301;32730,397;18,92917
 297,80; 6441,961;  193,682;32568,733;19,29967
 298,39; 6442,942;  170,992;32250,732;19,55112
 298,99; 6538,376;  197,839;32006,740;19,93322
 299,58; 6556,874;  196,528;31893,076;20,06637
 300,18; 6609,556;  210,606;31673,312;20,33821
 300,78; 6588,815;  177,375;31300,769;20,60007
 301,37; 6635,100;  187,532;31326,148;20,70602
 301,97; 6646,165;  195,068;31357,466;20,70154
 302,56; 6652,448;  183,530;31272,571;20,80771
 303,16; 6644,212;  169,761;31119,621;20,91916
 303,75; 6752,155;  177,067;31117,546;21,25076
 304,35; 6803,184;  173,066;31521,511;21,14975
 304,94; 6860,099;  183,299;31356,572;21,41835
 305,54; 6857,548;  206,529;31336,491;21,36533
 306,13; 6835,912;  163,912;31367,636;21,38207
 306,73; 6775,698;  175,143;31149,833;21,30951
 307,33; 6787,563;  194,374;31011,498;21,39456
 307,92; 6835,835;  186,914;31149,531;21,47403
 308,52; 6924,253;  169,608;31623,266;21,47491
 309,11; 7086,201;  181,070;32031,332;21,67998
 309,71; 7142,999;  162,840;32261,962;21,74564
 310,30; 7193,645;  169,145;32596,483;21,66228
 310,90; 7341,261;  201,606;32942,868;21,80629
 311,49; 7350,431;  185,299;33078,879;21,78277
 312,09; 7349,735;  150,529;33147,793;21,81759
 312,68; 7464,367;  223,760;33564,913;21,71673
 313,28; 7462,605;  162,837;33776,608;21,71660
 313,87; 7527,468;  155,683;33948,023;21,81496
 314,47; 7565,014;  167,916;34121,906;21,78565
 315,06; 7607,129;  166,914;34277,617;21,81197
 315,66; 7619,351;  174,606;34487,947;21,69636
 316,25; 7590,043;  146,223;34415,457;21,72158
 316,85; 7553,952;  148,452;34577,725;21,50931
 317,44; 7659,096;  178,455;34696,120;21,67192
 318,04; 7568,122;  156,300;34691,771;21,46148
 318,63; 7542,480;  148,835;34867,727;21,29574
 319,22; 7615,399;  184,069;35016,168;21,33472
 319,82; 7567,998;  173,838;34976,663;21,24586
 320,41; 7535,897;  188,146;34860,446;21,19199
 321,01; 7478,239;  191,144;35028,765;20,91732
 321,60; 7527,086;  176,299;35146,306;21,02026
 322,20; 7435,615;  155,606;35103,713;20,83091
 322,79; 7463,757;  210,529;35170,511;20,74723
 323,39; 7403,599;  169,374;35258,974;20,61644
 323,98; 7379,471;  159,606;34983,952;20,73223
 324,58; 7310,420;  164,454;34968,930;20,53174
 325,17; 7246,912;  178,607;34806,918;20,41193
 325,76; 7202,624;  190,606;34590,812;20,38365
 326,36; 7087,586;  157,836;34290,160;20,30260
 326,95; 7028,737;  191,914;33891,046;20,28783
 327,55; 6850,384;  156,453;33609,990;20,00964
 328,14; 6769,663;  168,374;33306,357;19,92061
 328,74; 6664,705;  204,146;32801,533;19,81926
 329,33; 6593,434;  185,067;32458,102;19,85672
 329,92; 6452,058;  160,301;31882,668;19,83382
 330,52; 6272,327;  172,451;31214,683;19,65025
 331,11; 6152,483;  176,376;30849,970;19,48290
 331,71; 5981,167;  169,607;30282,948;19,29896
 332,30; 5880,484;  186,683;29783,956;19,23759
 332,89; 5807,527;  225,837;29357,728;19,16007
 333,49; 5594,519;  185,914;28709,171;18,96209
 334,08; 5498,295;  176,299;28312,711;18,91498
 334,68; 5383,409;  182,915;27909,086;18,75663
 335,27; 5326,397;  184,528;27528,220;18,80459
 335,86; 5244,098;  223,838;27324,046;18,52480
 336,46; 5127,793;  190,759;27025,094;18,39820
 337,05; 5032,381;  172,607;26773,720;18,26906
 337,65; 5014,345;  161,915;26639,826;18,32633
 338,24; 5043,049;  224,298;26590,654;18,27613
 338,83; 4944,201;  208,068;26462,711;18,03922
 339,43; 4907,284;  177,069;26457,101;17,99928
 340,02; 4886,007;  178,531;26386,871;17,96175
 340,61; 4840,193;  173,837;26369,338;17,81358
 341,21; 4855,397;  203,607;26349,533;17,79164
 341,80; 4784,424;  179,915;26375,384;17,57750
 342,40; 4776,017;  171,682;26432,125;17,53335
 342,99; 4748,604;  182,067;26467,113;17,37314
 343,58; 4753,511;  175,990;26717,718;17,24651
 344,18; 4777,982;  190,836;26808,342;17,23357
 344,77; 4770,661;  162,992;27092,035;17,11041
 345,36; 4782,429;  157,453;27385,200;16,98626
 345,96; 4851,613;  203,606;27672,891;16,92074
 346,55; 4842,840;  164,143;27940,079;16,84443
 347,14; 4848,747;  155,297;28302,500;16,67466
 347,74; 4896,536;  140,142;28698,886;16,65477
 348,33; 5001,349;  175,526;29329,262;16,55302
 348,92; 5056,427;  185,218;29983,524;16,34727
 349,52; 5085,054;  147,526;30445,585;16,29651
 350,11; 5080,498;  173,454;30582,180;16,13696
 350,70; 5090,617;  173,452;30809,809;16,05010
 351,29; 5027,752;  148,764;30507,921;16,07090
 351,89; 5016,035;  174,685;30478,746;15,97591
 352,48; 5006,810;  155,299;30497,665;15,98923
 353,07; 4996,549;  182,066;30396,277;15,93450
 353,67; 4939,064;  191,756;30353,888;15,73930
 354,26; 4878,067;  170,990;30103,932;15,72541
 354,85; 4811,836;  185,067;29973,792;15,53195
 355,45; 4773,928;  155,684;29816,742;15,57006
 356,04; 4747,558;  174,759;29768,055;15,45215
 356,63; 4735,979;  201,145;29409,997;15,52555
 357,22; 4644,904;  175,917;29375,176;15,30514
 357,82; 4615,327;  193,224;29208,614;15,24054
 358,41; 4573,523;  201,760;29108,120;15,12388
 359,00; 4524,528;  158,300;28913,918;15,18391
 359,60; 4483,267;  180,221;28724,683;15,07489
 360,19; 4472,849;  176,605;28638,178;15,09489
 360,78; 4423,320;  190,222;28497,576;14,95406
 361,37; 4352,370;  174,761;28242,538;14,88400
 361,97; 4338,757;  186,530;28190,006;14,82754
 362,56; 4284,436;  169,531;27892,787;14,84279
 363,15; 4290,745;  213,453;27606,375;14,88447
 363,74; 4180,769;  174,685;27373,531;14,72887
 364,34; 4125,234;  195,992;26912,293;14,70728
 364,93; 4045,940;  163,069;26430,374;14,78214
 365,52; 3932,483;  149,376;26172,508;14,53748
 366,11; 3940,463;  171,146;25882,043;14,66039
 366,71; 3853,476;  163,377;25437,168;14,60050
 367,30; 3794,020;  170,607;25110,181;14,52877
 367,89; 3780,773;  198,990;24925,860;14,48539
 368,48; 3727,485;  198,224;24640,300;14,43929
 369,07; 3659,617;  179,760;24120,963;14,53501
 369,67; 3602,941;  203,454;23868,702;14,36489
 370,26; 3565,717;  171,452;23599,578;14,48799
 370,85; 3519,547;  179,530;23323,075;14,43174
 371,44; 3476,836;  176,145;23107,871;14,39356
 372,03; 3423,631;  152,223;22932,418;14,36076
 372,63; 3374,723;  152,684;22571,978;14,37172
 373,22; 3354,710;  166,376;22343,589;14,37662
 373,81; 3303,996;  148,376;22009,643;14,43475
 374,40; 3285,521;  165,913;21699,790;14,48698
 374,99; 3246,990;  169,761;21518,751;14,41393
 375,59; 3180,281;  162,528;21175,243;14,36156
 376,18; 3177,796;  193,761;21119,644;14,26002
 376,77; 3185,294;  186,299;20977,832;14,42412
 377,36; 3173,048;  195,838;20847,778;14,41613
 377,95; 3151,961;  181,146;20525,705;14,60250
 378,55; 3102,393;  157,913;20341,534;14,58846
 379,14; 3096,728;  185,299;20317,114;14,46183
 379,73; 3094,600;  175,684;20230,320;14,55482
 380,32; 3132,693;  185,991;20308,823;14,64357
 380,91; 3088,623;  175,685;20112,135;14,61112
 381,50; 3121,178;  189,915;20145,055;14,68926
 382,10; 3056,616;  166,530;19978,130;14,58785
 382,69; 3071,921;  153,376;19923,509;14,76239
 383,28; 3119,481;  190,761;19875,842;14,87786
 383,87; 3093,225;  170,377;19769,746;14,91297
 384,46; 3101,517;  162,070;19724,738;15,02580
 385,05; 3112,166;  193,223;19732,931;14,93852
 385,64; 3144,079;  178,069;19695,581;15,19666
 386,24; 3112,340;  149,609;19626,893;15,21121
 386,83; 3156,025;  192,455;19630,827;15,24597
 387,42; 3218,871;  188,761;19800,427;15,45055
 388,01; 3233,287;  187,379;19979,741;15,38931
 388,60; 3290,909;  175,378;20220,112;15,54289
 389,19; 3310,238;  156,457;20416,341;15,56663
 389,78; 3405,844;  165,765;20729,299;15,75643
 390,37; 3520,549;  222,994;21142,177;15,76331
 390,96; 3491,098;  180,763;21286,326;15,68466
 391,56; 3594,060;  176,227;21344,508;16,14601
 392,15; 3626,657;  160,072;21679,720;16,10893
 392,74; 3640,295;  151,460;21795,507;16,11914
 393,33; 3746,181;  166,227;22126,116;16,30224
 393,92; 3858,002;  173,461;22513,333;16,49312
 394,51; 3864,247;  149,304;22716,088;16,46199
 395,10; 3948,969;  192,848;22911,234;16,53340
 395,69; 3992,084;  176,924;23003,980;16,71332
 396,28; 4047,717;  185,464;23176,013;16,79931
 396,87; 4076,471;  192,620;23343,392;16,77633
 397,46; 4141,456;  181,314;23335,340;17,10347
 398,06; 4203,633;  189,701;23615,542;17,13463
 398,65; 4250,622;  177,244;23677,260;17,33351
 399,24; 4305,688;  188,014;23858,432;17,39586
 399,83; 4264,469;  164,329;23835,982;17,32089
 400,42; 4381,969;  201,796;23985,677;17,57565
 401,01; 4417,563;  182,573;24029,218;17,75927
 401,60; 4441,671;  177,275;24210,515;17,74374
 402,19; 4487,743;  196,513;24101,561;17,95115
 402,78; 4481,420;  200,602;24087,601;17,92112
 403,37; 4501,423;  187,228;23877,105;18,21113
 403,96; 4539,793;  182,241;23721,090;18,51217
 404,55; 4563,276;  167,487;23720,600;18,66330
 405,14; 4500,972;  167,808;23513,307;18,56102
 405,73; 4531,008;  183,285;23436,720;18,69712
 406,32; 4560,579;  190,910;23384,544;18,83995
 406,91; 4527,995;  180,307;23126,231;18,94754
 407,50; 4537,393;  178,159;22981,523;19,11662
 408,09; 4510,671;  155,241;22707,575;19,31255
 408,68; 4524,768;  181,013;22565,971;19,40479
 409,27; 4550,271;  175,086;22354,826;19,72604
 409,86; 4535,452;  170,231;22237,205;19,78169
 410,45; 4627,627;  200,684;22171,617;20,14909
 411,04; 4619,694;  197,445;22092,777;20,19722
 411,63; 4600,505;  175,204;21749,606;20,51181
 412,22; 4601,282;  201,425;21608,780;20,55302
 412,81; 4566,062;  192,883;21395,680;20,62548
 413,40; 4506,876;  204,187;21034,618;20,65578
 413,99; 4556,430;  234,803;20717,708;21,09870
 414,58; 4438,365;  160,726;20274,844;21,26685
 415,17; 4448,036;  175,114;20101,949;21,44305
 415,76; 4439,627;  169,195;19974,707;21,56184
 416,35; 4429,567;  159,116;19776,073;21,76918
 416,94; 4484,883;  199,502;19821,526;21,83965
 417,53; 4565,911;  172,960;20056,994;22,09286
 418,12; 4596,538;  166,036;20023,822;22,31116
 418,71; 4766,821;  190,494;20445,675;22,59336
 419,30; 4762,796;  177,189;20578,386;22,47715
 419,89; 4814,273;  176,573;20770,792;22,51942
 420,48; 4969,729;  195,110;21032,068;22,91419
 421,07; 4975,322;  185,340;21040,253;22,96812
 421,66; 5023,272;  165,876;21069,935;23,23661
 422,25; 5049,706;  172,718;21036,735;23,37511
 422,84; 5101,374;  208,487;21049,362;23,47736
 423,43; 5060,104;  171,489;20839,926;23,65257
 424,02; 5070,004;  206,026;20496,880;23,97128
 424,60; 4953,965;  165,714;20092,893;24,02874
 425,19; 4953,461;  185,793;19869,157;24,22182
 425,78; 4971,351;  196,485;19774,962;24,38834
 426,37; 4993,236;  189,715;19661,859;24,66868
 426,96; 4965,824;  189,638;19529,359;24,69625
 427,55; 4981,103;  179,020;19339,603;25,06230
 428,14; 4940,491;  167,788;19155,101;25,13627
 428,73; 4955,365;  186,021;19002,055;25,34724
 429,32; 4962,179;  191,715;18977,775;25,39364
 429,91; 4989,310;  212,482;18966,112;25,47149
 430,50; 4952,743;  195,711;18786,512;25,58809
 431,08; 4933,843;  200,864;18610,124;25,70977
 431,67; 4992,677;  233,863;18580,766;25,93797
 432,26; 4970,012;  230,939;18330,206;26,18379
 432,85; 4950,947;  244,016;18032,499;26,46055
 433,44; 4850,444;  259,014;17649,895;26,40136
 434,03; 4814,819;  264,704;17299,958;26,70999
 434,62; 4750,170;  220,476;16897,307;27,16160
 435,21; 4708,094;  235,708;16746,958;27,08690
 435,79; 4691,795;  230,782;16568,544;27,30492
 436,38; 4674,005;  224,164;16412,732;27,48755
 436,97; 4673,008;  220,472;16329,431;27,64012
 437,56; 4642,874;  235,930;16162,416;27,67054
 438,15; 4633,979;  218,700;16037,367;27,91183
 438,74; 4690,250;  235,776;16092,672;28,09171
 439,33; 4701,816;  219,777;16171,359;28,09777
 439,91; 4750,344;  187,314;16238,238;28,42846
 440,50; 4797,724;  236,006;16217,333;28,54405
 441,09; 4857,971;  220,312;16301,833;28,83844
 441,68; 4865,330;  214,310;16343,764;28,83557
 442,27; 4852,421;  196,464;16282,263;28,94452
 442,86; 4880,234;  183,537;16344,663;29,06170
 443,44; 4926,134;  185,307;16399,787;29,23823
 444,03; 5017,744;  234,768;16429,527;29,53410
 444,62; 4934,193;  186,844;16264,941;29,52681
 445,21; 4931,595;  202,230;16176,369;29,60638
 445,80; 4959,225;  225,535;15999,528;30,00946
 446,39; 4890,251;  250,920;15821,042;29,79637
 446,97; 4845,244;  183,225;15554,035;30,33034
 447,56; 4771,028;  181,761;15307,592;30,34059
 448,15; 4758,797;  185,994;15168,718;30,52050
 448,74; 4733,853;  195,686;14965,263;30,72645
 449,33; 4699,039;  191,608;14784,807;30,88720
 449,91; 4666,004;  191,298;14588,544;31,08030
 450,50; 4582,096;  181,375;14406,952;30,93527
 451,09; 4606,113;  191,837;14299,949;31,28892
 451,68; 4566,096;  209,682;14214,719;31,10605
 452,26; 4571,333;  197,604;14109,488;31,43880
 452,85; 4533,442;  182,989;14003,849;31,47744
 453,44; 4592,191;  201,832;14047,530;31,70919
 454,03; 4579,748;  183,680;13933,596;31,97160
 454,61; 4562,505;  175,370;13940,884;31,87048
 455,20; 4661,460;  205,139;14121,979;32,02107
 455,79; 4682,954;  204,679;14106,344;32,21395
 456,38; 4716,266;  204,752;14172,857;32,29868
 456,97; 4754,833;  183,445;14221,795;32,56357
 457,55; 4745,574;  187,213;14341,041;32,20585
 458,14; 4794,705;  207,599;14274,847;32,60841
 458,73; 4768,734;  197,751;14154,010;32,75220
 459,31; 4835,982;  215,519;14203,915;33,03069
 459,90; 4885,194;  226,750;14306,406;33,08635
 460,49; 4939,507;  273,366;14411,806;33,00322
 461,08; 4899,478;  191,133;14403,434;33,12866
 461,66; 4968,010;  192,365;14554,358;33,25197
 462,25; 5003,542;  188,517;14600,243;33,41046
 462,84; 5046,484;  218,133;14695,403;33,35126
 463,43; 5021,540;  161,130;14551,405;33,77566
 464,01; 5039,614;  195,821;14623,012;33,57405
 464,60; 5085,819;  229,977;14589,624;33,81589
 465,19; 4982,558;  165,359;14358,804;33,93960
 465,77; 4971,257;  190,281;14302,727;33,87773
 466,36; 4998,630;  206,669;14272,145;34,06895
 466,95; 4889,827;  182,899;13880,028;34,36434
 467,53; 4801,836;  179,819;13600,061;34,44064
 468,12; 4748,789;  212,434;13372,184;34,47144
 468,71; 4677,128;  196,898;13136,177;34,62504
 469,29; 4589,857;  176,972;12847,700;34,82740
 469,88; 4509,523;  179,894;12587,461;34,89507
 470,47; 4594,712;  239,969;12708,011;34,92724
 471,06; 4574,235;  196,585;12693,693;35,02931
 471,64; 4619,584;  203,278;12803,602;35,04915
 472,23; 4633,231;  165,274;12796,077;35,37350
 472,81; 4653,155;  172,430;12890,420;35,23139
 473,40; 4738,946;  179,197;13041,307;35,45102
 473,99; 4887,202;  265,197;13223,941;35,66708
 474,57; 4871,885;  172,889;13406,317;35,50853
 475,16; 4954,989;  187,660;13512,513;35,77773
 475,75; 4965,011;  200,888;13632,333;35,46992
 476,33; 5049,710;  219,733;13698,089;35,83506
 476,92; 5065,244;  211,812;13770,265;35,79636
 477,51; 5100,499;  201,272;13807,479;36,00730
 478,09; 5126,088;  193,810;13841,364;36,14038
 478,68; 5119,032;  204,964;13846,695;36,02232
 479,27; 5159,290;  216,888;13833,967;36,29561
 479,85; 5142,214;  204,195;13767,446;36,40735
 480,44; 5159,270;  163,425;13890,035;36,39533
 481,02; 5695,078;  199,193;15348,965;36,27702
 481,61; 6455,775;  219,270;17381,884;36,33773
 482,20; 6905,218;  201,346;18466,821;36,70242
 482,78; 7252,971;  225,040;19260,365;36,92047
 483,37; 7382,967;  221,575;19787,966;36,60048
 483,95; 7537,263;  238,421;20101,597;36,74560
 484,54; 7627,922;  253,270;20269,915;36,84260
 485,13; 7596,549;  215,035;20216,120;36,90557
 485,71; 7537,297;  190,959;20019,097;37,05006
 486,30; 7398,116;  226,420;19680,289;36,86514
 486,88; 7356,629;  268,420;19317,698;37,20986
 487,47; 7076,065;  232,958;18612,877;37,23143
 488,05; 6759,902;  227,419;17775,668;37,22584
 488,64; 6290,011;  227,263;16521,135;37,20876
 489,23; 5641,903;  242,418;14695,116;37,35970
 489,81; 4814,902;  230,033;12503,314;37,35651
 490,40; 4571,867;  203,648;11907,484;37,32297
 490,98; 4494,976;  173,955;11627,382;37,72689
 491,57; 4454,794;  215,187;11548,864;37,40716
 492,15; 4414,635;  189,647;11515,648;37,30344
 492,74; 4407,398;  199,957;11363,542;37,68898
 493,32; 4373,262;  218,340;11287,171;37,53714
 493,91; 4379,267;  195,570;11139,766;38,22754
 494,50; 4345,394;  207,721;11189,107;37,67896
 495,08; 4300,064;  183,798;11094,897;37,72550
 495,67; 4315,876;  208,339;11096,644;37,72431
 496,25; 4238,691;  170,184;10988,928;37,60609
 496,84; 4249,329;  167,724;10969,404;37,78676
 497,42; 4246,098;  162,107;10888,278;38,07502
 498,01; 4207,485;  198,262;10888,488;37,50363
 498,59; 4169,104;  171,183;10805,786;37,59351
 499,18; 4178,031;  163,647;10772,169;37,84113
 499,76; 4158,523;  200,338;10714,168;37,64741
 500,35; 4089,925;  190,951;10529,303;37,71369
 500,93; 4066,729;  178,260;10438,289;37,89920
 501,52; 4050,657;  177,337;10374,623;37,98383
 502,10; 4062,303;  191,489;10378,023;37,99933
 502,69; 3989,250;  182,180;10226,592;37,90237
 503,27; 3934,686;  170,567;10017,943;38,22458
 503,86; 3899,711;  175,719; 9986,836;37,95686
 504,44; 3829,531;  162,410; 9862,597;37,80464
 505,03; 3756,082;  149,257; 9629,414;38,04605
 505,61; 3767,336;  163,718; 9546,523;38,40662
 506,19; 3706,046;  182,257; 9366,059;38,36961
 506,78; 3605,192;  152,716; 9184,790;38,22462
 507,36; 3563,727;  167,795; 9072,185;38,13773
 507,95; 3505,833;  168,408; 8850,302;38,44121
 508,53; 3456,578;  164,332; 8761,887;38,29282
 509,12; 3411,188;  177,870; 8629,949;38,25471
 509,70; 3351,662;  180,715; 8488,348;38,16907
 510,29; 3365,120;  188,407; 8328,108;39,02740
 510,87; 3226,476;  164,409; 8144,099;38,37327
 511,46; 3187,964;  159,485; 7966,028;38,79411
 512,04; 3145,434;  180,638; 7824,201;38,78814
 512,62; 3073,014;  172,716; 7724,681;38,40455
 513,21; 2975,643;  158,868; 7536,098;38,18201
 513,79; 2964,182;  166,942; 7407,618;38,63230
 514,38; 2850,777;  144,405; 7251,704;38,07877
 514,96; 2894,064;  194,866; 7217,206;38,43730
 515,54; 2765,801;  155,481; 7062,844;37,79040
 516,13; 2794,859;  179,096; 6917,948;38,81615
 516,71; 2705,784;  174,403; 6831,734;38,02395
 517,30; 2634,187;  155,325; 6691,551;37,92498
 517,88; 2647,997;  185,787; 6621,965;38,25579
 518,46; 2589,827;  153,401; 6497,999;38,40158
 519,05; 2567,160;  160,478; 6477,664;38,09739
 519,63; 2542,622;  181,324; 6415,620;37,87594
 520,22; 2516,516;  182,092; 6337,987;37,92177
 520,80; 2480,755;  174,476; 6226,822;38,10553
 521,38; 2515,617;  195,631; 6241,450;38,37339
 521,97; 2473,934;  160,552; 6210,102;38,24056
 522,55; 2465,281;  182,475; 6213,881;37,84865
 523,13; 2440,517;  165,167; 6207,817;37,65484
 523,72; 2458,022;  162,709; 6145,874;38,36285
 524,30; 2524,916;  183,705; 6308,377;38,22591
 524,89; 2486,634;  154,244; 6317,937;37,84078
 525,47; 2566,431;  171,550; 6418,422;38,33728
 526,05; 2515,193;  147,089; 6489,573;37,33718
 526,64; 2587,844;  186,934; 6620,203;37,32022
 527,22; 2647,830;  175,397; 6752,643;37,59070
 527,80; 2723,386;  215,242; 6874,935;37,66155
 528,39; 2725,032;  171,472; 6963,659;37,59554
 528,97; 2806,517;  179,626; 7137,153;37,75610
 529,55; 2865,927;  181,090; 7292,452;37,75419
 530,14; 2947,620;  202,626; 7473,664;37,75244
 530,72; 2939,644;  171,780; 7625,729;37,13286
 531,30; 2981,627;  148,856; 7738,499;37,32417
 531,89; 3037,602;  177,010; 7827,403;37,39144
 532,47; 3088,076;  206,625; 7946,187;37,23015
 533,05; 3091,566;  203,319; 7993,435;37,07579
 533,63; 3096,261;  191,240; 8016,483;37,12371
 534,22; 3081,760;  166,163; 8045,473;37,00320
 534,80; 3160,132;  196,931; 8129,191;37,35632
 535,38; 3199,980;  268,010; 8276,247;36,61193
 535,97; 3162,997;  173,240; 8124,860;37,59935
 536,55; 3191,229;  215,546; 8278,382;36,90615
 537,13; 3164,708;  207,087; 8215,154;36,93302
 537,71; 3184,700;  246,164; 8231,165;36,80069
 538,30; 3191,707;  248,086; 8351,459;36,32588
 538,88; 3225,789;  273,084; 8422,315;36,23293
 539,46; 3307,709;  308,700; 8568,663;36,30778
 540,05; 3341,803;  308,623; 8699,627;36,14799
 540,63; 3428,198;  343,546; 8864,809;36,19947
 541,21; 3453,585;  351,007; 8970,782;35,99372
 541,79; 3510,944;  381,007; 9119,533;35,81768
 542,38; 3575,564;  400,161; 9275,331;35,77850
 542,96; 3591,002;  394,236; 9398,667;35,50215
 543,54; 3694,820;  420,776; 9606,688;35,64202
 544,12; 3728,424;  391,622; 9719,703;35,77158
 544,70; 3735,615;  380,082; 9848,243;35,44017
 545,29; 3823,242;  399,008;10022,801;35,58092
 545,87; 3783,021;  374,776;10086,994;35,09235
 546,45; 3813,836;  348,854;10109,053;35,50114
 547,03; 3815,290;  339,084;10206,710;35,22840
 547,62; 3852,222;  315,007;10346,147;35,26235
 548,20; 3932,007;  330,006;10512,803;35,37340
 548,78; 3979,968;  295,542;10627,019;35,66214
 549,36; 4024,155;  275,542;10914,598;35,23445
 549,94; 4054,699;  264,314;11046,201;35,15512
 550,53; 4134,258;  269,081;11255,266;35,18216
 551,11; 4121,427;  234,849;11460,197;34,62323
 551,69; 4248,131;  240,004;11797,137;34,68099
 552,27; 4320,006;  212,543;12027,242;34,76570
 552,85; 4455,685;  222,695;12402,005;34,75558
 553,44; 4544,992;  225,388;12707,128;34,60738
 554,02; 4657,581;  232,926;13119,768;34,33467
 554,60; 4743,191;  193,772;13422,753;34,38979
 555,18; 4880,361;  223,542;13805,579;34,28660
 555,76; 4969,286;  206,619;14182,816;34,07699
 556,34; 5130,457;  211,002;14557,042;34,29138
 556,93; 5246,409;  205,311;14950,136;34,18893
 557,51; 5349,378;  192,156;15311,022;34,11117
 558,09; 5474,141;  212,850;15734,992;33,89539
 558,67; 5576,482;  210,693;16082,476;33,80710
 559,25; 5684,061;  223,848;16371,596;33,81408
 559,83; 5740,835;  205,308;16683,960;33,59211
 560,41; 5843,851;  205,771;17055,006;33,46193
 561,00; 5953,046;  208,539;17343,264;33,52553
 561,58; 6025,264;  198,464;17668,680;33,35277
 562,16; 6101,926;  185,157;18011,648;33,19088
 562,74; 6211,311;  167,234;18288,528;33,35345
 563,32; 6300,246;  174,923;18759,153;32,95979
 563,90; 6423,803;  207,309;19120,524;32,86852
 564,48; 6510,015;  204,772;19511,356;32,65851
 565,06; 6654,500;  188,232;20160,583;32,37610
 565,65; 6881,528;  204,153;20836,746;32,36324
 566,23; 7182,084;  250,770;21605,331;32,45823
 566,81; 7326,011;  195,001;22249,173;32,33406
 567,39; 7583,172;  205,077;23136,467;32,17465
 567,97; 7792,093;  222,924;23837,757;32,05260
 568,55; 8067,838;  234,770;24603,461;32,14398
 569,13; 8265,774;  195,539;25332,542;32,10500
 569,71; 8498,722;  195,311;26288,841;31,82173
 570,29; 8870,116;  230,004;27237,665;31,99134
 570,87; 9069,614;  228,157;28016,084;31,81762
 571,45; 9202,459;  222,924;28595,630;31,64850
 572,03; 9294,548;  180,307;29118,291;31,49577
 572,61; 9444,160;  171,539;29768,913;31,32920
 573,20; 9667,709;  212,155;30457,944;31,26238
 573,78; 9888,566;  194,693;31102,278;31,36406
 574,36; 9963,794;  197,001;31598,733;31,10272
 574,94;10046,001;  251,538;31941,039;30,90760
 575,52;10075,195;  186,690;32172,417;30,91537
 576,10;10253,061;  249,537;32753,885;30,77596
 576,68;10349,741;  222,307;33359,301;30,56232
 577,26;10525,534;  242,920;34034,218;30,42977
 577,84;10646,034;  240,847;34439,972;30,42530
 578,42;10726,155;  277,153;34750,082;30,31075
 579,00;10704,963;  227,846;34942,556;30,18063
 579,58;10727,833;  257,538;35231,125;29,93772
 580,16;10746,570;  239,076;35261,609;30,00210
 580,74;10707,823;  233,229;35397,512;29,78759
 581,32;10700,802;  234,076;35482,642;29,69405
 581,90;10655,046;  240,307;35369,754;29,64675
 582,48;10637,275;  242,230;35585,042;29,41205
 583,06;10649,767;  244,307;35773,307;29,28723
 583,64;10661,130;  240,923;35789,173;29,31286
 584,22;10538,788;  251,459;35758,020;28,97304
 584,80;10444,230;  261,537;35487,370;28,90689
 585,38;10255,036;  260,617;35102,456;28,68511
 585,96;10177,994;  224,154;35305,083;28,37394
 586,54;10155,233;  251,921;35185,484;28,34899
 587,12;10120,725;  221,768;35412,288;28,12961
 587,70;10130,016;  257,846;35489,986;28,02035
 588,28;10112,829;  242,306;35598,019;27,91776
 588,86;10095,601;  243,460;35696,487;27,78928
 589,44;10022,511;  219,843;35803,711;27,54807
 590,02;10073,896;  234,843;36051,052;27,47095
 590,59;10032,170;  220,075;36245,321;27,23672
 591,17;10047,805;  223,764;36479,320;27,09665
 591,75;10045,119;  213,227;36521,830;27,07868
 592,33;10101,454;  238,535;36839,517;26,94714
 592,91;10075,292;  193,918;37044,756;26,81452
 593,49;10152,267;  206,764;37432,306;26,71688
 594,07;10164,666;  212,841;37568,143;26,64100
 594,65;10131,292;  224,459;37618,762;26,49290
 595,23;10180,346;  217,612;38120,562;26,28485
 595,81;10144,924;  221,612;38259,539;26,08794
 596,39;10130,766;  209,996;38308,269;26,03995
 596,97;10156,190;  206,149;38540,276;25,95609
 597,55;10097,716;  211,074;38368,431;25,91018
 598,12; 9990,306;  184,302;38453,822;25,62354
 598,70;10026,706;  195,149;38552,494;25,63149
 599,28;10057,513;  214,995;38744,330;25,54552
 599,86;10020,350;  204,841;38706,937;25,49344
 600,44; 9980,900;  172,610;38933,337;25,30471
 601,02; 9965,981;  227,608;38927,712;25,16369
 601,60; 9869,489;  209,688;38862,685;24,99108
 602,18; 9841,540;  178,610;38870,938;24,97376
 602,75; 9736,286;  189,920;39007,867;24,59266
 603,33; 9787,153;  201,687;38987,272;24,71399
 603,91; 9671,567;  188,840;39040,469;24,40754
 604,49; 9706,728;  208,226;39087,397;24,43083
 605,07; 9693,299;  215,996;39057,561;24,39990
 605,65; 9656,625;  225,533;39172,729;24,21507
 606,23; 9644,279;  264,306;39339,727;24,00479
 606,80; 9587,569;  285,074;39292,079;23,84827
 607,38; 9559,050;  300,686;39398,846;23,67979
 607,96; 9537,352;  337,612;39460,608;23,51492
 608,54; 9478,216;  389,225;39519,710;23,22739
 609,12; 9448,376;  377,689;39488,530;23,19226
 609,70; 9460,173;  406,226;39536,322;23,13806
 610,27; 9385,280;  399,458;39596,436;22,92478
 610,85; 9349,663;  415,995;39673,996;22,75630
 611,43; 9312,155;  418,226;39607,677;22,69470
 612,01; 9194,433;  389,150;39405,678;22,56808
 612,59; 9178,391;  400,072;39457,428;22,47546
 613,16; 9098,198;  365,767;39440,885;22,34781
 613,74; 9023,422;  354,149;39277,032;22,27295
 614,32; 8980,701;  334,533;39289,863;22,19508
 614,90; 8902,098;  313,842;39167,606;22,10405
 615,48; 8760,498;  264,151;38815,633;22,03896
 616,05; 8734,768;  257,844;38842,752;21,96953
 616,63; 8588,808;  267,460;38596,795;21,71013
 617,21; 8546,422;  266,458;38494,004;21,65968
 617,79; 8474,124;  245,073;38478,384;21,52325
 618,36; 8383,120;  268,996;38341,157;21,31249
 618,94; 8259,326;  209,920;38066,448;21,26293
 619,52; 8180,841;  227,536;37750,342;21,19592
 620,10; 8143,439;  235,304;37721,155;21,09632
 620,67; 8049,384;  234,229;37593,632;20,91884
 621,25; 7946,400;  252,303;37527,175;20,64151
 621,83; 7895,877;  224,689;37484,189;20,58854
 622,41; 7903,906;  272,305;37410,324;20,54929
 622,98; 7780,899;  257,460;37138,325;20,39930
 623,56; 7742,688;  249,537;37196,221;20,28098
 624,14; 7691,578;  239,226;37025,315;20,25861
 624,72; 7583,135;  232,920;36893,535;20,04935
 625,29; 7550,648;  218,691;36946,057;19,96320
 625,87; 7557,919;  265,996;36963,556;19,87032
 626,45; 7395,850;  211,153;36814,243;19,62866
 627,02; 7394,774;  228,458;36763,334;19,61500
 627,60; 7315,607;  216,072;36601,251;19,51216
 628,18; 7289,068;  203,535;36778,453;19,37266
 628,76; 7252,460;  204,075;36703,843;19,31077
 629,33; 7236,082;  236,844;36620,875;19,23712
 629,91; 7239,823;  220,766;36669,155;19,25752
 630,49; 7160,552;  236,152;36885,051;18,89388
 631,06; 7133,494;  224,460;36968,332;18,80323
 631,64; 7109,795;  236,691;36931,222;18,73059
 632,22; 7042,968;  191,076;36867,998;18,68175
 632,79; 7112,467;  222,922;37220,911;18,62140
 633,37; 7082,893;  206,150;37185,197;18,59632
 633,95; 7118,993;  217,537;37305,676;18,60825
 634,52; 7054,918;  204,151;37411,449;18,41243
 635,10; 6997,059;  202,997;37377,906;18,27593
 635,68; 7034,904;  217,153;37630,353;18,22285
 636,25; 6983,946;  192,692;37673,295;18,11938
 636,83; 6946,998;  186,767;37842,843;17,95256
 637,41; 6946,450;  194,538;37809,837;17,94991
 637,98; 6952,761;  220,230;38059,492;17,79245
 638,56; 6927,725;  217,539;38136,337;17,69620
 639,13; 6911,248;  203,768;38190,123;17,65760
 639,71; 6904,557;  245,152;38394,802;17,45600
 640,29; 6779,719;  171,152;38119,221;17,41477
 640,86; 6768,023;  196,844;38359,500;17,21887
 641,44; 6770,865;  195,613;38410,933;17,20580
 642,02; 6725,554;  222,152;38363,981;17,05058
 642,59; 6696,780;  195,075;38474,337;16,98493
 643,17; 6698,546;  195,921;38457,694;16,99510
 643,74; 6646,773;  186,228;38548,281;16,84098
 644,32; 6615,692;  217,151;38467,021;16,72827
 644,89; 6564,226;  207,382;38420,839;16,63509
 645,47; 6560,838;  237,074;38521,349;16,51791
 646,05; 6512,834;  206,536;38420,705;16,50251
 646,62; 6445,214;  201,844;38402,907;16,34345
 647,20; 6442,595;  207,690;38607,956;16,23662
 647,77; 6388,207;  185,767;38427,004;16,21925
 648,35; 6359,664;  180,074;38225,745;16,24256
 648,92; 6297,814;  217,305;38309,794;15,96249
 649,50; 6204,041;  175,459;38234,996;15,83987
 650,08; 6175,114;  171,382;38187,660;15,79253
 650,65; 6172,495;  185,228;38396,554;15,66883
 651,23; 6245,106;  165,689;39107,910;15,61138
 651,80; 6365,025;  179,535;40033,113;15,52054
 652,38; 6420,791;  194,766;40427,469;15,47503
 652,95; 6410,094;  163,458;40771,671;15,38269
 653,53; 6494,244;  190,766;41022,181;15,43781
 654,10; 6470,010;  222,151;41124,076;15,27522
 654,68; 6399,083;  190,689;41047,509;15,19549
 655,25; 6376,233;  178,535;41136,634;15,13180
 655,83; 6373,382;  178,612;41312,836;15,05989
 656,40; 6379,302;  214,689;41245,731;15,02427
 656,98; 6291,375;  187,920;41228,395;14,87179
 657,55; 6264,371;  198,227;41059,136;14,84584
 658,13; 6146,982;  190,843;40647,338;14,72233
 658,70; 6158,747;  203,842;40417,156;14,80829
 659,28; 5944,205;  180,150;39642,127;14,60660
 659,85; 5770,278;  196,612;38796,945;14,43943
 660,43; 5775,043;  213,073;38870,763;14,38775
 661,00; 5770,809;  191,304;38975,734;14,38594
 661,58; 5770,882;  183,765;39279,783;14,29076
 662,15; 5766,032;  174,458;39463,600;14,23186
 662,73; 5843,566;  233,611;39757,803;14,19372
 663,30; 5796,101;  186,534;40068,005;14,06560
 663,88; 5847,327;  197,765;40163,822;14,13590
 664,45; 5836,400;  183,227;40366,179;14,06859
 665,03; 5863,320;  179,842;40832,381;13,98062
 665,60; 5991,623;  262,534;41160,429;14,00827
 666,17; 5946,543;  190,765;41403,401;13,96605
 666,75; 5900,923;  188,457;41655,988;13,77576
 667,32; 5963,227;  215,072;41977,806;13,76384
 667,90; 5934,915;  188,072;42194,085;13,68100
 668,47; 6011,758;  208,149;42570,672;13,69986
 669,05; 6007,908;  177,842;42819,951;13,67209
 669,62; 6025,981;  163,995;42916,692;13,71138
 670,19; 5954,515;  172,688;43051,971;13,48396
 670,77; 5974,973;  197,226;43265,865;13,41521
 671,34; 5933,969;  176,072;43150,683;13,39837
 671,92; 5980,657;  169,918;43589,347;13,38281
 672,49; 5951,422;  196,072;43523,934;13,28326
 673,06; 5913,880;  154,918;43520,828;13,27993
 673,64; 5869,184;  172,995;43528,338;13,13838
 674,21; 5856,026;  161,764;43487,695;13,14285
 674,79; 5860,330;  193,995;43788,589;12,99779
 675,36; 5918,634;  198,149;43863,792;13,10065
 675,93; 5868,707;  167,995;43710,686;13,09224
 676,51; 5896,395;  182,225;43909,581;13,06772
 677,08; 5854,622;  188,687;43958,937;12,94472
 677,65; 5851,233;  187,918;44171,370;12,87601
 678,23; 5913,460;  193,379;44278,957;12,97495
 678,80; 5857,072;  169,071;44424,159;12,85276
 679,38; 5852,145;  175,379;44556,515;12,79094
 679,95; 5883,448;  186,841;44784,871;12,77323
 680,52; 5869,675;  175,917;45115,997;12,66967
 681,10; 5954,979;  184,917;45545,814;12,72034
 681,67; 5990,437;  197,533;45819,248;12,69769
 682,24; 5931,202;  163,610;45886,604;12,61421
 682,82; 5991,890;  175,456;46435,268;12,57341
 683,39; 6055,194;  214,148;46738,778;12,55474
 683,96; 6028,652;  178,071;47100,980;12,46850
 684,54; 6073,340;  163,686;47315,721;12,53319
 685,11; 6128,336;  216,994;47796,077;12,42425
 685,68; 6149,563;  183,609;48151,202;12,43747
 686,25; 6095,790;  174,763;48245,712;12,31727
 686,83; 6152,401;  177,994;48409,837;12,38685
 687,40; 6182,628;  164,301;48766,578;12,38281
 687,97; 6280,624;  219,763;49137,011;12,39003
 688,55; 6200,851;  163,455;49114,829;12,33346
 689,12; 6204,001;  146,378;49392,031;12,30083
 689,69; 6234,766;  160,686;49510,311;12,30826
 690,26; 6258,147;  172,070;49682,590;12,29249
 690,84; 6283,066;  175,763;49831,100;12,29939
 691,41; 6280,062;  187,301;49880,764;12,26069
 691,98; 6297,058;  189,147;50233,427;12,20501
 692,56; 6380,977;  174,686;50284,168;12,38546
 693,13; 6381,512;  221,916;50345,447;12,28883
 693,70; 6307,200;  192,609;50475,650;12,16035
 694,27; 6328,658;  169,455;50631,467;12,20562
 694,84; 6332,654;  158,916;50728,747;12,20834
 695,42; 6362,265;  216,993;50812,641;12,14585
 695,99; 6414,031;  185,531;51125,920;12,22704
 696,56; 6330,027;  176,762;50773,200;12,16146
 697,13; 6416,407;  182,378;51275,863;12,20122
 697,71; 6335,557;  161,454;51270,989;12,08014
 698,28; 6388,477;  180,916;51717,114;12,04505
 698,85; 6397,011;  145,531;51689,163;12,12852
 699,42; 6424,853;  145,454;51791,519;12,15852
 699,99; 6455,003;  188,070;51950,336;12,10715
 700,57; 6445,307;  182,223;52047,000;12,07579
 701,14; 6420,842;  172,377;52172,203;12,01632
 701,71; 6447,838;  178,377;52392,328;12,00725
 702,28; 6445,911;  171,531;52471,223;11,99697
 702,85; 6465,291;  180,300;52403,502;12,03486
 703,43; 6514,364;  181,531;52774,166;12,04129
 704,00; 6549,283;  195,377;52887,214;12,05862
 704,57; 6485,126;  175,992;52949,724;11,95506
 705,14; 6558,814;  199,531;53182,080;12,00260
 705,71; 6593,656;  203,838;53139,513;12,07091
 706,28; 6530,114;  181,300;53165,946;11,98237
 706,86; 6585,879;  208,300;53405,610;11,98854
 707,43; 6584,798;  226,069;53336,813;11,97259
 708,00; 6557,256;  204,223;53266,322;11,97283
 708,57; 6544,098;  174,069;53150,063;12,02437
 709,14; 6596,633;  200,761;53341,573;12,03571
 709,71; 6609,167;  178,915;53489,083;12,06196
 710,28; 6619,086;  180,530;53723,670;12,02499
 710,86; 6653,006;  200,761;53711,411;12,05787
 711,43; 6670,463;  210,376;53873,382;12,03825
 712,00; 6683,844;  186,761;53907,046;12,09428
 712,57; 6702,071;  201,453;54009,095;12,08122
 713,14; 6723,913;  179,145;54185,989;12,11840
 713,71; 6727,063;  187,222;54008,807;12,15096
 714,28; 6757,059;  194,761;54082,702;12,17768
 714,85; 6719,824;  178,991;53894,596;12,17678
 715,42; 6754,820;  184,376;54027,183;12,20301
 716,00; 6854,663;  250,530;54201,078;12,24109
 716,57; 6827,736;  193,068;54324,126;12,25667
 717,14; 6805,655;  177,376;54273,252;12,25284
 717,71; 6805,882;  172,760;54275,531;12,26022
 718,28; 6857,570;  216,145;54345,887;12,26946
 718,85; 6828,566;  167,145;54372,089;12,28932
 719,42; 6901,947;  204,299;54609,215;12,31074
 719,99; 6908,404;  174,529;54345,725;12,43073
 720,56; 6963,247;  191,991;54672,158;12,42885
 721,13; 6934,089;  176,529;54740,206;12,38472
 721,70; 6912,854;  170,068;54607,101;12,38640
 722,27; 6966,542;  196,837;54661,380;12,42956
 722,84; 7057,846;  237,991;54881,121;12,48072
 723,41; 6990,073;  167,683;54741,631;12,50119
 723,98; 7031,685;  182,837;54994,064;12,49534
 724,55; 7060,604;  214,990;55060,805;12,48156
 725,12; 7065,600;  154,221;55026,776;12,59533
 725,69; 7082,211;  180,298;55180,286;12,54894
 726,27; 7132,977;  187,375;55261,719;12,61132
 726,84; 7223,280;  198,836;55627,383;12,67297
 727,41; 7195,046;  208,606;55544,816;12,62544
 727,98; 7261,272;  207,452;55875,941;12,67112
 728,55; 7299,345;  216,836;55755,144;12,75248
 729,12; 7268,342;  167,605;55813,961;12,76047
 729,69; 7340,261;  210,221;55962,779;12,78872
 730,26; 7371,334;  198,682;56213,443;12,80493
 730,82; 7356,945;  184,913;56095,030;12,82779
 731,39; 7403,480;  194,374;56137,617;12,88646
 731,96; 7456,091;  169,990;56522,127;12,92959
 732,53; 7511,395;  190,067;56737,329;12,94727
 733,10; 7597,160;  203,451;56801,224;13,06360
 733,67; 7612,079;  205,605;57072,887;13,02414
 734,24; 7597,998;  182,605;56736,474;13,11209
 734,81; 7675,071;  200,066;56852,754;13,19444
 735,38; 7652,068;  191,759;56642,571;13,21559
 735,95; 7660,987;  189,143;56516,774;13,26497
 736,52; 7694,060;  206,759;56567,668;13,28456
 737,09; 7659,902;  214,066;56263,563;13,28439
 737,66; 7728,436;  226,989;56505,457;13,32916
 738,23; 7721,509;  181,758;56571,890;13,37069
 738,80; 7872,967;  234,066;56727,016;13,52187
 739,37; 7859,579;  220,451;57013,449;13,45083
 739,94; 7882,344;  191,220;57087,190;13,51787
 740,51; 8006,955;  288,989;57217,315;13,55734
 741,07; 7923,567;  188,758;57010,210;13,61248
 741,64; 8021,178;  210,681;57304,643;13,68008
 742,21; 8012,944;  198,297;57378,922;13,66660
 742,78; 8025,401;  164,296;57089,278;13,80959
 743,35; 8086,551;  185,450;57470,019;13,79272
 743,92; 8181,393;  221,066;57462,221;13,90665
 744,49; 8190,543;  212,681;57394,193;13,95182
 745,06; 8185,078;  186,066;57407,318;13,97909
 745,63; 8213,612;  177,065;57428,136;14,03737
 746,19; 8227,839;  182,835;57418,646;14,05589
 746,76; 8271,912;  194,527;57385,156;14,12362
 747,33; 8320,524;  186,911;57375,512;14,22244
 747,90; 8364,674;  204,142;57591,022;14,22020
 748,47; 8355,593;  197,758;57503,916;14,23553
 749,04; 8396,589;  204,219;57567,426;14,28158
 749,61; 8464,431;  221,065;57412,859;14,41355
 750,17; 8508,427;  219,527;57580,831;14,45033
 750,74; 8525,731;  207,603;57433,418;14,53562
 751,31; 8469,727;  187,680;57384,928;14,47980
 751,88; 8517,261;  175,757;57254,515;14,61403
 752,45; 8557,642;  188,526;57389,794;14,63100
 753,02; 8574,407;  213,680;57212,150;14,66834
 753,58; 8660,634;  180,449;57085,352;14,90238
 754,15; 8678,938;  184,834;57280,478;14,87697
 754,72; 8669,088;  183,295;57070,449;14,91689
 755,29; 8688,699;  181,834;56891,421;15,00075
 755,86; 8724,157;  199,065;57059,239;14,99308
 756,42; 8766,384;  211,065;56937,902;15,08161
 756,99; 8733,457;  182,680;56933,489;15,06723
 757,56; 8791,530;  193,372;56864,153;15,17212
 758,13; 8791,449;  162,141;56730,279;15,25471
 758,70; 8877,522;  184,910;56782,635;15,35859
 759,26; 8942,826;  190,295;56940,606;15,42288
 759,83; 8927,899;  201,064;57008,116;15,36224
 760,40; 8971,895;  190,372;56726,626;15,53255
 760,97; 9032,199;  177,218;56920,059;15,60546
 761,53; 8936,349;  164,526;56539,339;15,55983
 762,10; 8984,114;  164,756;56492,925;15,65710
 762,67; 9057,264;  203,295;56444,128;15,74296
 763,24; 8993,337;  157,525;55971,945;15,83070
 763,80; 9053,564;  185,833;56198,609;15,83162
 764,37; 9073,790;  179,448;56055,427;15,91801
 764,94; 9008,017;  168,602;55661,322;15,92896
 765,50; 9050,552;  165,371;55636,601;16,01764
 766,07; 9193,471;  203,141;55684,341;16,20428
 766,64; 9121,929;  167,371;55326,159;16,23414
 767,21; 9150,771;  173,756;55232,054;16,30456
 767,77; 9239,305;  190,602;55148,564;16,46477
 768,34; 9206,071;  196,525;55235,689;16,36934
 768,91; 9197,913;  196,371;54968,815;16,43444
 769,47; 9254,524;  188,833;55026,940;16,53174
 770,04; 9270,136;  191,833;54845,911;16,61048
 770,61; 9251,286;  181,217;54715,498;16,63187
 771,18; 9279,436;  170,832;54589,008;16,73816
 771,74; 9359,355;  190,294;54655,364;16,83475
 772,31; 9356,582;  176,140;54451,028;16,91471
 772,88; 9350,732;  169,448;54240,846;16,97993
 773,44; 9332,574;  166,448;54021,971;17,01984
 774,01; 9416,031;  193,909;54134,943;17,09667
 774,58; 9422,181;  177,140;53742,914;17,25923
 775,14; 9435,716;  172,217;53925,271;17,23344
 775,71; 9497,866;  174,678;53789,319;17,38926
 776,27; 9510,862;  218,293;53678,829;17,38211
 776,84; 9643,396;  245,063;53766,262;17,56002
 777,41; 9577,316;  190,447;53549,849;17,59178
 777,97; 9561,235;  181,986;53314,897;17,65243
 778,54; 9562,615;  194,601;53366,869;17,61823
 779,11; 9646,765;  212,139;53356,456;17,75284
 779,67; 9653,915;  169,601;53295,504;17,85252
 780,24; 9638,219;  193,909;53023,937;17,87678
 780,80; 9740,754;  214,370;53013,678;18,04263
 781,37; 9753,827;  205,216;52987,188;18,09067
 781,94; 9748,438;  191,755;52730,160;18,18990
 782,50; 9791,511;  198,216;52704,439;18,27078
 783,07; 9853,046;  213,139;52829,641;18,32107
 783,63; 9846,042;  181,985;52499,151;18,47206
 784,20; 9891,192;  207,985;52386,507;18,55784
 784,77; 9877,341;  194,600;52324,094;18,57440
 785,33; 9829,107;  168,447;52102,527;18,60177
 785,90; 9936,180;  197,985;52037,730;18,78519
 786,46; 9995,253;  214,677;51925,317;18,91405
 787,03; 9966,403;  183,831;51839,903;18,93789
 787,59;10051,091;  198,369;51767,260;19,10594
 788,16;10011,395;  197,369;51654,000;19,07242
 788,73;10022,776;  200,985;51537,049;19,13234
 789,29; 9993,695;  190,062;51084,559;19,26266
 789,86;10088,306;  209,138;50995,453;19,45242
 790,42;10074,687;  204,446;50920,810;19,46165
 790,99;10040,221;  207,369;50563,320;19,52669
 791,55;10063,910;  191,369;50593,906;19,58739
 792,12;10080,444;  216,984;50541,878;19,59956
 792,68;10029,748;  202,830;50166,311;19,66820
 793,25;10067,744;  212,984;49944,744;19,81583
 793,81;10062,509;  253,138;49621,331;19,86982
 794,38; 9997,044;  168,907;49381,379;19,97082
 794,94;10005,655;  196,446;49312,505;19,97149
 795,51;10053,728;  214,369;48964,938;20,18307
 796,07; 9982,494;  203,599;48756,525;20,14069
 796,64;10059,413;  218,984;48868,958;20,22700
 797,20; 9956,409;  209,445;48385,929;20,23179
 797,77; 9914,020;  184,138;47988,362;20,35360
 798,33; 9873,555;  199,368;47845,103;20,30441
 798,90; 9948,551;  223,291;47800,613;20,44096
 799,46; 9914,778;  208,907;47259,662;20,62851
 800,03; 9903,082;  208,214;47214,864;20,62446
 800,59; 9943,924;  222,368;46957,528;20,80137
 801,15; 9923,305;  221,753;46844,884;20,80845
 801,72; 9868,378;  226,137;46459,779;20,85546
 802,28; 9848,143;  238,830;46156,519;20,92726
 802,85; 9818,139;  206,830;46055,722;20,96301
 803,41; 9805,289;  209,906;45829,924;21,03327
 803,98; 9810,593;  211,599;45325,588;21,27720
 804,54; 9755,896;  212,676;45133,252;21,24465
 805,11; 9774,508;  212,522;44999,915;21,34973
 805,67; 9776,889;  238,675;44844,349;21,38341
 806,23; 9706,577;  215,522;44381,705;21,48942
 806,80; 9753,265;  222,829;44288,522;21,62779
 807,36; 9839,646;  232,060;44206,417;21,84816
 807,93; 9768,104;  239,829;43938,081;21,80470
 808,49; 9740,869;  203,598;43598,206;21,97801
 809,05; 9735,711;  191,906;43368,870;22,10393
 809,62; 9784,553;  230,290;43348,765;22,15817
 810,18; 9839,626;  222,983;43249,582;22,35046
 810,74; 9772,776;  190,983;42947,400;22,41019
 811,31; 9785,618;  193,829;42808,679;22,50809
 811,87; 9805,845;  207,521;42600,343;22,64139
 812,44; 9868,072;  240,983;42570,776;22,74306
 813,00; 9811,530;  166,752;42252,363;22,91704
 813,56; 9902,295;  218,829;42345,258;22,98668
 814,13; 9907,599;  222,367;42177,383;23,08480
 814,69; 9900,903;  211,367;41986,508;23,19450
 815,25; 9848,668;  188,752;41599,403;23,32713
 815,82; 9847,895;  233,751;41614,374;23,23344
 816,38; 9880,583;  246,751;41365,884;23,42907
 816,94; 9806,118;  203,059;41060,010;23,50410
 817,51; 9809,498;  186,444;40868,904;23,65406
 818,07; 9803,264;  205,367;40651,953;23,72981
 818,63; 9820,491;  221,751;40447,309;23,86229
 819,20; 9821,871;  217,982;40328,973;23,94329
 819,76; 9743,329;  202,443;39945,175;24,00662
 820,32; 9783,863;  247,520;39857,147;24,07582
 820,89; 9779,398;  234,905;39659,349;24,20958
 821,45; 9695,625;  198,597;39336,397;24,26561
 822,01; 9721,467;  222,751;39097,369;24,43424
 822,57; 9669,848;  229,366;38904,802;24,40950
 823,14; 9651,767;  186,905;38724,389;24,56015
 823,70; 9625,071;  203,828;38463,899;24,62422
 824,26; 9627,067;  201,135;38282,870;24,75184
 824,82; 9637,755;  231,981;38128,227;24,81980
 825,39; 9563,367;  208,751;37809,737;24,87865
 825,95; 9580,132;  231,135;37881,400;24,83116
 826,51; 9592,820;  226,135;37413,680;25,18769
 827,08; 9643,047;  255,058;37546,267;25,17480
 827,64; 9593,197;  234,520;37333,623;25,22616
 828,20; 9579,501;  203,827;37073,825;25,42900
 828,76; 9612,651;  231,981;37046,643;25,48080
 829,32; 9570,031;  237,366;36879,691;25,46963
 829,89; 9543,643;  193,135;36702,663;25,61114
 830,45; 9589,254;  215,058;36642,942;25,73357
 831,01; 9578,866;  217,904;36452,144;25,83457
 831,57; 9576,785;  225,365;36346,731;25,88889
 832,14; 9541,473;  210,904;36376,472;25,79959
 832,70; 9542,854;  200,058;36099,982;26,02456
 833,26; 9523,235;  185,519;36024,953;26,05431
 833,82; 9527,615;  211,673;35978,079;26,04663
 834,38; 9592,842;  201,519;35897,973;26,30884
 834,95; 9599,761;  193,980;35778,560;26,43218
 835,51; 9529,988;  172,596;35642,301;26,38136
 836,07; 9620,292;  216,134;35712,503;26,49329
 836,63; 9706,903;  232,826;35781,552;26,65096
 837,19; 9650,823;  209,057;35477,446;26,77118
 837,75; 9570,434;  174,596;35236,187;26,79809
 838,32; 9727,276;  225,826;35364,389;27,03995
 838,88; 9712,272;  220,442;35382,053;26,99487
 839,44; 9760,807;  209,519;35322,794;27,20136
 840,00; 9812,264;  204,749;35187,689;27,46343
 840,56; 9675,799;  189,057;34877,737;27,34824
 841,12; 9715,564;  196,749;34811,632;27,49920
 841,68; 9691,791;  183,749;34663,603;27,57564
 842,25; 9776,249;  201,749;34793,267;27,67875
 842,81; 9716,322;  196,441;34370,546;27,85700
 843,37; 9719,549;  186,980;34470,826;27,80484
 843,93; 9764,699;  201,749;34398,720;27,96432
 844,49; 9841,233;  216,133;34443,230;28,12129
 845,05; 9779,075;  180,287;34171,202;28,23928
 845,61; 9896,071;  226,595;34274,019;28,40002
 846,17; 9913,529;  202,903;34148,299;28,60661
 846,73; 9863,756;  213,749;34074,962;28,49870
 847,29; 9865,290;  186,595;33753,472;28,83407
 847,86; 9905,363;  193,979;33848,521;28,85609
 848,42; 9825,744;  190,902;33540,800;28,89017
 848,98; 9901,048;  203,902;33503,695;29,12074
 849,54; 9897,582;  206,133;33561,359;29,05527
 850,10; 9919,425;  208,595;33397,868;29,25894
 850,66; 9918,344;  191,287;33204,994;29,46369
 851,22; 9897,340;  192,441;33273,965;29,33631
 851,78; 9948,336;  234,441;33214,706;29,45366
 852,34; 9932,717;  222,133;32956,293;29,66499
 852,90; 9914,866;  211,056;32944,188;29,64523
 853,46; 9867,093;  191,517;32622,390;29,83446
 854,02; 9937,628;  213,286;32732,823;29,90307
 854,58; 9908,316;  196,979;32437,948;30,12111
 855,14; 9870,697;  195,517;32381,305;30,06041
 855,70; 9839,308;  161,825;32202,507;30,20374
 856,26; 9871,458;  211,055;32132,709;30,26285
 856,82; 9885,377;  196,902;31943,450;30,51820
 857,38; 9881,450;  228,517;31904,806;30,47369
 857,94; 9886,139;  202,209;31825,701;30,62258
 858,50; 9872,981;  215,671;31719,903;30,65401
 859,06; 9758,977;  194,978;31564,105;30,48857
 859,62; 9900,358;  211,671;31461,308;31,00416
 860,18; 9812,585;  199,517;31234,971;30,97447
 860,74; 9774,504;  174,209;31134,558;31,00835
 861,30; 9778,192;  185,901;30921,838;31,20872
 861,86; 9803,650;  235,517;30921,040;31,18126
 862,42; 9754,261;  199,824;30755,242;31,26921
 862,98; 9836,104;  231,978;30739,598;31,48107
 863,54; 9714,023;  205,055;30572,570;31,31296
 864,10; 9777,865;  202,286;30565,695;31,53657
 864,66; 9668,784;  190,978;30311,205;31,46658
 865,22; 9698,934;  198,285;30183,946;31,68397
 865,78; 9744,545;  208,439;30096,302;31,90628
 866,34; 9689,695;  198,208;29955,427;31,89642
 866,90; 9749,384;  220,208;29864,322;32,14525
 867,45; 9695,764;  209,208;29665,909;32,20509
 868,01; 9654,530;  213,747;29548,650;32,18277
 868,57; 9693,910;  190,362;29359,237;32,58113
 869,13; 9614,906;  184,131;29243,977;32,45294
 869,69; 9582,749;  195,747;29100,410;32,47574
 870,25; 9626,745;  183,131;28971,536;32,80353
 870,81; 9668,510;  194,593;28962,200;32,93259
 871,37; 9643,275;  214,439;28801,479;32,98291
 871,93; 9656,810;  220,669;28665,758;33,17318
 872,49; 9621,652;  223,362;28491,345;33,24712
 873,04; 9540,879;  198,439;28222,086;33,33770
 873,60; 9551,875;  182,977;28131,365;33,52214
 874,16; 9550,871;  212,592;28031,337;33,56830
 874,72; 9499,563;  202,669;27894,567;33,57261
 875,28; 9549,256;  209,285;27946,260;33,67336
 875,84; 9551,717;  206,592;27892,798;33,75372
 876,40; 9546,948;  196,131;27799,106;33,87612
 876,95; 9550,025;  213,746;27745,952;33,91039
 877,51; 9619,794;  230,746;27755,260;34,11159
 878,07; 9669,717;  249,977;27778,490;34,21812
 878,63; 9681,025;  199,054;27740,875;34,42754
 879,19; 9707,794;  224,977;27715,644;34,49468
 879,75; 9759,179;  196,900;27768,875;34,68115
 880,30; 9821,410;  193,208;27740,798;34,95116
 880,86; 9892,794;  237,669;27948,798;34,84205
 881,42; 9876,640;  190,746;27995,952;34,83482
 881,98; 9928,487;  221,823;28080,260;34,84281
 882,54;10034,333;  194,746;28214,952;35,11604
 883,09;10107,410;  217,669;28222,567;35,31432
 883,65;10165,717;  197,438;28296,183;35,47589
 884,21;10242,025;  235,362;28611,952;35,26380
 884,77;10289,871;  204,900;28568,413;35,55614
 885,32;10328,179;  208,592;28737,260;35,47164
 885,88;10471,025;  235,515;28818,260;35,81010
 886,44;10512,871;  213,362;29018,029;35,75639
 887,00;10510,256;  229,131;29005,260;35,72796
 887,56;10611,179;  204,285;29124,721;35,98457
 888,11;10618,871;  208,900;29123,260;36,00277
 888,67;10742,640;  245,592;29285,106;36,14747
 889,23;10737,410;  215,977;29233,337;36,25910
 889,79;10678,871;  194,131;29203,490;36,14261
 890,34;10735,256;  214,285;29125,337;36,39083
 890,90;10843,794;  267,285;29395,490;36,31020
 891,46;10796,640;  199,438;29217,721;36,51905
 892,01;10820,871;  236,900;29188,952;36,55689
 892,57;10843,948;  236,285;29105,260;36,74416
 893,13;10731,179;  203,746;28905,721;36,67843
 893,69;10785,794;  206,438;28872,106;36,90602
 894,24;10774,025;  211,362;28718,183;37,05311
 894,80;10772,948;  217,362;28590,875;37,20225
 895,36;10762,948;  215,977;28459,029;37,34360
 895,91;10737,102;  215,438;28251,567;37,52895
 896,47;10715,563;  237,515;28129,413;37,56664
 897,03;10691,563;  203,977;27957,490;37,78832
 897,58;10718,179;  225,900;27905,644;37,90598
 898,14;10680,102;  223,669;27669,337;38,09866
 898,70;10641,640;  191,208;27466,490;38,31466
 899,25;10696,717;  218,362;27531,029;38,36445
 899,81;10640,179;  236,900;27286,875;38,45948
 900,37;10602,179;  181,515;27045,490;38,79047
 900,92;10647,025;  218,900;27003,029;38,93397
 901,48;10645,948;  198,592;26994,875;38,98808
 902,03;10615,871;  204,746;26775,567;39,18255
 902,59;10587,256;  211,131;26706,798;39,16159
 903,15;10519,794;  237,592;26565,952;39,05371
 903,70;10493,179;  213,131;26298,029;39,40996
 904,26;10456,102;  201,515;26190,029;39,45815
 904,82;10459,256;  214,669;26156,337;39,49086
 905,37;10408,717;  222,131;26028,567;39,47305
 905,93;10417,563;  205,362;25822,644;39,86450
 906,48;10408,410;  215,977;25838,567;39,77909
 907,04;10413,948;  232,054;25749,260;39,90207
 907,60;10353,333;  208,592;25580,875;39,98355
 908,15;10298,487;  199,131;25376,567;40,11272
 908,71;10382,640;  231,054;25396,029;40,34014
 909,26;10316,640;  207,823;25226,721;40,40473
 909,82;10310,179;  224,900;25071,106;40,59082
 910,37;10374,563;  259,515;25026,337;40,84112
 910,93;10253,333;  203,054;24826,490;40,81591
 911,48;10281,640;  201,515;24648,413;41,23274
 912,04;10236,871;  197,515;24614,875;41,11565
 912,60;10267,025;  222,592;24608,337;41,18977
 913,15;10218,025;  223,746;24384,413;41,36591
 913,71;10157,794;  216,285;24195,337;41,45914
 914,26;10174,025;  195,977;24064,798;41,80369
 914,82;10142,563;  212,054;23967,875;41,80243
 915,37;10093,102;  205,592;23966,721;41,61212
 915,93;10168,563;  258,208;23832,721;42,03843
 916,48;10073,640;  205,592;23705,952;41,99105
 917,04;10086,563;  231,823;23544,337;42,27232
 917,59;10149,717;  238,515;23475,721;42,65230
 918,15;10019,948;  184,746;23311,029;42,52824
 918,70;10016,256;  214,054;23211,875;42,62231
 919,26;10109,102;  212,977;23183,875;43,08114
 919,81; 9967,794;  199,208;22977,413;42,88567
 920,37; 9983,487;  206,823;22853,952;43,16955
 920,92;10016,563;  225,900;22825,798;43,32172
 921,48; 9921,487;  190,900;22624,721;43,37463
 922,03; 9952,179;  198,362;22584,490;43,57081
 922,59; 9893,333;  203,669;22434,567;43,58647
 923,14; 9927,025;  203,208;22254,490;44,09638
 923,69; 9933,333;  237,208;22258,490;44,03070
 924,25; 9962,179;  231,823;22196,490;44,30004
 924,80; 9832,333;  211,823;21988,260;44,17853
 925,36; 9851,333;  198,362;21896,567;44,48742
 925,91; 9809,717;  213,054;21771,029;44,51561
 926,47; 9758,102;  200,438;21696,106;44,46321
 927,02; 9817,948;  253,977;21614,337;44,77439
 927,57; 9760,102;  218,823;21509,183;44,81502
 928,13; 9735,487;  207,746;21357,875;45,04814
 928,68; 9670,640;  213,362;21359,875;44,72264
 929,24; 9618,256;  187,131;21070,029;45,16195
 929,79; 9573,333;  203,669;21006,952;45,03935
 930,34; 9536,025;  215,592;20851,490;45,16611
 930,90; 9533,563;  207,131;20847,798;45,18474
 931,45; 9596,487;  214,131;20843,490;45,48060
 932,01; 9559,102;  229,515;20694,183;45,58875
 932,56; 9498,179;  238,438;20547,721;45,59364
 933,11; 9540,102;  244,592;20476,798;45,94412
 933,67; 9494,179;  211,208;20294,183;46,22309
 934,22; 9468,256;  209,208;20273,106;46,14780
 934,77; 9452,640;  233,438;20123,798;46,35010
 935,33; 9418,179;  217,823;20039,875;46,41475
 935,88; 9357,487;  228,054;19944,260;46,30421
 936,43; 9393,333;  210,438;19825,106;46,81647
 936,99; 9352,717;  216,131;19786,183;46,68657
 937,54; 9321,410;  196,977;19597,875;47,03098
 938,09; 9357,102;  221,977;19586,183;47,17531
 938,65; 9327,025;  231,054;19423,183;47,39428
 939,20; 9275,256;  198,362;19304,644;47,50738
 939,75; 9253,333;  197,285;19205,029;47,64399
 940,31; 9187,563;  201,131;19061,413;47,64739
 940,86; 9216,102;  219,669;19111,644;47,62039
 941,41; 9263,563;  273,823;19012,337;47,97467
 941,96; 9217,871;  209,438;18860,106;48,30086
 942,52; 9192,025;  217,746;18744,952;48,43838
 943,07; 9107,487;  195,669;18638,644;48,32093
 943,62; 9115,333;  206,900;18532,029;48,61321
 944,18; 9111,871;  189,900;18484,183;48,76918
 944,73; 9134,794;  206,362;18377,106;49,13631
 945,28; 9041,333;  177,515;18157,106;49,29933
 945,83; 9062,487;  207,515;18180,106;49,26931
 946,39; 9042,102;  207,208;18103,644;49,36678
 946,94; 9070,563;  232,208;18063,413;49,56679
 947,49; 8999,256;  200,900;17941,490;49,59449
 948,04; 9055,563;  234,977;17890,490;49,95939
 948,59; 9005,025;  231,592;17853,260;49,78776
 949,15; 8952,717;  198,131;17732,413;49,92840
 949,70; 8956,410;  195,362;17628,952;50,25384
 950,25; 8957,948;  217,362;17560,413;50,39820
 950,80; 8907,256;  173,823;17422,644;50,63206
 951,36; 8869,563;  173,823;17359,183;50,59970
 951,91; 8959,794;  225,746;17327,875;51,06995
 952,46; 8779,487;  195,285;17151,106;50,62687
 953,01; 8887,179;  218,669;17183,260;51,09767
 953,56; 8841,179;  200,823;17027,106;51,35035
 954,11; 8849,717;  224,438;16970,337;51,50682
 954,67; 8849,948;  206,362;16925,721;51,69807
 955,22; 8724,717;  191,362;16792,875;51,40107
 955,77; 8774,256;  230,823;16717,721;51,81953
 956,32; 8765,410;  255,515;16593,337;52,08708
 956,87; 8709,333;  201,592;16475,644;52,27795
 957,42; 8741,102;  208,285;16469,490;52,47346
 957,98; 8692,487;  204,054;16331,567;52,63324
 958,53; 8661,640;  224,669;16315,106;52,43469
 959,08; 8702,640;  196,669;16148,106;53,32417
 959,63; 8635,717;  208,131;16079,183;53,10037
 960,18; 8633,333;  217,285;16020,183;53,25636
 960,73; 8618,640;  214,285;15973,337;53,33034
 961,28; 8565,640;  190,285;15852,106;53,47626
 961,83; 8602,563;  225,438;15834,106;53,66970
 962,39; 8565,102;  192,515;15666,337;54,10807
 962,94; 8496,256;  217,362;15576,337;53,90265
 963,49; 8451,948;  209,515;15429,106;54,15673
 964,04; 8470,487;  224,054;15424,644;54,25074
 964,59; 8416,717;  187,438;15327,952;54,35271
 965,14; 8374,871;  227,285;15264,183;54,18396
 965,69; 8350,948;  217,054;15197,183;54,29789
 966,24; 8279,640;  199,285;15073,952;54,32293
 966,79; 8308,794;  221,208;14977,644;54,80718
 967,34; 8200,025;  185,438;14850,952;54,64921
 967,89; 8227,025;  187,592;14833,952;54,89031
 968,44; 8153,025;  218,669;14708,644;54,75755
 968,99; 8134,179;  214,362;14658,260;54,83158
 969,55; 8029,794;  215,746;14575,413;54,41664
 970,10; 8010,948;  214,823;14487,721;54,62188
 970,65; 8019,256;  218,592;14401,260;55,00139
 971,20; 7972,487;  198,977;14237,490;55,37274
 971,75; 7920,487;  190,362;14092,644;55,60328
 972,30; 7899,410;  211,669;14052,721;55,54304
 972,85; 7868,640;  188,823;13959,798;55,76815
 973,40; 7790,256;  199,208;13830,721;55,68749
 973,95; 7822,794;  213,208;13790,029;56,04837
 974,50; 7752,948;  227,438;13743,875;55,67673
 975,05; 7739,256;  207,054;13596,644;56,25416
 975,60; 7699,410;  226,054;13553,721;56,07400
 976,15; 7634,179;  203,054;13518,875;55,80673
 976,70; 7618,640;  227,746;13395,875;56,12714
 977,25; 7574,640;  221,746;13325,644;56,11227
 977,80; 7509,717;  198,208;13137,875;56,50462
 978,35; 7441,102;  218,900;13099,337;56,07110
 978,89; 7424,256;  192,977;12973,875;56,57880
 979,44; 7427,256;  208,515;12963,260;56,59651
 979,99; 7319,871;  201,669;12699,490;56,95554
 980,54; 7291,333;  242,977;12649,106;56,81350
 981,09; 7274,333;  221,515;12634,490;56,81811
 981,64; 7172,640;  222,746;12474,644;56,72504
 982,19; 7179,487;  251,669;12398,875;57,03219
 982,74; 7143,717;  227,438;12283,875;57,36586
 983,29; 7066,563;  207,054;12128,952;57,53706
 983,84; 7014,487;  221,054;12035,644;57,50037
 984,39; 7044,025;  266,592;12028,490;57,62193
 984,94; 6879,410;  188,900;11850,106;57,37408
 985,49; 6943,487;  232,669;11772,952;58,15124
 986,03; 6907,256;  234,131;11732,337;58,03623
 986,58; 6833,256;  250,900;11542,798;58,29273
 987,13; 6755,487;  218,746;11436,337;58,27223
 987,68; 6706,025;  237,900;11319,337;58,36901
 988,23; 6675,256;  229,131;11326,337;58,08782
 988,78; 6619,256;  211,592;11094,567;58,87787
 989,33; 6538,487;  234,285;11014,798;58,47775
 989,88; 6557,871;  247,900;10998,183;58,69586
 990,42; 6510,025;  212,823;10821,875;59,35688
 990,97; 6456,717;  206,592;10711,413;59,49768
 991,52; 6458,487;  241,977;10690,260;59,49791
 992,07; 6364,948;  240,592;10568,413;59,29959
 992,62; 6336,794;  222,746;10467,337;59,68075
 993,17; 6284,640;  239,285;10346,567;59,81188
 993,71; 6206,640;  229,977;10217,106;59,84366
 994,26; 6156,333;  208,362;10090,029;60,19198
 994,81; 6155,717;  248,823;10088,567;60,03097
 995,36; 6019,487;  207,977; 9906,567;59,92118
 995,91; 6037,487;  221,823; 9849,644;60,40477
 996,45; 5950,640;  221,592; 9761,029;60,05646
 997,00; 5833,179;  196,746; 9621,875;59,80218
 997,55; 5849,333;  225,900; 9569,875;60,18245
 998,10; 5833,717;  250,131; 9448,567;60,70147
 998,65; 5753,563;  215,054; 9386,490;60,38868
 999,19; 5736,333;  236,208; 9250,106;61,01827
 999,74; 5644,640;  254,362; 9150,337;60,59233
1000,29; 5611,717;  231,285; 9101,337;60,65841
1000,84; 5510,563;  219,746; 8956,490;60,55823
1001,38; 5462,948;  224,054; 8857,413;60,68199
1001,93; 5470,333;  236,438; 8790,413;61,18669
1002,48; 5369,256;  209,208; 8639,260;61,21016
1003,03; 5344,410;  239,054; 8581,644;61,19629
1003,57; 5318,948;  233,285; 8459,106;61,82560
1004,12; 5268,794;  256,362; 8424,029;61,36921
1004,67; 5222,563;  213,669; 8306,798;61,89070
1005,22; 5095,717;  217,438; 8128,567;61,66350
1005,76; 5073,717;  208,285; 8041,413;62,11353
1006,31; 5064,025;  238,054; 8020,952;62,00738
1006,86; 4981,102;  216,592; 7854,721;62,37797
1007,40; 4880,102;  207,362; 7722,183;62,18033
1007,95; 4880,410;  226,823; 7679,875;62,43867
1008,50; 4810,333;  229,208; 7576,260;62,35324
1009,04; 4748,025;  223,515; 7426,952;62,81043
1009,59; 4694,487;  230,362; 7305,260;63,09808
1010,14; 4665,102;  216,515; 7213,798;63,57592
1010,68; 4589,640;  222,592; 7073,029;63,74846
1011,23; 4536,563;  223,054; 6976,337;63,87278
1011,78; 4522,333;  226,362; 6949,567;63,89766
1012,32; 4440,948;  234,208; 6817,106;63,90408
1012,87; 4421,948;  244,592; 6759,875;64,11626
1013,42; 4358,179;  217,054; 6651,798;64,35570
1013,96; 4372,179;  248,054; 6665,644;64,26283
1014,51; 4266,563;  187,438; 6541,644;64,19567
1015,06; 4290,410;  190,823; 6563,413;64,33156
1015,60; 4388,948;  268,977; 6603,875;65,03611
1016,15; 4322,025;  217,131; 6581,029;64,50283
1016,69; 4371,256;  219,362; 6592,183;65,15002
1017,24; 4347,256;  203,515; 6614,952;64,63045
1017,79; 4432,794;  242,362; 6666,260;65,23193
1018,33; 4412,717;  218,669; 6645,952;65,25383
1018,88; 4450,025;  224,515; 6727,644;64,97656
1019,42; 4506,102;  219,669; 6695,029;66,19606
1019,97; 4466,717;  216,131; 6701,798;65,53815
1020,51; 4553,563;  232,438; 6727,798;66,52634
1021,06; 4481,025;  198,900; 6726,721;65,59807
1021,61; 4499,025;  191,669; 6679,337;66,39298
1022,15; 4451,871;  171,131; 6656,260;66,00856
1022,70; 4465,025;  215,977; 6651,106;66,02895
1023,24; 4457,487;  211,131; 6634,260;66,11039
1023,79; 4406,794;  225,977; 6554,644;66,06158
1024,33; 4390,102;  204,977; 6513,875;66,33686
1024,88; 4338,179;  223,362; 6409,490;66,51684
1025,42; 4258,179;  228,515; 6312,798;66,23071
1025,97; 4215,256;  210,746; 6220,798;66,63020
1026,51; 4125,256;  183,746; 6119,721;66,40037
1027,06; 4131,640;  211,592; 6090,644;66,67824
1027,60; 4034,948;  217,669; 5963,106;66,44019
1028,15; 4005,794;  215,977; 5864,260;67,09681
1028,69; 3927,948;  182,823; 5754,875;67,21267
1029,24; 3883,410;  192,054; 5702,260;66,99125
1029,78; 3813,563;  197,669; 5573,337;67,26410
1030,33; 3744,717;  186,669; 5471,413;67,32678
1030,87; 3746,179;  206,669; 5435,260;67,69529
1031,42; 3664,410;  196,208; 5321,952;67,66241
1031,96; 3638,948;  210,977; 5266,721;67,80349
1032,51; 3563,256;  196,515; 5181,029;67,54401
1033,05; 3560,487;  223,823; 5123,183;68,10407
1033,60; 3469,256;  176,285; 5016,413;68,03478
1034,14; 3435,871;  207,438; 4937,798;68,24920
1034,69; 3398,948;  207,977; 4890,952;68,13983
1035,23; 3352,794;  214,669; 4825,644;68,05773
1035,77; 3316,948;  208,823; 4753,567;68,38944
1036,32; 3251,871;  182,515; 4679,183;68,25846
1036,86; 3240,563;  208,823; 4631,029;68,55720
1037,41; 3159,563;  225,900; 4570,106;67,53049
1037,95; 3101,948;  197,285; 4478,875;67,84076
1038,50; 3097,256;  206,208; 4419,413;68,61872
1039,04; 3098,871;  229,823; 4396,106;68,86350
1039,58; 3018,948;  191,977; 4271,952;69,28893
1040,13; 2988,256;  205,900; 4232,644;69,09691
1040,67; 3007,256;  231,515; 4220,952;69,57725
1041,21; 2945,410;  240,362; 4134,490;69,46478
1041,76; 2876,717;  191,054; 4041,798;69,74401
1042,30; 2855,563;  210,131; 4005,567;69,70035
1042,85; 2800,179;  202,285; 3944,952;69,41291
1043,39; 2756,256;  182,977; 3902,567;69,18178
1043,93; 2755,333;  230,592; 3840,952;69,93044
1044,48; 2721,410;  218,131; 3782,029;70,23991
1045,02; 2672,102;  205,592; 3719,337;70,19605
1045,56; 2655,102;  227,592; 3712,721;69,65337
1046,11; 2618,640;  217,054; 3637,952;70,20339
1046,65; 2576,487;  222,285; 3593,260;69,83742
1047,19; 2528,025;  203,131; 3541,952;69,63219
1047,74; 2486,948;  196,438; 3461,106;70,16058
1048,28; 2472,025;  217,900; 3456,183;69,60865
1048,82; 2469,333;  232,746; 3444,875;69,62942
1049,37; 2454,948;  214,131; 3353,260;71,38341
1049,91; 2409,948;  210,592; 3303,337;71,11341
1050,45; 2388,256;  233,823; 3275,260;70,83602
1050,99; 2332,410;  223,592; 3208,875;70,64046
1051,54; 2288,563;  200,054; 3155,490;70,66670
1052,08; 2284,871;  233,823; 3143,798;70,48336
1052,62; 2262,717;  228,746; 3106,183;70,68692
1053,16; 2178,179;  202,515; 3023,413;70,03668
1053,71; 2190,794;  218,208; 2998,490;70,94914
1054,25; 2155,871;  229,669; 2944,260;70,95737
1054,79; 2142,333;  224,208; 2919,337;71,17007
1055,33; 2072,948;  200,208; 2847,183;70,75021
1055,88; 2104,102;  217,208; 2836,875;72,02801
1056,42; 2057,256;  237,054; 2800,260;71,01271
1056,96; 2053,410;  222,438; 2756,413;72,25688
1057,50; 2002,102;  224,977; 2719,875;71,23036
1058,05; 1975,871;  211,515; 2668,337;71,81458
1058,59; 1975,487;  236,669; 2644,798;72,20616
1059,13; 1922,025;  207,208; 2565,798;72,70518
1059,67; 1922,794;  228,592; 2571,875;72,30036
1060,21; 1873,256;  213,438; 2509,644;72,28522
1060,76; 1870,871;  221,131; 2466,567;73,47081
1061,30; 1844,487;  252,285; 2455,183;72,27760
1061,84; 1815,179;  222,362; 2384,798;73,65845
1062,38; 1777,102;  204,592; 2356,798;73,06502
1062,92; 1802,871;  261,438; 2380,798;72,73106
1063,46; 1759,410;  242,054; 2309,490;73,39310
1064,01; 1726,025;  219,977; 2266,490;73,59092
1064,55; 1720,179;  236,362; 2241,875;73,98690
1065,09; 1675,179;  195,515; 2187,413;74,28410
1065,63; 1711,025;  237,438; 2210,337;74,69147
1066,17; 1668,256;  246,746; 2165,106;74,10027
1066,71; 1671,871;  245,977; 2155,260;74,68220
1067,25; 1615,102;  211,977; 2073,567;75,37238
1067,80; 1612,410;  233,977; 2083,337;74,53568
1068,34; 1615,410;  256,823; 2076,721;74,65179
1068,88; 1566,333;  225,285; 2010,721;75,11037
1069,42; 1570,179;  246,669; 2016,644;74,77561
1069,96; 1525,410;  218,900; 1972,798;74,49176
1070,50; 1563,794;  253,900; 1974,490;76,13051
1071,04; 1492,563;  219,592; 1929,106;74,46394
1071,58; 1485,102;  221,054; 1891,952;75,65082
1072,12; 1442,871;  225,054; 1878,337;73,66056
1072,66; 1458,717;  219,438; 1877,798;74,72920
1073,21; 1441,256;  251,208; 1844,644;74,68437
1073,75; 1418,102;  235,977; 1817,567;74,74280
1074,29; 1401,487;  231,592; 1802,798;74,45837
1074,83; 1416,717;  248,362; 1780,183;76,27234
1075,37; 1374,102;  234,900; 1765,567;74,42518
1075,91; 1395,102;  239,669; 1729,644;77,54712
1076,45; 1358,410;  234,438; 1726,875;75,31115
1076,99; 1313,948;  239,131; 1711,875;72,98058
1077,53; 1299,487;  224,669; 1659,798;74,89344
1078,07; 1299,948;  237,438; 1644,413;75,51731
1078,61; 1276,102;  235,054; 1618,721;75,23832
1079,15; 1260,410;  228,054; 1603,183;75,07338
1079,69; 1253,717;  227,669; 1595,106;75,03442
1080,23; 1254,640;  247,592; 1583,106;75,40531
1080,77; 1267,256;  272,669; 1589,413;75,53377
1081,31; 1223,025;  232,362; 1519,106;76,98993
1081,85; 1230,948;  245,592; 1513,413;77,72041
1082,39; 1189,948;  228,592; 1497,413;75,76763
1082,93; 1184,256;  231,977; 1490,106;75,69009
1083,47; 1161,410;  219,362; 1442,952;76,99048
1084,01; 1188,794;  242,823; 1471,644;76,98200
1084,55; 1142,948;  219,823; 1425,567;76,56060
1085,09; 1147,871;  251,362; 1429,721;76,08116
1085,63; 1124,333;  232,131; 1402,721;76,21811
1086,17; 1106,179;  233,669; 1392,798;75,27288
1086,71; 1092,871;  223,592; 1361,029;76,42438
1087,24; 1113,563;  259,977; 1383,490;75,97475
1087,78; 1101,179;  244,515; 1349,875;77,50088
1088,32; 1052,640;  219,285; 1303,106;76,89052
1088,86; 1077,102;  245,592; 1337,952;76,12050
1089,40; 1055,025;  232,362; 1287,183;77,99080
1089,94; 1016,640;  205,900; 1253,952;77,35689
1090,48; 1032,179;  235,131; 1276,798;76,51657
1091,02; 1024,640;  236,592; 1268,567;76,36310
1091,56;  993,640;  230,977; 1226,183;76,63375
1092,10;  973,948;  213,131; 1219,260;75,61828
1092,63;  997,179;  253,515; 1241,721;75,25391
1093,17;  962,410;  243,746; 1199,337;75,20623
1093,71;  954,025;  233,977; 1161,952;77,59348
1094,25;  968,563;  241,592; 1181,337;77,35841
1094,79;  942,794;  233,746; 1151,260;77,27931
1095,33;  930,025;  223,285; 1132,260;77,75136
1095,87;  918,410;  236,977; 1114,183;77,68219
1096,40;  884,871;  208,438; 1093,413;76,43523
1096,94;  898,948;  231,977; 1091,644;77,58480
1097,48;  906,794;  235,900; 1093,644;78,21612
1098,02;  880,025;  231,823; 1077,952;76,60795
1098,56;  844,256;  200,054; 1020,490;78,51941
1099,10;  848,794;  204,746; 1029,798;78,06152
1099,63;  848,256;  217,746; 1026,567;77,95415
1100,17;  855,794;  236,131; 1015,875;79,47009
1100,71;  862,179;  251,131; 1039,337;77,52393

