
Integration time [ms]: 120,000
Averaging Nr. [scans]: 13
Smoothing Nr. [pixels]: 0
Data measured with spectrometer [name]: 2009305U1
Wave   ;Sample   ;Dark     ;Reference;Reflectance
[nm]   ;[counts] ;[counts] ;[counts] ;[%]

 175,72;  201,393;  199,518;  205,981;29,00274
 176,32;  236,029;  235,362;  226,141; 0,00000
 176,92;  256,984;  264,672;  255,813; 0,00000
 177,52;  260,447;  260,133;  263,188;10,27052
 178,12;  231,636;  235,439;  231,925; 0,00000
 178,72;  261,129;  269,824;  265,876; 0,00000
 179,32;  259,401;  259,901;  247,398; 0,00000
 179,92;  245,562;  264,363;  260,441; 0,00000
 180,52;  245,776;  243,596;  252,958;23,27989
 181,12;  261,057;  261,363;  255,139; 0,00000
 181,73;  278,465;  278,056;  280,473;16,93260
 182,33;  346,238;  359,211;  363,131;-330,91288
 182,93;  271,086;  269,133;  263,218; 0,00000
 183,53;  251,637;  244,977;  224,560; 0,00000
 184,13;  231,936;  243,285;  243,186; 0,00000
 184,73;  280,237;  281,361;  281,519; 0,00000
 185,33;  267,745;  241,811;  350,096;23,94965
 185,93;  269,865;  236,887;  350,276;29,08389
 186,53;  288,628;  255,349;  397,500;23,41130
 187,13;  306,490;  281,504;  410,432;19,37929
 187,73;  271,787;  240,195;  377,965;22,93120
 188,33;  269,355;  239,425;  379,925;21,30282
 188,93;  262,485;  259,114;  378,575; 2,82126
 189,53;  267,919;  247,574;  393,291;13,96228
 190,13;  313,640;  286,417;  410,850;21,87777
 190,73;  250,679;  225,188;  368,258;17,81729
 191,34;  286,466;  264,806;  409,091;15,01224
 191,94;  268,727;  241,424;  369,356;21,34221
 192,54;  274,276;  254,967;  403,294;13,01755
 193,14;  288,058;  261,504;  400,530;19,09980
 193,74;  289,311;  269,427;  406,261;14,53136
 194,34;  286,950;  255,120;  381,121;25,26205
 194,94;  250,159;  232,581;  361,482;13,63647
 195,54;  229,954;  204,811;  347,753;17,58975
 196,14;  256,355;  224,966;  367,380;22,04024
 196,74;  254,369;  225,965;  358,085;21,49918
 197,34;  229,386;  205,121;  349,296;16,82983
 197,94;  258,107;  224,197;  376,887;22,20880
 198,54;  267,572;  241,428;  396,253;16,88639
 199,14;  238,840;  214,506;  391,913;13,71614
 199,74;  230,123;  200,891;  385,499;15,83488
 200,34;  219,802;  201,968;  389,215; 9,52414
 200,94;  264,705;  237,583;  443,894;13,14628
 201,54;  251,427;  222,814;  437,207;13,34614
 202,14;  284,198;  242,507;  486,104;17,11471
 202,74;  258,747;  221,660;  489,715;13,83557
 203,34;  234,121;  204,508;  482,473;10,65367
 203,94;  214,540;  168,199;  490,341;14,38504
 204,54;  294,102;  249,351;  563,434;14,24811
 205,14;  259,442;  209,583;  598,632;12,81551
 205,74;  293,708;  248,508;  683,994;10,37920
 206,34;  262,593;  211,276;  698,391;10,53491
 206,94;  271,554;  219,507;  751,398; 9,78541
 207,54;  247,602;  187,353;  776,761;10,22187
 208,14;  269,344;  214,122;  853,273; 8,63977
 208,74;  275,835;  214,276;  947,002; 8,40140
 209,34;  260,025;  210,583; 1013,233; 6,15981
 209,94;  290,137;  225,660; 1098,165; 7,38981
 210,54;  286,396;  209,969; 1216,471; 7,59332
 211,14;  301,415;  213,506; 1337,916; 7,81824
 211,73;  302,048;  218,814; 1401,352; 7,03863
 212,33;  321,729;  219,352; 1532,000; 7,79927
 212,93;  313,190;  208,506; 1616,061; 7,43731
 213,53;  290,272;  182,199; 1690,511; 7,16521
 214,13;  312,549;  203,200; 1789,528; 6,89318
 214,73;  300,275;  194,045; 1787,335; 6,66730
 215,33;  284,906;  171,891; 1828,703; 6,82123
 215,93;  325,037;  202,661; 1948,030; 7,01144
 216,53;  279,533;  160,583; 1998,147; 6,47323
 217,13;  343,589;  213,507; 2243,775; 6,40713
 217,73;  343,681;  192,585; 2400,124; 6,84457
 218,33;  326,431;  149,201; 2569,913; 7,32143
 218,93;  372,444;  191,818; 2873,389; 6,73585
 219,53;  401,792;  189,431; 3175,652; 7,11135
 220,13;  377,170;  167,893; 3464,196; 6,34884
 220,73;  429,089;  180,814; 3839,028; 6,78677
 221,32;  460,527;  193,891; 4216,156; 6,62901
 221,92;  487,844;  199,816; 4639,081; 6,48819
 222,52;  517,981;  170,892; 5079,216; 7,07142
 223,12;  562,062;  180,892; 5476,665; 7,19763
 223,72;  584,039;  195,815; 5856,713; 6,85798
 224,32;  632,455;  198,123; 6240,724; 7,18782
 224,92;  652,428;  181,277; 6553,854; 7,39341
 225,52;  705,377;  210,738; 6883,291; 7,41304
 226,12;  722,831;  193,892; 7165,293; 7,58727
 226,72;  725,478;  172,276; 7526,693; 7,52204
 227,31;  757,298;  157,661; 7872,515; 7,77250
 227,91;  835,022;  208,584; 8321,158; 7,72182
 228,51;  885,123;  186,275; 8653,130; 8,25393
 229,11;  926,179;  191,738; 9054,678; 8,28665
 229,71;  953,726;  188,045; 9390,067; 8,32080
 230,31; 1039,729;  179,277; 9756,860; 8,98402
 230,91; 1064,186;  153,890;10006,323; 9,23930
 231,51; 1125,501;  172,892;10386,639; 9,32673
 232,10; 1181,996;  167,355;10696,167; 9,63681
 232,70; 1244,258;  185,120;10857,044; 9,92453
 233,30; 1331,493;  211,738;11192,042;10,19785
 233,90; 1353,852;  178,661;11306,710;10,56061
 234,50; 1409,257;  184,123;11422,358;10,90148
 235,10; 1455,351;  175,277;11497,393;11,30596
 235,70; 1532,263;  197,430;11552,599;11,75529
 236,29; 1579,870;  197,122;11539,011;12,19151
 236,89; 1580,385;  161,352;11432,385;12,59009
 237,49; 1665,202;  192,430;11407,474;13,13211
 238,09; 1663,901;  186,045;11159,853;13,46712
 238,69; 1691,715;  224,120;10905,582;13,73965
 239,29; 1677,406;  177,430;10632,847;14,34640
 239,89; 1681,257;  190,813;10329,101;14,70114
 240,48; 1630,105;  190,584; 9930,137;14,78016
 241,08; 1652,759;  184,045; 9570,759;15,64673
 241,68; 1639,328;  202,122; 9247,075;15,88959
 242,28; 1590,579;  170,507; 8887,258;16,29129
 242,88; 1620,986;  226,201; 8667,114;16,52411
 243,48; 1606,918;  212,969; 8313,811;17,20747
 244,07; 1559,611;  201,507; 8094,904;17,20557
 244,67; 1552,142;  201,123; 7919,137;17,50475
 245,27; 1533,048;  206,352; 7768,736;17,54336
 245,87; 1529,414;  216,431; 7699,724;17,54552
 246,47; 1520,305;  196,352; 7648,837;17,76526
 247,06; 1506,777;  185,738; 7668,874;17,65355
 247,66; 1527,394;  179,892; 7742,480;17,81800
 248,26; 1567,865;  213,660; 7888,023;17,64582
 248,86; 1568,027;  211,045; 8057,470;17,29427
 249,46; 1567,217;  158,046; 8263,592;17,38527
 250,05; 1626,230;  197,738; 8617,658;16,96563
 250,65; 1650,014;  179,121; 8958,192;16,75454
 251,25; 1721,820;  178,584; 9379,330;16,77295
 251,85; 1790,371;  186,428;10002,258;16,34037
 252,44; 1838,424;  156,045;10613,594;16,08770
 253,04; 1951,858;  207,814;11357,952;15,64146
 253,64; 1977,275;  157,044;12047,059;15,30890
 254,24; 2109,408;  197,968;13011,072;14,91785
 254,84; 2186,140;  174,508;13973,284;14,57834
 255,43; 2321,620;  178,352;14911,662;14,54709
 256,03; 2408,818;  188,583;15888,971;14,14128
 256,63; 2484,974;  193,121;17020,977;13,61940
 257,23; 2541,323;  182,352;17831,122;13,36621
 257,82; 2645,347;  205,197;18861,091;13,07978
 258,42; 2645,595;  159,504;19716,526;12,71201
 259,02; 2768,407;  203,814;20653,546;12,54096
 259,62; 2792,814;  176,120;21349,710;12,35829
 260,21; 2819,052;  193,968;21915,106;12,08539
 260,81; 2801,648;  174,507;22495,737;11,76970
 261,41; 2807,263;  174,505;22922,186;11,57374
 262,01; 2838,963;  213,273;23442,495;11,30339
 262,60; 2801,477;  173,352;23778,968;11,13348
 263,20; 2832,290;  176,352;24150,947;11,07813
 263,80; 2832,590;  218,350;24331,166;10,84170
 264,40; 2785,536;  163,273;24458,116;10,79349
 264,99; 2773,969;  198,350;24683,024;10,51931
 265,59; 2743,835;  178,734;24839,470;10,40156
 266,19; 2706,873;  179,504;25004,137;10,18089
 266,78; 2753,085;  224,119;25181,188;10,13327
 267,38; 2691,847;  199,580;25148,978; 9,98929
 267,98; 2687,422;  184,503;25163,975;10,01990
 268,58; 2660,667;  190,349;25187,493; 9,88240
 269,17; 2637,405;  185,195;25197,113; 9,80417
 269,77; 2634,293;  203,197;25012,498; 9,79913
 270,37; 2548,595;  162,119;24906,542; 9,64450
 270,96; 2590,950;  229,505;24778,733; 9,61922
 271,56; 2543,332;  186,198;24556,184; 9,67228
 272,16; 2506,425;  182,658;24447,094; 9,57684
 272,75; 2502,775;  187,966;24280,085; 9,60816
 273,35; 2496,429;  194,274;24242,925; 9,57291
 273,95; 2486,289;  185,889;24172,363; 9,59041
 274,54; 2486,241;  188,968;24239,406; 9,55189
 275,14; 2545,599;  206,505;24548,815; 9,60917
 275,74; 2535,696;  159,889;24587,860; 9,72576
 276,33; 2631,869;  216,274;25044,732; 9,72913
 276,93; 2657,177;  193,969;25321,300; 9,80290
 277,53; 2726,615;  183,429;25917,289; 9,88264
 278,12; 2765,625;  167,198;26404,823; 9,90344
 278,72; 2905,289;  226,352;26931,328;10,03160
 279,32; 2941,348;  185,891;27449,443;10,10674
 279,91; 3057,258;  168,044;28219,319;10,29976
 280,51; 3181,784;  182,814;28791,103;10,48287
 281,11; 3317,232;  176,814;29584,988;10,67873
 281,70; 3349,635;  164,352;30052,107;10,65749
 282,30; 3487,870;  178,505;30562,954;10,89164
 282,90; 3616,138;  186,044;31103,033;11,09453
 283,49; 3766,636;  194,659;31616,049;11,36798
 284,09; 3906,734;  219,352;32099,219;11,56649
 284,69; 4009,486;  217,429;32400,091;11,78292
 285,28; 4172,142;  207,890;32759,557;12,17834
 285,88; 4340,308;  247,505;33084,328;12,46407
 286,47; 4412,393;  185,582;33140,986;12,82585
 287,07; 4596,141;  221,660;33222,781;13,25555
 287,67; 4767,226;  220,815;33291,580;13,74752
 288,26; 4898,523;  182,352;33306,941;14,23767
 288,86; 5091,466;  181,352;33266,216;14,84097
 289,46; 5328,056;  193,891;33492,029;15,41878
 290,05; 5589,382;  179,276;33465,590;16,25325
 290,65; 5863,258;  197,505;33676,720;16,92320
 291,24; 6140,172;  202,583;33825,792;17,65920
 291,84; 6400,127;  200,813;33985,131;18,34968
 292,44; 6692,976;  191,046;34151,077;19,14583
 293,03; 7082,621;  265,122;34266,281;20,05078
 293,63; 7307,650;  184,121;34337,087;20,85772
 294,22; 7556,091;  209,506;34520,577;21,41170
 294,82; 7797,090;  193,504;34525,314;22,14735
 295,41; 7950,789;  175,967;34273,568;22,80167
 296,01; 8182,789;  218,274;34136,677;23,48140
 296,61; 8313,645;  207,660;33934,079;24,03452
 297,20; 8362,038;  200,505;33598,485;24,43721
 297,80; 8510,689;  208,430;33397,972;25,01469
 298,39; 8513,141;  180,275;33020,027;25,37433
 298,99; 8597,284;  219,505;32903,756;25,63246
 299,58; 8697,473;  206,123;32727,936;26,10971
 300,18; 8721,425;  216,507;32490,581;26,35217
 300,78; 8754,339;  180,199;32187,916;26,78773
 301,37; 8819,819;  204,273;32093,637;27,01699
 301,97; 8884,491;  213,198;32113,006;27,18290
 302,56; 8905,555;  184,890;32027,664;27,38664
 303,16; 8923,222;  181,197;31951,874;27,51602
 303,75; 9020,001;  187,353;31915,049;27,83892
 304,35; 9175,150;  178,046;32178,952;28,11515
 304,94; 9197,738;  183,198;32233,281;28,12642
 305,54; 9241,604;  221,199;32162,541;28,24053
 306,13; 9196,192;  174,200;32077,636;28,27906
 306,73; 9191,475;  174,661;31831,619;28,48288
 307,33; 9242,171;  199,969;31795,693;28,61844
 307,92; 9255,724;  203,737;31894,996;28,56304
 308,52; 9429,872;  180,890;32230,037;28,85875
 309,11; 9587,681;  185,504;32853,435;28,78106
 309,71; 9646,131;  177,042;33115,929;28,74744
 310,30; 9792,682;  171,583;33312,852;29,03057
 310,90; 9955,528;  209,045;33675,082;29,12351
 311,49; 9986,305;  197,506;33789,299;29,14045
 312,09;10003,451;  163,276;34010,759;29,07210
 312,68;10193,272;  246,891;34458,742;29,07291
 313,28;10206,262;  167,737;34485,458;29,25173
 313,87;10234,499;  155,583;34580,142;29,27827
 314,47;10346,667;  193,351;34903,689;29,25156
 315,06;10376,405;  174,968;34973,171;29,31599
 315,66;10449,682;  171,738;35216,220;29,32828
 316,25;10379,906;  153,505;35138,581;29,23075
 316,85;10390,825;  144,891;35266,702;29,17257
 317,44;10459,505;  186,197;35345,322;29,21947
 318,04;10450,703;  153,967;35415,134;29,20135
 318,63;10389,565;  159,046;35475,284;28,96832
 319,22;10386,346;  179,659;35603,238;28,81326
 319,82;10440,371;  176,506;35598,409;28,97604
 320,41;10329,157;  193,967;35582,998;28,63936
 321,01;10330,945;  193,660;35662,851;28,58054
 321,60;10362,925;  188,967;35752,145;28,60812
 322,20;10299,817;  173,968;35804,348;28,41914
 322,79;10303,496;  215,275;35936,914;28,24120
 323,39;10225,631;  180,046;35894,455;28,12754
 323,98;10152,681;  170,737;35826,694;27,99516
 324,58;10129,885;  183,659;35741,626;27,97186
 325,17;10066,473;  178,890;35643,368;27,88024
 325,76; 9960,881;  210,891;35516,532;27,61596
 326,36; 9837,828;  183,584;35143,238;27,61539
 326,95; 9788,505;  191,967;34856,367;27,68413
 327,55; 9562,291;  178,121;34427,799;27,39929
 328,14; 9427,784;  169,045;34062,779;27,31696
 328,74; 9302,887;  206,736;33714,463;27,14643
 329,33; 9166,672;  204,430;33260,860;27,11195
 329,92; 8964,466;  171,274;32673,248;27,05433
 330,52; 8764,071;  189,969;32014,590;26,94173
 331,11; 8604,630;  181,967;31641,888;26,77268
 331,71; 8434,181;  194,121;31080,243;26,67884
 332,30; 8247,661;  205,583;30517,281;26,53127
 332,89; 8103,603;  248,506;30044,845;26,36262
 333,49; 7905,749;  188,429;29498,033;26,33035
 334,08; 7720,740;  185,352;29070,826;26,08712
 334,68; 7568,318;  195,659;28514,746;26,03424
 335,27; 7474,234;  198,123;28243,027;25,94451
 335,86; 7382,015;  246,813;27980,734;25,72735
 336,46; 7246,942;  191,815;27710,995;25,63713
 337,05; 7147,758;  180,736;27521,557;25,48212
 337,65; 7019,331;  173,275;27398,258;25,14623
 338,24; 7075,103;  236,352;27387,005;25,18816
 338,83; 7004,951;  215,352;27283,615;25,08325
 339,43; 6913,921;  173,274;27253,472;24,89143
 340,02; 6850,017;  188,736;27181,898;24,67766
 340,61; 6860,469;  185,814;27225,967;24,68424
 341,21; 6818,656;  211,428;27196,847;24,48444
 341,80; 6789,559;  189,044;27090,572;24,53584
 342,40; 6754,073;  197,199;27238,814;24,24735
 342,99; 6789,142;  186,199;27367,076;24,29260
 343,58; 6786,749;  188,891;27517,244;24,14290
 344,18; 6776,536;  211,199;27651,898;23,92555
 344,77; 6806,362;  180,043;28024,285;23,79781
 345,36; 6850,967;  170,506;28311,059;23,73962
 345,96; 6900,852;  213,276;28500,960;23,64130
 346,55; 6935,800;  176,277;28737,654;23,66666
 347,14; 6956,882;  177,738;29163,196;23,38809
 347,74; 7033,354;  162,816;29600,140;23,33955
 348,33; 7166,460;  185,970;30224,469;23,23848
 348,92; 7213,063;  198,663;30811,556;22,91322
 349,52; 7303,661;  161,047;31366,060;22,88931
 350,11; 7351,267;  187,351;31655,401;22,76568
 350,70; 7316,891;  181,506;31760,585;22,59529
 351,29; 7268,135;  168,811;31496,472;22,66152
 351,89; 7197,437;  202,581;31459,231;22,37878
 352,48; 7192,621;  163,506;31481,665;22,44421
 353,07; 7170,545;  196,353;31394,406;22,35457
 353,67; 7113,786;  206,432;31327,799;22,19489
 354,26; 7022,895;  199,507;31169,708;22,03211
 354,85; 6942,480;  200,738;30989,469;21,89679
 355,45; 6920,745;  170,429;30827,279;22,01895
 356,04; 6853,871;  187,969;30732,752;21,82337
 356,63; 6782,367;  220,121;30526,411;21,65308
 357,22; 6721,171;  195,350;30393,007;21,61036
 357,82; 6676,703;  189,350;30256,012;21,57656
 358,41; 6620,544;  208,660;30090,130;21,45773
 359,00; 6540,165;  174,197;29853,753;21,44900
 359,60; 6511,320;  195,429;29873,416;21,28140
 360,19; 6453,634;  207,815;29590,760;21,25661
 360,78; 6404,151;  199,506;29504,619;21,17257
 361,37; 6380,050;  188,429;29270,743;21,28999
 361,97; 6315,463;  196,429;29221,604;21,08181
 362,56; 6230,509;  180,966;28881,611;21,07807
 363,15; 6201,416;  239,967;28680,782;20,96089
 363,74; 6072,964;  194,658;28292,479;20,92086
 364,34; 5982,176;  202,351;27900,963;20,86684
 364,93; 5863,233;  183,659;27432,242;20,84356
 365,52; 5722,400;  155,198;27149,349;20,62373
 366,11; 5708,640;  185,351;26818,418;20,73846
 366,71; 5621,730;  179,197;26385,084;20,76836
 367,30; 5569,171;  186,736;26015,728;20,83873
 367,89; 5505,645;  227,430;25792,448;20,64624
 368,48; 5410,377;  202,120;25397,266;20,67167
 369,07; 5315,814;  211,352;25043,585;20,55579
 369,67; 5235,692;  216,274;24757,555;20,45296
 370,26; 5181,612;  180,275;24446,911;20,60993
 370,85; 5124,079;  191,198;24211,222;20,53654
 371,44; 5063,229;  198,044;24029,840;20,41468
 372,03; 5008,882;  175,274;23713,859;20,53483
 372,63; 4909,418;  160,660;23410,234;20,42514
 373,22; 4891,361;  184,660;23100,648;20,53894
 373,81; 4804,450;  168,967;22790,787;20,49120
 374,40; 4744,336;  186,045;22556,906;20,37602
 374,99; 4731,273;  180,890;22295,223;20,57662
 375,59; 4632,241;  177,122;22022,330;20,39403
 376,18; 4648,700;  215,659;21844,521;20,49595
 376,77; 4652,542;  203,275;21647,136;20,74844
 377,36; 4618,577;  214,429;21601,302;20,59277
 377,95; 4554,836;  207,967;21265,640;20,64269
 378,55; 4532,329;  184,045;21142,389;20,74727
 379,14; 4538,026;  206,659;20992,867;20,83769
 379,73; 4516,788;  206,736;20931,581;20,79655
 380,32; 4530,168;  204,737;21038,885;20,76126
 380,91; 4500,830;  178,505;20751,280;21,00993
 381,50; 4540,331;  206,274;20820,428;21,02466
 382,10; 4502,168;  178,737;20667,192;21,10179
 382,69; 4462,832;  170,967;20681,255;20,92543
 383,28; 4512,800;  215,351;20598,487;21,08335
 383,87; 4469,466;  180,736;20409,463;21,20119
 384,46; 4497,130;  174,504;20400,003;21,37216
 385,05; 4518,395;  218,813;20403,685;21,30101
 385,64; 4523,948;  185,274;20372,649;21,49201
 386,24; 4488,485;  167,196;20295,909;21,46828
 386,83; 4595,388;  204,119;20302,492;21,84888
 387,42; 4619,823;  209,813;20441,744;21,79728
 388,01; 4684,494;  180,965;20699,682;21,94840
 388,60; 4767,612;  191,504;20887,574;22,11100
 389,19; 4823,573;  174,964;21113,167;22,20157
 389,78; 4887,126;  190,656;21354,207;22,19131
 390,37; 5062,421;  236,965;21869,971;22,30599
 390,96; 5102,239;  195,966;22007,018;22,49444
 391,56; 5143,898;  179,656;22145,833;22,59948
 392,15; 5219,112;  180,964;22389,615;22,68552
 392,74; 5265,455;  155,962;22543,599;22,82283
 393,33; 5372,081;  187,425;22893,238;22,83405
 393,92; 5547,707;  191,346;23385,266;23,09382
 394,51; 5582,450;  179,194;23543,656;23,12596
 395,10; 5706,622;  217,959;23813,485;23,26146
 395,69; 5749,077;  203,036;23823,183;23,48013
 396,28; 5820,448;  195,343;24015,931;23,61447
 396,87; 5860,399;  202,726;24081,304;23,69351
 397,46; 5912,107;  205,032;24179,303;23,80500
 398,06; 6004,206;  217,569;24445,759;23,88390
 398,65; 6072,913;  197,719;24492,664;24,18278
 399,24; 6203,449;  212,795;24704,071;24,46036
 399,83; 6142,378;  188,021;24625,116;24,36606
 400,42; 6280,317;  234,477;24842,510;24,56856
 401,01; 6313,122;  201,241;24932,269;24,71341
 401,60; 6404,014;  213,156;24983,054;24,99347
 402,19; 6436,255;  224,612;24885,873;25,18786
 402,78; 6468,775;  231,141;24859,831;25,32670
 403,37; 6469,746;  215,824;24735,412;25,50582
 403,96; 6462,859;  207,044;24598,670;25,64739
 404,55; 6502,347;  211,186;24481,590;25,92112
 405,14; 6464,465;  207,868;24322,686;25,94503
 405,73; 6454,821;  211,240;24332,812;25,88381
 406,32; 6528,340;  219,770;24169,286;26,34111
 406,91; 6494,730;  215,145;23957,738;26,44861
 407,50; 6485,797;  207,371;23770,569;26,64505
 408,09; 6426,423;  191,291;23494,401;26,75665
 408,68; 6433,123;  204,442;23311,370;26,95590
 409,27; 6463,556;  193,676;23167,657;27,29122
 409,86; 6421,474;  193,222;23026,640;27,27691
 410,45; 6475,040;  230,767;22985,816;27,44127
 411,04; 6507,514;  227,466;22860,020;27,74785
 411,63; 6444,154;  220,397;22598,919;27,81130
 412,22; 6426,377;  222,405;22354,136;28,03202
 412,81; 6405,573;  232,484;22116,140;28,20867
 413,40; 6374,650;  239,565;21741,903;28,53218
 413,99; 6356,792;  278,641;21524,876;28,60813
 414,58; 6213,179;  201,488;21073,854;28,80216
 415,17; 6180,088;  209,715;20829,803;28,95416
 415,76; 6169,539;  204,405;20677,125;29,13699
 416,35; 6124,860;  186,098;20494,601;29,24273
 416,94; 6252,322;  229,867;20461,621;29,76734
 417,53; 6300,678;  205,023;20729,078;29,70005
 418,12; 6408,219;  202,101;20798,517;30,13203
 418,71; 6574,527;  217,488;21118,069;30,41561
 419,30; 6651,428;  217,870;21248,478;30,59140
 419,89; 6700,810;  194,102;21406,545;30,67402
 420,48; 6846,286;  225,411;21729,859;30,78840
 421,07; 6899,167;  221,566;21756,082;31,00883
 421,66; 6960,967;  186,106;21882,674;31,22550
 422,25; 6996,157;  202,801;21834,145;31,40515
 422,84; 7022,809;  225,955;21784,363;31,52763
 423,43; 6922,411;  208,954;21599,345;31,38539
 424,02; 6978,600;  233,647;21236,568;32,11436
 424,60; 6814,841;  209,497;20935,846;31,86931
 425,19; 6825,461;  212,418;20636,190;32,37914
 425,78; 6771,754;  227,649;20452,905;32,35611
 426,37; 6773,152;  230,420;20351,693;32,51649
 426,96; 6794,205;  213,496;20244,355;32,85285
 427,55; 6775,301;  211,345;20114,500;32,97947
 428,14; 6724,085;  205,269;19907,679;33,08639
 428,73; 6703,792;  211,036;19662,767;33,37881
 429,32; 6773,461;  226,189;19635,081;33,73336
 429,91; 6792,208;  247,267;19612,702;33,79702
 430,50; 6742,976;  230,037;19500,141;33,79815
 431,08; 6766,717;  231,731;19308,556;34,25615
 431,67; 6782,878;  265,039;19226,519;34,37410
 432,26; 6771,765;  275,194;18972,029;34,74690
 432,85; 6689,825;  299,117;18670,071;34,78702
 433,44; 6607,843;  302,272;18374,078;34,89176
 434,03; 6519,557;  310,966;17945,373;35,20726
 434,62; 6346,580;  286,042;17513,832;35,17885
 435,21; 6322,989;  302,963;17325,893;35,36421
 435,79; 6314,311;  289,043;17156,422;35,72142
 436,38; 6301,086;  265,352;17040,134;35,98100
 436,97; 6281,730;  275,660;16951,918;36,01569
 437,56; 6234,560;  269,586;16737,730;36,22129
 438,15; 6247,440;  257,047;16627,831;36,59198
 438,74; 6297,585;  280,662;16671,997;36,70795
 439,33; 6321,038;  257,893;16665,485;36,95329
 439,91; 6342,226;  216,971;16745,539;37,05860
 440,50; 6362,542;  278,356;16826,598;36,76636
 441,09; 6474,557;  263,203;16918,761;37,29298
 441,68; 6526,768;  249,590;16891,992;37,71798
 442,27; 6516,561;  234,435;16926,268;37,63592
 442,86; 6501,791;  207,592;16938,724;37,61969
 443,44; 6600,468;  229,515;16973,926;38,04824
 444,03; 6669,539;  298,362;17030,688;38,07706
 444,62; 6616,372;  229,208;16809,869;38,52177
 445,21; 6592,886;  238,438;16725,775;38,54138
 445,80; 6599,011;  275,286;16613,094;38,70608
 446,39; 6538,697;  306,671;16375,961;38,78221
 446,97; 6417,900;  217,827;16160,963;38,88867
 447,56; 6336,533;  227,444;15950,120;38,85528
 448,15; 6325,757;  238,134;15745,712;39,25580
 448,74; 6238,141;  245,211;15485,709;39,32240
 449,33; 6239,516;  237,212;15383,470;39,62895
 449,91; 6148,434;  223,214;15109,973;39,80195
 450,50; 6054,412;  219,983;14895,257;39,75686
 451,09; 6080,682;  249,137;14756,482;40,19719
 451,68; 6057,432;  249,215;14677,424;40,25598
 452,26; 6051,981;  253,447;14596,076;40,42867
 452,85; 5997,502;  230,446;14474,891;40,48635
 453,44; 6029,880;  253,910;14479,460;40,60279
 454,03; 6005,756;  221,986;14478,667;40,56884
 454,61; 6034,057;  215,449;14396,333;41,03135
 455,20; 6161,247;  260,296;14612,547;41,11516
 455,79; 6146,672;  254,910;14619,887;41,01477
 456,38; 6273,340;  256,759;14679,944;41,71465
 456,97; 6307,252;  245,835;14724,439;41,86465
 457,55; 6310,327;  233,221;14704,263;41,99495
 458,14; 6302,091;  259,912;14764,999;41,65559
 458,73; 6270,120;  246,221;14639,289;41,85278
 459,31; 6297,055;  270,607;14734,150;41,66647
 459,90; 6374,570;  279,914;14742,755;42,14010
 460,49; 6474,299;  326,221;14857,540;42,30915
 461,08; 6490,779;  249,069;14994,915;42,32860
 461,66; 6536,538;  254,222;15018,878;42,54969
 462,25; 6602,217;  252,301;15094,177;42,78378
 462,84; 6640,341;  274,685;15186,634;42,68829
 463,43; 6615,149;  220,379;15144,195;42,84943
 464,01; 6657,141;  238,611;15144,655;43,05992
 464,60; 6689,372;  298,687;15027,226;43,38981
 465,19; 6558,513;  221,534;14816,054;43,42026
 465,77; 6550,985;  259,535;14808,860;43,24221
 466,36; 6547,932;  264,918;14715,630;43,47892
 466,95; 6394,687;  249,226;14380,192;43,48932
 467,53; 6291,655;  238,767;14067,267;43,77111
 468,12; 6212,169;  282,459;13804,695;43,85154
 468,71; 6092,871;  244,381;13615,950;43,73825
 469,29; 6009,797;  236,152;13341,050;44,05715
 469,88; 5911,529;  241,153;13051,877;44,26273
 470,47; 5984,547;  308,693;13174,114;44,11713
 471,06; 5987,770;  264,154;13182,129;44,30737
 471,64; 6051,848;  263,846;13203,597;44,73040
 472,23; 6027,848;  232,849;13254,145;44,50401
 472,81; 6119,256;  235,771;13320,592;44,96420
 473,40; 6177,723;  243,618;13489,778;44,79868
 473,99; 6338,288;  346,695;13670,571;44,96884
 474,57; 6347,577;  240,541;13843,379;44,89531
 475,16; 6454,197;  257,848;13975,857;45,16945
 475,75; 6517,960;  282,619;14126,126;45,04163
 476,33; 6576,693;  278,697;14186,402;45,28422
 476,92; 6595,738;  273,465;14294,896;45,09007
 477,51; 6665,587;  270,389;14305,166;45,56679
 478,09; 6700,024;  276,466;14379,136;45,54852
 478,68; 6645,781;  279,313;14282,766;45,46356
 479,27; 6669,093;  282,927;14293,167;45,58213
 479,85; 6676,495;  256,389;14301,263;45,71138
 480,44; 6701,527;  253,159;14413,724;45,53751
 481,02; 7342,738;  271,622;15705,124;45,81667
 481,61; 8347,162;  282,006;17784,057;46,08120
 482,20; 8945,343;  278,699;19087,299;46,07809
 482,78; 9358,515;  302,620;19889,907;46,23353
 483,37; 9633,470;  281,777;20496,240;46,26239
 483,95; 9817,641;  308,854;20742,275;46,53546
 484,54; 9898,677;  327,390;20974,954;46,35553
 485,13; 9844,663;  291,779;20987,663;46,15838
 485,71; 9732,214;  255,701;20708,572;46,33341
 486,30; 9673,574;  301,547;20441,773;46,53387
 486,88; 9487,889;  358,702;20068,137;46,31887
 487,47; 9175,895;  327,010;19393,654;46,41029
 488,05; 8728,710;  308,318;18513,703;46,25221
 488,64; 8151,393;  307,242;17181,772;46,48515
 489,23; 7349,587;  318,395;15370,558;46,71217
 489,81; 6290,082;  299,549;13084,560;46,85590
 490,40; 5908,916;  266,319;12391,193;46,53737
 490,98; 5806,227;  266,165;12068,713;46,93954
 491,57; 5769,955;  275,934;11934,972;47,12242
 492,15; 5724,905;  263,089;11917,736;46,86385
 492,74; 5713,216;  276,010;11823,996;47,08359
 493,32; 5628,196;  293,319;11715,855;46,70484
 493,91; 5607,516;  263,551;11573,270;47,25109
 494,50; 5585,378;  272,476;11565,728;47,04493
 495,08; 5514,654;  263,014;11497,640;46,74513
 495,67; 5545,877;  287,089;11500,167;46,89871
 496,25; 5478,496;  236,782;11360,825;47,12059
 496,84; 5505,398;  236,550;11319,206;47,54138
 497,42; 5463,097;  239,629;11300,152;47,22623
 498,01; 5473,580;  260,858;11207,066;47,62125
 498,59; 5394,043;  223,398;11161,410;47,27226
 499,18; 5387,370;  228,243;11155,560;47,21311
 499,76; 5400,101;  257,013;11119,230;47,34842
 500,35; 5280,421;  252,322;10882,860;47,29863
 500,93; 5228,259;  236,552;10852,522;47,02073
 501,52; 5207,208;  238,629;10777,850;47,14370
 502,10; 5246,110;  255,631;10763,001;47,49504
 502,69; 5124,742;  231,324;10561,029;47,37229
 503,27; 5029,678;  218,707;10399,589;47,25495
 503,86; 5025,557;  238,631;10309,559;47,53212
 504,44; 4953,058;  212,478;10225,387;47,34469
 505,03; 4841,995;  202,555;10014,052;47,28575
 505,61; 4795,991;  223,632; 9849,683;47,49984
 506,19; 4741,260;  236,555; 9685,138;47,67599
 506,78; 4608,631;  211,326; 9527,130;47,20264
 507,36; 4550,398;  229,017; 9350,709;47,37478
 507,95; 4489,568;  224,403; 9217,702;47,42602
 508,53; 4406,936;  224,557; 9089,213;47,18040
 509,12; 4367,900;  226,249; 8931,889;47,57434
 509,70; 4279,869;  251,634; 8738,711;47,46316
 510,29; 4210,554;  249,097; 8622,325;47,31099
 510,87; 4081,448;  212,787; 8439,266;47,02694
 511,46; 3997,428;  208,326; 8295,221;46,85485
 512,04; 3956,282;  210,711; 8141,418;47,22872
 512,62; 3915,789;  229,326; 7961,884;47,67456
 513,21; 3798,468;  204,866; 7817,032;47,20867
 513,79; 3759,385;  211,022; 7674,451;47,54334
 514,38; 3663,057;  206,637; 7525,973;47,22313
 514,96; 3638,792;  242,021; 7431,045;47,24941
 515,54; 3550,270;  211,329; 7310,384;47,03360
 516,13; 3531,882;  225,252; 7184,156;47,51654
 516,71; 3420,823;  229,869; 7057,329;46,73706
 517,30; 3378,077;  220,947; 6897,877;47,28416
 517,88; 3365,650;  234,408; 6861,348;47,25020
 518,46; 3269,444;  211,408; 6716,980;47,00641
 519,05; 3242,996;  217,563; 6675,169;46,85070
 519,63; 3226,732;  222,255; 6657,628;46,68692
 520,22; 3214,610;  231,641; 6573,454;47,03654
 520,80; 3143,169;  214,564; 6511,563;46,50795
 521,38; 3158,542;  252,563; 6480,151;46,66300
 521,97; 3117,644;  213,642; 6435,751;46,67231
 522,55; 3091,297;  223,180; 6441,369;46,12462
 523,13; 3095,968;  206,027; 6417,552;46,52547
 523,72; 3102,402;  205,255; 6379,451;46,92348
 524,30; 3138,504;  249,258; 6533,696;45,97462
 524,89; 3131,665;  210,026; 6568,322;45,95002
 525,47; 3199,124;  226,643; 6641,834;46,33503
 526,05; 3196,134;  203,874; 6700,272;46,06029
 526,64; 3266,902;  242,413; 6858,573;45,71366
 527,22; 3320,904;  223,258; 7021,968;45,56226
 527,80; 3406,435;  268,028; 7109,354;45,87425
 528,39; 3412,595;  220,106; 7211,560;45,66273
 528,97; 3509,744;  215,490; 7389,729;45,91782
 529,55; 3598,456;  232,411; 7570,114;45,87328
 530,14; 3679,296;  238,798; 7752,995;45,78664
 530,72; 3717,567;  225,105; 7873,931;45,66010
 531,30; 3763,317;  197,491; 7991,642;45,75002
 531,89; 3806,983;  221,029; 8119,311;45,40169
 532,47; 3886,183;  255,953; 8207,133;45,65650
 533,05; 3880,074;  244,028; 8296,845;45,15247
 533,63; 3902,310;  254,953; 8315,337;45,25041
 534,22; 3901,657;  210,876; 8347,564;45,35974
 534,80; 3968,587;  238,569; 8468,989;45,31990
 535,38; 4029,377;  326,260; 8541,133;45,07820
 535,97; 3954,878;  212,184; 8506,819;45,12187
 536,55; 3992,005;  268,031; 8565,379;44,88150
 537,13; 3985,235;  260,029; 8521,347;45,09215
 537,71; 4039,984;  300,106; 8509,237;45,55753
 538,30; 4036,332;  299,338; 8620,437;44,90986
 538,88; 4087,331;  329,186; 8669,555;45,05970
 539,46; 4183,701;  362,800; 8869,299;44,91743
 540,05; 4224,850;  369,801; 8958,680;44,88420
 540,63; 4301,558;  397,185; 9175,417;44,47790
 541,21; 4363,542;  413,186; 9347,510;44,21550
 541,79; 4458,362;  435,570; 9407,563;44,83721
 542,38; 4552,752;  464,031; 9632,417;44,59587
 542,96; 4556,192;  461,571; 9729,423;44,18090
 543,54; 4662,073;  486,801; 9969,913;44,02850
 544,12; 4722,091;  455,648;10121,794;44,13800
 544,70; 4707,812;  439,264;10217,026;43,65568
 545,29; 4815,203;  445,570;10377,976;43,99370
 545,87; 4808,670;  444,032;10385,410;43,90375
 546,45; 4783,864;  410,647;10464,118;43,49958
 547,03; 4805,138;  393,339;10550,404;43,43576
 547,62; 4866,958;  375,571;10688,599;43,55062
 548,20; 4903,261;  380,033;10912,672;42,94487
 548,78; 4946,803;  351,265;11016,695;43,08816
 549,36; 5011,586;  345,419;11270,825;42,70932
 549,94; 5046,769;  311,725;11367,356;42,82926
 550,53; 5150,964;  320,803;11656,693;42,60945
 551,11; 5190,223;  284,189;11804,768;42,58496
 551,69; 5291,865;  296,034;12239,192;41,83006
 552,27; 5429,591;  258,034;12408,679;42,56200
 552,85; 5564,708;  266,573;12842,182;42,13025
 553,44; 5667,798;  265,650;13170,710;41,86070
 554,02; 5824,113;  283,573;13537,535;41,80289
 554,60; 5945,461;  244,035;13881,442;41,80726
 555,18; 6098,405;  265,265;14261,494;41,67651
 555,76; 6211,126;  243,265;14651,278;41,42043
 556,34; 6385,262;  262,882;15078,900;41,32271
 556,93; 6530,384;  246,650;15487,766;41,22883
 557,51; 6656,264;  234,421;15820,586;41,20220
 558,09; 6810,960;  253,650;16241,307;41,01482
 558,67; 6985,044;  255,575;16662,934;41,01495
 559,25; 7047,202;  256,113;16923,473;40,74484
 559,83; 7220,830;  248,345;17287,196;40,92110
 560,41; 7333,093;  238,113;17697,397;40,63729
 561,00; 7454,840;  248,267;17976,727;40,64974
 561,58; 7568,884;  239,882;18260,971;40,66903
 562,16; 7664,955;  214,727;18550,688;40,63178
 562,74; 7764,845;  211,804;18942,301;40,32483
 563,32; 7893,854;  206,422;19456,226;39,93512
 563,90; 8073,058;  239,652;19859,523;39,92588
 564,48; 8215,617;  245,959;20211,741;39,91658
 565,06; 8427,512;  230,575;20848,925;39,75554
 565,65; 8649,386;  246,038;21575,985;39,39695
 566,23; 8948,957;  282,806;22280,339;39,39601
 566,81; 9197,996;  234,113;23076,041;39,24311
 567,39; 9563,805;  229,268;23956,779;39,34057
 567,97; 9784,942;  255,421;24626,991;39,10097
 568,55;10112,364;  276,575;25383,747;39,17521
 569,13;10366,651;  236,344;26182,641;39,04336
 569,71;10648,594;  235,650;27155,641;38,68108
 570,29;11043,087;  269,111;28159,745;38,62937
 570,87;11362,160;  261,958;28915,745;38,73904
 571,45;11548,169;  251,498;29677,070;38,39066
 572,03;11657,433;  206,730;30062,595;38,35328
 572,61;11921,221;  217,268;30844,726;38,21392
 573,20;12175,601;  238,651;31500,373;38,18392
 573,78;12357,175;  229,037;32265,199;37,85765
 574,36;12565,070;  241,960;32674,877;37,99569
 574,94;12751,907;  298,269;33117,719;37,94591
 575,52;12743,611;  221,808;33285,282;37,87201
 576,10;12967,504;  270,192;33954,584;37,69494
 576,68;13117,855;  255,961;34455,752;37,60811
 577,26;13334,386;  286,578;35125,949;37,45133
 577,84;13544,242;  278,114;35750,839;37,39811
 578,42;13587,171;  305,730;36046,106;37,16089
 579,00;13565,035;  263,729;36137,327;37,07826
 579,58;13612,281;  306,730;36466,663;36,79639
 580,16;13560,759;  266,731;36492,925;36,69728
 580,74;13592,098;  261,500;36604,014;36,68045
 581,32;13530,726;  254,576;36772,461;36,35520
 581,90;13486,539;  287,346;36711,135;36,23784
 582,48;13494,542;  266,346;36856,745;36,15210
 583,06;13510,681;  267,115;36991,168;36,06238
 583,64;13439,958;  270,038;37175,311;35,68574
 584,22;13332,074;  272,885;36911,580;35,64316
 584,80;13228,097;  271,423;36779,331;35,49005
 585,38;13023,373;  291,574;36295,293;35,36246
 585,96;12941,007;  248,960;36479,300;35,03154
 586,54;12926,266;  271,501;36543,586;34,88844
 587,12;12912,790;  236,039;36652,010;34,81097
 587,70;12963,116;  281,268;36838,157;34,69072
 588,28;12914,583;  255,192;36809,271;34,63195
 588,86;12914,150;  269,270;37015,439;34,41142
 589,44;12843,190;  237,809;37082,173;34,21251
 590,02;12884,387;  258,117;37309,325;34,07789
 590,59;12861,815;  230,962;37535,796;33,85849
 591,17;12930,614;  253,580;37691,138;33,86181
 591,75;12892,925;  233,579;37752,767;33,74099
 592,33;12920,993;  257,040;38122,563;33,44455
 592,91;12919,915;  208,657;38384,160;33,29690
 593,49;13007,106;  230,196;38738,454;33,17966
 594,07;13025,348;  241,811;38989,972;32,99134
 594,65;12996,952;  253,347;38951,749;32,93057
 595,23;13099,602;  246,347;39372,588;32,85073
 595,81;13096,827;  225,732;39464,363;32,80210
 596,39;13035,678;  227,579;39631,043;32,50501
 596,97;13037,581;  236,810;39968,136;32,21833
 597,55;12974,715;  217,039;39804,985;32,22616
 598,12;12908,177;  205,657;39712,844;32,15243
 598,70;12863,967;  210,195;39947,280;31,84374
 599,28;12887,930;  232,503;40025,354;31,80327
 599,86;12901,297;  228,734;40177,316;31,72218
 600,44;12787,574;  187,503;40233,907;31,46368
 601,02;12796,114;  251,659;40291,712;31,32977
 601,60;12686,145;  230,887;40290,018;31,09218
 602,18;12596,095;  204,811;40246,779;30,94574
 602,75;12569,949;  207,040;40464,428;30,70967
 603,33;12526,187;  221,657;40410,378;30,61688
 603,91;12475,952;  203,889;40392,973;30,53581
 604,49;12474,537;  223,426;40508,677;30,41091
 605,07;12377,564;  235,425;40506,643;30,15091
 605,65;12336,775;  229,042;40638,502;29,96262
 606,23;12388,601;  256,270;40743,383;29,96591
 606,80;12310,846;  281,809;40694,481;29,76551
 607,38;12344,645;  275,581;40721,208;29,84022
 607,96;12291,010;  315,194;40840,768;29,55126
 608,54;12241,133;  343,734;40823,478;29,39099
 609,12;12217,039;  339,732;41010,401;29,20362
 609,70;12139,806;  354,272;41013,145;28,98638
 610,27;12107,310;  355,424;41031,632;28,89130
 610,85;12072,828;  372,810;41154,257;28,68956
 611,43;11958,416;  363,195;41044,461;28,50261
 612,01;11824,300;  331,579;40777,022;28,41537
 612,59;11713,331;  348,118;40851,248;28,06009
 613,16;11687,177;  314,347;40740,450;28,13239
 613,74;11579,535;  313,888;40668,298;27,91677
 614,32;11509,700;  300,580;40728,649;27,72608
 614,90;11325,078;  283,272;40534,071;27,43251
 615,48;11163,190;  262,270;40168,266;27,31649
 616,05;11123,117;  245,193;40270,267;27,17777
 616,63;11000,890;  257,193;40041,729;27,00471
 617,21;10915,759;  260,655;39969,197;26,83328
 617,79;10828,038;  254,963;39889,090;26,67669
 618,36;10768,538;  255,733;39852,696;26,54952
 618,94;10540,953;  199,732;39450,275;26,34670
 619,52;10475,783;  234,347;39225,631;26,26596
 620,10;10438,951;  214,194;39159,807;26,25394
 620,67;10313,237;  227,962;39086,726;25,95367
 621,25;10207,286;  254,348;38941,507;25,72672
 621,83;10175,582;  223,963;38853,710;25,76154
 622,41;10132,449;  275,655;38867,745;25,54097
 622,98;10026,516;  238,885;38525,939;25,56381
 623,56; 9963,981;  241,654;38564,936;25,36924
 624,14; 9853,345;  229,964;38483,686;25,15672
 624,72; 9794,990;  227,963;38272,047;25,14721
 625,29; 9776,713;  221,577;38372,010;25,04594
 625,87; 9749,142;  264,194;38316,729;24,92593
 626,45; 9606,738;  210,269;38173,274;24,75165
 627,02; 9563,852;  222,733;38124,921;24,64533
 627,60; 9460,661;  212,119;38051,348;24,44168
 628,18; 9408,885;  193,578;38215,170;24,23704
 628,76; 9381,009;  202,270;38154,258;24,18513
 629,33; 9338,678;  235,424;38130,370;24,02234
 629,91; 9254,259;  216,963;38130,191;23,83679
 630,49; 9265,281;  242,039;38242,169;23,74529
 631,06; 9253,900;  225,424;38517,782;23,57775
 631,64; 9181,154;  224,885;38382,286;23,47191
 632,22; 9068,355;  189,807;38260,281;23,32135
 632,79; 9118,856;  225,961;38501,355;23,23397
 633,37; 9070,764;  200,194;38667,323;23,06013
 633,95; 9056,568;  214,884;38701,691;22,97328
 634,52; 9042,309;  219,886;38814,565;22,85917
 635,10; 8968,713;  215,194;38842,209;22,66165
 635,68; 9016,214;  218,653;39056,639;22,65195
 636,25; 8960,260;  205,960;39107,874;22,50352
 636,83; 8909,471;  196,116;39226,104;22,32477
 637,41; 8828,663;  203,038;39189,361;22,12475
 637,98; 8893,581;  229,115;39453,604;22,08943
 638,56; 8822,322;  224,191;39606,679;21,83237
 639,13; 8787,474;  208,423;39676,563;21,73665
 639,71; 8809,428;  263,116;39857,187;21,58483
 640,29; 8642,052;  180,039;39589,299;21,47214
 640,86; 8673,591;  206,501;39809,515;21,37991
 641,44; 8603,745;  205,654;39799,730;21,21047
 642,02; 8596,437;  223,116;39787,638;21,16371
 642,59; 8532,514;  198,578;39948,931;20,96569
 643,17; 8518,745;  205,270;39907,685;20,93947
 643,74; 8480,207;  191,501;39966,978;20,83873
 644,32; 8437,438;  221,578;39964,193;20,67267
 644,89; 8379,053;  220,501;39872,409;20,57543
 645,47; 8319,438;  236,501;40041,471;20,30635
 646,05; 8232,284;  219,732;39875,917;20,20505
 646,62; 8176,207;  205,039;39845,979;20,10842
 647,20; 8110,746;  214,809;40029,271;19,83183
 647,77; 8036,746;  182,809;39751,641;19,84880
 648,35; 7984,592;  186,963;39697,780;19,73543
 648,92; 8002,746;  212,193;39813,534;19,67245
 649,50; 7873,977;  186,270;39727,211;19,44240
 650,08; 7859,515;  182,040;39694,657;19,43044
 650,65; 7777,054;  198,347;39860,873;19,10798
 651,23; 7896,285;  173,732;40500,550;19,14992
 651,80; 8007,208;  172,886;41610,381;18,90636
 652,38; 8063,746;  191,348;41968,443;18,84382
 652,95; 8143,746;  166,578;42345,735;18,91258
 653,53; 8121,670;  192,809;42627,720;18,68476
 654,10; 8127,977;  226,809;42768,244;18,57288
 654,68; 8037,901;  179,502;42595,305;18,52705
 655,25; 7989,439;  188,963;42707,906;18,34588
 655,83; 7968,978;  181,886;42875,506;18,23947
 656,40; 7942,901;  210,348;42816,875;18,14875
 656,98; 7913,055;  195,732;42750,014;18,13524
 657,55; 7879,439;  182,886;42588,691;18,14976
 658,13; 7747,363;  185,117;42205,676;17,99654
 658,70; 7672,286;  197,348;42005,200;17,87927
 659,28; 7446,670;  200,348;41112,723;17,71181
 659,85; 7256,440;  209,194;40316,939;17,57079
 660,43; 7234,440;  207,348;40276,539;17,53739
 661,00; 7223,517;  187,271;40413,678;17,49161
 661,58; 7243,978;  187,348;40808,124;17,37197
 662,15; 7247,902;  175,579;40942,955;17,34800
 662,73; 7319,056;  251,194;41374,863;17,18685
 663,30; 7253,902;  191,041;41417,463;17,13188
 663,88; 7282,133;  197,733;41673,448;17,08084
 664,45; 7237,440;  185,887;41892,279;16,90761
 665,03; 7307,902;  185,118;42347,033;16,89388
 665,60; 7413,671;  260,041;42805,556;16,81406
 666,17; 7289,056;  192,656;42855,080;16,63384
 666,75; 7327,364;  182,810;43292,911;16,57281
 667,32; 7394,902;  202,733;43518,511;16,60404
 667,90; 7381,364;  192,118;43819,573;16,47872
 668,47; 7370,518;  206,118;44096,788;16,32329
 669,05; 7376,133;  179,733;44455,850;16,25346
 669,62; 7353,441;  163,964;44581,451;16,18614
 670,19; 7362,211;  165,733;44703,282;16,15822
 670,77; 7368,441;  185,810;44879,190;16,07091
 671,34; 7343,441;  176,964;44810,636;16,05621
 671,92; 7386,134;  161,426;45037,467;16,09925
 672,49; 7333,595;  201,426;45200,529;15,84958
 673,06; 7301,672;  148,118;45200,591;15,87827
 673,64; 7264,288;  171,811;45212,037;15,74698
 674,21; 7245,365;  163,041;45189,022;15,72942
 674,79; 7267,519;  192,657;45417,930;15,64360
 675,36; 7241,365;  202,195;45519,453;15,53309
 675,93; 7174,596;  171,965;45393,900;15,48503
 676,51; 7198,673;  188,580;45585,807;15,44168
 677,08; 7173,212;  185,118;45653,177;15,36924
 677,65; 7209,212;  194,503;45840,239;15,36772
 678,23; 7188,212;  187,657;46148,301;15,23163
 678,80; 7143,289;  174,426;46186,516;15,14572
 679,38; 7121,212;  176,888;46294,193;15,05796
 679,95; 7129,673;  186,042;46655,409;14,94238
 680,52; 7123,289;  174,350;46903,394;14,87071
 681,10; 7208,827;  191,580;47284,148;14,90097
 681,67; 7222,828;  183,580;47610,210;14,84239
 682,24; 7127,135;  166,580;47593,195;14,67647
 682,82; 7219,289;  174,965;48264,718;14,64829
 683,39; 7305,366;  219,119;48580,780;14,65261
 683,96; 7271,597;  190,965;48851,842;14,55098
 684,54; 7274,982;  160,888;49219,903;14,50109
 685,11; 7365,982;  218,042;49563,504;14,48551
 685,68; 7413,905;  183,734;50057,950;14,49681
 686,25; 7338,828;  168,196;50120,243;14,35503
 686,83; 7374,059;  175,119;50349,997;14,34770
 687,40; 7392,675;  167,273;50548,674;14,34141
 687,97; 7431,213;  213,581;51007,659;14,20959
 688,55; 7348,521;  177,042;51037,413;14,10033
 689,12; 7382,982;  157,581;51429,475;14,09232
 689,69; 7383,906;  158,581;51445,306;14,08810
 690,26; 7375,675;  160,350;51334,367;14,09959
 690,84; 7379,752;  179,504;51710,968;13,97253
 691,41; 7397,137;  187,120;51791,799;13,97163
 691,98; 7408,829;  186,966;52064,245;13,92105
 692,56; 7402,060;  175,889;52098,615;13,91716
 693,13; 7447,445;  214,197;52281,907;13,89200
 693,70; 7444,675;  194,658;52424,661;13,88094
 694,27; 7380,599;  163,658;52576,877;13,76931
 694,84; 7391,676;  152,812;52629,400;13,79446
 695,42; 7453,291;  216,889;52745,693;13,77606
 695,99; 7399,445;  178,735;53004,139;13,66901
 696,56; 7401,599;  168,197;52811,893;13,74030
 697,13; 7454,291;  194,505;53266,570;13,67911
 697,71; 7395,138;  159,658;53265,940;13,62453
 698,28; 7460,291;  173,197;53602,540;13,63875
 698,85; 7428,830;  140,966;53757,064;13,59268
 699,42; 7455,599;  148,120;53815,048;13,61635
 699,99; 7502,676;  183,812;53944,033;13,61390
 700,57; 7462,215;  176,582;54077,634;13,51668
 701,14; 7477,600;  163,120;54258,541;13,52144
 701,71; 7480,907;  180,428;54444,065;13,45372
 702,28; 7458,600;  157,274;54430,280;13,45296
 702,85; 7447,138;  173,274;54413,573;13,41044
 703,43; 7472,061;  184,351;54738,250;13,35873
 704,00; 7549,831;  200,813;55007,850;13,40889
 704,57; 7483,523;  177,505;54891,835;13,35302
 705,14; 7509,677;  186,813;55256,051;13,29756
 705,71; 7547,293;  197,967;55213,420;13,35866
 706,28; 7471,985;  164,274;55080,021;13,30713
 706,86; 7520,908;  192,967;55373,544;13,27993
 707,43; 7518,524;  215,351;55289,990;13,26050
 708,00; 7538,678;  184,044;55402,591;13,31914
 708,57; 7448,831;  162,890;55298,806;13,21451
 709,14; 7500,755;  187,813;55353,253;13,25638
 709,71; 7489,755;  178,505;55484,084;13,21973
 710,28; 7522,062;  169,813;55724,376;13,23429
 710,86; 7510,063;  176,967;55905,669;13,15856
 711,43; 7601,678;  209,659;55720,577;13,31633
 712,00; 7514,140;  177,659;55910,869;13,16357
 712,57; 7561,217;  205,352;56126,008;13,15411
 713,14; 7523,063;  182,352;56170,916;13,11109
 713,71; 7542,217;  193,583;56102,901;13,14385
 714,28; 7562,986;  185,660;56204,963;13,16926
 714,85; 7477,525;  180,044;55882,948;13,10072
 715,42; 7562,756;  182,583;56102,855;13,19767
 716,00; 7622,448;  256,506;56261,071;13,15240
 716,57; 7491,986;  191,506;56466,594;12,97285
 717,14; 7521,217;  178,660;56325,118;13,07751
 717,71; 7564,525;  165,660;56374,180;13,16325
 718,28; 7594,294;  220,660;56476,088;13,10742
 718,85; 7564,910;  170,429;56567,919;13,11137
 719,42; 7576,525;  198,891;56675,673;13,06313
 719,99; 7578,602;  162,891;56479,350;13,16793
 720,56; 7610,756;  206,968;56804,719;13,08142
 721,13; 7603,449;  174,506;56857,243;13,10618
 721,70; 7593,372;  166,737;56807,689;13,11178
 722,27; 7673,218;  205,199;56831,135;13,18834
 722,84; 7732,834;  249,968;56997,659;13,18620
 723,41; 7651,603;  180,968;56946,182;13,16059
 723,98; 7678,757;  177,583;57190,244;13,15703
 724,55; 7757,295;  211,660;57301,767;13,21706
 725,12; 7667,218;  143,430;57083,752;13,21346
 725,69; 7782,142;  172,199;57408,352;13,29569
 726,27; 7751,526;  183,430;57456,799;13,21399
 726,84; 7801,603;  187,968;57742,630;13,22853
 727,41; 7845,142;  199,814;57662,461;13,30486
 727,98; 7886,373;  197,891;58007,907;13,29957
 728,55; 7933,834;  221,738;57751,738;13,40535
 729,12; 7868,758;  172,199;58068,185;13,29377
 729,69; 7954,988;  208,507;58232,631;13,35045
 730,26; 7991,296;  194,661;58335,770;13,40985
 730,82; 7952,989;  176,815;58233,370;13,39414
 731,39; 8002,296;  186,199;58316,509;13,44582
 731,96; 8054,989;  163,199;58728,571;13,47518
 732,53; 8101,373;  188,969;58903,402;13,47608
 733,10; 8152,989;  210,815;58959,848;13,51882
 733,67; 8177,527;  189,584;59271,525;13,52011
 734,24; 8158,527;  171,969;58868,279;13,60658
 734,81; 8235,681;  204,661;58974,649;13,66517
 735,38; 8212,989;  179,738;58664,326;13,73567
 735,95; 8202,528;  172,200;58592,542;13,74577
 736,52; 8215,297;  203,892;58816,526;13,66839
 737,09; 8162,913;  202,277;58459,357;13,66467
 737,66; 8276,451;  251,200;58606,496;13,75240
 738,23; 8244,143;  188,123;58659,635;13,77768
 738,80; 8385,836;  245,277;59044,697;13,84462
 739,37; 8376,067;  213,123;59172,528;13,84502
 739,94; 8362,913;  190,815;59330,974;13,81819
 740,51; 8512,836;  297,969;59476,728;13,88145
 741,07; 8427,221;  186,354;59284,405;13,94440
 741,64; 8488,990;  220,046;59565,775;13,93351
 742,21; 8547,298;  184,123;59579,837;14,08043
 742,78; 8494,836;  161,662;59354,975;14,07790
 743,35; 8574,298;  197,508;59751,960;14,06577
 743,92; 8694,837;  215,354;59779,561;14,23587
 744,49; 8657,452;  212,816;59511,699;14,24080
 745,06; 8709,760;  182,123;59624,146;14,34614
 745,63; 8678,452;  187,200;59606,515;14,29039
 746,19; 8719,452;  184,200;59559,192;14,37516
 746,76; 8700,760;  187,893;59663,408;14,31323
 747,33; 8762,837;  181,047;59728,085;14,41178
 747,90; 8839,222;  214,585;59828,378;14,46752
 748,47; 8784,914;  200,201;59838,747;14,39457
 749,04; 8810,914;  203,508;59850,347;14,43062
 749,61; 8833,761;  224,201;59729,332;14,46860
 750,17; 8914,145;  207,893;59849,625;14,59758
 750,74; 8920,376;  203,739;59722,917;14,64509
 751,31; 8872,838;  181,124;59701,902;14,60282
 751,88; 8911,299;  159,124;59577,503;14,72974
 752,45; 8958,376;  191,278;59604,026;14,75626
 753,02; 9014,223;  210,509;59545,011;14,83743
 753,58; 9002,761;  187,816;59369,611;14,89469
 754,15; 9042,838;  176,432;59551,750;14,93282
 754,72; 8992,377;  180,432;59287,581;14,90842
 755,29; 8983,607;  166,509;59154,873;14,94718
 755,86; 9083,377;  212,201;59314,166;15,00995
 756,42; 9103,992;  215,663;59296,458;15,04436
 756,99; 9133,915;  170,355;59116,520;15,20635
 757,56; 9139,146;  195,663;59066,274;15,19176
 758,13; 9118,916;  157,970;58993,644;15,23046
 758,70; 9221,377;  187,201;59188,321;15,31187
 759,26; 9252,762;  179,586;59201,614;15,37253
 759,83; 9295,608;  195,509;59430,675;15,36266
 760,40; 9304,608;  188,663;59084,122;15,47818
 760,97; 9325,224;  179,663;59275,184;15,47590
 761,53; 9330,608;  167,201;58812,861;15,62504
 762,10; 9344,224;  166,201;58915,846;15,62226
 762,67; 9358,839;  198,894;58884,523;15,60850
 763,24; 9326,839;  155,586;58241,123;15,78922
 763,80; 9391,301;  189,048;58402,031;15,80791
 764,37; 9410,378;  188,432;58447,939;15,82908
 764,94; 9343,301;  175,048;58061,770;15,83827
 765,50; 9347,224;  167,971;57823,909;15,92074
 766,07; 9453,532;  196,356;57917,047;16,03788
 766,64; 9401,840;  179,894;57720,801;16,02676
 767,21; 9404,378;  171,279;57561,632;16,08824
 767,77; 9418,225;  186,048;57401,079;16,13593
 768,34; 9469,686;  188,971;57469,602;16,20219
 768,91; 9476,225;  196,279;57252,510;16,26456
 769,47; 9472,533;  192,894;57195,572;16,27930
 770,04; 9521,610;  197,587;57137,095;16,37531
 770,61; 9469,917;  169,817;56947,234;16,37993
 771,18; 9509,302;  179,587;56825,680;16,47018
 771,74; 9593,533;  186,510;56974,588;16,56514
 772,31; 9592,687;  191,048;56802,112;16,60742
 772,88; 9574,379;  166,048;56484,250;16,70567
 773,44; 9667,072;  163,279;56334,312;16,91938
 774,01; 9642,918;  190,587;56514,451;16,78211
 774,58; 9656,995;  173,202;56043,667;16,97461
 775,14; 9717,072;  158,741;56236,036;17,04492
 775,71; 9757,918;  158,818;56092,636;17,16153
 776,27; 9819,149;  221,433;55971,621;17,21558
 776,84; 9890,611;  261,664;56065,452;17,25501
 777,41; 9865,611;  186,972;55782,052;17,40916
 777,97; 9879,611;  170,126;55518,499;17,54249
 778,54; 9930,765;  196,049;55564,638;17,58166
 779,11; 9969,149;  212,203;55606,546;17,61362
 779,67; 9965,226;  172,510;55489,069;17,70305
 780,24; 9966,996;  191,049;55315,823;17,73422
 780,80;10056,380;  210,280;55285,962;17,87740
 781,37;10053,381;  199,280;55234,639;17,90504
 781,94;10066,688;  188,664;55080,239;17,99552
 782,50;10119,611;  197,049;54882,762;18,14471
 783,07;10143,919;  218,434;55023,517;18,11052
 783,63;10119,073;  185,588;54827,348;18,17929
 784,20;10169,996;  214,588;54685,486;18,27656
 784,77;10145,535;  196,434;54512,548;18,31703
 785,33;10197,304;  173,203;54287,148;18,52406
 785,90;10184,766;  194,126;54309,825;18,46163
 786,46;10219,381;  212,896;54273,657;18,50970
 787,03;10207,074;  192,357;54051,949;18,59412
 787,59;10222,997;  202,049;53844,857;18,68088
 788,16;10244,689;  210,203;53875,457;18,69829
 788,73;10296,997;  204,973;53621,365;18,89312
 789,29;10201,536;  194,434;53278,812;18,85131
 789,86;10320,228;  223,050;53234,643;19,04711
 790,42;10305,690;  199,280;53169,781;19,07932
 790,99;10257,305;  218,204;52714,843;19,12332
 791,55;10303,997;  202,434;52669,366;19,25320
 792,12;10357,690;  220,358;52797,274;19,28096
 792,68;10278,075;  205,434;52440,644;19,28324
 793,25;10314,075;  212,204;52258,090;19,40955
 793,81;10395,844;  276,742;51801,460;19,63932
 794,38;10257,613;  185,742;51643,675;19,57302
 794,94;10367,229;  198,435;51518,353;19,81452
 795,51;10306,767;  216,512;51178,568;19,79955
 796,07;10254,844;  210,742;50985,707;19,78160
 796,64;10348,614;  222,896;51111,000;19,89800
 797,20;10312,383;  209,666;50489,754;20,09288
 797,77;10268,460;  192,050;50172,508;20,16070
 798,33;10277,537;  205,050;50006,723;20,22520
 798,90;10327,306;  233,820;49946,862;20,30350
 799,46;10267,768;  196,666;49366,539;20,48226
 800,03;10224,922;  214,512;49327,678;20,38233
 800,59;10246,537;  221,435;49118,278;20,50255
 801,15;10190,614;  228,589;48872,032;20,47969
 801,72;10188,537;  216,666;48589,325;20,61469
 802,28;10145,768;  245,743;48199,464;20,64496
 802,85;10145,307;  217,974;48063,295;20,74881
 803,41;10110,922;  211,897;47932,126;20,74388
 803,98;10089,615;  213,820;47466,034;20,90017
 804,54;10078,230;  205,205;47166,018;21,02397
 805,11;10073,692;  230,435;46886,311;21,09757
 805,67;10067,384;  242,820;46872,911;21,06915
 806,23;10034,307;  210,666;46488,358;21,22760
 806,80;10063,307;  236,589;46389,035;21,29187
 807,36;10100,384;  235,897;46357,327;21,38808
 807,93;10096,077;  244,359;46071,851;21,49740
 808,49; 9996,461;  200,974;45694,605;21,53156
 809,05; 9960,231;  191,359;45433,051;21,59263
 809,62; 9999,615;  227,897;45430,959;21,61738
 810,18;10029,539;  227,282;45366,559;21,71558
 810,74;10031,231;  192,282;45030,698;21,94312
 811,31; 9981,770;  191,051;44885,606;21,90584
 811,87; 9999,000;  217,820;44667,283;22,00517
 812,44;10037,770;  244,974;44740,807;22,00834
 813,00; 9962,616;  178,974;44382,330;22,13326
 813,56;10079,078;  221,436;44369,007;22,32884
 814,13;10077,924;  216,436;44368,223;22,33542
 814,69;10082,078;  218,898;44091,285;22,48152
 815,25;10033,309;  195,051;43581,654;22,67580
 815,82;10071,078;  249,205;43575,947;22,66931
 816,38;10098,463;  257,128;43304,008;22,86190
 816,94;10024,540;  210,282;43016,609;22,92712
 817,51;10008,617;  202,052;42803,901;23,01911
 818,07; 9978,617;  201,129;42521,348;23,10359
 818,63; 9962,078;  224,821;42316,794;23,13329
 819,20; 9988,925;  213,359;42248,856;23,25550
 819,76; 9897,155;  195,975;41770,687;23,33433
 820,32; 9987,848;  255,206;41704,364;23,48092
 820,89; 9932,079;  241,437;41563,657;23,45141
 821,45; 9919,002;  216,052;41281,795;23,62784
 822,01; 9846,925;  231,667;40990,857;23,59040
 822,57; 9875,002;  232,744;40903,380;23,70816
 823,14; 9860,848;  202,744;40679,519;23,86085
 823,70; 9831,771;  205,744;40435,581;23,92758
 824,26; 9796,387;  204,514;40075,797;24,05710
 824,82; 9896,310;  237,591;40075,628;24,24497
 825,39; 9784,695;  212,668;39752,843;24,20836
 825,95; 9856,156;  228,668;39838,597;24,30575
 826,51; 9792,772;  223,283;39309,505;24,48302
 827,08; 9879,387;  256,822;39356,413;24,61040
 827,64; 9898,541;  228,668;39197,783;24,81420
 828,20; 9828,157;  205,206;38863,768;24,89216
 828,76; 9808,849;  244,668;38911,522;24,73483
 829,32; 9865,618;  257,668;38679,737;25,00633
 829,89; 9869,542;  194,206;38614,415;25,18293
 830,45; 9896,388;  236,591;38451,476;25,27758
 831,01; 9848,311;  211,745;38336,923;25,27612
 831,57; 9833,926;  219,283;38158,754;25,34206
 832,14; 9871,003;  210,053;38020,046;25,55132
 832,70; 9798,003;  212,976;37879,031;25,44739
 833,26; 9839,927;  196,207;37740,862;25,68600
 833,82; 9870,081;  220,822;37633,155;25,79165
 834,38; 9889,234;  209,514;37764,986;25,77446
 834,95; 9896,388;  204,514;37519,278;25,97330
 835,51; 9884,465;  184,053;37439,725;26,03741
 836,07; 9957,081;  224,207;37426,402;26,16210
 836,63;10007,235;  232,361;37442,695;26,26925
 837,19; 9985,850;  219,745;37242,833;26,37842
 837,75; 9919,697;  190,438;36916,895;26,49114
 838,32;10022,927;  243,053;37111,957;26,52608
 838,88;10065,697;  238,284;37127,634;26,64024
 839,44; 9999,081;  225,822;36945,773;26,61566
 840,00;10100,543;  225,669;36846,758;26,96499
 840,56;10008,389;  209,130;36567,204;26,95209
 841,12;10083,159;  196,900;36548,650;27,19610
 841,68;10056,082;  188,207;36380,251;27,26531
 842,25;10075,236;  208,977;36291,543;27,34356
 842,81;10054,390;  192,977;36154,374;27,42222
 843,37;10066,390;  188,515;36150,513;27,46754
 843,93;10079,697;  201,207;36025,036;27,57519
 844,49;10120,467;  226,207;36137,713;27,55178
 845,05;10054,390;  178,284;35894,621;27,65151
 845,61;10196,159;  226,284;35999,375;27,86976
 846,17;10124,698;  202,284;35814,053;27,86274
 846,73;10134,775;  218,208;35814,422;27,85849
 847,29;10137,313;  190,285;35599,792;28,09141
 847,86;10121,621;  208,746;35516,853;28,07535
 848,42;10085,775;  208,977;35335,223;28,11800
 848,98;10153,006;  214,131;35231,823;28,38244
 849,54;10180,852;  200,746;35310,270;28,42564
 850,10;10227,083;  216,823;35146,562;28,65827
 850,66;10167,160;  192,054;34906,239;28,73496
 851,22;10185,391;  192,823;34924,993;28,77035
 851,78;10214,391;  238,900;34916,286;28,76656
 852,34;10201,160;  226,439;34602,655;29,01634
 852,90;10188,160;  200,670;34558,948;29,06866
 853,46;10162,237;  197,516;34361,164;29,16762
 854,02;10217,314;  215,439;34376,995;29,27816
 854,58;10159,468;  211,054;34085,980;29,36808
 855,14;10167,468;  194,362;33975,657;29,52257
 855,70;10168,622;  176,285;33768,180;29,74627
 856,26;10156,084;  214,670;33746,011;29,64813
 856,82;10158,238;  199,670;33561,381;29,85029
 857,38;10199,469;  249,285;33491,827;29,93208
 857,94;10160,776;  215,208;33356,812;30,00931
 858,50;10154,930;  224,824;33198,951;30,11484
 859,06;10145,469;  197,439;32978,089;30,34726
 859,62;10114,777;  218,439;33044,536;30,14777
 860,18;10129,700;  208,901;32784,597;30,45460
 860,74;10092,315;  180,901;32683,967;30,49378
 861,30;10056,777;  187,516;32485,644;30,55676
 861,86;10147,931;  260,439;32498,860;30,66990
 862,42;10025,623;  212,132;32389,537;30,49808
 862,98;10112,393;  236,363;32394,445;30,71088
 863,54;10039,162;  211,593;32067,045;30,85051
 864,10;10116,316;  218,978;32083,722;31,06046
 864,66; 9995,393;  196,670;31894,092;30,91331
 865,22;10017,778;  213,978;31791,461;31,04680
 865,78;10017,085;  217,824;31635,754;31,19003
 866,34;10018,547;  198,363;31544,277;31,32843
 866,90;10009,470;  215,440;31285,262;31,52265
 867,45; 9976,086;  214,671;31155,939;31,54821
 868,01;10020,086;  212,825;31042,924;31,81067
 868,57; 9943,470;  195,440;30721,755;31,93320
 869,13; 9936,778;  202,671;30666,355;31,95315
 869,69; 9949,394;  199,286;30536,263;32,13935
 870,25; 9983,163;  188,055;30408,325;32,41238
 870,81; 9992,932;  208,056;30445,387;32,36025
 871,37; 9939,702;  223,825;30246,833;32,36144
 871,93; 9966,702;  225,517;30163,203;32,53820
 872,49; 9962,163;  249,286;29925,265;32,72976
 873,04; 9912,625;  195,286;29771,480;32,85527
 873,60; 9919,394;  201,979;29594,696;33,06062
 874,16; 9935,394;  221,363;29559,988;33,11004
 874,72; 9942,471;  196,440;29401,912;33,37057
 875,28; 9941,856;  216,671;29380,065;33,34723
 875,84; 9973,625;  214,671;29216,219;33,64977
 876,40; 9983,702;  208,671;29238,835;33,67198
 876,95; 9988,779;  221,671;29177,373;33,73121
 877,51;10059,317;  239,594;29213,373;33,89176
 878,07;10071,779;  250,517;29283,296;33,82818
 878,63;10072,625;  214,440;29220,065;33,98715
 879,19;10097,471;  222,363;29241,681;34,02943
 879,75;10191,702;  207,594;29190,219;34,44860
 880,30;10176,702;  203,210;29199,912;34,39526
 880,86;10325,163;  248,133;29432,527;34,52883
 881,42;10296,625;  200,287;29431,835;34,53918
 881,98;10381,087;  233,979;29378,912;34,81603
 882,54;10432,087;  211,363;29606,450;34,77018
 883,09;10577,471;  237,210;29676,758;35,12371
 883,65;10585,317;  209,594;29795,835;35,06942
 884,21;10703,933;  229,440;29967,065;35,22303
 884,77;10730,394;  212,902;30025,912;35,27820
 885,32;10831,779;  210,671;30193,296;35,42421
 885,88;10967,856;  244,748;30377,835;35,58583
 886,44;11027,471;  221,902;30386,142;35,82245
 887,00;11056,933;  238,517;30503,988;35,74508
 887,56;11203,779;  209,287;30704,912;36,05269
 888,11;11206,702;  209,287;30648,527;36,12907
 888,67;11338,471;  242,517;30835,219;36,26994
 889,23;11401,548;  218,517;30928,219;36,41530
 889,79;11352,010;  202,594;30729,296;36,52348
 890,34;11399,010;  221,210;30754,296;36,60881
 890,90;11505,856;  281,517;30890,988;36,66949
 891,46;11462,163;  205,825;30679,219;36,93825
 892,01;11559,163;  233,979;30735,373;37,13006
 892,57;11507,933;  253,210;30644,758;37,03241
 893,13;11447,702;  218,210;30446,988;37,14835
 893,69;11435,856;  210,363;30373,604;37,21580
 894,24;11466,702;  224,287;30239,604;37,45559
 894,80;11420,471;  213,517;30109,142;37,48694
 895,36;11424,240;  221,210;30048,296;37,55992
 895,91;11334,087;  219,748;29779,527;37,59953
 896,47;11415,087;  236,979;29709,988;37,92659
 897,03;11309,394;  218,440;29443,604;37,95001
 897,58;11288,779;  236,133;29302,065;38,02612
 898,14;11263,471;  227,440;29174,912;38,12433
 898,70;11160,317;  203,594;28849,450;38,24889
 899,25;11273,010;  225,363;28987,604;38,41024
 899,81;11229,933;  237,748;28822,758;38,45437
 900,37;11123,240;  202,594;28535,296;38,54432
 900,92;11139,702;  209,979;28650,450;38,43018
 901,48;11135,625;  215,517;28482,373;38,63220
 902,03;11082,240;  211,133;28227,988;38,80203
 902,59;11050,702;  217,594;28158,912;38,77093
 903,15;11048,625;  232,056;27999,835;38,95367
 903,70;10957,240;  217,979;27630,373;39,17666
 904,26;10937,702;  210,440;27684,142;39,04556
 904,82;10961,933;  223,363;27571,142;39,26670
 905,37;10904,625;  227,440;27406,373;39,28478
 905,93;10885,625;  216,671;27253,604;39,46067
 906,48;10882,471;  229,517;27207,604;39,48743
 907,04;10870,010;  236,671;27146,142;39,51523
 907,60;10840,087;  223,440;26957,912;39,71145
 908,15;10842,779;  209,594;26839,450;39,92956
 908,71;10858,471;  236,517;26807,142;39,97630
 909,26;10770,702;  220,748;26575,142;40,03110
 909,82;10807,933;  238,979;26534,527;40,19294
 910,37;10856,394;  267,671;26470,142;40,41116
 910,93;10699,702;  212,979;26135,219;40,45454
 911,48;10720,856;  217,517;25984,450;40,76286
 912,04;10737,548;  212,287;25916,296;40,94794
 912,60;10725,702;  230,363;25911,835;40,86736
 913,15;10694,856;  227,210;25700,219;41,09309
 913,71;10654,933;  212,671;25527,450;41,24967
 914,26;10669,471;  202,363;25406,219;41,52979
 914,82;10656,394;  218,363;25329,527;41,56729
 915,37;10621,933;  214,056;25250,065;41,57163
 915,93;10613,471;  268,363;25177,912;41,53069
 916,48;10601,471;  206,979;24964,758;41,98475
 917,04;10567,163;  240,056;24938,835;41,81222
 917,59;10568,010;  256,517;24861,835;41,90758
 918,15;10479,779;  192,210;24589,142;42,16747
 918,70;10527,625;  219,363;24643,988;42,20438
 919,26;10497,548;  233,210;24508,219;42,28356
 919,81;10425,394;  201,979;24297,065;42,42946
 920,37;10385,087;  216,825;24217,219;42,36706
 920,92;10432,010;  243,056;24069,604;42,76303
 921,48;10344,933;  193,902;23960,450;42,71142
 922,03;10386,548;  209,671;23813,835;43,11475
 922,59;10333,471;  210,363;23748,219;43,00777
 923,14;10341,163;  214,671;23597,296;43,30777
 923,69;10294,471;  244,210;23554,527;43,11508
 924,25;10364,548;  251,210;23517,835;43,46715
 924,80;10194,625;  225,517;23313,219;43,17930
 925,36;10230,317;  211,210;23139,758;43,69709
 925,91;10167,702;  211,594;23024,988;43,64150
 926,47;10197,779;  200,133;22951,450;43,94315
 927,02;10227,394;  274,210;22899,296;43,99181
 927,57;10165,471;  222,440;22758,296;44,12094
 928,13;10153,240;  212,440;22611,681;44,38008
 928,68;10144,471;  220,594;22504,450;44,53393
 929,24;10064,933;  192,748;22328,604;44,59816
 929,79;10032,087;  211,056;22224,835;44,61311
 930,34;10034,933;  224,133;22084,988;44,87839
 930,90;10015,087;  206,517;22037,912;44,92873
 931,45;10041,394;  232,671;22039,450;44,98016
 932,01;10008,856;  225,440;21865,604;45,20953
 932,56; 9976,856;  250,671;21721,527;45,29947
 933,11;10044,163;  245,210;21722,758;45,62417
 933,67; 9912,471;  210,825;21491,988;45,58795
 934,22; 9958,087;  228,056;21368,758;46,02511
 934,77; 9862,394;  259,440;21350,758;45,53037
 935,33; 9850,087;  225,671;21156,988;45,98093
 935,88; 9821,779;  237,287;21105,142;45,92945
 936,43; 9762,163;  211,440;20975,758;45,99584
 936,99; 9815,471;  230,210;20903,296;46,36589
 937,54; 9733,394;  217,594;20715,065;46,42426
 938,09; 9777,933;  227,287;20712,988;46,62103
 938,65; 9664,702;  235,979;20552,219;46,40978
 939,20; 9682,163;  205,133;20523,988;46,64156
 939,75; 9609,010;  203,594;20348,065;46,68981
 940,31; 9603,317;  205,363;20239,450;46,90982
 940,86; 9635,702;  224,979;20229,450;47,04310
 941,41; 9640,240;  305,210;20076,758;47,21447
 941,96; 9571,317;  214,287;19940,988;47,43333
 942,52; 9558,317;  212,902;19879,142;47,52009
 943,07; 9473,087;  194,671;19781,450;47,37081
 943,62; 9505,933;  215,748;19748,758;47,56146
 944,18; 9474,548;  199,287;19600,296;47,80814
 944,73; 9432,702;  221,517;19513,604;47,74592
 945,28; 9372,471;  182,671;19304,065;48,06030
 945,83; 9412,087;  210,287;19297,758;48,20859
 946,39; 9403,856;  212,594;19323,527;48,09426
 946,94; 9387,471;  240,363;19142,604;48,39166
 947,49; 9375,010;  218,671;19061,758;48,59256
 948,04; 9352,163;  248,594;19075,604;48,35377
 948,59; 9340,856;  239,056;18931,296;48,69293
 949,15; 9339,394;  200,671;18816,142;49,09209
 949,70; 9279,163;  217,979;18697,604;49,03338
 950,25; 9261,471;  230,287;18611,373;49,13303
 950,80; 9192,625;  183,902;18570,912;48,99504
 951,36; 9164,010;  190,748;18388,450;49,30986
 951,91; 9230,163;  229,825;18394,604;49,54830
 952,46; 9109,240;  208,440;18141,835;49,63255
 953,01; 9177,394;  224,440;18224,527;49,73839
 953,56; 9073,702;  202,979;18039,296;49,73405
 954,11; 9079,087;  231,825;18063,681;49,61492
 954,67; 9018,933;  214,210;17915,065;49,74179
 955,22; 8988,702;  187,902;17752,373;50,10569
 955,77; 8940,625;  250,517;17780,065;49,57405
 956,32; 8963,163;  265,748;17646,988;50,03909
 956,87; 8901,779;  208,363;17477,219;50,34158
 957,42; 8884,087;  218,440;17472,835;50,22284
 957,98; 8842,471;  206,210;17327,912;50,44044
 958,53; 8858,548;  241,979;17318,219;50,45940
 959,08; 8817,471;  205,363;17200,219;50,67479
 959,63; 8749,394;  205,902;17107,988;50,54697
 960,18; 8806,317;  233,517;17034,988;51,02410
 960,73; 8807,856;  222,210;16951,450;51,32120
 961,28; 8707,317;  195,979;16829,604;51,16947
 961,83; 8761,010;  246,440;16827,835;51,35014
 962,39; 8668,933;  203,825;16700,681;51,31346
 962,94; 8651,856;  231,979;16645,681;51,29785
 963,49; 8617,010;  216,902;16450,065;51,74658
 964,04; 8686,856;  230,440;16443,988;52,15648
 964,59; 8588,625;  183,902;16260,142;52,28040
 965,14; 8612,471;  233,671;16248,219;52,31993
 965,69; 8595,087;  214,825;16117,758;52,69633
 966,24; 8574,010;  201,210;16073,988;52,74943
 966,79; 8494,471;  232,056;15916,373;52,67947
 967,34; 8456,240;  194,594;15786,142;52,98798
 967,89; 8455,394;  204,979;15716,681;53,18833
 968,44; 8487,471;  216,748;15669,604;53,52230
 968,99; 8426,010;  233,056;15603,604;53,30294
 969,55; 8443,317;  214,979;15497,681;53,84086
 970,10; 8400,394;  229,979;15375,527;53,94599
 970,65; 8332,779;  234,825;15331,604;53,64028
 971,20; 8271,702;  208,287;15226,604;53,69054
 971,75; 8231,087;  203,671;14969,758;54,36387
 972,30; 8223,163;  224,748;14972,604;54,23443
 972,85; 8232,240;  211,440;14885,988;54,65790
 973,40; 8153,625;  206,210;14713,142;54,78357
 973,95; 8163,471;  228,902;14623,758;55,12087
 974,50; 8163,087;  240,671;14624,296;55,07941
 975,05; 8089,625;  225,363;14479,758;55,17079
 975,60; 8080,471;  234,440;14433,450;55,25759
 976,15; 8109,779;  222,440;14302,373;56,01830
 976,70; 8037,702;  227,748;14204,912;55,87653
 977,25; 8077,625;  230,902;14134,912;56,43497
 977,80; 7984,702;  210,979;14001,912;56,36836
 978,35; 7911,394;  227,748;13865,988;56,33898
 978,89; 7881,548;  197,902;13711,219;56,85981
 979,44; 7925,163;  228,210;13741,142;56,95991
 979,99; 7815,087;  215,287;13518,835;57,12611
 980,54; 7804,856;  244,363;13470,142;57,16482
 981,09; 7763,779;  243,825;13366,065;57,30694
 981,64; 7740,548;  232,748;13247,296;57,68775
 982,19; 7734,471;  260,748;13216,373;57,68709
 982,74; 7633,087;  232,979;13047,988;57,74563
 983,29; 7595,779;  208,979;12925,373;58,08879
 983,84; 7558,240;  228,902;12838,527;58,12495
 984,39; 7595,317;  288,517;12755,758;58,60800
 984,94; 7478,394;  195,748;12559,835;58,90161
 985,49; 7495,317;  246,517;12531,527;59,00524
 986,03; 7450,317;  240,287;12440,681;59,09670
 986,58; 7375,163;  272,133;12370,142;58,71239
 987,13; 7293,856;  230,210;12182,758;59,09741
 987,68; 7297,625;  249,363;12119,373;59,37873
 988,23; 7259,317;  246,210;12084,835;59,23921
 988,78; 7223,471;  221,287;11855,450;60,18640
 989,33; 7166,394;  243,671;11809,604;59,85443
 989,88; 7105,702;  240,210;11734,912;59,72745
 990,42; 7052,317;  219,979;11557,219;60,26456
 990,97; 6938,394;  221,440;11437,988;59,88432
 991,52; 6964,933;  249,517;11353,219;60,47907
 992,07; 6952,625;  264,594;11287,912;60,67167
 992,62; 6810,856;  237,363;11150,912;60,23240
 993,17; 6753,856;  236,825;11076,296;60,12314
 993,71; 6773,317;  248,363;10883,373;61,35353
 994,26; 6694,087;  212,671;10779,758;61,33588
 994,81; 6655,163;  252,056;10712,527;61,21242
 995,36; 6572,933;  218,979;10573,450;61,36435
 995,91; 6571,933;  233,056;10535,835;61,52590
 996,45; 6489,010;  230,287;10437,450;61,31697
 997,00; 6426,317;  214,748;10279,373;61,71685
 997,55; 6406,317;  240,056;10236,835;61,68248
 998,10; 6344,702;  261,748;10113,373;61,74569
 998,65; 6329,087;  232,210;10066,604;61,99545
 999,19; 6241,625;  253,517; 9876,758;62,22548
 999,74; 6207,010;  263,210; 9755,142;62,61949
1000,29; 6158,317;  244,671; 9692,835;62,59043
1000,84; 6086,856;  227,517; 9553,758;62,82637
1001,38; 6057,394;  232,594; 9501,912;62,83958
1001,93; 6023,163;  239,979; 9367,142;63,36234
1002,48; 5935,471;  215,902; 9230,835;63,44550
1003,03; 5928,625;  244,825; 9208,527;63,40907
1003,57; 5875,087;  244,825; 9076,296;63,75225
1004,12; 5855,240;  266,287; 9011,912;63,90571
1004,67; 5759,856;  230,979; 8868,450;64,01037
1005,22; 5706,010;  217,594; 8734,450;64,44180
1005,76; 5607,471;  211,902; 8600,373;64,32125
1006,31; 5595,240;  252,056; 8560,219;64,31246
1006,86; 5503,163;  213,825; 8418,527;64,46716
1007,40; 5434,856;  219,979; 8265,142;64,82002
1007,95; 5380,010;  238,671; 8192,988;64,63582
1008,50; 5300,471;  240,517; 8035,065;64,91658
1009,04; 5226,163;  230,979; 7920,527;64,96070
1009,59; 5143,471;  243,594; 7783,450;64,98635
1010,14; 5092,933;  220,210; 7685,604;65,27081
1010,68; 5026,163;  231,440; 7573,373;65,30601
1011,23; 4943,779;  232,363; 7443,142;65,33851
1011,78; 4930,317;  244,517; 7375,450;65,71090
1012,32; 4858,471;  249,979; 7286,988;65,48936
1012,87; 4853,702;  248,748; 7259,758;65,68175
1013,42; 4787,010;  213,979; 7087,065;66,53533
1013,96; 4805,933;  264,671; 7127,681;66,17012
1014,51; 4744,010;  195,287; 7025,681;66,59532
1015,06; 4756,010;  200,210; 6992,758;67,07056
1015,60; 4808,702;  272,210; 7098,835;66,45293
1016,15; 4781,779;  215,748; 6996,142;67,34167
1016,69; 4826,779;  237,825; 7089,296;66,97764
1017,24; 4840,625;  210,902; 7084,450;67,35565
1017,79; 4898,240;  267,594; 7169,988;67,08754
1018,33; 4913,087;  221,056; 7129,912;67,91328
1018,88; 4985,933;  252,979; 7186,219;68,26467
1019,42; 4973,394;  233,440; 7188,758;68,14864
1019,97; 4981,394;  217,517; 7168,758;68,53276
1020,51; 5069,317;  257,594; 7235,296;68,95856
1021,06; 5032,548;  218,979; 7216,604;68,78861
1021,61; 4994,702;  199,979; 7165,373;68,83635
1022,15; 4989,548;  190,594; 7159,912;68,85831
1022,70; 5013,087;  227,671; 7138,681;69,24336
1023,24; 4972,317;  209,517; 7075,835;69,36469
1023,79; 4950,010;  224,594; 7055,681;69,17517
1024,33; 4926,471;  232,056; 7005,296;69,30826
1024,88; 4897,010;  236,363; 6883,681;70,11319
1025,42; 4808,702;  220,825; 6794,988;69,78647
1025,97; 4745,779;  218,363; 6767,604;69,12886
1026,51; 4636,471;  199,440; 6598,219;69,34184
1027,06; 4657,163;  220,363; 6502,604;70,62449
1027,60; 4550,010;  236,902; 6403,758;69,94014
1028,15; 4493,933;  241,517; 6337,681;69,75560
1028,69; 4382,471;  181,902; 6204,527;69,74648
1029,24; 4371,625;  214,825; 6122,373;70,36422
1029,78; 4282,317;  211,517; 5996,758;70,36527
1030,33; 4179,856;  201,825; 5880,912;70,04702
1030,87; 4183,317;  219,440; 5843,758;70,47748
1031,42; 4070,856;  195,979; 5732,450;69,98821
1031,96; 4102,317;  234,133; 5689,604;70,90468
1032,51; 4001,394;  205,363; 5567,373;70,79493
1033,05; 3985,933;  221,363; 5523,373;71,00269
1033,60; 3901,317;  193,056; 5382,912;71,45211
1034,14; 3857,010;  203,748; 5340,604;71,11863
1034,69; 3799,933;  212,979; 5250,373;71,20653
1035,23; 3801,010;  226,594; 5199,065;71,88408
1035,77; 3744,317;  218,440; 5103,450;72,17748
1036,32; 3667,240;  200,363; 5051,065;71,47165
1036,86; 3658,702;  226,825; 4988,142;72,07831
1037,41; 3603,010;  228,210; 4882,373;72,51142
1037,95; 3548,240;  192,133; 4832,758;72,32017
1038,50; 3516,702;  210,287; 4739,912;72,99534
1039,04; 3512,317;  234,748; 4705,450;73,31218
1039,58; 3456,548;  203,748; 4651,065;73,14072
1040,13; 3418,087;  219,748; 4544,527;73,95380
1040,67; 3381,625;  252,440; 4587,604;72,18147
1041,21; 3351,010;  255,902; 4476,758;73,32891
1041,76; 3272,856;  212,594; 4353,373;73,90546
1042,30; 3260,163;  215,594; 4336,219;73,88610
1042,85; 3187,548;  217,671; 4229,681;74,02467
1043,39; 3142,087;  200,902; 4193,527;73,66544
1043,93; 3118,163;  233,363; 4149,142;73,67117
1044,48; 3079,471;  236,056; 4082,373;73,92566
1045,02; 3033,702;  219,979; 4031,988;73,81207
1045,56; 3007,010;  241,210; 3978,681;74,00191
1046,11; 2954,856;  230,363; 3933,373;73,57508
1046,65; 2915,087;  232,056; 3852,373;74,11038
1047,19; 2867,702;  209,363; 3800,758;74,01968
1047,74; 2809,471;  203,133; 3727,758;73,94655
1048,28; 2814,240;  226,902; 3697,604;74,54799
1048,82; 2804,010;  239,594; 3693,988;74,23633
1049,37; 2754,856;  232,517; 3607,988;74,72552
1049,91; 2712,702;  224,979; 3564,142;74,50139
1050,45; 2661,394;  233,594; 3510,988;74,07714
1050,99; 2652,087;  228,979; 3476,142;74,62229
1051,54; 2593,548;  217,133; 3382,142;75,08399
1052,08; 2595,856;  240,517; 3361,065;75,47836
1052,62; 2553,933;  237,517; 3319,681;75,15550
1053,16; 2506,010;  213,979; 3249,373;75,51015
1053,71; 2510,933;  227,440; 3259,450;75,31283
1054,25; 2444,240;  240,979; 3183,373;74,87989
1054,79; 2439,163;  235,748; 3155,219;75,47310
1055,33; 2345,087;  212,440; 3067,681;74,69235
1055,88; 2385,702;  228,056; 3054,912;76,32672
1056,42; 2360,087;  242,979; 3019,758;76,24330
1056,96; 2339,779;  245,517; 2969,835;76,87289
1057,50; 2281,625;  235,825; 2922,296;76,15194
1058,05; 2253,240;  222,440; 2846,835;77,38167
1058,59; 2241,087;  256,363; 2835,912;76,94073
1059,13; 2167,625;  215,517; 2788,988;75,85504
1059,67; 2165,087;  239,517; 2764,219;76,26917
1060,21; 2138,087;  230,825; 2715,835;76,75067
1060,76; 2126,471;  238,056; 2679,065;77,36206
1061,30; 2101,394;  255,517; 2665,758;76,58476
1061,84; 2035,394;  236,517; 2605,604;75,93125
1062,38; 2008,779;  215,671; 2521,296;77,77100
1062,92; 2044,317;  273,210; 2559,527;77,46552
1063,46; 1993,163;  241,210; 2487,988;77,97625
1064,01; 1927,548;  229,056; 2445,912;76,61718
1064,55; 1919,087;  244,363; 2407,835;77,40908
1065,09; 1881,087;  205,287; 2371,988;77,34336
1065,63; 1892,471;  262,748; 2384,219;76,82042
1066,17; 1881,394;  261,440; 2350,912;77,52937
1066,71; 1851,163;  259,287; 2303,835;77,85960
1067,25; 1791,548;  234,056; 2258,681;76,92745
1067,80; 1796,856;  251,363; 2254,912;77,13777
1068,34; 1791,548;  259,056; 2240,835;77,32913
1068,88; 1725,010;  237,517; 2170,604;76,94908
1069,42; 1763,625;  254,210; 2175,835;78,54890
1069,96; 1711,317;  234,210; 2094,604;79,39756
1070,50; 1715,317;  270,210; 2136,988;77,41183
1071,04; 1650,010;  227,825; 2040,065;78,47660
1071,58; 1649,856;  239,979; 2057,988;77,55058
1072,12; 1647,163;  242,133; 2009,912;79,48001
1072,66; 1634,087;  230,517; 2005,912;79,05676
1073,21; 1606,471;  256,133; 2007,527;77,10077
1073,75; 1609,010;  239,979; 1947,604;80,17163
1074,29; 1582,317;  244,210; 1943,142;78,76167
1074,83; 1584,317;  255,671; 1908,988;80,36244
1075,37; 1563,779;  259,133; 1896,373;79,68568
1075,91; 1538,471;  252,440; 1864,604;79,77049
1076,45; 1508,317;  249,287; 1846,450;78,82917
1076,99; 1477,933;  263,748; 1826,296;77,70542
1077,53; 1467,087;  233,979; 1774,912;80,02346
1078,07; 1463,240;  246,133; 1780,450;79,32568
1078,61; 1433,471;  239,363; 1753,219;78,87856
1079,15; 1430,625;  240,210; 1731,988;79,79838
1079,69; 1421,163;  245,440; 1711,527;80,19466
1080,23; 1424,087;  268,363; 1725,604;79,30902
1080,77; 1462,702;  295,902; 1714,681;82,23974
1081,31; 1375,394;  244,825; 1661,988;79,77691
1081,85; 1380,240;  256,979; 1641,296;81,14191
1082,39; 1350,010;  239,287; 1621,604;80,35225
1082,93; 1364,702;  255,594; 1588,988;83,17928
1083,47; 1309,779;  234,825; 1559,527;81,14685
1084,01; 1314,779;  257,748; 1575,527;80,21306
1084,55; 1295,471;  229,902; 1532,758;81,78720
1085,09; 1293,394;  265,979; 1529,835;81,29214
1085,63; 1278,471;  244,440; 1501,681;82,24607
1086,17; 1252,394;  236,287; 1490,758;80,99889
1086,71; 1257,702;  234,748; 1445,604;84,48189
1087,24; 1280,163;  262,979; 1476,450;83,82438
1087,78; 1256,779;  251,902; 1456,988;83,38629
1088,32; 1193,087;  226,056; 1402,988;82,16534
1088,86; 1228,779;  259,363; 1412,065;84,09940
1089,40; 1221,087;  238,594; 1387,219;85,53639
1089,94; 1166,625;  220,671; 1371,681;82,18470
1090,48; 1168,625;  260,210; 1351,527;83,24026
1091,02; 1170,010;  248,363; 1348,758;83,75600
1091,56; 1147,625;  246,825; 1323,988;83,62705
1092,10; 1120,163;  217,287; 1287,142;84,39240
1092,63; 1151,163;  261,671; 1327,450;83,45937
1093,17; 1132,394;  257,671; 1290,758;84,67084
1093,71; 1094,625;  223,825; 1271,681;83,10304
1094,25; 1100,240;  264,748; 1273,988;82,78427
1094,79; 1085,163;  242,287; 1229,912;85,34382
1095,33; 1085,087;  246,440; 1247,296;83,79291
1095,87; 1079,240;  237,979; 1220,219;85,64722
1096,40; 1023,856;  227,363; 1168,988;84,58700
1096,94; 1049,317;  234,517; 1187,219;85,52518
1097,48; 1030,779;  250,363; 1184,142;83,57604
1098,02; 1014,163;  239,287; 1160,296;84,13342
1098,56;  973,856;  217,517; 1120,527;83,75752
1099,10;  950,625;  217,133; 1101,988;82,89400
1099,63;  954,548;  227,594; 1097,604;83,55699
1100,17;  959,240;  245,902; 1125,219;81,12412
1100,71;  976,317;  268,979; 1131,450;82,01300

