
Integration time [ms]: 120,000
Averaging Nr. [scans]: 13
Smoothing Nr. [pixels]: 0
Data measured with spectrometer [name]: 2009305U1
Wave   ;Sample   ;Dark     ;Reference;Reflectance
[nm]   ;[counts] ;[counts] ;[counts] ;[%]

 175,72;  180,659;  180,833;  191,616;-1,61242
 176,32;  226,826;  215,990;  205,830; 0,00000
 176,92;  236,757;  229,834;  222,246; 0,00000
 177,52;  241,466;  236,526;  244,165;64,67099
 178,12;  215,851;  208,451;  206,206; 0,00000
 178,72;  246,888;  251,221;  231,626; 0,00000
 179,32;  240,278;  235,374;  241,551;79,40235
 179,92;  233,308;  226,296;  232,982;104,87203
 180,52;  228,444;  224,140;  232,362;52,35193
 181,12;  248,570;  239,758;  227,870; 0,00000
 181,73;  263,032;  252,681;  246,845; 0,00000
 182,33;  311,775;  287,141;  296,554;261,70127
 182,93;  250,660;  238,218;  239,049; 0,00000
 183,53;  230,874;  221,914;  211,552; 0,00000
 184,13;  220,552;  226,067;  208,020; 0,00000
 184,73;  252,386;  239,222;  244,662;241,99784
 185,33;  253,484;  220,544;  327,372;30,83404
 185,93;  258,958;  223,931;  342,281;29,59644
 186,53;  273,440;  224,930;  357,049;36,71678
 187,13;  289,190;  260,620;  391,758;21,78645
 187,73;  254,843;  215,084;  348,757;29,74295
 188,33;  255,247;  233,624;  352,027;18,26244
 188,93;  266,143;  229,088;  364,122;27,44083
 189,53;  266,922;  237,860;  373,029;21,50049
 190,13;  303,300;  264,172;  387,292;31,78071
 190,73;  244,645;  208,323;  350,756;25,50147
 191,34;  283,083;  242,782;  366,317;32,62348
 191,94;  251,568;  223,548;  336,479;24,81195
 192,54;  267,711;  237,926;  378,284;21,22044
 193,14;  279,996;  253,389;  377,053;21,51503
 193,74;  276,711;  240,928;  375,094;26,67043
 194,34;  268,075;  225,620;  368,849;29,64114
 194,94;  233,343;  206,851;  329,783;21,55027
 195,54;  229,653;  193,775;  319,624;28,50906
 196,14;  245,520;  206,773;  347,011;27,62915
 196,74;  237,651;  189,083;  336,366;32,97614
 197,34;  212,011;  191,080;  333,186;14,72952
 197,94;  262,015;  220,389;  354,201;31,10781
 198,54;  255,818;  211,850;  369,501;27,88944
 199,14;  246,322;  200,618;  383,266;25,02329
 199,74;  226,821;  190,002;  374,459;19,96060
 200,34;  224,542;  195,310;  377,963;16,00424
 200,94;  262,927;  224,080;  416,700;20,16761
 201,54;  246,671;  203,618;  418,712;20,01615
 202,14;  258,474;  207,078;  463,501;20,04314
 202,74;  246,796;  204,310;  467,005;16,17304
 203,34;  233,567;  183,924;  482,218;16,64225
 203,94;  216,890;  159,693;  479,774;17,86934
 204,54;  289,327;  226,466;  575,406;18,01475
 205,14;  252,544;  181,233;  597,679;17,12363
 205,74;  290,108;  220,385;  673,909;15,37350
 206,34;  271,966;  196,617;  691,953;15,21167
 206,94;  288,438;  202,463;  765,871;15,25982
 207,54;  265,864;  183,078;  792,191;13,59112
 208,14;  306,652;  200,078;  885,032;15,55933
 208,74;  314,749;  196,079;  947,225;15,79854
 209,34;  304,990;  189,310; 1021,095;13,90752
 209,94;  343,215;  199,925; 1150,661;15,07143
 210,54;  337,805;  197,770; 1234,778;13,50370
 211,14;  355,140;  195,925; 1337,813;13,94315
 211,73;  368,360;  193,387; 1426,969;14,18412
 212,33;  379,659;  219,234; 1543,276;12,11631
 212,93;  375,829;  192,695; 1651,762;12,55146
 213,53;  363,017;  169,156; 1692,264;12,72799
 214,13;  383,705;  178,231; 1778,124;12,84300
 214,73;  379,397;  173,924; 1783,809;12,76316
 215,33;  372,061;  153,464; 1825,968;13,07005
 215,93;  412,938;  177,308; 1954,273;13,26024
 216,53;  383,207;  145,387; 2024,328;12,65713
 217,13;  447,679;  194,616; 2272,846;12,17682
 217,73;  450,089;  178,154; 2465,044;11,89103
 218,33;  421,946;  139,461; 2650,917;11,24785
 218,93;  503,410;  166,075; 2951,336;12,11145
 219,53;  526,675;  187,692; 3232,648;11,13262
 220,13;  555,717;  149,384; 3497,252;12,13708
 220,73;  612,673;  168,233; 3876,354;11,98560
 221,32;  666,288;  177,771; 4280,148;11,90813
 221,92;  732,058;  180,384; 4723,009;12,14439
 222,52;  765,884;  167,154; 5076,574;12,19552
 223,12;  845,610;  164,923; 5511,461;12,73136
 223,72;  917,263;  187,847; 5880,885;12,81242
 224,32;  964,316;  181,539; 6279,098;12,83754
 224,92; 1022,297;  168,385; 6511,694;13,46162
 225,52; 1122,860;  176,232; 6903,987;14,07048
 226,12; 1157,478;  176,309; 7191,604;13,98615
 226,72; 1217,185;  159,924; 7550,881;14,30480
 227,31; 1270,013;  161,463; 7894,707;14,33487
 227,91; 1389,357;  169,233; 8344,281;14,92499
 228,51; 1457,958;  167,541; 8634,742;15,24019
 229,11; 1544,776;  169,693; 9048,889;15,48656
 229,71; 1623,312;  165,772; 9388,242;15,80423
 230,31; 1720,954;  157,000; 9832,452;16,16415
 230,91; 1810,894;  154,388;10143,991;16,58230
 231,51; 1905,609;  149,924;10451,024;17,04367
 232,10; 1984,118;  155,000;10755,706;17,25469
 232,70; 2112,844;  173,697;10941,003;18,00958
 233,30; 2222,750;  182,539;11275,310;18,39226
 233,90; 2294,270;  162,462;11420,213;18,93635
 234,50; 2345,523;  172,385;11531,360;19,13146
 235,10; 2444,605;  161,923;11564,002;20,01987
 235,70; 2532,696;  178,156;11628,194;20,56360
 236,29; 2593,820;  187,002;11580,022;21,12537
 236,89; 2576,418;  150,542;11558,407;21,26494
 237,49; 2682,623;  176,847;11356,018;22,41468
 238,09; 2653,966;  170,540;11148,183;22,62258
 238,69; 2686,864;  183,927;10861,204;23,44172
 239,29; 2659,626;  166,309;10597,911;23,90157
 239,89; 2632,052;  177,080;10244,042;24,38642
 240,48; 2565,716;  166,463; 9914,241;24,61334
 241,08; 2559,112;  157,079; 9533,159;25,61874
 241,68; 2522,818;  190,078; 9177,310;25,95616
 242,28; 2411,109;  152,539; 8847,471;25,97571
 242,88; 2383,896;  194,231; 8599,394;26,05143
 243,48; 2346,970;  193,155; 8317,517;26,51058
 244,07; 2255,493;  179,617; 8085,646;26,25687
 244,67; 2248,419;  185,386; 7953,264;26,55851
 245,27; 2187,206;  189,233; 7792,584;26,27753
 245,87; 2186,403;  195,000; 7727,506;26,43745
 246,47; 2131,917;  169,233; 7736,450;25,93666
 247,06; 2125,848;  168,232; 7741,863;25,84778
 247,66; 2087,788;  175,155; 7837,628;24,96104
 248,26; 2135,324;  197,849; 8034,828;24,72222
 248,86; 2148,068;  185,695; 8200,066;24,48568
 249,46; 2096,418;  142,770; 8444,600;23,53274
 250,05; 2178,258;  190,925; 8825,778;23,01525
 250,65; 2169,098;  158,387; 9244,927;22,12845
 251,25; 2235,432;  168,463; 9696,052;21,69456
 251,85; 2295,024;  175,080;10334,512;20,86675
 252,44; 2339,192;  135,156;10978,206;20,32672
 253,04; 2434,443;  179,925;11733,816;19,51306
 253,64; 2450,518;  149,618;12492,068;18,64217
 254,24; 2586,913;  194,771;13455,816;18,03887
 254,84; 2646,034;  172,539;14366,600;17,42626
 255,43; 2750,814;  167,925;15334,717;17,02990
 256,03; 2818,245;  169,772;16380,108;16,33817
 256,63; 2887,015;  182,003;17437,003;15,67668
 257,23; 2900,944;  169,234;18247,898;15,11013
 257,82; 2974,122;  170,235;19226,527;14,71371
 258,42; 2945,649;  139,005;20021,528;14,11614
 259,02; 3067,242;  177,541;20909,652;13,93829
 259,62; 3039,986;  166,928;21549,235;13,43662
 260,21; 3018,048;  164,387;22062,100;13,03178
 260,81; 2987,558;  171,693;22628,603;12,53897
 261,41; 2928,955;  165,081;23039,966;12,08257
 262,01; 2973,683;  207,467;23427,257;11,91318
 262,60; 2871,560;  157,619;23733,745;11,51140
 263,20; 2831,698;  163,233;24073,112;11,16051
 263,80; 2811,406;  190,082;24287,093;10,87821
 264,40; 2759,869;  161,697;24379,530;10,72834
 264,99; 2741,064;  176,005;24602,130;10,50129
 265,59; 2697,631;  167,391;24689,627;10,31814
 266,19; 2671,905;  155,928;24774,594;10,21979
 266,78; 2701,268;  198,237;24936,956;10,11787
 267,38; 2644,832;  173,622;25027,997; 9,94276
 267,98; 2604,573;  157,698;24913,573; 9,88402
 268,58; 2641,506;  181,237;25021,824; 9,90423
 269,17; 2629,667;  162,700;25033,970; 9,91895
 269,77; 2619,623;  174,081;24744,209; 9,95331
 270,37; 2569,710;  153,928;24629,119; 9,87033
 270,96; 2618,190;  206,620;24567,710; 9,89927
 271,56; 2582,458;  178,080;24221,983; 9,99995
 272,16; 2563,084;  157,697;24086,820;10,05213
 272,75; 2601,398;  175,620;24013,793;10,17602
 273,35; 2623,464;  179,696;24014,260;10,25304
 273,95; 2622,204;  176,774;23984,217;10,27171
 274,54; 2653,827;  151,848;23996,152;10,49298
 275,14; 2762,683;  180,466;24481,905;10,62578
 275,74; 2762,804;  147,158;24521,350;10,73121
 276,33; 2942,287;  177,388;24983,295;11,14613
 276,93; 3007,335;  173,078;25389,984;11,23951
 277,53; 3084,626;  174,541;25857,446;11,33083
 278,12; 3192,256;  152,003;26386,795;11,58863
 278,72; 3369,967;  176,849;27027,203;11,89228
 279,32; 3491,231;  164,849;27585,038;12,13114
 279,91; 3634,568;  156,234;28394,975;12,31760
 280,51; 3799,614;  174,541;28879,168;12,62888
 281,11; 3960,319;  173,464;29680,956;12,83354
 281,70; 4110,786;  153,464;30082,645;13,22229
 282,30; 4264,227;  154,157;30705,214;13,45312
 282,90; 4436,045;  172,850;31110,454;13,77998
 283,49; 4633,886;  188,389;31632,068;14,13797
 284,09; 4829,386;  193,157;32038,009;14,55880
 284,69; 4994,397;  184,772;32401,162;14,92913
 285,28; 5195,195;  193,003;32649,816;15,41184
 285,88; 5406,979;  199,158;32944,368;15,90407
 286,47; 5509,547;  172,234;32981,492;16,26770
 287,07; 5740,271;  195,079;33114,922;16,84453
 287,67; 5943,586;  187,770;33219,209;17,42526
 288,26; 6117,600;  167,695;33123,786;18,05404
 288,86; 6383,952;  164,388;33288,692;18,77644
 289,46; 6664,796;  184,157;33296,899;19,57144
 290,05; 6914,625;  165,540;33478,859;20,25942
 290,65; 7296,860;  178,927;33615,335;21,28797
 291,24; 7584,016;  177,849;33841,751;22,00032
 291,84; 7952,092;  191,157;33937,926;22,99756
 292,44; 8206,657;  182,462;34096,058;23,66070
 293,03; 8638,545;  223,156;34201,856;24,76666
 293,63; 8899,181;  174,926;34369,973;25,51321
 294,22; 9204,867;  189,234;34536,312;26,24862
 294,82; 9438,472;  179,697;34492,868;26,98315
 295,41; 9616,401;  165,003;34197,568;27,77163
 296,01; 9876,600;  211,851;34125,673;28,49797
 296,61; 9949,893;  180,464;33816,356;29,04466
 297,20; 9977,259;  191,158;33430,146;29,44163
 297,80;10167,510;  184,540;33316,027;30,13137
 298,39;10205,178;  165,388;32876,205;30,69257
 298,99;10309,900;  184,773;32830,729;31,01495
 299,58;10401,997;  178,232;32575,610;31,55739
 300,18;10533,632;  198,694;32461,293;32,03380
 300,78;10517,910;  168,156;32123,429;32,38825
 301,37;10657,235;  185,775;32118,559;32,79219
 301,97;10787,547;  182,233;32203,265;33,11984
 302,56;10849,060;  179,311;32045,807;33,48266
 303,16;10827,619;  161,850;32031,081;33,46729
 303,75;10979,104;  175,617;32111,672;33,82850
 304,35;11127,948;  180,308;32339,450;34,04208
 304,94;11183,227;  174,541;32243,218;34,32847
 305,54;11248,519;  189,387;32332,225;34,40621
 306,13;11254,263;  144,231;32182,885;34,67696
 306,73;11168,014;  170,539;31948,375;34,60737
 307,33;11276,262;  196,616;31974,419;34,86599
 307,92;11360,025;  170,233;32028,953;35,12317
 308,52;11563,920;  165,927;32522,647;35,22605
 309,11;11811,239;  178,005;33043,998;35,39596
 309,71;11896,923;  150,467;33305,075;35,42933
 310,30;12002,865;  156,772;33566,903;35,45659
 310,90;12189,327;  166,695;33867,750;35,67435
 311,49;12241,148;  170,772;33965,911;35,71631
 312,09;12325,112;  141,156;34235,313;35,73620
 312,68;12495,479;  194,310;34546,187;35,80931
 313,28;12572,718;  155,925;34701,261;35,94347
 313,87;12614,714;  143,079;34852,825;35,93122
 314,47;12723,884;  161,543;35042,348;36,01505
 315,06;12760,764;  158,925;35257,963;35,90366
 315,66;12795,881;  153,309;35396,620;35,87226
 316,25;12703,644;  130,696;35361,073;35,68780
 316,85;12691,312;  141,232;35402,400;35,59179
 317,44;12727,486;  165,005;35637,019;35,41519
 318,04;12689,987;  148,850;35682,935;35,29326
 318,63;12589,639;  138,847;35639,731;35,07178
 319,22;12674,198;  178,081;35952,863;34,92996
 319,82;12594,678;  171,849;35909,604;34,76108
 320,41;12484,282;  166,773;35801,913;34,56562
 321,01;12444,742;  174,925;35946,743;34,30023
 321,60;12435,050;  177,541;36090,787;34,13088
 322,20;12336,398;  165,541;36091,598;33,87752
 322,79;12355,619;  206,387;36256,012;33,70141
 323,39;12272,185;  167,616;36247,448;33,54940
 323,98;12119,826;  153,925;36227,687;33,17065
 324,58;12032,852;  166,465;35941,080;33,16985
 325,17;11938,410;  178,542;35835,844;32,98025
 325,76;11778,581;  188,387;35706,920;32,63140
 326,36;11535,253;  155,310;35312,598;32,36866
 326,95;11387,057;  179,157;34951,299;32,23241
 327,55;11183,545;  155,080;34618,622;32,00038
 328,14;10975,861;  164,232;34226,423;31,74085
 328,74;10794,100;  191,157;33734,614;31,60957
 329,33;10589,582;  186,386;33337,309;31,38131
 329,92;10329,612;  160,466;32814,951;31,14165
 330,52;10050,338;  167,847;32098,290;30,95006
 331,11; 9792,444;  176,926;31719,990;30,48378
 331,71; 9570,876;  166,541;31060,437;30,44075
 332,30; 9372,689;  195,233;30588,371;30,19581
 332,89; 9142,864;  189,310;30115,855;29,91844
 333,49; 8884,143;  171,311;29579,962;29,62677
 334,08; 8627,536;  173,157;29095,497;29,23131
 334,68; 8456,025;  172,926;28691,257;29,04482
 335,27; 8307,022;  178,001;28326,217;28,87935
 335,86; 8173,136;  199,926;28145,759;28,53095
 336,46; 7988,779;  187,924;27910,632;28,13887
 337,05; 7843,887;  169,465;27721,124;27,85467
 337,65; 7764,419;  165,465;27576,690;27,72205
 338,24; 7732,721;  222,310;27590,311;27,44231
 338,83; 7615,085;  189,079;27497,908;27,19269
 339,43; 7538,017;  171,773;27519,795;26,93520
 340,02; 7418,484;  176,619;27395,254;26,60627
 340,61; 7414,986;  156,849;27340,223;26,70065
 341,21; 7332,946;  207,080;27425,460;26,18034
 341,80; 7238,902;  166,157;27398,400;25,97195
 342,40; 7177,317;  172,847;27471,810;25,65837
 342,99; 7096,249;  169,464;27569,932;25,27981
 343,58; 7092,736;  165,002;27789,616;25,07812
 344,18; 7017,548;  174,386;27918,013;24,66571
 344,77; 7065,687;  159,619;28255,494;24,58036
 345,36; 7048,287;  148,157;28592,837;24,25807
 345,96; 7045,908;  196,233;28843,636;23,91028
 346,55; 7043,480;  166,924;29079,939;23,78360
 347,14; 7040,652;  138,078;29554,186;23,46529
 347,74; 7035,138;  137,922;29885,239;23,18601
 348,33; 7127,328;  165,461;30658,380;22,83109
 348,92; 7208,104;  182,306;31199,510;22,65129
 349,52; 7191,561;  155,153;31645,638;22,34455
 350,11; 7225,181;  158,235;31788,560;22,34231
 350,70; 7135,112;  168,156;31891,770;21,96142
 351,29; 6987,095;  155,160;31538,321;21,76943
 351,89; 6940,999;  169,620;31565,719;21,56758
 352,48; 6856,315;  146,156;31540,779;21,37359
 353,07; 6747,001;  174,770;31503,891;20,97802
 353,67; 6719,311;  183,460;31367,878;20,95871
 354,26; 6575,354;  170,078;31221,850;20,62773
 354,85; 6481,571;  171,848;31093,391;20,40559
 355,45; 6360,532;  154,773;30800,292;20,25014
 356,04; 6285,198;  162,539;30718,211;20,03772
 356,63; 6160,429;  186,541;30530,252;19,68740
 357,22; 6074,221;  179,236;30360,513;19,53193
 357,82; 5991,570;  170,620;30163,886;19,40752
 358,41; 5939,046;  175,618;29998,227;19,32570
 359,00; 5777,180;  159,696;29820,074;18,93935
 359,60; 5718,328;  176,079;29766,725;18,72973
 360,19; 5639,510;  164,232;29545,185;18,63547
 360,78; 5514,170;  169,234;29390,978;18,29095
 361,37; 5453,976;  170,849;29142,709;18,23537
 361,97; 5377,088;  176,695;29019,802;18,02993
 362,56; 5260,058;  149,235;28734,626;17,87914
 363,15; 5203,779;  180,619;28421,467;17,78686
 363,74; 5094,776;  167,389;28015,436;17,69383
 364,34; 4996,749;  197,234;27669,910;17,47014
 364,93; 4816,996;  156,312;27286,056;17,17924
 365,52; 4748,906;  135,541;26853,836;17,26669
 366,11; 4639,958;  167,004;26545,738;16,95667
 366,71; 4532,814;  159,850;26166,171;16,81500
 367,30; 4456,577;  164,541;25778,202;16,75682
 367,89; 4438,909;  205,386;25566,073;16,69325
 368,48; 4308,004;  178,697;25261,668;16,46259
 369,07; 4216,650;  173,541;24861,540;16,37682
 369,67; 4151,017;  176,543;24540,152;16,31316
 370,26; 4062,186;  158,618;24300,695;16,16915
 370,85; 4016,666;  174,388;24023,095;16,11105
 371,44; 3964,110;  161,695;23750,205;16,11977
 372,03; 3853,604;  152,773;23519,343;15,83814
 372,63; 3793,334;  139,157;23167,463;15,86820
 373,22; 3756,702;  166,926;22947,855;15,75781
 373,81; 3670,887;  131,388;22618,585;15,74006
 374,40; 3639,332;  162,924;22349,087;15,66926
 374,99; 3580,655;  160,465;22083,149;15,60115
 375,59; 3515,134;  148,771;21793,460;15,55284
 376,18; 3537,739;  191,772;21778,275;15,50027
 376,77; 3464,298;  173,310;21494,476;15,43531
 377,36; 3450,792;  193,234;21442,950;15,32989
 377,95; 3392,503;  174,004;21108,941;15,37382
 378,55; 3360,127;  161,233;20989,743;15,35825
 379,14; 3359,090;  165,003;20901,210;15,40343
 379,73; 3342,500;  167,388;20872,866;15,33465
 380,32; 3377,713;  199,926;20901,850;15,35020
 380,91; 3325,875;  153,620;20729,814;15,41712
 381,50; 3359,249;  184,235;20694,665;15,48000
 382,10; 3297,098;  163,926;20527,619;15,38607
 382,69; 3288,678;  151,926;20540,681;15,38471
 383,28; 3355,877;  182,542;20435,533;15,66848
 383,87; 3306,628;  155,619;20320,437;15,62627
 384,46; 3306,577;  157,313;20311,243;15,62605
 385,05; 3350,778;  190,158;20307,848;15,71065
 385,64; 3331,727;  169,234;20308,123;15,70341
 386,24; 3308,272;  148,313;20205,088;15,75507
 386,83; 3408,634;  179,851;20378,171;15,98540
 387,42; 3410,417;  184,696;20423,893;15,93799
 388,01; 3470,192;  164,775;20658,595;16,12885
 388,60; 3524,291;  182,159;20940,852;16,09992
 389,19; 3576,177;  148,854;21177,158;16,29862
 389,78; 3656,665;  158,238;21403,433;16,46691
 390,37; 3771,688;  203,390;21849,895;16,48440
 390,96; 3808,053;  173,928;22000,135;16,65028
 391,56; 3866,858;  172,085;22146,082;16,81430
 392,15; 3936,155;  167,468;22456,091;16,90857
 392,74; 3983,601;  137,240;22560,800;17,15321
 393,33; 4057,817;  155,162;22902,223;17,15674
 393,92; 4215,338;  175,241;23335,370;17,44419
 394,51; 4263,445;  150,393;23479,193;17,63079
 395,10; 4372,123;  186,629;23705,428;17,79638
 395,69; 4416,626;  168,013;23840,724;17,94730
 396,28; 4490,777;  169,399;23925,641;18,19049
 396,87; 4516,264;  175,401;24000,568;18,21965
 397,46; 4622,604;  173,710;24137,395;18,56515
 398,06; 4703,287;  179,789;24328,465;18,73187
 398,65; 4775,063;  171,025;24434,208;18,97541
 399,24; 4854,376;  171,487;24543,971;19,21383
 399,83; 4824,744;  158,032;24611,479;19,08406
 400,42; 4998,004;  190,423;24757,000;19,56960
 401,01; 5068,715;  148,661;24859,341;19,91064
 401,60; 5071,717;  170,363;24852,444;19,85794
 402,19; 5154,641;  185,140;24698,737;20,27243
 402,78; 5228,103;  187,998;24760,598;20,51108
 403,37; 5239,589;  180,240;24526,864;20,78050
 403,96; 5272,842;  173,330;24410,096;21,04040
 404,55; 5292,473;  170,729;24387,732;21,14937
 405,14; 5299,106;  162,973;24197,759;21,36958
 405,73; 5399,243;  164,681;24105,196;21,86487
 406,32; 5385,028;  169,230;24021,341;21,86724
 406,91; 5428,338;  168,857;23703,149;22,34816
 407,50; 5456,196;  162,094;23466,882;22,71680
 408,09; 5410,107;  160,406;23228,657;22,75726
 408,68; 5461,210;  174,332;23038,889;23,12259
 409,27; 5509,678;  154,251;22971,934;23,47051
 409,86; 5502,051;  156,473;22793,269;23,61455
 410,45; 5592,192;  180,926;22668,443;24,06342
 411,04; 5669,307;  188,380;22614,601;24,43982
 411,63; 5643,864;  172,831;22332,112;24,68958
 412,22; 5626,219;  177,129;22114,787;24,83898
 412,81; 5610,367;  180,203;21840,396;25,06979
 413,40; 5622,101;  195,198;21520,995;25,44760
 413,99; 5590,846;  215,276;21177,971;25,64350
 414,58; 5519,533;  166,276;20807,054;25,93535
 415,17; 5525,174;  166,818;20572,743;26,25882
 415,76; 5565,387;  163,283;20478,550;26,59135
 416,35; 5571,544;  155,974;20330,508;26,84359
 416,94; 5677,259;  181,359;20393,315;27,19133
 417,53; 5783,941;  163,741;20638,643;27,44922
 418,12; 5854,936;  160,509;20715,187;27,70380
 418,71; 6057,231;  171,275;21038,132;28,20720
 419,30; 6128,836;  169,816;21160,530;28,38884
 419,89; 6262,643;  157,969;21360,650;28,79199
 420,48; 6372,662;  190,583;21640,912;28,82044
 421,07; 6454,056;  171,428;21678,656;29,21171
 421,66; 6493,872;  147,580;21632,933;29,53776
 422,25; 6541,985;  155,345;21600,530;29,78123
 422,84; 6591,204;  192,345;21556,641;29,95118
 423,43; 6527,470;  171,192;21226,851;30,18798
 424,02; 6550,710;  185,961;20948,980;30,65426
 424,60; 6400,128;  162,495;20544,660;30,60339
 425,19; 6412,884;  166,036;20362,319;30,93068
 425,78; 6453,682;  195,343;20305,515;31,12026
 426,37; 6463,031;  193,572;20075,305;31,53376
 426,96; 6524,068;  170,418;20007,190;32,02966
 427,55; 6466,852;  176,800;19844,199;31,98212
 428,14; 6460,433;  152,953;19644,421;32,36021
 428,73; 6456,488;  174,724;19428,392;32,62632
 429,32; 6527,224;  182,419;19439,752;32,94747
 429,91; 6579,079;  204,494;19428,375;33,15972
 430,50; 6563,941;  182,108;19288,044;33,40236
 431,08; 6546,476;  189,414;19119,616;33,58159
 431,67; 6610,697;  221,413;18972,369;34,07444
 432,26; 6608,219;  226,489;18767,380;34,41976
 432,85; 6540,599;  235,720;18337,354;34,83044
 433,44; 6449,752;  248,641;18015,954;34,90179
 434,03; 6355,707;  258,023;17665,545;35,02902
 434,62; 6202,968;  219,872;17254,600;35,12293
 435,21; 6244,437;  230,719;17054,435;35,74548
 435,79; 6205,703;  219,486;16894,183;35,90001
 436,38; 6205,209;  214,330;16869,129;35,97089
 436,97; 6167,399;  217,022;16730,606;36,03323
 437,56; 6139,898;  215,326;16537,765;36,29710
 438,15; 6146,798;  199,865;16553,229;36,36520
 438,74; 6177,554;  228,557;16500,005;36,56095
 439,33; 6204,985;  205,019;16516,141;36,78451
 439,91; 6225,011;  178,171;16540,294;36,95633
 440,50; 6296,717;  217,556;16679,163;36,92933
 441,09; 6425,852;  215,939;16732,487;37,59813
 441,68; 6396,070;  202,860;16791,937;37,33306
 442,27; 6368,094;  183,707;16706,181;37,43015
 442,86; 6439,136;  165,625;16737,164;37,85714
 443,44; 6474,439;  182,549;16820,571;37,81634
 444,03; 6536,690;  218,471;16778,570;38,15327
 444,62; 6480,142;  175,318;16663,983;38,23733
 445,21; 6438,125;  195,087;16511,550;38,26220
 445,80; 6461,637;  197,623;16369,161;38,73481
 446,39; 6417,125;  214,701;16117,433;39,00225
 446,97; 6293,885;  169,006;15928,116;38,86564
 447,56; 6261,768;  173,311;15667,499;39,29510
 448,15; 6184,454;  173,237;15496,721;39,22879
 448,74; 6148,415;  181,544;15294,966;39,48061
 449,33; 6076,609;  177,927;15083,473;39,57374
 449,91; 5992,623;  179,002;14881,045;39,54295
 450,50; 5901,969;  158,695;14716,825;39,45063
 451,09; 5889,650;  187,002;14602,291;39,55972
 451,68; 5901,507;  209,463;14493,319;39,84949
 452,26; 5875,053;  196,538;14438,270;39,87236
 452,85; 5834,164;  175,462;14302,845;40,05485
 453,44; 5857,523;  195,074;14274,614;40,21757
 454,03; 5837,681;  167,615;14319,936;40,06457
 454,61; 5867,832;  156,305;14330,589;40,29499
 455,20; 5965,551;  195,150;14467,867;40,42959
 455,79; 5989,585;  196,537;14506,333;40,48309
 456,38; 6026,725;  186,995;14585,331;40,55837
 456,97; 6045,870;  173,610;14655,639;40,54860
 457,55; 6043,655;  172,378;14676,615;40,47973
 458,14; 6084,742;  197,226;14581,603;40,92993
 458,73; 6030,886;  183,224;14504,052;40,83327
 459,31; 6077,504;  207,145;14618,471;40,73434
 459,90; 6145,795;  212,608;14634,856;41,13913
 460,49; 6176,712;  226,070;14729,009;41,03060
 461,08; 6199,266;  167,375;14880,094;40,99780
 461,66; 6167,489;  181,069;14911,527;40,63974
 462,25; 6279,780;  182,067;15023,389;41,08606
 462,84; 6335,497;  206,914;15031,531;41,34059
 463,43; 6238,381;  151,680;14968,994;41,07830
 464,01; 6278,191;  176,525;15012,934;41,12630
 464,60; 6263,467;  215,450;14863,654;41,28845
 465,19; 6147,468;  156,679;14635,973;41,37487
 465,77; 6134,014;  170,985;14662,924;41,14721
 466,36; 6139,236;  187,526;14464,966;41,68612
 466,95; 5957,881;  183,449;14177,239;41,26424
 467,53; 5868,469;  177,061;13880,292;41,53333
 468,12; 5757,159;  199,522;13572,114;41,55991
 468,71; 5631,949;  177,601;13387,045;41,29127
 469,29; 5568,899;  164,137;13119,869;41,71715
 469,88; 5466,712;  171,752;12892,115;41,62586
 470,47; 5530,634;  211,135;13045,484;41,44736
 471,06; 5522,428;  180,289;13018,938;41,60983
 471,64; 5578,429;  180,289;13112,832;41,74075
 472,23; 5522,839;  148,670;13083,252;41,54884
 472,81; 5578,001;  147,595;13264,087;41,40136
 473,40; 5657,144;  168,747;13393,484;41,50099
 473,99; 5765,317;  227,978;13595,042;41,42524
 474,57; 5776,965;  171,593;13739,723;41,31278
 475,16; 5856,544;  179,287;13899,190;41,37972
 475,75; 5862,135;  191,130;13998,084;41,07354
 476,33; 5940,772;  205,129;14069,340;41,37014
 476,92; 5969,786;  203,439;14039,067;41,67752
 477,51; 5987,258;  173,668;14167,944;41,54263
 478,09; 5969,603;  190,437;14168,906;41,34334
 478,68; 5930,803;  193,744;14079,253;41,31687
 479,27; 5968,304;  202,284;14172,412;41,27392
 479,85; 5950,094;  180,514;14193,540;41,17298
 480,44; 5966,202;  171,359;14386,995;40,76387
 481,02; 6647,097;  180,204;16460,651;39,72184
 481,61; 7404,685;  190,359;18126,170;40,22303
 482,20; 7898,297;  181,743;19256,508;40,45426
 482,78; 8278,155;  208,744;20068,778;40,63140
 483,37; 8485,426;  202,202;20420,090;40,96978
 483,95; 8635,354;  221,433;20644,424;41,19828
 484,54; 8680,069;  241,666;20814,503;41,01721
 485,13; 8621,524;  195,123;20708,683;41,07722
 485,71; 8476,171;  185,816;20396,567;41,01953
 486,30; 8403,593;  211,585;20055,299;41,28263
 486,88; 8207,028;  229,816;19647,489;41,08223
 487,47; 7871,695;  228,046;18841,371;41,06547
 488,05; 7518,350;  217,046;17866,413;41,36865
 488,64; 6948,699;  211,506;16452,920;41,48157
 489,23; 6143,595;  218,814;14178,641;42,44165
 489,81; 5267,050;  211,583;12509,620;41,10791
 490,40; 5057,596;  176,891;12011,337;41,24152
 490,98; 4950,168;  159,659;11786,098;41,20357
 491,57; 4956,415;  198,968;11779,856;41,08015
 492,15; 4899,043;  169,274;11700,218;41,01805
 492,74; 4857,951;  177,815;11616,598;40,91463
 493,32; 4823,346;  185,659;11558,731;40,77778
 493,91; 4776,332;  173,966;11417,202;40,93453
 494,50; 4755,830;  186,656;11443,921;40,58867
 495,08; 4698,392;  171,348;11335,784;40,54879
 495,67; 4693,331;  190,428;11353,996;40,33570
 496,25; 4592,996;  144,503;11266,705;39,99651
 496,84; 4606,211;  155,274;11200,754;40,29645
 497,42; 4586,217;  150,964;11159,685;40,28854
 498,01; 4572,400;  178,043;11107,462;40,20668
 498,59; 4509,218;  143,195;11042,122;40,05920
 499,18; 4467,268;  146,427;10949,994;39,99458
 499,76; 4460,966;  170,119;10892,639;40,01715
 500,35; 4361,507;  177,963;10695,135;39,77822
 500,93; 4345,500;  154,580;10690,155;39,77875
 501,52; 4326,710;  169,426;10611,496;39,81284
 502,10; 4317,967;  175,116;10565,730;39,87109
 502,69; 4214,586;  157,499;10374,247;39,71016
 503,27; 4139,394;  141,886;10230,836;39,62263
 503,86; 4117,649;  156,577;10161,634;39,59070
 504,44; 4044,693;  149,422;10033,726;39,40865
 505,03; 3962,702;  138,114; 9755,005;39,76949
 505,61; 3897,861;  141,422; 9634,720;39,56938
 506,19; 3833,773;  165,191; 9559,648;39,05049
 506,78; 3764,449;  136,882; 9326,586;39,47426
 507,36; 3705,631;  153,037; 9181,464;39,34898
 507,95; 3627,398;  154,342; 9044,351;39,06695
 508,53; 3584,624;  159,882; 8894,912;39,20699
 509,12; 3513,169;  162,804; 8759,452;38,97292
 509,70; 3498,709;  175,342; 8573,710;39,57158
 510,29; 3422,597;  174,572; 8453,880;39,23063
 510,87; 3316,837;  155,113; 8298,893;38,82379
 511,46; 3248,869;  151,958; 8056,217;39,18028
 512,04; 3207,052;  150,727; 7948,110;39,19681
 512,62; 3144,445;  155,958; 7819,102;38,99818
 513,21; 3072,083;  131,880; 7634,103;39,19109
 513,79; 3010,943;  157,415; 7541,165;38,64605
 514,38; 2927,673;  135,032; 7341,147;38,75377
 514,96; 2893,180;  164,416; 7280,721;38,34524
 515,54; 2836,531;  145,262; 7143,300;38,45748
 516,13; 2810,898;  164,646; 7037,794;38,50131
 516,71; 2732,304;  149,491; 6905,306;38,23095
 517,30; 2701,090;  139,183; 6809,382;38,40825
 517,88; 2651,468;  165,644; 6729,717;37,87014
 518,46; 2600,563;  146,721; 6642,535;37,77574
 519,05; 2573,050;  154,258; 6582,069;37,63010
 519,63; 2560,365;  165,105; 6522,167;37,67872
 520,22; 2516,373;  170,872; 6421,353;37,52512
 520,80; 2504,087;  160,411; 6373,193;37,72347
 521,38; 2503,678;  168,874; 6366,322;37,67364
 521,97; 2474,036;  159,025; 6335,342;37,48206
 522,55; 2473,470;  161,948; 6286,428;37,74233
 523,13; 2430,463;  135,640; 6300,844;37,22218
 523,72; 2443,556;  147,259; 6314,639;37,23294
 524,30; 2489,885;  175,101; 6478,656;36,72189
 524,89; 2478,212;  136,794; 6473,336;36,95104
 525,47; 2522,573;  167,947; 6617,018;36,51109
 526,05; 2505,873;  137,639; 6693,561;36,12358
 526,64; 2596,795;  162,254; 6792,435;36,71907
 527,22; 2641,527;  170,331; 6939,623;36,50597
 527,80; 2692,145;  196,561; 7056,626;36,37843
 528,39; 2713,696;  154,638; 7201,600;36,31435
 528,97; 2750,316;  166,407; 7361,468;35,91226
 529,55; 2830,636;  173,255; 7550,171;36,02292
 530,14; 2899,111;  183,022; 7742,464;35,92975
 530,72; 2917,507;  164,407; 7830,430;35,91301
 531,30; 2925,825;  142,791; 7983,688;35,49383
 531,89; 2982,037;  158,329; 8036,361;35,84281
 532,47; 3024,116;  188,252; 8191,542;35,43373
 533,05; 3044,647;  176,946; 8219,818;35,65518
 533,63; 3074,213;  190,790; 8273,921;35,67210
 534,22; 3018,087;  149,329; 8294,528;35,22024
 534,80; 3107,000;  181,250; 8392,742;35,62994
 535,38; 3136,952;  224,791; 8408,826;35,58344
 535,97; 3049,326;  159,867; 8413,985;35,00627
 536,55; 3097,801;  207,019; 8434,476;35,13579
 537,13; 3073,791;  207,176; 8392,648;35,02077
 537,71; 3095,230;  229,330; 8451,808;34,85446
 538,30; 3115,483;  235,174; 8517,449;34,77678
 538,88; 3156,476;  256,249; 8658,051;34,51911
 539,46; 3247,434;  294,558; 8809,905;34,67710
 540,05; 3288,262;  304,404; 8927,736;34,60215
 540,63; 3366,711;  320,942; 9087,458;34,74321
 541,21; 3446,893;  336,864; 9212,683;35,03935
 541,79; 3476,183;  359,326; 9337,510;34,71589
 542,38; 3499,547;  367,788; 9511,281;34,25123
 542,96; 3566,403;  377,479; 9667,596;34,32598
 543,54; 3634,496;  380,480; 9861,277;34,32218
 544,12; 3632,654;  363,403;10010,379;33,88887
 544,70; 3647,745;  348,863;10138,328;33,69828
 545,29; 3734,747;  364,634;10263,291;34,04617
 545,87; 3705,259;  349,710;10356,279;33,53346
 546,45; 3696,772;  314,173;10320,154;33,80576
 547,03; 3735,679;  297,403;10435,983;33,91280
 547,62; 3757,485;  287,864;10596,820;33,65637
 548,20; 3814,851;  298,787;10833,420;33,37624
 548,78; 3840,340;  274,246;10991,398;33,27464
 549,36; 3876,619;  266,707;11206,971;32,99657
 549,94; 3903,452;  236,402;11339,499;33,02727
 550,53; 4004,875;  240,092;11576,626;33,20929
 551,11; 3993,004;  229,553;11805,051;32,51221
 551,69; 4128,544;  223,707;12176,354;32,66922
 552,27; 4154,599;  190,785;12412,818;32,43170
 552,85; 4305,043;  200,014;12870,551;32,39823
 553,44; 4319,113;  200,092;13101,574;31,92673
 554,02; 4499,703;  221,707;13586,841;32,00863
 554,60; 4580,170;  165,707;13859,381;32,23725
 555,18; 4734,908;  207,784;14266,566;32,20139
 555,76; 4790,020;  187,092;14642,428;31,84242
 556,34; 4944,086;  186,090;15067,696;31,97232
 556,93; 5045,924;  188,246;15441,895;31,84600
 557,51; 5117,064;  176,321;15828,063;31,56673
 558,09; 5233,126;  189,092;16156,443;31,58968
 558,67; 5353,649;  196,936;16604,384;31,42910
 559,25; 5436,090;  206,398;16854,876;31,41244
 559,83; 5455,538;  187,550;17212,348;30,94303
 560,41; 5630,136;  169,398;17632,267;31,27057
 561,00; 5720,437;  182,166;17919,404;31,22398
 561,58; 5756,967;  186,706;18213,247;30,90033
 562,16; 5864,801;  167,937;18481,273;31,10773
 562,74; 5929,500;  159,938;18928,602;30,74040
 563,32; 6014,501;  152,320;19307,616;30,60345
 563,90; 6155,966;  181,166;19791,817;30,46712
 564,48; 6267,956;  182,245;20199,377;30,40252
 565,06; 6431,723;  169,013;20936,411;30,15645
 565,65; 6642,329;  182,472;21615,168;30,14020
 566,23; 6909,773;  229,320;22408,626;30,12021
 566,81; 7055,284;  170,013;23130,222;29,98784
 567,39; 7303,614;  176,627;24057,401;29,84404
 567,97; 7481,285;  197,090;24709,274;29,71663
 568,55; 7709,658;  201,704;25549,461;29,61980
 569,13; 7949,059;  176,397;26252,607;29,80748
 569,71; 8212,610;  184,937;27262,541;29,64691
 570,29; 8531,569;  205,400;28159,961;29,78466
 570,87; 8708,667;  204,245;28987,854;29,54606
 571,45; 8885,268;  199,166;29560,076;29,58390
 572,03; 8935,199;  167,011;30076,156;29,31608
 572,61; 9163,535;  170,781;30832,912;29,32853
 573,20; 9320,369;  192,167;31483,833;29,17135
 573,78; 9502,049;  175,320;32207,665;29,11660
 574,36; 9594,937;  173,166;32575,341;29,07759
 574,94; 9745,170;  212,703;32972,142;29,09838
 575,52; 9735,848;  175,163;33226,257;28,92698
 576,10; 9936,488;  218,549;33856,630;28,88970
 576,68;10087,479;  203,857;34493,781;28,82369
 577,26;10210,245;  230,009;35127,385;28,59882
 577,84;10303,211;  218,858;35554,353;28,53888
 578,42;10411,086;  240,087;35765,582;28,63014
 579,00;10390,751;  213,396;36002,328;28,43716
 579,58;10471,678;  232,242;36167,383;28,49421
 580,16;10450,028;  230,318;36226,731;28,39091
 580,74;10441,466;  215,472;36476,329;28,20119
 581,32;10434,651;  205,703;36392,906;28,26676
 581,90;10364,828;  226,087;36497,797;27,95220
 582,48;10358,576;  238,780;36623,702;27,81316
 583,06;10354,897;  218,780;36816,413;27,69610
 583,64;10388,613;  226,934;36868,737;27,73247
 584,22;10278,096;  226,086;36525,946;27,69159
 584,80;10155,526;  231,164;36331,102;27,49135
 585,38;10010,233;  230,090;35971,570;27,36356
 585,96; 9995,309;  220,242;36159,708;27,19870
 586,54; 9950,568;  228,932;36204,710;27,02273
 587,12; 9947,966;  207,625;36436,420;26,88563
 587,70;10010,823;  238,396;36577,691;26,89218
 588,28; 9965,544;  232,472;36593,150;26,76813
 588,86; 9990,425;  219,087;36790,858;26,71825
 589,44; 9918,870;  201,008;36863,744;26,50610
 590,02; 9947,185;  226,855;37071,919;26,38163
 590,59; 9965,599;  193,394;37348,392;26,30119
 591,17; 9971,469;  195,314;37413,015;26,26749
 591,75; 9970,085;  204,623;37593,343;26,11874
 592,33;10032,979;  206,316;37898,171;26,07105
 592,91;10068,264;  167,314;38143,671;26,07135
 593,49;10063,406;  179,160;38498,628;25,79432
 594,07;10063,744;  198,237;38688,233;25,63135
 594,65;10070,264;  205,625;38699,222;25,62670
 595,23;10066,966;  198,855;39164,274;25,32531
 595,81;10083,931;  186,008;39188,108;25,37792
 596,39;10019,658;  189,162;39349,379;25,10327
 596,97;10024,245;  187,314;39512,652;25,01423
 597,55; 9990,691;  182,086;39395,672;25,01328
 598,12; 9918,909;  172,544;39432,001;24,82552
 598,70; 9912,954;  185,391;39673,801;24,63397
 599,28; 9870,059;  191,776;39846,485;24,40639
 599,86; 9882,400;  182,930;39830,396;24,46429
 600,44; 9805,171;  149,545;39902,192;24,28927
 601,02; 9832,220;  209,389;39937,468;24,22174
 601,60; 9766,516;  181,930;39913,584;24,12330
 602,18; 9710,182;  168,775;40000,037;23,95457
 602,75; 9658,801;  177,162;40066,048;23,77013
 603,33; 9631,462;  188,006;40115,735;23,65137
 603,91; 9621,152;  166,466;39974,359;23,75078
 604,49; 9578,699;  198,083;40192,861;23,45460
 605,07; 9538,433;  203,546;40256,996;23,30607
 605,65; 9512,597;  204,006;40297,744;23,21707
 606,23; 9507,779;  246,087;40352,946;23,09254
 606,80; 9494,091;  255,624;40392,106;23,01763
 607,38; 9436,653;  276,159;40455,037;22,79928
 607,96; 9415,736;  313,393;40470,095;22,66706
 608,54; 9414,193;  358,852;40486,186;22,56652
 609,12; 9392,888;  349,393;40572,866;22,48313
 609,70; 9367,787;  387,084;40549,164;22,36115
 610,27; 9311,493;  375,624;40643,765;22,19091
 610,85; 9300,002;  380,007;40698,297;22,12394
 611,43; 9233,022;  393,160;40770,061;21,89336
 612,01; 9113,555;  361,546;40349,800;21,88645
 612,59; 9056,855;  346,699;40489,577;21,69789
 613,16; 9029,883;  336,624;40379,657;21,70979
 613,74; 8944,951;  315,776;40256,803;21,60479
 614,32; 8871,268;  293,929;40221,264;21,48237
 614,90; 8860,200;  286,469;40046,819;21,56352
 615,48; 8715,777;  244,086;39871,874;21,37816
 616,05; 8617,064;  230,548;39810,135;21,18899
 616,63; 8564,890;  238,471;39640,472;21,13197
 617,21; 8483,560;  237,547;39510,333;20,99676
 617,79; 8375,849;  215,700;39420,649;20,81408
 618,36; 8382,184;  240,007;39329,284;20,82969
 618,94; 8189,473;  184,470;39001,386;20,62246
 619,52; 8106,546;  210,240;38711,716;20,50910
 620,10; 8058,857;  211,547;38655,568;20,41230
 620,67; 7961,456;  211,317;38580,925;20,19864
 621,25; 7916,969;  222,315;38471,613;20,11711
 621,83; 7832,252;  207,086;38377,511;19,97663
 622,41; 7823,313;  237,701;38321,490;19,91822
 622,98; 7705,382;  223,702;38143,847;19,73009
 623,56; 7671,553;  222,472;38077,199;19,67808
 624,14; 7593,749;  211,776;37918,765;19,57720
 624,72; 7503,599;  216,701;37825,241;19,37565
 625,29; 7467,427;  184,087;37979,113;19,27063
 625,87; 7473,329;  237,623;37965,438;19,17870
 626,45; 7336,198;  198,703;37699,521;19,03291
 627,02; 7285,603;  198,777;37698,604;18,89829
 627,60; 7203,048;  182,468;37551,720;18,78705
 628,18; 7206,657;  173,085;37677,327;18,75407
 628,76; 7180,819;  192,933;37711,291;18,62525
 629,33; 7173,373;  206,317;37777,417;18,54366
 629,91; 7069,626;  205,624;37746,953;18,28386
 630,49; 7088,402;  219,932;37850,201;18,25251
 631,06; 7081,035;  207,240;38016,399;18,18024
 631,64; 7017,251;  206,164;37960,581;18,04050
 632,22; 6934,660;  172,242;37879,877;17,93382
 632,79; 6969,919;  197,857;38132,868;17,85175
 633,37; 6995,534;  180,238;38224,244;17,91424
 633,95; 6939,902;  190,087;38292,799;17,71479
 634,52; 6919,860;  182,163;38410,539;17,62486
 635,10; 6862,305;  188,239;38333,008;17,49668
 635,68; 6878,362;  190,318;38685,771;17,37359
 636,25; 6851,831;  185,242;38558,918;17,37282
 636,83; 6790,358;  162,087;38821,214;17,14542
 637,41; 6828,468;  170,703;38873,940;17,20209
 637,98; 6802,203;  189,011;39191,976;16,95561
 638,56; 6763,190;  199,243;39219,335;16,82197
 639,13; 6745,606;  187,548;39248,951;16,78910
 639,71; 6738,928;  204,086;39399,871;16,67231
 640,29; 6603,319;  161,163;39137,443;16,52840
 640,86; 6569,834;  172,394;39385,340;16,31461
 641,44; 6523,196;  181,856;39386,543;16,17495
 642,02; 6536,711;  197,394;39343,670;16,19392
 642,59; 6482,765;  167,625;39505,412;16,05362
 643,17; 6473,281;  188,702;39544,770;15,96851
 643,74; 6410,719;  173,548;39483,204;15,86677
 644,32; 6377,543;  209,317;39369,870;15,75112
 644,89; 6354,135;  200,317;39445,612;15,68040
 645,47; 6334,881;  215,855;39453,431;15,59481
 646,05; 6293,089;  185,778;39419,404;15,56652
 646,62; 6198,528;  195,701;39422,454;15,30289
 647,20; 6194,120;  203,393;39539,658;15,22953
 647,77; 6140,405;  160,470;39415,400;15,23359
 648,35; 6077,766;  170,547;39341,296;15,08069
 648,92; 6050,590;  202,778;39266,423;14,96996
 649,50; 5999,028;  157,701;39255,088;14,94045
 650,08; 5960,467;  158,086;39188,522;14,86630
 650,65; 5992,521;  172,393;39492,803;14,80180
 651,23; 6044,267;  158,393;40438,007;14,61254
 651,80; 6187,705;  168,085;41246,287;14,65405
 652,38; 6176,067;  177,547;41552,183;14,49806
 652,95; 6173,967;  156,547;41818,233;14,44354
 653,53; 6194,175;  181,931;42160,129;14,32230
 654,10; 6225,229;  204,085;42210,025;14,33403
 654,68; 6129,129;  173,931;42091,306;14,20699
 655,25; 6113,491;  164,777;42250,664;14,13470
 655,83; 6107,929;  172,085;42337,560;14,07750
 656,40; 6074,675;  183,854;42216,840;14,01476
 656,98; 6014,114;  162,162;42157,429;13,93479
 657,55; 5936,399;  179,316;42035,479;13,75445
 658,13; 5890,530;  170,623;41570,990;13,81608
 658,70; 5786,891;  190,623;41156,425;13,66083
 659,28; 5644,714;  173,700;40244,013;13,65354
 659,85; 5482,999;  162,931;39632,140;13,47903
 660,43; 5523,130;  184,238;39777,420;13,48437
 661,00; 5455,876;  184,085;39913,778;13,26915
 661,58; 5494,853;  163,546;40384,751;13,25497
 662,15; 5483,676;  158,623;40553,185;13,18260
 662,73; 5525,807;  198,931;40895,620;13,08921
 663,30; 5493,246;  167,469;41059,824;13,02389
 663,88; 5472,300;  178,084;41275,412;12,88214
 664,45; 5496,200;  158,469;41527,462;12,90273
 665,03; 5504,408;  171,315;41884,127;12,78526
 665,60; 5598,000;  215,546;42366,331;12,76952
 666,17; 5519,593;  173,853;42482,689;12,63504
 666,75; 5560,493;  162,238;42730,046;12,68154
 667,32; 5554,854;  188,469;43209,096;12,47398
 667,90; 5588,908;  171,007;43396,223;12,53412
 668,47; 5560,654;  192,776;43665,350;12,34774
 669,05; 5533,555;  168,853;43900,707;12,26726
 669,62; 5546,839;  145,391;44058,834;12,30021
 670,19; 5527,201;  147,391;44146,884;12,22698
 670,77; 5530,024;  177,699;44334,626;12,12114
 671,34; 5521,770;  164,776;44208,061;12,16302
 671,92; 5488,747;  153,622;44513,572;12,02690
 672,49; 5482,494;  186,622;44563,699;11,93380
 673,06; 5446,932;  133,007;44574,133;11,95723
 673,64; 5433,909;  148,699;44603,799;11,88887
 674,21; 5386,040;  151,391;44492,925;11,80530
 674,79; 5403,556;  175,006;44728,360;11,73548
 675,36; 5424,225;  179,622;44854,256;11,73955
 675,93; 5357,817;  152,237;44791,152;11,66153
 676,51; 5358,871;  173,314;44932,740;11,58540
 677,08; 5369,464;  171,545;45057,867;11,58018
 677,65; 5359,210;  176,006;45183,532;11,51630
 678,23; 5314,572;  174,391;45427,813;11,35866
 678,80; 5333,702;  158,314;45481,478;11,41886
 679,38; 5303,218;  146,621;45753,221;11,30669
 679,95; 5308,964;  169,698;46064,501;11,19793
 680,52; 5358,095;  158,237;46233,859;11,28549
 681,10; 5343,303;  175,006;46712,524;11,10566
 681,67; 5351,588;  171,929;47003,266;11,06024
 682,24; 5332,103;  153,929;47051,470;11,04146
 682,82; 5359,542;  154,621;47649,751;10,95885
 683,39; 5462,442;  186,236;47938,416;11,04914
 683,96; 5406,342;  167,390;48190,158;10,90931
 684,54; 5379,011;  145,159;48490,823;10,82590
 685,11; 5471,680;  185,236;48923,027;10,84670
 685,68; 5466,888;  178,698;49334,616;10,75799
 686,25; 5426,634;  163,082;49378,896;10,69484
 686,83; 5437,842;  164,928;49576,792;10,67135
 687,40; 5402,819;  157,851;49904,381;10,54338
 687,97; 5500,873;  184,005;50339,661;10,60073
 688,55; 5458,850;  155,005;50317,711;10,57328
 689,12; 5465,212;  138,159;50671,223;10,54172
 689,69; 5447,035;  157,005;50741,965;10,45771
 690,26; 5460,781;  167,467;50761,015;10,46243
 690,84; 5412,528;  165,543;50993,065;10,32312
 691,41; 5429,735;  162,928;50996,345;10,36092
 691,98; 5418,482;  170,313;51390,395;10,24631
 692,56; 5431,228;  149,466;51393,368;10,30710
 693,13; 5450,051;  217,774;51514,264;10,20007
 693,70; 5409,951;  176,697;51682,237;10,16057
 694,27; 5380,236;  156,235;51824,748;10,11061
 694,84; 5361,521;  148,774;51866,183;10,07929
 695,42; 5448,421;  191,005;52025,771;10,14264
 695,99; 5414,628;  164,312;52182,283;10,09327
 696,56; 5366,375;  142,851;52189,025;10,03633
 697,13; 5456,736;  175,466;52437,690;10,10533
 697,71; 5398,560;  139,774;52574,586;10,02919
 698,28; 5420,383;  168,850;52856,252; 9,96734
 698,85; 5380,898;  125,927;52979,225; 9,94256
 699,42; 5416,414;  135,389;53144,121; 9,96256
 699,99; 5461,468;  165,004;53157,940; 9,99466
 700,57; 5427,829;  152,620;53151,067; 9,95352
 701,14; 5440,652;  154,543;53299,039; 9,94667
 701,71; 5444,091;  172,773;53573,705; 9,87121
 702,28; 5423,606;  160,389;53516,985; 9,86423
 702,85; 5396,660;  154,004;53632,728; 9,80326
 703,43; 5446,253;  169,388;53956,316; 9,81068
 704,00; 5443,076;  178,081;54075,597; 9,76853
 704,57; 5425,668;  163,773;54007,493; 9,77253
 705,14; 5445,030;  185,311;54290,081; 9,72136
 705,71; 5403,007;  191,619;54301,823; 9,63106
 706,28; 5393,753;  161,773;54212,488; 9,67976
 706,86; 5387,192;  198,927;54428,000; 9,56731
 707,43; 5395,092;  192,696;54364,204; 9,60357
 708,00; 5391,992;  170,311;54359,792; 9,63597
 708,57; 5318,123;  161,926;54388,073; 9,50869
 709,14; 5335,408;  187,926;54498,123; 9,47793
 709,71; 5349,539;  161,234;54503,480; 9,54746
 710,28; 5349,516;  172,388;54749,376; 9,48592
 710,86; 5348,108;  167,388;54870,426; 9,47063
 711,43; 5371,393;  186,157;54905,014; 9,47614
 712,00; 5360,831;  175,157;55067,757; 9,44695
 712,57; 5373,962;  171,542;55039,730; 9,48167
 713,14; 5337,093;  169,157;55233,395; 9,38529
 713,71; 5349,685;  186,080;55021,522; 9,41655
 714,28; 5307,047;  178,080;55154,033; 9,32947
 714,85; 5309,178;  168,541;54862,006; 9,39900
 715,42; 5317,924;  175,926;55168,364; 9,35037
 716,00; 5382,747;  212,464;55267,567; 9,39111
 716,57; 5407,494;  176,310;55393,848; 9,47377
 717,14; 5305,855;  151,772;55317,821; 9,34285
 717,71; 5310,755;  152,695;55364,486; 9,34232
 718,28; 5357,963;  188,310;55433,998; 9,35757
 718,85; 5344,171;  155,849;55409,048; 9,39008
 719,42; 5351,686;  179,772;55618,867; 9,32900
 719,99; 5330,894;  159,233;55382,070; 9,36508
 720,56; 5351,563;  168,233;55675,582; 9,33810
 721,13; 5378,002;  167,464;55834,939; 9,36011
 721,70; 5377,594;  148,771;55569,528; 9,43477
 722,27; 5378,418;  191,387;55622,808; 9,35756
 722,84; 5444,010;  206,002;55856,551; 9,41232
 723,41; 5383,372;  165,617;55827,062; 9,37409
 723,98; 5393,964;  181,694;56103,650; 9,32061
 724,55; 5431,633;  193,694;56178,931; 9,35593
 725,12; 5378,226;  136,156;56101,673; 9,36661
 725,69; 5431,049;  165,925;56320,877; 9,37606
 726,27; 5459,795;  166,771;56348,850; 9,42120
 726,84; 5468,080;  173,309;56705,515; 9,36594
 727,41; 5474,826;  177,386;56697,027; 9,37274
 727,98; 5524,265;  185,540;56803,538; 9,42938
 728,55; 5529,626;  200,079;56900,203; 9,39953
 729,12; 5501,065;  149,155;56890,946; 9,43204
 729,69; 5536,734;  190,155;57159,149; 9,38507
 730,26; 5553,942;  195,925;57297,968; 9,38323
 730,82; 5510,458;  178,001;57198,249; 9,35186
 731,39; 5524,204;  169,309;57235,453; 9,38366
 731,96; 5584,258;  147,078;57559,810; 9,47034
 732,53; 5600,158;  176,924;57736,860; 9,42189
 733,10; 5611,443;  179,155;57807,910; 9,42635
 733,67; 5626,573;  179,847;58134,191; 9,39831
 734,24; 5600,089;  163,232;57692,779; 9,45055
 734,81; 5604,604;  187,770;57885,906; 9,38823
 735,38; 5597,043;  174,232;57605,648; 9,44224
 735,95; 5575,174;  171,770;57500,621; 9,42528
 736,52; 5615,151;  188,309;57487,286; 9,47110
 737,09; 5539,897;  180,462;57151,413; 9,40731
 737,66; 5607,028;  209,462;57385,309; 9,44029
 738,23; 5628,543;  170,539;57478,513; 9,52399
 738,80; 5650,905;  195,385;57603,794; 9,50300
 739,37; 5684,959;  195,001;57975,074; 9,50147
 739,94; 5662,936;  179,154;57954,894; 9,49150
 740,51; 5771,990;  233,077;58117,866; 9,56886
 741,07; 5720,967;  172,154;58007,378; 9,59418
 741,64; 5776,483;  194,539;58245,351; 9,61562
 742,21; 5761,690;  176,770;58247,016; 9,61753
 742,78; 5736,975;  152,154;57962,681; 9,66056
 743,35; 5782,875;  172,385;58345,424; 9,64449
 743,92; 5872,698;  188,846;58511,166; 9,74559
 744,49; 5858,060;  176,231;58240,831; 9,78536
 745,06; 5847,499;  166,308;58361,727; 9,76226
 745,63; 5826,937;  155,077;58231,854; 9,76614
 746,19; 5844,991;  163,231;58226,058; 9,78554
 746,76; 5866,353;  182,615;58308,338; 9,77835
 747,33; 5875,330;  167,231;58268,234; 9,82444
 747,90; 5907,307;  199,923;58472,746; 9,79425
 748,47; 5909,668;  184,538;58392,950; 9,83557
 749,04; 5904,107;  186,077;58353,846; 9,83024
 749,61; 5948,469;  203,154;58270,665; 9,89420
 750,17; 5949,215;  196,000;58454,330; 9,87535
 750,74; 5948,807;  187,461;58245,303; 9,92346
 751,31; 5987,707;  167,077;58148,737;10,03874
 751,88; 5938,069;  154,307;58051,480; 9,98971
 752,45; 5987,200;  177,692;58298,376; 9,99559
 753,02; 5981,485;  178,923;58136,503;10,01174
 753,58; 6002,000;  163,153;57966,860;10,10116
 754,15; 6013,131;  164,922;58106,525;10,09328
 754,72; 5973,492;  162,769;57831,037;10,07612
 755,29; 6020,316;  154,307;57717,779;10,19051
 755,86; 6078,447;  184,768;57872,983;10,21643
 756,42; 6048,039;  190,845;57729,802;10,17953
 756,99; 6009,862;  161,461;57722,390;10,16037
 757,56; 6072,070;  161,922;57657,748;10,27926
 758,13; 6055,278;  153,922;57618,875;10,26949
 758,70; 6105,255;  166,691;57587,694;10,34215
 759,26; 6152,616;  162,922;57710,897;10,40818
 759,83; 6189,593;  177,537;57855,563;10,42348
 760,40; 6167,570;  169,922;57579,074;10,44720
 760,97; 6155,394;  164,999;57723,739;10,40745
 761,53; 6166,294;  155,922;57343,789;10,50987
 762,10; 6157,655;  151,076;57292,532;10,51177
 762,67; 6223,786;  185,152;57251,505;10,58178
 763,24; 6138,071;  139,999;56834,324;10,57967
 763,80; 6184,663;  175,768;56922,450;10,58898
 764,37; 6202,025;  173,691;56863,654;10,63387
 764,94; 6167,617;  151,460;56497,550;10,67715
 765,50; 6178,748;  150,306;56357,600;10,72537
 766,07; 6237,879;  183,306;56502,265;10,75051
 766,64; 6173,471;  152,306;56097,161;10,76268
 767,21; 6224,064;  159,229;55951,519;10,87038
 767,77; 6255,810;  174,690;55901,877;10,91230
 768,34; 6229,018;  178,460;55864,157;10,86555
 768,91; 6246,610;  175,306;55639,361;10,94638
 769,47; 6256,587;  170,690;55669,488;10,96582
 770,04; 6267,487;  172,690;55514,076;11,01309
 770,61; 6230,849;  158,306;55308,203;11,01098
 771,18; 6247,672;  157,229;55100,407;11,08499
 771,74; 6285,034;  166,229;55379,457;11,08214
 772,31; 6280,857;  170,075;55027,583;11,13937
 772,88; 6266,450;  153,228;54794,864;11,18784
 773,44; 6259,427;  156,998;54736,452;11,18082
 774,01; 6313,404;  174,382;54817,810;11,23469
 774,58; 6264,381;  152,690;54404,091;11,26550
 775,14; 6386,896;  148,459;54570,064;11,46316
 775,71; 6358,027;  157,613;54452,190;11,41995
 776,27; 6388,389;  192,074;54324,163;11,44666
 776,84; 6446,289;  205,459;54352,059;11,52580
 777,41; 6378,573;  164,690;54165,263;11,50707
 777,97; 6403,473;  159,766;53852,236;11,62865
 778,54; 6433,912;  173,766;53878,286;11,65665
 779,11; 6461,812;  188,843;53938,182;11,67078
 779,67; 6490,097;  154,612;53826,770;11,80404
 780,24; 6496,612;  170,766;53552,128;11,85029
 780,80; 6501,512;  190,766;53612,563;11,81306
 781,37; 6516,105;  180,228;53636,305;11,85249
 781,94; 6485,774;  177,381;53266,047;11,88275
 782,50; 6557,674;  181,304;53166,943;12,03415
 783,07; 6561,344;  199,612;53355,377;11,96809
 783,63; 6549,321;  166,997;52979,735;12,08482
 784,20; 6566,144;  196,920;52943,862;12,07506
 784,77; 6539,121;  181,766;52760,296;12,09116
 785,33; 6522,098;  160,458;52636,731;12,12289
 785,90; 6580,998;  185,073;52458,935;12,23542
 786,46; 6607,667;  202,612;52370,446;12,27779
 787,03; 6592,337;  169,150;52270,804;12,32818
 787,59; 6579,621;  165,919;52061,469;12,35887
 788,16; 6624,368;  199,073;51929,442;12,42074
 788,73; 6644,268;  189,842;52016,799;12,45380
 789,29; 6629,706;  177,919;51517,157;12,56697
 789,86; 6650,145;  185,073;51382,207;12,62780
 790,42; 6659,506;  196,611;51263,641;12,65571
 790,99; 6622,868;  204,919;50884,384;12,66381
 791,55; 6637,153;  171,381;50893,510;12,74744
 792,12; 6688,745;  188,688;50885,099;12,82153
 792,68; 6660,876;  181,611;50502,841;12,87581
 793,25; 6679,007;  198,534;50282,891;12,93912
 793,81; 6720,138;  223,150;50029,248;13,04456
 794,38; 6597,807;  155,073;49790,991;12,97998
 794,94; 6647,476;  167,765;49634,194;13,09921
 795,51; 6653,069;  199,996;49369,167;13,12423
 796,07; 6646,661;  187,149;49146,679;13,19357
 796,64; 6686,254;  197,611;49200,806;13,24126
 797,20; 6654,538;  196,149;48710,317;13,31238
 797,77; 6583,131;  177,457;48424,059;13,27694
 798,33; 6612,492;  181,534;48243,648;13,38052
 798,90; 6666,393;  215,149;48115,313;13,46810
 799,46; 6629,831;  193,918;47604,747;13,57477
 800,03; 6625,654;  191,303;47530,259;13,59209
 800,59; 6651,016;  211,226;47354,386;13,66007
 801,15; 6636,916;  197,457;47155,820;13,71313
 801,72; 6649,893;  201,995;46745,793;13,85340
 802,28; 6611,793;  226,610;46471,458;13,80734
 802,85; 6572,386;  185,380;46208,431;13,87784
 803,41; 6599,747;  200,380;46081,404;13,94774
 803,98; 6575,955;  191,995;45668,993;14,03778
 804,54; 6554,240;  191,918;45317,273;14,09922
 805,11; 6571,217;  203,456;45132,862;14,17281
 805,67; 6631,271;  209,149;45126,065;14,29778
 806,23; 6517,325;  202,456;44598,500;14,22394
 806,80; 6560,148;  216,995;44522,627;14,31681
 807,36; 6532,048;  226,764;44448,061;14,25848
 807,93; 6588,409;  210,994;44300,188;14,46480
 808,49; 6525,463;  193,456;43891,161;14,49048
 809,05; 6536,671;  180,917;43676,519;14,61241
 809,62; 6556,648;  205,840;43616,722;14,62953
 810,18; 6550,010;  211,840;43495,388;14,64337
 810,74; 6528,756;  180,994;43319,130;14,71497
 811,31; 6502,579;  190,686;43000,333;14,74409
 811,87; 6576,095;  189,071;42825,999;14,98003
 812,44; 6600,764;  217,763;42907,895;14,95194
 813,00; 6529,357;  160,840;42582,329;15,01248
 813,56; 6563,410;  209,532;42636,764;14,97594
 814,13; 6586,003;  189,609;42528,737;15,10752
 814,69; 6567,518;  207,378;42280,094;15,11702
 815,25; 6526,880;  182,994;41868,221;15,21855
 815,82; 6582,703;  213,301;41759,194;15,33100
 816,38; 6597,219;  226,917;41568,475;15,40895
 816,94; 6535,888;  191,148;41306,679;15,43149
 817,51; 6517,557;  195,378;41018,805;15,48664
 818,07; 6518,842;  191,763;40841,778;15,56476
 818,63; 6527,896;  214,070;40634,367;15,62043
 819,20; 6571,181;  211,993;40504,109;15,78271
 819,76; 6465,850;  182,840;40159,390;15,71674
 820,32; 6536,827;  230,070;39991,362;15,86155
 820,89; 6527,573;  228,916;39864,489;15,89142
 821,45; 6487,858;  188,455;39470,539;16,03633
 822,01; 6524,143;  219,762;39298,435;16,13253
 822,57; 6488,043;  209,147;39110,562;16,14053
 823,14; 6450,404;  177,301;38865,381;16,21456
 823,70; 6493,074;  185,608;38578,200;16,42886
 824,26; 6473,128;  183,839;38519,942;16,40565
 824,82; 6538,028;  216,608;38241,146;16,62458
 825,39; 6469,313;  188,608;37952,965;16,63130
 825,95; 6523,290;  226,608;38006,015;16,66697
 826,51; 6511,728;  205,531;37656,065;16,83874
 827,08; 6530,551;  234,993;37662,192;16,82081
 827,64; 6550,221;  210,070;37422,934;17,03752
 828,20; 6492,121;  194,146;37206,061;17,01607
 828,76; 6561,021;  211,531;37131,957;17,19777
 829,32; 6537,767;  215,993;37032,007;17,17126
 829,89; 6482,590;  187,608;36886,826;17,15291
 830,45; 6565,413;  198,839;36792,030;17,39825
 831,01; 6555,390;  192,146;36541,926;17,50559
 831,57; 6570,137;  203,838;36494,745;17,54241
 832,14; 6588,960;  197,531;36434,872;17,63769
 832,70; 6552,322;  193,377;36176,383;17,67208
 833,26; 6515,991;  182,608;36109,125;17,62871
 833,82; 6553,968;  203,608;36114,637;17,68359
 834,38; 6610,099;  193,992;36034,379;17,90189
 834,95; 6569,614;  188,684;35960,429;17,83791
 835,51; 6579,591;  163,300;35743,171;18,03349
 836,07; 6626,799;  205,377;35826,990;18,02676
 836,63; 6712,853;  219,607;35769,502;18,26516
 837,19; 6672,061;  200,223;35734,936;18,21272
 837,75; 6632,576;  178,530;35326,217;18,36265
 838,32; 6756,707;  221,838;35391,036;18,58123
 838,88; 6755,069;  213,992;35429,547;18,57440
 839,44; 6758,969;  195,607;35383,828;18,65216
 840,00; 6777,638;  193,145;35300,416;18,75535
 840,56; 6723,000;  177,376;34929,159;18,83536
 841,12; 6728,054;  184,376;34969,208;18,81187
 841,68; 6735,185;  176,991;34795,104;18,94440
 842,25; 6818,931;  183,607;34791,231;19,17301
 842,81; 6761,062;  184,222;34528,358;19,14982
 843,37; 6827,731;  179,530;34535,100;19,35116
 843,93; 6822,939;  189,299;34427,381;19,37503
 844,49; 6892,531;  196,683;34570,739;19,47937
 845,05; 6822,278;  174,299;34285,865;19,48893
 845,61; 6920,947;  197,837;34300,377;19,71440
 846,17; 6928,155;  203,453;34175,888;19,79458
 846,73; 6984,978;  201,376;34118,400;20,00058
 847,29; 6922,570;  167,914;33944,911;19,99780
 847,86; 6973,855;  183,683;33806,576;20,19508
 848,42; 6948,217;  174,298;33646,780;20,23727
 848,98; 6992,963;  192,606;33604,445;20,35313
 849,54; 7054,863;  178,606;33553,418;20,60313
 850,10; 7046,532;  185,760;33496,237;20,59644
 850,66; 7059,894;  174,991;33290,518;20,79056
 851,22; 7070,332;  178,375;33204,645;20,86811
 851,78; 7142,694;  224,298;33336,233;20,89396
 852,34; 7090,979;  190,375;33132,283;20,94780
 852,90; 7130,648;  181,683;32996,487;21,17631
 853,46; 7148,317;  175,837;32732,844;21,41622
 854,02; 7117,448;  189,836;32811,048;21,23653
 854,58; 7126,810;  189,144;32430,252;21,51808
 855,14; 7117,479;  173,990;32404,071;21,54351
 855,70; 7119,226;  158,682;32230,736;21,70283
 856,26; 7139,356;  211,067;32123,171;21,71054
 856,82; 7112,872;  174,913;31991,836;21,80588
 857,38; 7137,695;  205,067;31852,194;21,90603
 857,94; 7127,980;  190,375;31728,244;21,99770
 858,50; 7136,111;  196,605;31605,909;22,09379
 859,06; 7101,242;  188,759;31444,190;22,11610
 859,62; 7138,988;  201,913;31434,162;22,21126
 860,18; 7090,811;  186,221;31209,059;22,25648
 860,74; 7124,711;  159,374;31106,108;22,50750
 861,30; 7086,996;  167,913;30862,466;22,54173
 861,86; 7133,819;  200,143;30874,516;22,60413
 862,42; 7104,719;  191,605;30763,720;22,61248
 862,98; 7181,081;  215,759;30695,693;22,85216
 863,54; 7153,365;  193,605;30469,589;22,98773
 864,10; 7143,035;  202,066;30485,715;22,91985
 864,66; 7099,704;  180,143;30348,996;22,93611
 865,22; 7163,450;  193,143;30149,200;23,26844
 865,78; 7126,350;  200,758;30062,557;23,19215
 866,34; 7156,327;  180,989;29998,992;23,39304
 866,90; 7184,689;  198,528;29844,119;23,56560
 867,45; 7166,666;  202,143;29692,169;23,61654
 868,01; 7115,951;  189,451;29580,757;23,56649
 868,57; 7125,543;  201,604;29330,576;23,76994
 869,13; 7082,905;  185,374;29273,088;23,71287
 869,69; 7112,805;  186,066;29054,753;23,99395
 870,25; 7103,474;  177,758;29026,033;24,00738
 870,81; 7129,374;  195,220;28923,930;24,13667
 871,37; 7143,275;  188,604;28855,364;24,26040
 871,93; 7127,867;  197,066;28634,645;24,37198
 872,49; 7048,844;  199,296;28421,848;24,26977
 873,04; 7060,744;  186,296;28266,898;24,48113
 873,60; 7109,490;  175,835;28135,871;24,79845
 874,16; 7095,621;  196,065;28037,767;24,78137
 874,72; 7115,390;  186,065;27980,383;24,93073
 875,28; 7110,852;  199,219;27898,306;24,95257
 875,84; 7123,390;  192,988;27795,690;25,10769
 876,40; 7165,544;  194,296;27772,921;25,27772
 876,95; 7107,083;  200,681;27822,229;25,00367
 877,51; 7193,621;  217,065;27694,537;25,39009
 878,07; 7229,621;  224,527;27733,767;25,46451
 878,63; 7217,083;  188,681;27701,537;25,54588
 879,19; 7309,237;  207,065;27796,152;25,74268
 879,75; 7354,313;  197,988;27824,075;25,90423
 880,30; 7387,929;  193,527;27801,613;26,05904
 880,86; 7477,160;  224,296;27964,767;26,14542
 881,42; 7460,544;  184,450;27976,460;26,18053
 881,98; 7563,467;  204,604;28067,844;26,41065
 882,54; 7555,313;  194,758;28094,075;26,38257
 883,09; 7606,621;  202,912;28297,767;26,35255
 883,65; 7672,775;  186,373;28301,690;26,62749
 884,21; 7748,237;  226,219;28517,075;26,58816
 884,77; 7805,006;  183,604;28544,998;26,87245
 885,32; 7847,006;  193,527;28728,152;26,82173
 885,88; 7943,929;  231,527;28857,075;26,94237
 886,44; 7997,698;  216,142;29003,306;27,03134
 887,00; 8036,237;  214,219;28954,998;27,21575
 887,56; 8162,544;  196,142;29076,998;27,58368
 888,11; 8100,390;  203,373;29161,690;27,27029
 888,67; 8269,390;  228,373;29329,075;27,63170
 889,23; 8236,083;  210,835;29251,229;27,63478
 889,79; 8233,467;  177,296;29067,229;27,88574
 890,34; 8307,467;  191,758;29042,460;28,13002
 890,90; 8388,775;  240,912;29223,383;28,11307
 891,46; 8341,313;  190,450;29129,537;28,16559
 892,01; 8387,621;  209,912;29186,537;28,22175
 892,57; 8415,929;  225,296;28998,613;28,46607
 893,13; 8357,160;  187,373;28803,767;28,54932
 893,69; 8384,390;  198,142;28879,998;28,54156
 894,24; 8363,544;  212,450;28583,844;28,72997
 894,80; 8355,083;  222,450;28485,537;28,77475
 895,36; 8329,006;  201,988;28314,306;28,90910
 895,91; 8326,083;  204,373;28161,460;29,05063
 896,47; 8333,852;  217,758;27993,690;29,21988
 897,03; 8307,160;  205,604;27816,075;29,34233
 897,58; 8277,006;  218,681;27736,383;29,28415
 898,14; 8256,929;  219,142;27556,998;29,40167
 898,70; 8188,698;  180,373;27407,921;29,41258
 899,25; 8240,467;  199,296;27361,537;29,60423
 899,81; 8237,083;  221,065;27093,998;29,82934
 900,37; 8220,390;  185,065;27018,152;29,94559
 900,92; 8231,006;  205,835;27040,460;29,90603
 901,48; 8213,852;  206,219;26798,306;30,11284
 902,03; 8193,698;  197,758;26693,306;30,17843
 902,59; 8179,775;  199,219;26603,460;30,22452
 903,15; 8236,852;  219,296;26526,690;30,47643
 903,70; 8125,698;  209,758;26234,690;30,41676
 904,26; 8165,237;  193,835;26082,460;30,79114
 904,82; 8171,160;  205,142;26039,921;30,83447
 905,37; 8143,544;  208,296;25973,998;30,79772
 905,93; 8123,544;  197,912;25707,844;31,06881
 906,48; 8135,313;  212,835;25742,998;31,03184
 907,04; 8131,467;  216,604;25678,613;31,08499
 907,60; 8076,160;  191,373;25428,844;31,24238
 908,15; 8064,698;  184,835;25272,306;31,40956
 908,71; 8092,775;  231,604;25234,690;31,44080
 909,26; 8065,698;  192,065;25031,844;31,69768
 909,82; 8052,313;  224,604;24928,075;31,68668
 910,37; 8042,313;  237,988;24893,998;31,65283
 910,93; 7983,852;  189,681;24636,075;31,88270
 911,48; 7951,775;  195,373;24517,844;31,88986
 912,04; 7913,544;  197,142;24376,460;31,91323
 912,60; 8001,544;  214,373;24419,075;32,17214
 913,15; 7948,852;  198,373;24258,383;32,21312
 913,71; 7910,313;  199,450;23993,460;32,40674
 914,26; 7903,621;  182,681;23998,306;32,41964
 914,82; 7896,160;  205,065;23865,537;32,50609
 915,37; 7875,467;  199,065;23749,690;32,59532
 915,93; 7936,467;  223,065;23686,690;32,87387
 916,48; 7935,929;  194,450;23544,921;33,15342
 917,04; 7910,006;  213,373;23499,767;33,05206
 917,59; 7935,852;  229,450;23373,229;33,29794
 918,15; 7850,160;  174,835;23148,844;33,40873
 918,70; 7921,390;  194,604;23104,690;33,72657
 919,26; 7879,775;  202,912;22966,690;33,72403
 919,81; 7867,852;  188,988;22808,460;33,94802
 920,37; 7875,390;  197,373;22743,998;34,05395
 920,92; 7845,313;  208,681;22622,460;34,07115
 921,48; 7776,621;  183,604;22437,075;34,12060
 922,03; 7838,544;  192,219;22414,767;34,40796
 922,59; 7763,390;  193,912;22213,383;34,37630
 923,14; 7778,775;  188,065;22091,075;34,65601
 923,69; 7800,237;  212,758;22098,613;34,66841
 924,25; 7834,929;  210,065;22011,767;34,97371
 924,80; 7771,544;  206,219;21805,690;35,02551
 925,36; 7769,083;  201,912;21681,998;35,22877
 925,91; 7679,237;  198,450;21559,383;35,02088
 926,47; 7732,083;  184,296;21506,537;35,39866
 927,02; 7743,160;  220,373;21434,613;35,46102
 927,57; 7753,929;  198,835;21321,690;35,76739
 928,13; 7694,698;  192,373;21151,229;35,79549
 928,68; 7676,237;  196,912;21097,767;35,78478
 929,24; 7641,467;  178,142;20889,229;36,03541
 929,79; 7639,852;  193,296;20788,152;36,15736
 930,34; 7584,852;  210,527;20717,690;35,95975
 930,90; 7577,083;  193,681;20614,229;36,15673
 931,45; 7606,852;  205,604;20613,383;36,26680
 932,01; 7575,698;  219,527;20495,229;36,28072
 932,56; 7528,313;  221,681;20289,844;36,40908
 933,11; 7550,313;  220,373;20363,998;36,38839
 933,67; 7515,852;  194,450;20132,844;36,72012
 934,22; 7515,160;  202,988;20048,383;36,84568
 934,77; 7453,467;  229,373;19866,844;36,78729
 935,33; 7473,698;  219,527;19809,613;37,02981
 935,88; 7423,237;  219,296;19730,844;36,92142
 936,43; 7394,929;  201,219;19653,537;36,98125
 936,99; 7419,698;  206,296;19452,844;37,47894
 937,54; 7333,621;  198,835;19326,383;37,30110
 938,09; 7322,929;  212,681;19282,921;37,28452
 938,65; 7363,621;  208,835;19163,229;37,74738
 939,20; 7304,237;  183,681;19059,613;37,72293
 939,75; 7295,467;  187,142;18936,383;37,91260
 940,31; 7262,006;  182,065;18821,229;37,98422
 940,86; 7291,390;  214,988;18885,537;37,90142
 941,41; 7301,237;  238,065;18738,690;38,17801
 941,96; 7243,313;  195,527;18626,998;38,23779
 942,52; 7248,775;  203,604;18543,998;38,41341
 943,07; 7257,006;  187,219;18418,921;38,77744
 943,62; 7191,467;  193,065;18278,075;38,69725
 944,18; 7213,006;  183,758;18282,690;38,83791
 944,73; 7148,160;  196,142;18154,306;38,71230
 945,28; 7120,083;  172,296;17965,460;39,04751
 945,83; 7139,390;  203,681;17993,383;38,98722
 946,39; 7139,467;  188,835;17922,921;39,19363
 946,94; 7125,775;  218,065;17828,613;39,22484
 947,49; 7092,160;  195,835;17714,998;39,36447
 948,04; 7078,698;  211,373;17702,229;39,26237
 948,59; 7115,929;  214,142;17577,998;39,74801
 949,15; 7059,390;  182,142;17494,537;39,72442
 949,70; 7050,083;  196,450;17355,613;39,94153
 950,25; 7041,698;  218,835;17256,998;40,04459
 950,80; 6999,160;  176,373;17171,383;40,14582
 951,36; 6995,390;  168,219;17084,229;40,35923
 951,91; 6993,775;  213,373;17105,383;40,13970
 952,46; 6928,544;  168,296;16940,383;40,30654
 953,01; 6995,775;  213,450;16969,537;40,47678
 953,56; 6916,852;  186,296;16782,229;40,55545
 954,11; 6924,852;  206,219;16699,075;40,73662
 954,67; 6898,621;  199,681;16670,383;40,67186
 955,22; 6849,313;  179,296;16465,537;40,95492
 955,77; 6845,083;  217,219;16507,460;40,68610
 956,32; 6861,160;  228,912;16374,152;41,07866
 956,87; 6814,544;  193,219;16234,537;41,27669
 957,42; 6820,929;  196,604;16147,921;41,52839
 957,98; 6773,775;  190,219;16069,690;41,45954
 958,53; 6810,698;  215,296;15981,306;41,83305
 959,08; 6785,237;  189,450;15866,767;42,07216
 959,63; 6772,006;  192,912;15839,690;42,04760
 960,18; 6736,929;  211,604;15817,998;41,81187
 960,73; 6718,467;  206,219;15708,998;42,00697
 961,28; 6692,160;  173,527;15596,383;42,26605
 961,83; 6678,467;  212,450;15509,767;42,26896
 962,39; 6640,852;  185,142;15445,383;42,30411
 962,94; 6647,006;  203,450;15362,460;42,50644
 963,49; 6589,006;  201,604;15218,998;42,53336
 964,04; 6619,006;  216,373;15167,998;42,82232
 964,59; 6567,390;  170,988;15042,306;43,01167
 965,14; 6573,621;  203,219;14919,690;43,28756
 965,69; 6547,237;  204,604;14921,383;43,09797
 966,24; 6510,313;  200,681;14837,690;43,10739
 966,79; 6515,775;  203,142;14689,690;43,57582
 967,34; 6445,237;  177,296;14545,690;43,62311
 967,89; 6421,467;  200,219;14586,460;43,24443
 968,44; 6416,544;  197,219;14457,844;43,61187
 968,99; 6408,621;  196,835;14406,152;43,71629
 969,55; 6403,544;  205,219;14294,229;43,99404
 970,10; 6373,390;  199,296;14181,921;44,15547
 970,65; 6395,390;  209,604;14121,613;44,46364
 971,20; 6297,698;  188,527;13963,075;44,35115
 971,75; 6251,929;  183,604;13836,690;44,44654
 972,30; 6254,852;  200,604;13804,306;44,50442
 972,85; 6182,929;  183,219;13695,998;44,40026
 973,40; 6165,390;  187,065;13563,998;44,69130
 973,95; 6209,083;  199,450;13507,537;45,15775
 974,50; 6162,544;  208,912;13482,460;44,85336
 975,05; 6107,313;  213,912;13362,460;44,82169
 975,60; 6138,237;  220,219;13291,921;45,27350
 976,15; 6094,313;  192,758;13173,460;45,46407
 976,70; 6085,006;  209,681;13126,537;45,48572
 977,25; 6027,544;  209,758;13021,229;45,41076
 977,80; 5979,313;  200,065;12905,152;45,48767
 978,35; 5956,929;  216,296;12706,383;45,96151
 978,89; 5911,237;  184,681;12649,152;45,94303
 979,44; 5902,006;  197,912;12630,229;45,88118
 979,99; 5883,160;  182,142;12482,075;46,34999
 980,54; 5855,698;  231,604;12378,998;46,29877
 981,09; 5868,621;  211,527;12387,921;46,45952
 981,64; 5730,852;  206,065;12196,767;46,07559
 982,19; 5784,390;  236,527;12149,537;46,56979
 982,74; 5719,698;  223,527;12002,613;46,66042
 983,29; 5665,852;  186,988;11853,537;46,96216
 983,84; 5610,852;  221,219;11753,460;46,73535
 984,39; 5595,006;  228,373;11671,075;46,90005
 984,94; 5489,390;  183,142;11576,844;46,57176
 985,49; 5505,467;  225,604;11529,844;46,70693
 986,03; 5531,006;  225,604;11450,229;47,26574
 986,58; 5449,467;  239,988;11250,229;47,31485
 987,13; 5371,313;  214,065;11175,306;47,04986
 987,68; 5357,775;  211,988;11077,998;47,35673
 988,23; 5304,852;  219,835;10988,613;47,22000
 988,78; 5253,698;  203,296;10897,075;47,22748
 989,33; 5224,698;  207,219;10798,613;47,37317
 989,88; 5195,313;  232,681;10727,921;47,28460
 990,42; 5102,698;  205,835;10547,921;47,34889
 990,97; 5092,775;  206,604;10462,921;47,64060
 991,52; 5074,852;  232,604;10373,613;47,74917
 992,07; 4994,544;  224,450;10284,998;47,41386
 992,62; 4978,929;  226,450;10176,229;47,76467
 993,17; 4959,083;  219,450;10067,152;48,12933
 993,71; 4876,006;  214,219; 9945,690;47,90423
 994,26; 4820,390;  205,373; 9821,229;47,99383
 994,81; 4832,006;  225,988; 9769,537;48,26315
 995,36; 4756,544;  202,758; 9625,921;48,32545
 995,91; 4754,621;  213,142; 9565,998;48,55714
 996,45; 4718,237;  221,604; 9503,152;48,44701
 997,00; 4680,775;  195,988; 9308,306;49,21675
 997,55; 4676,160;  209,450; 9277,075;49,25997
 998,10; 4657,698;  237,835; 9150,152;49,59275
 998,65; 4617,775;  207,912; 9094,998;49,62103
 999,19; 4576,775;  218,912; 8972,613;49,78309
 999,74; 4533,698;  245,912; 8893,844;49,58164
1000,29; 4505,698;  226,450; 8783,998;50,00554
1000,84; 4413,929;  212,296; 8668,152;49,68903
1001,38; 4408,929;  206,758; 8534,998;50,45689
1001,93; 4428,929;  231,912; 8482,152;50,87145
1002,48; 4327,621;  199,450; 8377,690;50,47750
1003,03; 4326,390;  223,373; 8314,537;50,70986
1003,57; 4291,237;  232,065; 8237,306;50,70642
1004,12; 4244,467;  239,527; 8084,075;51,05381
1004,67; 4205,390;  211,835; 8030,613;51,07646
1005,22; 4153,006;  206,681; 7867,152;51,51543
1005,76; 4055,929;  204,065; 7782,613;50,82588
1006,31; 4059,313;  223,527; 7702,460;51,28789
1006,86; 4000,313;  206,527; 7560,460;51,58854
1007,40; 3963,313;  192,835; 7457,998;51,89806
1007,95; 3919,621;  210,527; 7384,075;51,70516
1008,50; 3857,929;  213,142; 7259,690;51,72443
1009,04; 3823,313;  217,219; 7187,383;51,73615
1009,59; 3769,390;  220,450; 7033,460;52,09064
1010,14; 3712,544;  211,450; 6958,613;51,88987
1010,68; 3643,775;  210,219; 6848,767;51,72149
1011,23; 3561,544;  186,065; 6678,844;51,98820
1011,78; 3590,621;  230,835; 6639,306;52,42727
1012,32; 3545,467;  207,450; 6522,613;52,85718
1012,87; 3596,237;  243,681; 6540,537;53,24174
1013,42; 3491,237;  205,912; 6421,537;52,85591
1013,96; 3525,698;  235,604; 6421,460;53,18737
1014,51; 3446,621;  184,988; 6325,460;53,11698
1015,06; 3470,237;  174,604; 6329,613;53,54391
1015,60; 3506,775;  241,065; 6356,767;53,39877
1016,15; 3439,160;  211,604; 6353,229;52,55215
1016,69; 3495,467;  212,912; 6377,998;53,24428
1017,24; 3454,698;  183,373; 6358,690;52,97420
1017,79; 3536,390;  231,450; 6466,921;53,00226
1018,33; 3516,237;  194,758; 6378,383;53,71411
1018,88; 3545,621;  222,912; 6469,075;53,19601
1019,42; 3555,237;  213,527; 6478,383;53,34057
1019,97; 3536,006;  203,142; 6472,767;53,15890
1020,51; 3572,390;  206,604; 6476,075;53,68533
1021,06; 3577,544;  206,835; 6485,767;53,68284
1021,61; 3529,621;  180,835; 6463,306;53,30365
1022,15; 3479,544;  170,450; 6391,767;53,18961
1022,70; 3515,237;  205,450; 6440,229;53,08587
1023,24; 3468,006;  202,988; 6332,690;53,26552
1023,79; 3493,006;  209,681; 6297,383;53,93373
1024,33; 3445,390;  198,142; 6239,460;53,75066
1024,88; 3415,006;  204,988; 6135,767;54,12472
1025,42; 3363,237;  204,296; 6033,844;54,18843
1025,97; 3317,313;  210,296; 5962,613;54,01332
1026,51; 3258,544;  171,296; 5839,613;54,46498
1027,06; 3246,852;  200,219; 5779,690;54,60433
1027,60; 3252,313;  211,912; 5684,613;55,55577
1028,15; 3172,083;  214,142; 5623,998;54,67688
1028,69; 3091,698;  174,912; 5497,998;54,79502
1029,24; 3085,621;  201,988; 5459,383;54,84909
1029,78; 3019,698;  197,065; 5329,613;54,99476
1030,33; 2971,390;  183,988; 5216,767;55,38495
1030,87; 2964,313;  193,988; 5188,767;55,46442
1031,42; 2883,467;  185,604; 5083,229;55,08514
1031,96; 2877,160;  209,142; 5011,229;55,55954
1032,51; 2820,467;  186,604; 4911,383;55,74575
1033,05; 2812,775;  202,681; 4911,152;55,43401
1033,60; 2742,083;  177,065; 4727,383;56,37008
1034,14; 2740,852;  201,219; 4712,537;56,29470
1034,69; 2683,852;  197,681; 4653,152;55,80041
1035,23; 2662,544;  194,296; 4593,306;56,10918
1035,77; 2655,160;  193,373; 4508,306;57,05272
1036,32; 2579,544;  180,065; 4440,383;56,32160
1036,86; 2586,390;  193,373; 4380,229;57,15548
1037,41; 2538,390;  205,527; 4313,613;56,78711
1037,95; 2488,544;  175,835; 4243,998;56,84898
1038,50; 2476,006;  193,681; 4209,613;56,83175
1039,04; 2448,698;  202,835; 4177,152;56,50942
1039,58; 2422,237;  183,604; 4077,460;57,49141
1040,13; 2408,929;  190,835; 4016,460;57,97992
1040,67; 2407,160;  219,912; 4009,306;57,72026
1041,21; 2359,006;  215,604; 3914,537;57,94650
1041,76; 2275,006;  177,373; 3831,844;57,39908
1042,30; 2278,467;  199,835; 3784,229;57,99119
1042,85; 2230,083;  198,450; 3713,613;57,79625
1043,39; 2219,313;  184,527; 3681,075;58,19415
1043,93; 2203,775;  213,296; 3622,537;58,38482
1044,48; 2168,621;  210,450; 3578,998;58,13101
1045,02; 2122,237;  192,296; 3519,075;58,01228
1045,56; 2118,621;  214,373; 3495,767;58,03168
1046,11; 2091,929;  203,835; 3438,767;58,36580
1046,65; 2070,006;  203,450; 3395,613;58,47306
1047,19; 2035,544;  197,373; 3338,152;58,52597
1047,74; 1980,775;  179,219; 3270,767;58,27358
1048,28; 1976,160;  199,450; 3236,844;58,49453
1048,82; 1996,160;  216,604; 3207,460;59,49989
1049,37; 1950,775;  199,373; 3158,921;59,17802
1049,91; 1897,929;  188,065; 3091,998;58,88096
1050,45; 1896,544;  215,988; 3099,152;58,28861
1050,99; 1843,237;  205,450; 3019,306;58,20435
1051,54; 1835,083;  190,835; 2965,998;59,24869
1052,08; 1821,698;  216,835; 2957,383;58,55995
1052,62; 1804,621;  222,758; 2899,921;59,08729
1053,16; 1757,390;  196,296; 2822,844;59,43520
1053,71; 1754,390;  213,912; 2812,075;59,29107
1054,25; 1742,083;  212,681; 2788,383;59,37806
1054,79; 1690,929;  209,142; 2740,229;58,54350
1055,33; 1673,237;  190,527; 2662,075;59,99113
1055,88; 1658,390;  213,142; 2666,075;58,91919
1056,42; 1657,621;  232,296; 2621,613;59,65407
1056,96; 1629,390;  214,988; 2586,844;59,63271
1057,50; 1599,621;  207,527; 2526,075;60,04164
1058,05; 1572,390;  212,296; 2490,152;59,70941
1058,59; 1567,006;  228,219; 2451,075;60,22822
1059,13; 1524,160;  190,065; 2393,383;60,54935
1059,67; 1534,544;  219,681; 2382,075;60,80591
1060,21; 1505,237;  211,219; 2329,613;61,08482
1060,76; 1504,621;  218,758; 2326,767;60,99894
1061,30; 1490,467;  225,527; 2294,229;61,14658
1061,84; 1448,237;  209,681; 2231,537;61,25836
1062,38; 1402,698;  201,988; 2182,229;60,63454
1062,92; 1448,313;  232,681; 2193,229;62,00474
1063,46; 1389,313;  229,988; 2154,690;60,23400
1064,01; 1376,237;  212,988; 2121,075;60,96412
1064,55; 1362,775;  215,604; 2085,306;61,35583
1065,09; 1308,313;  182,527; 2059,537;59,97766
1065,63; 1365,775;  240,296; 2079,075;61,20795
1066,17; 1339,160;  231,912; 2047,921;60,97149
1066,71; 1327,698;  231,450; 2014,690;61,47506
1067,25; 1288,852;  206,142; 1967,767;61,46085
1067,80; 1301,698;  224,912; 1983,152;61,24228
1068,34; 1295,929;  240,219; 1968,690;61,07765
1068,88; 1266,160;  209,373; 1898,229;62,57411
1069,42; 1284,313;  240,373; 1907,921;62,60332
1069,96; 1229,083;  201,681; 1855,537;62,12162
1070,50; 1244,237;  235,527; 1860,767;62,06526
1071,04; 1198,083;  205,450; 1809,690;61,87556
1071,58; 1194,775;  209,065; 1805,537;61,74303
1072,12; 1177,006;  209,296; 1764,767;62,21328
1072,66; 1189,237;  209,604; 1749,306;63,62483
1073,21; 1177,160;  224,604; 1761,921;61,96221
1073,75; 1149,621;  223,219; 1719,383;61,91850
1074,29; 1144,390;  234,296; 1678,921;62,99865
1074,83; 1146,621;  232,219; 1696,460;62,44889
1075,37; 1131,390;  217,065; 1653,998;63,63033
1075,91; 1109,544;  230,219; 1650,306;61,92052
1076,45; 1091,390;  213,835; 1621,383;62,34642
1076,99; 1089,621;  237,758; 1612,613;61,96021
1077,53; 1052,160;  203,912; 1554,383;62,81127
1078,07; 1060,083;  226,450; 1560,690;62,47995
1078,61; 1049,852;  223,219; 1544,767;62,55033
1079,15; 1023,544;  205,988; 1512,613;62,57004
1079,69; 1024,544;  221,296; 1515,613;62,05959
1080,23; 1024,852;  240,296; 1496,075;62,47563
1080,77; 1048,083;  237,988; 1468,075;65,85669
1081,31;  982,313;  209,604; 1437,460;62,93163
1081,85;  994,544;  227,296; 1437,537;63,39634
1082,39;  966,083;  212,450; 1417,537;62,53764
1082,93;  953,621;  225,065; 1404,152;61,78985
1083,47;  912,775;  202,604; 1359,306;61,39621
1084,01;  948,313;  234,527; 1387,306;61,91877
1084,55;  921,621;  215,835; 1337,383;62,92967
1085,09;  915,621;  242,142; 1348,613;60,86728
1085,63;  910,775;  219,604; 1311,921;63,27568
1086,17;  891,621;  215,142; 1312,152;61,66572
1086,71;  887,160;  219,296; 1285,844;62,61916
1087,24;  901,929;  244,142; 1292,383;62,75150
1087,78;  881,467;  216,373; 1268,075;63,23980
1088,32;  853,083;  211,142; 1223,767;63,39369
1088,86;  880,544;  231,296; 1248,075;63,85342
1089,40;  844,775;  224,450; 1219,383;62,34844
1089,94;  833,313;  203,835; 1199,229;63,23915
1090,48;  837,160;  232,065; 1192,229;63,01992
1091,02;  827,390;  226,835; 1177,383;63,17995
1091,56;  831,390;  232,219; 1157,921;64,72614
1092,10;  805,467;  207,681; 1132,921;64,60878
1092,63;  820,390;  238,296; 1142,767;64,35741
1093,17;  800,852;  230,142; 1128,998;63,49290
1093,71;  795,390;  219,450; 1104,921;65,04338
1094,25;  785,390;  238,450; 1115,075;62,39160
1094,79;  780,237;  223,604; 1085,537;64,57960
1095,33;  768,852;  219,142; 1071,075;64,52501
1095,87;  747,006;  219,758; 1063,998;62,45236
1096,40;  724,775;  207,988; 1035,306;62,46534
1096,94;  732,390;  212,296; 1032,306;63,42538
1097,48;  750,621;  219,835; 1031,306;65,41040
1098,02;  726,929;  226,065; 1014,537;63,52337
1098,56;  683,237;  192,527;  979,921;62,32070
1099,10;  684,852;  193,604;  972,075;63,10421
1099,63;  677,544;  199,065;  959,998;62,88057
1100,17;  676,852;  218,142;  971,229;60,91061
1100,71;  696,467;  230,527;  977,460;62,38050

