
Integration time [ms]: 120,000
Averaging Nr. [scans]: 13
Smoothing Nr. [pixels]: 0
Data measured with spectrometer [name]: 2009305U1
Wave   ;Sample   ;Dark     ;Reference;Reflectance
[nm]   ;[counts] ;[counts] ;[counts] ;[%]

 175,72;  188,341;  198,566;  203,486;-207,84306
 176,32;  220,909;  219,407;  208,673; 0,00000
 176,92;  233,633;  225,488;  238,333;63,40791
 177,52;  252,277;  249,642;  262,106;21,13704
 178,12;  235,679;  222,099;  228,158;224,12548
 178,72;  250,803;  259,021;  245,677; 0,00000
 179,32;  258,203;  244,330;  240,398; 0,00000
 179,92;  236,757;  240,255;  252,059;-29,63339
 180,52;  237,609;  231,723;  249,371;33,35088
 181,12;  240,499;  239,332;  250,633;10,32058
 181,73;  263,541;  258,641;  266,350;63,56391
 182,33;  312,516;  284,028;  295,841;241,15976
 182,93;  253,836;  254,488;  255,469; 0,00000
 183,53;  237,739;  227,174;  226,551; 0,00000
 184,13;  226,607;  237,636;  225,468; 0,00000
 184,73;  252,851;  249,327;  254,503;68,07746
 185,33;  256,682;  226,295;  344,225;25,76729
 185,93;  267,259;  240,752;  352,455;23,72987
 186,53;  274,799;  255,370;  364,379;17,82385
 187,13;  301,447;  264,836;  412,009;24,87615
 187,73;  260,665;  232,522;  362,733;21,61355
 188,33;  258,992;  233,135;  381,478;17,43036
 188,93;  284,762;  240,205;  374,876;33,08567
 189,53;  282,596;  250,277;  378,185;25,26783
 190,13;  298,812;  273,960;  414,815;17,64385
 190,73;  253,090;  215,428;  353,059;27,36495
 191,34;  295,970;  259,511;  384,128;29,25693
 191,94;  265,962;  225,133;  350,519;32,56257
 192,54;  279,205;  248,608;  384,313;22,54645
 193,14;  287,999;  260,220;  390,699;21,28995
 193,74;  284,529;  241,065;  380,441;31,18485
 194,34;  287,160;  239,375;  385,056;32,80157
 194,94;  261,020;  207,681;  342,061;39,69230
 195,54;  219,591;  204,833;  332,974;11,51715
 196,14;  253,602;  217,529;  369,402;23,75172
 196,74;  248,814;  215,678;  347,155;25,20292
 197,34;  235,429;  195,224;  346,549;26,56861
 197,94;  262,377;  229,220;  373,581;22,96781
 198,54;  269,280;  229,683;  379,896;26,36043
 199,14;  251,249;  212,610;  390,008;21,78060
 199,74;  237,074;  198,457;  379,646;21,31323
 200,34;  232,697;  197,842;  390,264;18,11377
 200,94;  263,030;  225,377;  428,974;18,49372
 201,54;  260,269;  216,302;  441,608;19,51434
 202,14;  277,138;  216,227;  462,095;24,77381
 202,74;  269,920;  208,610;  486,930;22,02846
 203,34;  253,441;  196,768;  509,732;18,10840
 203,94;  226,803;  176,997;  522,669;14,40843
 204,54;  304,153;  236,374;  596,561;18,81770
 205,14;  270,158;  198,764;  609,579;17,37850
 205,74;  318,098;  233,383;  705,303;17,95111
 206,34;  293,222;  202,304;  730,183;17,22325
 206,94;  308,774;  217,842;  803,772;15,51923
 207,54;  284,453;  188,535;  818,775;15,21926
 208,14;  315,138;  203,382;  928,042;15,42198
 208,74;  323,081;  204,302; 1008,479;14,77016
 209,34;  349,522;  201,918; 1088,856;16,64191
 209,94;  365,088;  218,995; 1208,459;14,76484
 210,54;  371,601;  213,382; 1299,034;14,57358
 211,14;  387,130;  215,149; 1412,876;14,35894
 211,73;  394,954;  200,840; 1527,244;14,63461
 212,33;  420,743;  217,762; 1648,567;14,18651
 212,93;  418,738;  204,841; 1725,665;14,06455
 213,53;  407,598;  182,687; 1796,194;13,93927
 214,13;  429,847;  191,000; 1874,334;14,18896
 214,73;  439,523;  191,766; 1898,095;14,51988
 215,33;  418,626;  169,995; 1920,998;14,19937
 215,93;  474,112;  197,460; 2050,324;14,93104
 216,53;  445,996;  149,610; 2130,499;14,96230
 217,13;  518,873;  210,844; 2382,397;14,18476
 217,73;  559,224;  177,537; 2579,907;15,88793
 218,33;  563,750;  153,616; 2783,249;15,59663
 218,93;  636,928;  174,774; 3072,845;15,94698
 219,53;  705,883;  189,847; 3389,579;16,12748
 220,13;  740,681;  163,924; 3728,452;16,18044
 220,73;  842,431;  178,149; 4076,196;17,04139
 221,32;  903,696;  187,918; 4495,556;16,61649
 221,92; 1014,345;  189,924; 4912,802;17,45590
 222,52; 1083,301;  173,460; 5400,007;17,40806
 223,12; 1178,700;  183,845; 5767,690;17,81666
 223,72; 1291,140;  197,307; 6192,789;18,24430
 224,32; 1342,721;  197,307; 6643,021;17,77016
 224,92; 1421,539;  179,461; 6989,549;18,23880
 225,52; 1536,522;  194,611; 7395,180;18,63618
 226,12; 1587,726;  188,998; 7768,946;18,45301
 226,72; 1672,132;  170,536; 8113,362;18,90506
 227,31; 1719,719;  153,766; 8520,120;18,71727
 227,91; 1855,767;  188,073; 8949,331;19,03487
 228,51; 1962,849;  180,301; 9448,317;19,23332
 229,11; 2070,747;  176,843; 9856,570;19,56567
 229,71; 2142,423;  171,764;10194,401;19,66208
 230,31; 2242,491;  170,308;10676,345;19,72374
 230,91; 2333,631;  168,915;10982,606;20,01829
 231,51; 2434,580;  160,691;11344,280;20,33238
 232,10; 2537,163;  168,308;11709,875;20,52455
 232,70; 2675,160;  187,451;11933,902;21,17839
 233,30; 2747,636;  192,844;12198,872;21,27924
 233,90; 2814,454;  179,152;12314,399;21,71610
 234,50; 2881,028;  178,614;12487,313;21,95532
 235,10; 2901,308;  173,922;12540,626;22,05427
 235,70; 2942,312;  185,380;12576,880;22,24857
 236,29; 2967,493;  187,687;12620,006;22,35951
 236,89; 2954,687;  167,146;12451,267;22,69223
 237,49; 3022,559;  187,921;12428,441;23,15782
 238,09; 2952,453;  173,381;12143,413;23,21691
 238,69; 2964,196;  196,452;11868,347;23,71289
 239,29; 2868,634;  172,073;11594,147;23,60833
 239,89; 2801,561;  193,146;11243,509;23,60479
 240,48; 2718,348;  167,997;10851,171;23,87260
 241,08; 2599,515;  180,073;10506,454;23,42972
 241,68; 2573,117;  194,920;10155,041;23,87720
 242,28; 2456,251;  174,075; 9827,002;23,64232
 242,88; 2403,057;  192,692; 9558,279;23,60092
 243,48; 2304,887;  204,997; 9258,649;23,19384
 244,07; 2210,585;  193,073; 9013,704;22,87265
 244,67; 2184,789;  196,843; 8945,702;22,72234
 245,27; 2098,954;  196,840; 8755,090;22,22550
 245,87; 2063,623;  195,846; 8680,706;22,01306
 246,47; 1997,520;  175,763; 8629,563;21,54957
 247,06; 1974,390;  184,765; 8722,642;20,96100
 247,66; 1950,034;  174,920; 8733,030;20,74189
 248,26; 1944,402;  226,533; 8884,631;19,84118
 248,86; 1943,402;  199,840; 9152,915;19,47444
 249,46; 1933,986;  160,844; 9355,950;19,28353
 250,05; 1986,005;  191,612; 9730,434;18,81148
 250,65; 1972,597;  162,455;10109,593;18,19762
 251,25; 2047,648;  178,996;10645,299;17,85399
 251,85; 2098,827;  181,531;11169,454;17,44912
 252,44; 2160,360;  152,072;11848,468;17,17015
 253,04; 2248,123;  193,072;12621,735;16,53477
 253,64; 2285,534;  162,070;13290,437;16,17462
 254,24; 2439,026;  200,996;14255,643;15,92377
 254,84; 2572,832;  173,537;15113,027;16,06009
 255,43; 2672,409;  189,533;16061,326;15,64332
 256,03; 2799,317;  184,378;17049,273;15,50522
 256,63; 2936,428;  190,454;18002,256;15,41660
 257,23; 3033,093;  181,069;18779,960;15,33437
 257,82; 3188,196;  194,991;19749,378;15,30708
 258,42; 3266,251;  143,759;20487,823;15,34842
 259,02; 3380,745;  181,303;21265,976;15,17426
 259,62; 3498,985;  176,681;21929,039;15,27330
 260,21; 3592,682;  178,149;22406,204;15,36137
 260,81; 3676,614;  179,767;22744,363;15,49705
 261,41; 3707,636;  167,913;23163,508;15,39305
 262,01; 3844,564;  205,296;23575,771;15,57208
 262,60; 3847,939;  171,223;23768,730;15,58095
 263,20; 3970,807;  175,609;24034,870;15,90660
 263,80; 4040,187;  193,757;24165,397;16,04575
 264,40; 4051,075;  163,758;24242,806;16,14398
 264,99; 4136,249;  192,757;24378,175;16,30525
 265,59; 4187,394;  177,370;24531,325;16,46560
 266,19; 4227,704;  157,219;24711,881;16,57724
 266,78; 4380,241;  210,448;24707,026;17,02194
 267,38; 4329,275;  181,601;24643,801;16,95544
 267,98; 4427,123;  168,987;24696,378;17,36074
 268,58; 4478,171;  176,755;24544,482;17,65210
 269,17; 4495,518;  179,907;24685,766;17,61053
 269,77; 4517,798;  194,838;24352,681;17,89465
 270,37; 4540,641;  161,603;24261,186;18,17060
 270,96; 4605,566;  218,221;24182,565;18,30780
 271,56; 4531,939;  175,684;23785,399;18,45111
 272,16; 4547,944;  178,759;23744,946;18,54006
 272,75; 4604,608;  187,606;23620,727;18,84940
 273,35; 4664,748;  180,145;23609,061;19,14132
 273,95; 4717,279;  177,452;23611,519;19,37277
 274,54; 4694,935;  176,381;23618,060;19,27573
 275,14; 4893,846;  191,222;23949,369;19,79374
 275,74; 4890,447;  161,528;24022,463;19,81866
 276,33; 5057,910;  196,530;24536,164;19,97310
 276,93; 5158,971;  183,612;24931,690;20,10402
 277,53; 5347,241;  180,456;25401,951;20,48564
 278,12; 5488,946;  171,993;25947,094;20,62825
 278,72; 5684,752;  194,148;26541,686;20,83915
 279,32; 5855,723;  173,379;27074,882;21,12278
 279,91; 6060,919;  163,917;27830,945;21,31419
 280,51; 6255,955;  180,918;28378,567;21,54448
 281,11; 6467,814;  191,532;29066,703;21,73591
 281,70; 6650,897;  161,147;29490,844;22,12689
 282,30; 6841,631;  162,838;30132,629;22,28508
 282,90; 6973,050;  176,223;30448,420;22,45238
 283,49; 7258,958;  189,529;31026,545;22,92514
 284,09; 7477,680;  202,993;31411,326;23,31008
 284,69; 7664,395;  203,532;31632,959;23,73846
 285,28; 7834,548;  196,916;31964,227;24,04242
 285,88; 8050,286;  200,528;32207,045;24,52550
 286,47; 8163,456;  181,300;32298,629;24,85311
 287,07; 8344,360;  206,917;32288,091;25,36516
 287,67; 8586,426;  196,382;32424,264;26,03349
 288,26; 8700,583;  178,840;32317,211;26,51579
 288,86; 8969,953;  180,608;32422,612;27,26054
 289,46; 9183,415;  190,840;32469,913;27,85884
 290,05; 9413,823;  173,227;32694,430;28,41407
 290,65; 9729,309;  182,223;32802,000;29,26778
 291,24;10042,017;  193,225;32986,708;30,03277
 291,84;10315,813;  197,377;33070,333;30,78043
 292,44;10598,573;  187,921;33221,662;31,51521
 293,03;10937,234;  235,225;33281,741;32,38468
 293,63;11136,715;  177,146;33394,717;32,99329
 294,22;11388,597;  197,455;33624,593;33,47921
 294,82;11561,404;  181,143;33627,807;34,02510
 295,41;11625,667;  169,532;33204,229;34,67910
 296,01;11792,370;  216,297;33178,647;35,11908
 296,61;11851,409;  195,379;32899,872;35,64045
 297,20;11792,860;  199,451;32447,989;35,95018
 297,80;11872,690;  203,996;32307,093;36,34757
 298,39;11805,827;  170,223;31917,377;36,65086
 298,99;11857,210;  191,452;31719,499;37,00121
 299,58;11814,733;  189,382;31671,372;36,92699
 300,18;11795,872;  215,304;31391,058;37,14607
 300,78;11663,437;  186,995;31025,184;37,21503
 301,37;11762,004;  191,603;31139,854;37,38628
 301,97;11750,310;  196,686;31085,363;37,40408
 302,56;11693,610;  179,300;31033,221;37,31879
 303,16;11716,175;  169,837;30942,470;37,52145
 303,75;11795,655;  192,303;31001,494;37,66198
 304,35;11833,322;  173,845;31192,777;37,58826
 304,94;11833,870;  186,225;31189,287;37,56934
 305,54;11764,619;  190,687;31112,710;37,42941
 306,13;11744,832;  163,922;31005,789;37,54932
 306,73;11672,223;  168,305;30789,068;37,56901
 307,33;11602,439;  193,613;30807,131;37,26728
 307,92;11688,724;  190,148;30903,906;37,43787
 308,52;11763,972;  169,991;31362,304;37,16935
 309,11;11932,097;  176,451;31756,953;37,22438
 309,71;11939,732;  164,450;31904,815;37,09876
 310,30;11977,367;  169,533;32260,817;36,79452
 310,90;12069,828;  192,071;32547,047;36,71076
 311,49;12110,674;  180,455;32650,024;36,74277
 312,09;12094,592;  159,765;32853,300;36,50516
 312,68;12255,752;  205,918;33216,194;36,50328
 313,28;12204,801;  169,917;33305,444;36,32018
 313,87;12169,332;  145,148;33458,233;36,09448
 314,47;12156,104;  173,221;33724,033;35,71563
 315,06;12151,101;  161,148;33804,434;35,63847
 315,66;12172,361;  172,227;34136,223;35,33193
 316,25;12083,945;  145,376;33983,109;35,28182
 316,85;11956,662;  153,688;34066,597;34,80378
 317,44;11958,545;  166,913;34155,625;34,69279
 318,04;11829,540;  152,454;34213,124;34,28320
 318,63;11733,237;  152,459;34291,420;33,92247
 319,22;11709,470;  176,145;34435,703;33,66454
 319,82;11564,002;  171,377;34446,193;33,23905
 320,41;11382,365;  178,069;34370,331;32,76851
 321,01;11348,921;  188,765;34472,177;32,55264
 321,60;11273,100;  178,993;34421,579;32,39857
 322,20;11113,052;  166,918;34366,599;32,00654
 322,79;11026,654;  204,994;34507,016;31,54817
 323,39;10949,944;  173,152;34526,149;31,37075
 323,98;10788,234;  160,302;34479,325;30,96805
 324,58;10670,756;  167,453;34280,041;30,79011
 325,17;10517,518;  175,376;34017,692;30,55979
 325,76;10355,786;  204,378;33861,892;30,16090
 326,36;10132,340;  146,149;33402,353;30,02805
 326,95; 9974,841;  195,608;33158,745;29,66718
 327,55; 9746,610;  157,223;32723,775;29,44551
 328,14; 9523,719;  172,381;32355,358;29,05678
 328,74; 9360,707;  199,915;31895,044;28,90284
 329,33; 9158,179;  191,149;31501,011;28,63963
 329,92; 8831,349;  163,682;30953,339;28,15123
 330,52; 8608,166;  177,074;30271,107;28,01583
 331,11; 8420,422;  177,454;29881,392;27,75042
 331,71; 8175,303;  180,224;29328,791;27,42872
 332,30; 7951,024;  192,225;28872,133;27,05308
 332,89; 7713,179;  199,918;28421,757;26,62215
 333,49; 7498,702;  181,685;27911,250;26,38706
 334,08; 7316,750;  187,147;27490,885;26,11219
 334,68; 7109,100;  178,147;27113,863;25,73146
 335,27; 6973,195;  188,920;26741,703;25,55015
 335,86; 6830,729;  217,685;26456,315;25,20347
 336,46; 6692,677;  193,151;26267,396;24,92700
 337,05; 6554,624;  175,608;25985,381;24,71551
 337,65; 6424,960;  161,454;25945,830;24,29186
 338,24; 6429,500;  227,533;25837,039;24,21744
 338,83; 6314,815;  194,610;25730,996;23,96661
 339,43; 6177,889;  173,838;25713,725;23,50853
 340,02; 6133,280;  173,991;25646,481;23,39500
 340,61; 6106,703;  166,610;25652,467;23,30741
 341,21; 6077,477;  208,607;25652,660;23,06578
 341,80; 5946,876;  176,839;25500,258;22,78538
 342,40; 5926,481;  189,535;25617,832;22,56127
 342,99; 5899,948;  176,303;25801,988;22,33558
 343,58; 5867,025;  183,688;25899,165;22,10084
 344,18; 5869,438;  176,842;26055,200;21,99752
 344,77; 5873,854;  173,530;26327,041;21,79564
 345,36; 5888,918;  156,608;26630,822;21,65243
 345,96; 5915,361;  196,380;26930,253;21,39226
 346,55; 5905,657;  167,075;27206,227;21,22323
 347,14; 5876,600;  158,535;27447,042;20,95411
 347,74; 5979,695;  147,693;27911,065;21,00610
 348,33; 6049,170;  173,770;28553,678;20,70267
 348,92; 6149,919;  177,387;29147,963;20,61586
 349,52; 6190,408;  161,694;29604,805;20,47581
 350,11; 6198,287;  165,529;29679,007;20,44069
 350,70; 6167,045;  169,071;29774,027;20,26003
 351,29; 6048,136;  171,679;29529,091;20,01695
 351,89; 6063,083;  178,912;29546,986;20,03594
 352,48; 5996,849;  158,764;29500,433;19,89691
 353,07; 5961,048;  178,536;29413,506;19,77944
 353,67; 5906,192;  191,156;29345,503;19,60269
 354,26; 5807,076;  180,997;29166,009;19,41030
 354,85; 5793,627;  184,304;28948,268;19,50122
 355,45; 5715,974;  162,069;28706,290;19,45719
 356,04; 5660,153;  180,228;28671,925;19,23341
 356,63; 5618,401;  201,378;28500,515;19,14201
 357,22; 5542,522;  177,372;28328,592;19,05832
 357,82; 5500,397;  177,450;28094,235;19,06719
 358,41; 5469,982;  177,301;27936,001;19,06674
 359,00; 5415,211;  163,453;27779,461;19,01708
 359,60; 5446,178;  188,379;27770,380;19,06243
 360,19; 5328,930;  171,383;27472,443;18,89138
 360,78; 5365,701;  192,608;27334,973;19,05911
 361,37; 5269,526;  169,839;27129,149;18,91624
 361,97; 5250,352;  179,686;27121,395;18,82088
 362,56; 5169,832;  164,837;26800,094;18,79087
 363,15; 5180,191;  194,762;26540,500;18,92309
 363,74; 5094,559;  186,375;26197,561;18,86951
 364,34; 5056,064;  211,453;25831,548;18,90942
 364,93; 4950,238;  172,683;25451,510;18,89943
 365,52; 4855,345;  157,762;25110,931;18,82560
 366,11; 4836,148;  173,992;24784,121;18,94405
 366,71; 4773,546;  167,992;24400,780;19,00547
 367,30; 4743,275;  178,147;24109,118;19,07623
 367,89; 4729,173;  205,227;23947,817;19,05414
 368,48; 4654,363;  184,836;23571,837;19,11116
 369,07; 4584,968;  185,302;23165,873;19,14516
 369,67; 4550,231;  200,067;22951,938;19,12002
 370,26; 4526,080;  173,225;22723,302;19,30306
 370,85; 4496,715;  179,608;22457,040;19,37884
 371,44; 4468,576;  178,455;22204,977;19,47707
 372,03; 4439,847;  159,992;22012,285;19,58538
 372,63; 4373,065;  158,378;21679,734;19,58374
 373,22; 4379,199;  178,148;21352,926;19,83988
 373,81; 4320,548;  145,685;21098,073;19,92547
 374,40; 4302,810;  172,150;20852,402;19,97393
 374,99; 4301,582;  168,839;20697,279;20,13179
 375,59; 4250,320;  163,535;20366,291;20,22885
 376,18; 4313,324;  195,146;20267,060;20,51711
 376,77; 4255,359;  186,147;20074,890;20,45987
 377,36; 4265,212;  201,147;20011,754;20,51459
 377,95; 4248,735;  188,299;19804,594;20,69930
 378,55; 4251,921;  175,765;19619,869;20,96345
 379,14; 4287,275;  177,377;19552,633;21,21209
 379,73; 4265,924;  183,838;19444,639;21,19375
 380,32; 4347,135;  191,532;19524,209;21,49523
 380,91; 4334,210;  159,606;19376,399;21,72373
 381,50; 4342,119;  191,376;19283,270;21,74087
 382,10; 4359,289;  170,763;19182,901;22,03080
 382,69; 4372,617;  163,685;19178,501;22,13501
 383,28; 4404,525;  189,837;19083,910;22,30693
 383,87; 4367,189;  169,145;19021,514;22,26799
 384,46; 4457,446;  171,066;18934,093;22,84482
 385,05; 4509,028;  197,299;19004,150;22,92638
 385,64; 4549,148;  173,145;18894,351;23,37458
 386,24; 4531,026;  161,450;18841,894;23,39118
 386,83; 4607,299;  189,296;18974,211;23,51889
 387,42; 4680,875;  201,530;19118,858;23,67853
 388,01; 4768,548;  193,678;19304,187;23,93903
 388,60; 4883,097;  184,681;19534,238;24,28177
 389,19; 4945,896;  166,291;19748,225;24,40824
 389,78; 5058,092;  170,292;19985,503;24,66691
 390,37; 5251,298;  219,680;20387,425;24,94884
 390,96; 5302,236;  181,219;20597,047;25,08356
 391,56; 5389,797;  179,367;20685,516;25,40911
 392,15; 5461,484;  176,138;20922,122;25,47648
 392,74; 5591,584;  151,286;21074,921;26,00073
 393,33; 5727,810;  166,751;21366,590;26,23161
 393,92; 5884,449;  183,669;21782,382;26,39407
 394,51; 5929,251;  167,597;21961,359;26,43717
 395,10; 6108,444;  199,894;22129,832;26,94285
 395,69; 6198,473;  175,202;22219,013;27,32409
 396,28; 6286,722;  184,353;22308,666;27,58218
 396,87; 6340,465;  197,809;22419,415;27,64272
 397,46; 6412,036;  186,806;22514,758;27,88088
 398,06; 6549,577;  197,648;22831,381;28,06399
 398,65; 6644,114;  184,945;22806,531;28,55312
 399,24; 6781,497;  191,943;22924,937;28,98674
 399,83; 6759,742;  185,851;22983,584;28,83572
 400,42; 6916,066;  205,453;23115,032;29,29173
 401,01; 6955,094;  184,053;23204,831;29,41274
 401,60; 7036,607;  190,878;23218,114;29,72883
 402,19; 7134,872;  210,092;23119,961;30,22619
 402,78; 7175,282;  221,912;23097,963;30,39585
 403,37; 7137,275;  199,195;23029,929;30,38921
 403,96; 7173,396;  196,628;22861,068;30,78288
 404,55; 7247,606;  195,519;22828,880;31,15793
 405,14; 7227,027;  192,721;22595,424;31,39937
 405,73; 7240,179;  195,840;22495,851;31,58895
 406,32; 7355,781;  194,817;22419,585;32,22065
 406,91; 7291,191;  196,945;22119,517;32,36047
 407,50; 7320,179;  196,931;21945,108;32,75331
 408,09; 7265,346;  177,614;21674,887;32,97038
 408,68; 7299,312;  201,992;21586,902;33,18845
 409,27; 7312,173;  178,770;21385,657;33,63720
 409,86; 7334,526;  189,636;21335,382;33,78878
 410,45; 7431,248;  203,500;21245,099;34,34980
 411,04; 7332,586;  212,133;21118,401;34,05894
 411,63; 7322,075;  197,079;20844,197;34,50843
 412,22; 7297,751;  205,100;20669,705;34,65813
 412,81; 7306,932;  218,031;20356,495;35,20080
 413,40; 7265,388;  222,964;20009,573;35,59187
 413,99; 7198,413;  236,730;19781,489;35,61918
 414,58; 7044,569;  190,424;19386,698;35,70560
 415,17; 7112,296;  194,031;19239,594;36,32481
 415,76; 7043,498;  189,100;19141,942;36,16554
 416,35; 7067,984;  186,489;18948,538;36,67774
 416,94; 7185,891;  217,178;19066,084;36,97144
 417,53; 7308,065;  189,493;19216,895;37,41221
 418,12; 7377,682;  193,726;19310,719;37,57890
 418,71; 7569,507;  201,271;19685,420;37,81656
 419,30; 7641,152;  210,573;19751,515;38,02569
 419,89; 7758,678;  195,959;19918,195;38,34615
 420,48; 7904,500;  218,041;20195,948;38,47480
 421,07; 7966,292;  204,042;20301,419;38,62320
 421,66; 8028,498;  182,278;20188,973;39,21798
 422,25; 8003,170;  183,978;20183,328;39,09723
 422,84; 8079,969;  219,980;20075,064;39,58678
 423,43; 8000,965;  191,899;19850,977;39,72244
 424,02; 7995,142;  220,055;19648,294;40,01951
 424,60; 7810,395;  189,526;19149,045;40,19548
 425,19; 7772,964;  208,598;19005,048;40,24359
 425,78; 7820,356;  225,676;18932,512;40,59842
 426,37; 7814,821;  228,141;18826,907;40,79131
 426,96; 7820,262;  219,449;18632,160;41,28025
 427,55; 7772,504;  202,839;18552,182;41,25306
 428,14; 7689,695;  188,457;18317,021;41,37801
 428,73; 7691,985;  200,837;18197,543;41,62511
 429,32; 7738,646;  221,140;18214,475;41,77939
 429,91; 7794,796;  234,221;18241,929;41,98522
 430,50; 7771,295;  225,147;17983,199;42,49423
 431,08; 7707,690;  237,843;17866,611;42,37305
 431,67; 7738,496;  266,999;17788,473;42,64194
 432,26; 7684,331;  271,694;17518,554;42,97963
 432,85; 7609,666;  291,770;17238,088;43,18281
 433,44; 7445,837;  294,312;16882,011;43,11342
 434,03; 7339,142;  312,702;16561,789;43,24206
 434,62; 7184,278;  268,774;16155,211;43,53087
 435,21; 7160,463;  289,924;15970,299;43,81616
 435,79; 7102,972;  276,085;15838,998;43,86639
 436,38; 7091,103;  278,705;15778,620;43,95119
 436,97; 7092,852;  258,245;15668,482;44,35108
 437,56; 7037,907;  271,714;15456,614;44,55870
 438,15; 7037,941;  243,019;15404,042;44,81836
 438,74; 7082,039;  260,866;15454,420;44,89518
 439,33; 7095,297;  236,942;15477,239;45,00145
 439,91; 7126,852;  208,715;15498,654;45,24634
 440,50; 7226,874;  253,792;15561,140;45,55382
 441,09; 7264,290;  247,104;15636,692;45,59697
 441,68; 7285,371;  245,878;15663,026;45,66015
 442,27; 7292,090;  227,107;15614,905;45,91289
 442,86; 7258,930;  201,501;15649,367;45,68546
 443,44; 7292,684;  225,114;15688,653;45,70474
 444,03; 7377,839;  251,655;15704,424;46,11591
 444,62; 7307,056;  212,039;15537,764;46,29482
 445,21; 7243,370;  218,577;15382,505;46,32568
 445,80; 7271,703;  243,197;15280,370;46,74087
 446,39; 7113,891;  252,735;15024,222;46,44865
 446,97; 7072,638;  210,741;14844,400;46,89119
 447,56; 6994,138;  218,745;14652,447;46,94148
 448,15; 6942,645;  217,510;14459,410;47,22077
 448,74; 6820,435;  226,818;14271,073;46,94886
 449,33; 6811,704;  219,975;14125,673;47,40308
 449,91; 6708,289;  219,903;13926,517;47,33763
 450,50; 6599,379;  210,287;13746,445;47,20019
 451,09; 6629,596;  229,749;13687,701;47,55439
 451,68; 6573,276;  250,828;13540,735;47,57331
 452,26; 6572,607;  229,292;13465,661;47,92338
 452,85; 6501,074;  226,060;13378,685;47,70921
 453,44; 6536,416;  236,220;13417,517;47,79648
 454,03; 6490,286;  214,370;13422,702;47,51483
 454,61; 6508,920;  210,144;13347,618;47,94510
 455,20; 6655,663;  233,377;13549,632;48,22892
 455,79; 6669,694;  231,373;13524,751;48,43255
 456,38; 6685,135;  235,304;13579,829;48,33316
 456,97; 6764,155;  225,995;13693,383;48,54809
 457,55; 6708,500;  223,229;13631,961;48,36603
 458,14; 6713,112;  251,379;13629,235;48,30171
 458,73; 6727,773;  234,998;13586,062;48,63114
 459,31; 6756,567;  263,541;13615,043;48,63143
 459,90; 6813,607;  264,077;13720,843;48,67091
 460,49; 6820,130;  265,153;13742,890;48,63559
 461,08; 6882,219;  215,466;13864,450;48,84432
 461,66; 6942,581;  229,541;13954,064;48,91274
 462,25; 6976,885;  234,699;13939,264;49,19665
 462,84; 7003,262;  252,313;14009,629;49,07170
 463,43; 6947,309;  189,703;13965,104;49,05560
 464,01; 6979,227;  227,090;13974,687;49,11503
 464,60; 6996,238;  252,240;13895,182;49,43213
 465,19; 6864,647;  212,014;13650,694;49,50362
 465,77; 6873,670;  229,017;13623,542;49,60723
 466,36; 6834,400;  244,088;13591,148;49,37651
 466,95; 6656,484;  232,550;13192,920;49,56598
 467,53; 6587,057;  222,173;12958,667;49,97360
 468,12; 6434,519;  251,097;12659,506;49,83252
 468,71; 6355,795;  233,246;12480,730;49,99026
 469,29; 6215,555;  216,636;12253,520;49,83780
 469,88; 6103,207;  221,330;12056,674;49,69756
 470,47; 6233,224;  273,180;12203,521;49,95703
 471,06; 6148,994;  232,488;12142,006;49,67880
 471,64; 6227,874;  241,102;12293,373;49,67339
 472,23; 6201,951;  204,418;12243,506;49,81717
 472,81; 6281,828;  215,722;12423,056;49,69231
 473,40; 6316,832;  218,572;12514,243;49,59681
 473,99; 6492,475;  271,725;12684,177;50,11701
 474,57; 6515,909;  226,033;12827,220;49,91495
 475,16; 6567,109;  241,184;12961,753;49,72989
 475,75; 6632,023;  249,267;13017,028;49,99119
 476,33; 6637,802;  250,577;13126,310;49,60669
 476,92; 6667,721;  254,803;13178,522;49,62130
 477,51; 6709,101;  236,807;13257,983;49,70591
 478,09; 6707,465;  245,038;13206,005;49,86069
 478,68; 6686,193;  243,116;13189,013;49,76927
 479,27; 6682,009;  259,036;13226,776;49,53040
 479,85; 6707,746;  230,654;13187,495;49,98975
 480,44; 6765,223;  229,886;13453,625;49,42125
 481,02; 7571,001;  232,812;15345,322;48,55705
 481,61; 8414,839;  260,195;16962,095;48,82465
 482,20; 8992,379;  250,427;17957,465;49,36993
 482,78; 9385,572;  273,270;18708,918;49,42762
 483,37; 9587,669;  269,278;19143,082;49,37209
 483,95; 9711,642;  291,048;19265,626;49,64850
 484,54; 9786,489;  298,041;19505,993;49,39854
 485,13; 9689,799;  274,590;19302,766;49,48035
 485,71; 9584,609;  249,358;19025,605;49,71841
 486,30; 9435,050;  280,665;18804,628;49,41915
 486,88; 9268,554;  299,589;18295,314;49,83942
 487,47; 8881,520;  307,052;17548,463;49,73182
 488,05; 8447,626;  284,438;16623,482;49,96123
 488,64; 7866,433;  288,441;15295,006;50,49784
 489,23; 6863,459;  296,670;13258,685;50,66179
 489,81; 5980,068;  288,824;11752,229;49,64706
 490,40; 5716,160;  245,979;11271,574;49,61347
 490,98; 5593,294;  237,672;11066,274;49,45811
 491,57; 5586,921;  275,670;11056,116;49,26745
 492,15; 5538,763;  243,596;10929,662;49,55207
 492,74; 5500,144;  245,592;10834,144;49,62484
 493,32; 5459,482;  257,980;10783,041;49,42016
 493,91; 5404,743;  245,290;10671,770;49,48413
 494,50; 5373,748;  255,988;10681,835;49,08723
 495,08; 5311,321;  236,680;10601,141;48,96194
 495,67; 5330,008;  253,213;10572,899;49,19525
 496,25; 5261,368;  203,062;10468,236;49,27638
 496,84; 5236,903;  217,366;10475,480;48,93236
 497,42; 5216,243;  211,678;10406,132;49,09105
 498,01; 5193,729;  246,675;10321,341;49,10390
 498,59; 5132,516;  202,140;10304,772;48,80288
 499,18; 5112,226;  222,906;10264,178;48,69224
 499,76; 5067,130;  229,754;10185,764;48,58750
 500,35; 4974,309;  224,297;10004,590;48,56717
 500,93; 4927,396;  204,217;10013,571;48,14975
 501,52; 4929,984;  226,371; 9913,014;48,55773
 502,10; 4920,625;  230,530; 9803,395;48,99364
 502,69; 4793,102;  215,609; 9705,648;48,23472
 503,27; 4683,210;  200,296; 9525,781;48,07164
 503,86; 4683,039;  210,223; 9502,522;48,13465
 504,44; 4584,229;  197,917; 9364,522;47,85100
 505,03; 4452,397;  180,379; 9142,489;47,66755
 505,61; 4417,823;  191,609; 9011,836;47,91502
 506,19; 4346,733;  218,610; 8847,477;47,84084
 506,78; 4254,729;  190,460; 8694,754;47,79079
 507,36; 4160,019;  198,225; 8523,245;47,58900
 507,95; 4093,969;  204,385; 8413,050;47,38388
 508,53; 4052,337;  203,306; 8275,413;47,68311
 509,12; 3970,737;  209,692; 8158,134;47,31802
 509,70; 3875,207;  219,924; 8005,876;46,94715
 510,29; 3843,894;  216,618; 7883,229;47,31264
 510,87; 3704,233;  193,460; 7742,017;46,50919
 511,46; 3680,709;  191,230; 7554,231;47,39208
 512,04; 3600,725;  207,540; 7451,968;46,83855
 512,62; 3527,226;  204,768; 7282,253;46,94405
 513,21; 3391,971;  182,464; 7128,944;46,20335
 513,79; 3378,753;  196,240; 7025,497;46,60115
 514,38; 3270,800;  179,084; 6843,639;46,39043
 514,96; 3266,904;  220,083; 6790,219;46,37379
 515,54; 3199,898;  192,931; 6688,501;46,29258
 516,13; 3181,913;  208,239; 6597,207;46,54388
 516,71; 3091,803;  203,242; 6453,541;46,21477
 517,30; 3033,456;  186,629; 6338,818;46,27339
 517,88; 3017,945;  214,551; 6281,806;46,20530
 518,46; 2937,939;  192,937; 6196,297;45,72443
 519,05; 2906,948;  205,324; 6110,285;45,75176
 519,63; 2903,877;  215,323; 6109,587;45,61305
 520,22; 2873,524;  217,865; 6020,093;45,76963
 520,80; 2799,790;  204,712; 5935,854;45,28029
 521,38; 2816,430;  215,939; 5914,232;45,63632
 521,97; 2781,414;  195,021; 5894,919;45,37612
 522,55; 2757,602;  210,175; 5889,326;44,85578
 523,13; 2722,715;  184,715; 5879,818;44,56462
 523,72; 2728,890;  196,091; 5911,977;44,31157
 524,30; 2792,011;  213,332; 6033,036;44,30945
 524,89; 2778,064;  182,637; 6055,141;44,19626
 525,47; 2804,508;  209,640; 6163,305;43,58438
 526,05; 2805,459;  186,487; 6218,824;43,41555
 526,64; 2861,118;  201,642; 6312,918;43,51752
 527,22; 2891,207;  205,256; 6437,623;43,09681
 527,80; 2952,642;  236,719; 6572,312;42,86770
 528,39; 2955,475;  198,566; 6642,739;42,78143
 528,97; 2999,901;  208,104; 6801,547;42,34203
 529,55; 3029,359;  220,407; 6957,521;41,69370
 530,14; 3126,679;  235,106; 7192,151;41,56324
 530,72; 3157,726;  207,873; 7244,031;41,92421
 531,30; 3167,945;  192,029; 7386,142;41,36599
 531,89; 3220,379;  207,337; 7443,054;41,64123
 532,47; 3227,617;  227,107; 7555,488;40,94370
 533,05; 3273,124;  229,103; 7586,675;41,37264
 533,63; 3288,611;  238,338; 7661,601;41,09072
 534,22; 3278,884;  206,646; 7650,272;41,27340
 534,80; 3282,767;  229,956; 7756,442;40,56091
 535,38; 3347,638;  257,183; 7765,727;41,15917
 535,97; 3290,163;  221,722; 7771,137;40,64474
 536,55; 3335,970;  262,034; 7825,477;40,64203
 537,13; 3306,931;  277,337; 7838,921;40,06560
 537,71; 3346,588;  302,259; 7900,468;40,06640
 538,30; 3365,521;  325,262; 7929,212;39,98262
 538,88; 3372,454;  330,728; 8040,610;39,45231
 539,46; 3438,417;  394,726; 8214,848;38,92128
 540,05; 3481,859;  407,804; 8356,725;38,67261
 540,63; 3579,573;  449,958; 8595,188;38,42267
 541,21; 3615,700;  471,729; 8734,824;38,04835
 541,79; 3656,134;  505,344; 8748,505;38,22307
 542,38; 3712,132;  510,804; 8920,734;38,06605
 542,96; 3785,205;  545,039; 9082,034;37,95442
 543,54; 3830,063;  560,113; 9293,953;37,44000
 544,12; 3836,959;  513,499; 9353,266;37,59670
 544,70; 3860,527;  489,808; 9488,717;37,45698
 545,29; 3918,125;  510,804; 9593,954;37,51255
 545,87; 3886,903;  476,652; 9620,812;37,29430
 546,45; 3876,775;  453,650; 9631,030;37,29959
 547,03; 3879,182;  423,266; 9718,862;37,17799
 547,62; 3913,050;  398,114; 9908,979;36,95706
 548,20; 3939,800;  402,115;10032,472;36,73472
 548,78; 3937,483;  376,967;10148,493;36,43766
 549,36; 3996,398;  340,736;10351,490;36,51736
 549,94; 4020,120;  316,499;10480,654;36,43807
 550,53; 4087,509;  316,581;10703,572;36,30434
 551,11; 4110,484;  283,122;10923,378;35,97058
 551,69; 4180,517;  304,659;11212,214;35,53370
 552,27; 4233,243;  267,580;11428,796;35,53074
 552,85; 4333,197;  274,430;11835,740;35,10646
 553,44; 4417,293;  268,966;12104,378;35,05013
 554,02; 4525,105;  278,582;12438,065;34,92355
 554,60; 4549,890;  234,045;12691,094;34,64580
 555,18; 4695,293;  275,197;13120,094;34,41130
 555,76; 4762,504;  239,813;13420,340;34,31343
 556,34; 4879,619;  254,817;13760,810;34,24259
 556,93; 4956,356;  237,197;14199,150;33,80014
 557,51; 5085,780;  227,432;14489,844;34,06400
 558,09; 5166,853;  245,197;14817,633;33,77373
 558,67; 5238,627;  243,357;15189,183;33,42251
 559,25; 5298,976;  247,433;15482,584;33,15716
 559,83; 5402,775;  238,358;15719,312;33,35981
 560,41; 5470,268;  233,508;16087,916;33,03031
 561,00; 5563,886;  241,742;16431,733;32,87305
 561,58; 5606,051;  233,893;16715,398;32,59507
 562,16; 5673,910;  216,045;16926,433;32,66151
 562,74; 5755,378;  212,736;17302,582;32,43237
 563,32; 5870,027;  204,743;17709,367;32,36450
 563,90; 5983,103;  227,357;18080,919;32,23864
 564,48; 6089,072;  237,431;18492,637;32,05464
 565,06; 6247,620;  229,049;19107,280;31,88101
 565,65; 6410,589;  240,130;19810,877;31,52899
 566,23; 6645,390;  269,126;20494,327;31,52633
 566,81; 6829,535;  233,048;21195,100;31,46871
 567,39; 7069,237;  236,897;22007,612;31,38317
 567,97; 7259,732;  247,818;22584,509;31,39191
 568,55; 7494,069;  250,512;23297,783;31,42913
 569,13; 7644,397;  225,588;24045,052;31,14599
 569,71; 7885,700;  233,737;24966,026;30,93916
 570,29; 8192,133;  273,351;25910,622;30,88777
 570,87; 8322,476;  261,198;26477,221;30,74943
 571,45; 8480,823;  261,587;27165,677;30,55013
 572,03; 8573,196;  220,821;27571,550;30,53803
 572,61; 8733,537;  225,666;28244,947;30,36435
 573,20; 8988,661;  250,817;28890,965;30,50907
 573,78; 9042,041;  235,897;29425,795;30,16846
 574,36; 9163,754;  240,665;29911,703;30,07340
 574,94; 9235,154;  280,591;30121,872;30,00730
 575,52; 9233,151;  241,517;30511,695;29,70459
 576,10; 9433,835;  291,054;31086,291;29,68894
 576,68; 9536,923;  282,744;31625,802;29,52545
 577,26; 9661,753;  303,057;32195,967;29,34413
 577,84; 9720,166;  306,973;32611,430;29,13899
 578,42; 9766,687;  320,053;32823,877;29,06314
 579,00; 9726,901;  281,743;32923,685;28,93565
 579,58; 9686,994;  313,745;33195,785;28,50568
 580,16; 9682,526;  298,669;33200,298;28,52095
 580,74; 9695,338;  291,208;33374,530;28,42559
 581,32; 9588,686;  300,130;33410,523;28,05330
 581,90; 9594,379;  305,515;33463,770;28,01373
 582,48; 9477,540;  312,285;33582,034;27,54832
 583,06; 9515,707;  315,053;33676,708;27,57853
 583,64; 9450,588;  316,283;33703,784;27,35846
 584,22; 9339,333;  320,364;33508,775;27,17505
 584,80; 9173,002;  325,669;33213,834;26,90127
 585,38; 9019,262;  323,432;32860,721;26,72574
 585,96; 8947,587;  310,820;33022,875;26,40240
 586,54; 8950,500;  318,364;33149,442;26,29258
 587,12; 8882,359;  286,439;33255,962;26,07232
 587,70; 8958,937;  325,513;33363,338;26,13194
 588,28; 8882,842;  309,516;33454,632;25,86603
 588,86; 8853,591;  300,594;33503,109;25,76009
 589,44; 8767,622;  290,674;33579,515;25,46483
 590,02; 8852,859;  302,520;33847,971;25,48882
 590,59; 8776,199;  282,594;34058,991;25,14657
 591,17; 8814,038;  279,216;34230,921;25,13812
 591,75; 8777,259;  274,906;34303,040;24,98625
 592,33; 8822,748;  283,444;34606,935;24,87889
 592,91; 8781,149;  244,985;34776,080;24,72022
 593,49; 8817,101;  253,371;35071,047;24,59593
 594,07; 8823,647;  263,525;35338,518;24,40520
 594,65; 8765,354;  271,518;35305,345;24,24467
 595,23; 8847,761;  263,442;35704,816;24,22118
 595,81; 8791,251;  257,136;35816,843;23,99940
 596,39; 8758,188;  250,828;35926,065;23,84668
 596,97; 8765,659;  255,831;36111,377;23,73365
 597,55; 8688,767;  240,826;35993,988;23,62851
 598,12; 8654,899;  236,603;36068,843;23,49364
 598,70; 8595,919;  232,216;36139,073;23,29277
 599,28; 8605,884;  254,601;36338,205;23,14426
 599,86; 8549,086;  237,831;36291,325;23,05256
 600,44; 8516,479;  216,140;36436,836;22,91601
 601,02; 8507,266;  261,221;36439,421;22,79285
 601,60; 8469,099;  247,599;36397,721;22,74266
 602,18; 8378,885;  216,449;36499,237;22,49672
 602,75; 8365,978;  235,828;36593,380;22,36165
 603,33; 8317,065;  254,832;36540,755;22,21863
 603,91; 8306,117;  237,066;36474,192;22,26736
 604,49; 8303,807;  252,755;36542,613;22,18540
 605,07; 8243,434;  258,753;36635,556;21,94993
 605,65; 8195,388;  282,756;36690,684;21,73327
 606,23; 8171,507;  328,517;36932,868;21,42639
 606,80; 8143,027;  373,674;36857,292;21,29546
 607,38; 8135,327;  396,142;36917,222;21,19101
 607,96; 8079,803;  440,135;37008,149;20,89167
 608,54; 8051,437;  498,910;36939,365;20,72567
 609,12; 8020,684;  479,520;37112,963;20,58546
 609,70; 7980,897;  541,985;37063,280;20,36870
 610,27; 7948,936;  529,135;37074,355;20,30307
 610,85; 7931,680;  540,293;37183,224;20,17139
 611,43; 7869,597;  553,985;37109,798;20,01217
 612,01; 7789,385;  521,060;36852,520;20,00560
 612,59; 7755,806;  503,293;36913,082;19,91913
 613,16; 7649,361;  475,364;36907,017;19,69166
 613,74; 7580,954;  436,986;36680,503;19,71102
 614,32; 7550,164;  405,217;36699,026;19,68641
 614,90; 7444,050;  388,830;36572,010;19,49862
 615,48; 7335,396;  326,673;36291,955;19,48747
 616,05; 7323,591;  318,364;36316,894;19,45976
 616,63; 7249,094;  335,594;36081,449;19,34071
 617,21; 7221,845;  335,289;35943,619;19,33973
 617,79; 7121,398;  304,598;35937,010;19,13090
 618,36; 7071,098;  316,676;35841,852;19,01306
 618,94; 6958,327;  260,596;35553,473;18,97757
 619,52; 6881,542;  279,132;35302,297;18,85155
 620,10; 6823,524;  279,597;35257,952;18,70850
 620,67; 6789,905;  288,286;35267,658;18,58701
 621,25; 6768,623;  297,445;35054,908;18,61810
 621,83; 6753,495;  276,981;35003,594;18,65000
 622,41; 6736,508;  312,673;34994,769;18,52205
 622,98; 6588,486;  295,517;34788,382;18,24426
 623,56; 6599,010;  289,132;34648,830;18,36418
 624,14; 6532,568;  278,215;34632,925;18,20523
 624,72; 6486,746;  280,904;34474,956;18,14890
 625,29; 6437,667;  250,901;34648,732;17,98592
 625,87; 6459,734;  295,905;34525,560;18,00728
 626,45; 6336,282;  254,439;34365,277;17,82965
 627,02; 6316,070;  260,136;34267,210;17,80786
 627,60; 6244,332;  250,448;34253,692;17,62739
 628,18; 6228,915;  239,135;34411,194;17,52830
 628,76; 6187,605;  247,363;34361,230;17,41298
 629,33; 6165,249;  266,672;34281,303;17,34129
 629,91; 6150,677;  254,828;34312,491;17,31137
 630,49; 6162,521;  273,056;34532,981;17,19054
 631,06; 6111,584;  273,440;34614,352;17,00055
 631,64; 6106,247;  265,054;34578,663;17,02296
 632,22; 6018,008;  221,514;34463,337;16,92811
 632,79; 6091,589;  254,668;34729,084;16,93117
 633,37; 6051,854;  228,368;34782,246;16,85335
 633,95; 6056,799;  246,054;34913,123;16,76157
 634,52; 6012,676;  228,365;35002,582;16,63391
 635,10; 6020,733;  236,135;35039,621;16,62074
 635,68; 5997,561;  240,438;35272,150;16,43403
 636,25; 5953,447;  236,666;35177,819;16,36117
 636,83; 5968,605;  216,209;35381,999;16,35793
 637,41; 5933,294;  223,283;35414,674;16,22559
 637,98; 5951,665;  244,283;35637,684;16,12555
 638,56; 5959,558;  244,666;35753,387;16,09434
 639,13; 5945,513;  241,439;35737,832;16,06945
 639,71; 5962,192;  247,902;35908,957;16,02390
 640,29; 5858,202;  205,210;35762,911;15,89808
 640,86; 5845,899;  214,440;35942,860;15,76185
 641,44; 5811,365;  223,902;35880,809;15,67007
 642,02; 5876,370;  249,979;35828,604;15,81396
 642,59; 5780,297;  222,518;36029,629;15,52144
 643,17; 5816,148;  232,825;35919,039;15,64560
 643,74; 5807,076;  222,826;35934,604;15,63700
 644,32; 5756,157;  253,210;35927,321;15,42560
 644,89; 5714,700;  234,364;35959,886;15,34011
 645,47; 5736,782;  255,595;35941,834;15,35938
 646,05; 5689,325;  230,134;35848,783;15,32678
 646,62; 5672,021;  232,442;35882,039;15,25846
 647,20; 5670,411;  242,672;36112,911;15,13159
 647,77; 5607,184;  215,365;35928,706;15,09749
 648,35; 5586,112;  213,827;35818,501;15,08871
 648,92; 5562,194;  239,750;35843,065;14,94929
 649,50; 5570,506;  212,134;35661,168;15,11571
 650,08; 5512,895;  212,288;35680,655;14,94460
 650,65; 5491,669;  218,596;35981,911;14,74436
 651,23; 5610,981;  214,366;36897,552;14,71141
 651,80; 5737,216;  214,981;37642,501;14,75448
 652,38; 5802,375;  213,366;37967,834;14,80357
 652,95; 5821,456;  199,981;38213,552;14,78807
 653,53; 5864,768;  215,828;38490,578;14,75892
 654,10; 5918,004;  239,135;38697,911;14,76612
 654,68; 5830,854;  214,059;38573,168;14,64267
 655,25; 5833,474;  208,136;38645,732;14,63499
 655,83; 5803,633;  204,059;38553,757;14,60135
 656,40; 5796,407;  236,597;38588,398;14,49687
 656,98; 5704,719;  191,674;38522,962;14,38262
 657,55; 5694,416;  217,290;38404,526;14,34282
 658,13; 5619,189;  199,290;37955,321;14,35506
 658,70; 5585,040;  222,675;37674,424;14,31806
 659,28; 5451,275;  216,290;36633,065;14,37520
 659,85; 5278,895;  209,136;36135,014;14,11172
 660,43; 5295,361;  223,137;36336,116;14,04543
 661,00; 5283,520;  218,367;36416,296;13,99293
 661,58; 5340,524;  206,829;36804,860;14,02724
 662,15; 5333,683;  199,598;36927,116;13,97885
 662,73; 5397,226;  253,445;37190,603;13,92576
 663,30; 5394,461;  211,522;37452,321;13,91737
 663,88; 5406,466;  216,906;37644,732;13,86551
 664,45; 5396,086;  198,137;37898,142;13,78766
 665,03; 5459,167;  203,599;38142,783;13,85261
 665,60; 5548,864;  250,753;38596,501;13,81668
 666,17; 5472,484;  229,676;38695,449;13,62980
 666,75; 5510,488;  214,138;39011,552;13,65130
 667,32; 5593,262;  230,138;39367,347;13,70339
 667,90; 5577,113;  219,138;39536,373;13,62755
 668,47; 5651,194;  228,677;39874,244;13,67749
 669,05; 5674,430;  211,061;39996,501;13,73208
 669,62; 5671,280;  192,677;40150,449;13,71098
 670,19; 5670,131;  197,754;40308,244;13,64326
 670,77; 5704,059;  225,369;40470,347;13,61335
 671,34; 5688,756;  203,216;40401,296;13,64627
 671,92; 5717,991;  200,908;40641,090;13,64258
 672,49; 5739,688;  228,370;40657,116;13,63218
 673,06; 5709,923;  185,139;40744,603;13,62144
 673,64; 5674,851;  200,293;40715,783;13,51226
 674,21; 5714,009;  203,447;40643,116;13,62663
 674,79; 5723,244;  214,986;40860,219;13,55204
 675,36; 5767,941;  218,370;40951,475;13,62423
 675,93; 5753,023;  192,601;40879,655;13,66632
 676,51; 5748,566;  219,217;41050,988;13,54178
 677,08; 5779,801;  209,832;41056,244;13,63637
 677,65; 5805,729;  213,063;41272,347;13,62095
 678,23; 5834,887;  222,678;41479,142;13,60322
 678,80; 5848,969;  198,063;41606,321;13,64681
 679,38; 5846,742;  198,140;41665,578;13,62178
 679,95; 5900,208;  205,910;41906,680;13,65514
 680,52; 5916,982;  205,217;42264,706;13,58021
 681,10; 5981,294;  208,602;42664,270;13,59699
 681,67; 5995,991;  215,295;42842,988;13,56090
 682,24; 5987,996;  192,525;42907,860;13,56766
 682,82; 6066,077;  200,372;43501,731;13,54624
 683,39; 6121,774;  220,526;43827,680;13,53275
 683,96; 6156,625;  204,910;44027,398;13,58142
 684,54; 6206,322;  198,603;44335,962;13,61141
 685,11; 6304,326;  213,064;44627,372;13,71464
 685,68; 6355,946;  217,372;45138,936;13,66509
 686,25; 6299,720;  200,526;45056,270;13,59735
 686,83; 6397,417;  198,988;45233,834;13,76363
 687,40; 6378,191;  188,680;45592,321;13,63219
 687,97; 6523,580;  220,911;45945,270;13,78405
 688,55; 6491,431;  192,450;45935,757;13,77028
 689,12; 6521,512;  172,142;46284,090;13,76947
 689,69; 6560,901;  198,912;46247,885;13,81570
 690,26; 6576,290;  208,681;46431,295;13,77596
 690,84; 6594,295;  206,142;46576,398;13,77640
 691,41; 6651,684;  211,527;46637,039;13,87202
 691,98; 6639,150;  201,450;46955,988;13,76914
 692,56; 6678,001;  191,297;46925,936;13,87986
 693,13; 6708,775;  245,989;46981,808;13,82833
 693,70; 6736,625;  216,374;47265,911;13,85827
 694,27; 6758,399;  201,605;47251,783;13,93575
 694,84; 6754,942;  197,989;47445,808;13,87779
 695,42; 6818,947;  234,143;47548,680;13,91708
 695,99; 6816,028;  209,605;47752,629;13,89567
 696,56; 6793,263;  191,990;47522,039;13,94732
 697,13; 6867,730;  216,759;47883,449;13,95308
 697,71; 6822,273;  174,144;47968,859;13,90976
 698,28; 6927,739;  209,144;48263,270;13,98131
 698,85; 6879,128;  176,452;48328,295;13,91987
 699,42; 6930,286;  183,836;48525,782;13,95569
 699,99; 6992,291;  213,221;48554,193;14,02345
 700,57; 7027,680;  212,760;48558,526;14,09621
 701,14; 6996,069;  201,529;48630,013;14,03005
 701,71; 7061,151;  219,068;48850,885;14,06915
 702,28; 7104,155;  207,606;48955,218;14,14746
 702,85; 7154,698;  212,453;48956,398;14,24227
 703,43; 7206,087;  220,837;49281,116;14,23810
 704,00; 7249,400;  237,453;49439,295;14,25139
 704,57; 7210,481;  222,222;49498,013;14,18193
 705,14; 7276,947;  249,222;49716,347;14,20686
 705,71; 7310,721;  244,838;49741,526;14,27547
 706,28; 7289,187;  221,607;49605,705;14,31145
 706,86; 7393,268;  251,146;49934,808;14,37519
 707,43; 7398,350;  247,915;49806,141;14,42835
 708,00; 7444,893;  226,761;49852,090;14,54526
 708,57; 7392,898;  215,454;49729,808;14,49568
 709,14; 7517,056;  240,531;49911,603;14,64942
 709,71; 7474,830;  229,762;49930,552;14,57737
 710,28; 7534,065;  222,300;50118,577;14,65393
 710,86; 7560,839;  228,454;50245,064;14,65990
 711,43; 7643,382;  239,608;50219,244;14,81358
 712,00; 7636,540;  226,377;50416,808;14,76409
 712,57; 7695,160;  230,608;50404,141;14,87747
 713,14; 7737,242;  210,993;50588,936;14,93957
 713,71; 7771,631;  226,993;50438,577;15,02569
 714,28; 7729,712;  222,378;50538,064;14,92046
 714,85; 7739,717;  199,840;50280,013;15,05561
 715,42; 7808,106;  226,378;50523,654;15,07383
 716,00; 7916,341;  243,532;50616,064;15,23213
 716,57; 7907,038;  210,686;50737,705;15,23215
 717,14; 7889,504;  207,532;50656,577;15,22719
 717,71; 7862,663;  195,994;50707,218;15,17815
 718,28; 7990,436;  230,994;50710,475;15,37148
 718,85; 7979,287;  201,763;50882,500;15,34611
 719,42; 8029,907;  228,763;50995,526;15,36664
 719,99; 8013,142;  203,764;50804,705;15,43327
 720,56; 8015,608;  210,148;50936,731;15,38732
 721,13; 8086,998;  209,456;51194,834;15,45059
 721,70; 8054,002;  203,764;51025,859;15,44651
 722,27; 8158,391;  224,149;51067,731;15,60520
 722,84; 8220,473;  250,764;51268,449;15,62146
 723,41; 8196,400;  198,918;51284,475;15,65508
 723,98; 8203,713;  211,764;51411,500;15,60935
 724,55; 8326,025;  226,918;51542,372;15,78298
 725,12; 8306,876;  175,765;51439,475;15,86134
 725,69; 8390,034;  195,457;51638,654;15,92937
 726,27; 8450,269;  218,073;51742,372;15,97731
 726,84; 8497,043;  204,150;51964,167;16,02181
 727,41; 8534,586;  212,457;51888,654;16,10438
 727,98; 8602,975;  228,996;52293,526;16,08385
 728,55; 8713,364;  240,304;52202,090;16,30633
 729,12; 8662,907;  188,304;52239,116;16,28141
 729,69; 8735,374;  229,535;52379,218;16,31043
 730,26; 8766,532;  237,458;52591,090;16,29127
 730,82; 8789,383;  219,612;52422,346;16,41633
 731,39; 8850,618;  213,381;52453,141;16,53384
 731,96; 8920,161;  203,920;52856,398;16,55428
 732,53; 9014,166;  226,689;53030,731;16,64167
 733,10; 9052,785;  226,766;53117,295;16,68733
 733,67; 9124,713;  227,997;53310,936;16,76003
 734,24; 9090,256;  202,074;53044,577;16,82014
 734,81; 9165,338;  234,536;53106,218;16,89147
 735,38; 9128,111;  222,151;52852,013;16,92188
 735,95; 9147,577;  211,536;52603,269;17,05621
 736,52; 9151,197;  229,075;52873,295;16,94796
 737,09; 9199,202;  223,613;52528,936;17,15999
 737,66; 9254,822;  259,998;52727,962;17,14346
 738,23; 9316,596;  212,536;52716,833;17,33965
 738,80; 9391,523;  243,537;52981,321;17,34617
 739,37; 9418,297;  244,921;53152,423;17,33852
 739,94; 9522,302;  216,614;53225,987;17,55480
 740,51; 9636,537;  285,614;53235,551;17,65993
 741,07; 9575,465;  213,460;53193,192;17,67092
 741,64; 9669,700;  250,845;53421,680;17,71433
 742,21; 9668,012;  213,691;53418,397;17,76971
 742,78; 9719,786;  199,076;53317,654;17,92350
 743,35; 9754,406;  212,307;53527,372;17,89757
 743,92; 9844,641;  239,922;53673,705;17,97499
 744,49; 9887,723;  228,538;53473,038;18,14119
 745,06; 9985,881;  221,153;53502,679;18,32667
 745,63; 9940,270;  207,769;53506,859;18,26016
 746,19;10015,506;  204,461;53486,731;18,41334
 746,76;10022,818;  227,461;53512,295;18,38301
 747,33;10075,053;  209,846;53499,628;18,51238
 747,90;10178,288;  250,692;53724,808;18,56524
 748,47;10182,293;  227,538;53562,064;18,66475
 749,04;10251,221;  223,231;53529,167;18,81214
 749,61;10302,225;  252,308;53569,577;18,84927
 750,17;10341,845;  245,923;53672,526;18,89681
 750,74;10379,773;  235,385;53563,628;19,02254
 751,31;10386,623;  216,462;53425,961;19,11343
 751,88;10412,320;  193,924;53346,602;19,22461
 752,45;10481,556;  223,385;53511,705;19,25032
 753,02;10463,099;  219,847;53247,961;19,31664
 753,58;10514,565;  212,770;53233,987;19,42957
 754,15;10557,800;  221,232;53361,782;19,45138
 754,72;10571,035;  203,386;53129,808;19,58880
 755,29;10575,040;  203,232;52960,295;19,65956
 755,86;10658,583;  218,463;53042,705;19,76388
 756,42;10759,203;  231,694;52985,500;19,95592
 756,99;10719,977;  193,079;52925,218;19,96296
 757,56;10740,366;  199,694;52876,936;20,00992
 758,13;10765,216;  170,848;52870,423;20,10333
 758,70;10815,144;  200,925;52910,141;20,13731
 759,26;10896,533;  188,694;53011,859;20,27110
 759,83;10920,461;  199,233;53054,654;20,28407
 760,40;11000,389;  196,772;52818,372;20,53076
 760,97;11039,778;  191,079;52962,936;20,55773
 761,53;10970,090;  172,849;52580,500;20,60241
 762,10;11007,325;  177,233;52356,295;20,75563
 762,67;11146,253;  213,541;52537,628;20,89422
 763,24;11029,027;  160,234;52032,808;20,95287
 763,80;11181,108;  194,080;52238,525;21,11086
 764,37;11148,036;  203,003;52183,397;21,05608
 764,94;11102,502;  180,234;51684,884;21,20637
 765,50;11188,353;  187,773;51726,602;21,34426
 766,07;11240,203;  224,003;51775,013;21,36951
 766,64;11186,131;  189,004;51473,346;21,44344
 767,21;11278,059;  189,311;51294,602;21,69785
 767,77;11304,371;  215,158;51205,013;21,74788
 768,34;11239,837;  215,312;51156,192;21,64180
 768,91;11330,226;  212,696;50949,372;21,91222
 769,47;11336,615;  210,543;51145,936;21,84350
 770,04;11361,850;  211,158;50914,423;21,99206
 770,61;11372,163;  195,697;50671,679;22,14215
 771,18;11376,783;  192,389;50442,705;22,25736
 771,74;11426,326;  216,620;50729,730;22,19168
 772,31;11460,407;  204,620;50426,064;22,41231
 772,88;11365,412;  186,389;50187,859;22,35739
 773,44;11416,109;  196,005;50019,115;22,51988
 774,01;11431,190;  210,467;50119,679;22,48227
 774,58;11457,195;  199,621;49828,474;22,68353
 775,14;11538,199;  181,621;49953,961;22,81705
 775,71;11477,358;  201,313;49833,218;22,71935
 776,27;11542,285;  234,467;49778,320;22,82386
 776,84;11666,982;  237,698;49654,269;23,12844
 777,41;11629,371;  210,544;49612,833;23,11396
 777,97;11600,145;  204,852;49278,474;23,22081
 778,54;11656,226;  213,852;49405,807;23,26066
 779,11;11723,769;  225,929;49390,756;23,38631
 779,67;11755,005;  189,006;49313,012;23,54449
 780,24;11808,009;  208,468;49079,577;23,73497
 780,80;11864,398;  224,083;49116,833;23,80786
 781,37;11859,557;  219,622;49091,320;23,81733
 781,94;11818,792;  211,930;48932,192;23,82348
 782,50;11891,720;  224,237;48807,448;24,01546
 783,07;11950,032;  244,622;48741,474;24,13643
 783,63;11960,498;  205,007;48523,269;24,32929
 784,20;12014,272;  226,776;48534,679;24,40076
 784,77;12002,430;  221,315;48376,012;24,46514
 785,33;11919,973;  199,007;48104,423;24,46689
 785,90;12007,055;  209,623;48097,371;24,63560
 786,46;11996,136;  240,854;48043,243;24,59141
 787,03;12064,756;  197,315;47845,269;24,90651
 787,59;12058,684;  205,700;47659,294;24,97805
 788,16;12017,919;  221,239;47735,935;24,82744
 788,73;12047,693;  222,931;47517,730;25,00225
 789,29;11975,159;  214,470;47254,448;25,00148
 789,86;12059,241;  220,547;47044,782;25,28326
 790,42;12027,784;  225,085;47015,730;25,22448
 790,99;11998,173;  233,778;46699,987;25,31817
 791,55;12033,100;  213,470;46680,166;25,43678
 792,12;12099,489;  228,239;46658,423;25,56796
 792,68;12082,033;  226,547;46393,910;25,67936
 793,25;12070,037;  218,086;46124,166;25,81782
 793,81;12037,272;  254,547;45748,192;25,89972
 794,38;11965,123;  197,394;45582,602;25,92856
 794,94;11987,435;  212,701;45458,089;26,02416
 795,51;11947,440;  225,240;45255,115;26,03205
 796,07;11868,598;  215,471;44947,987;26,05069
 796,64;11998,141;  225,240;45052,705;26,26270
 797,20;11904,992;  223,240;44607,038;26,31986
 797,77;11890,458;  205,164;44308,217;26,49543
 798,33;11860,309;  212,010;44102,012;26,53975
 798,90;11856,852;  249,779;44106,192;26,46608
 799,46;11788,164;  230,856;43659,602;26,61212
 800,03;11833,092;  226,779;43527,089;26,80422
 800,59;11823,942;  235,703;43317,192;26,89842
 801,15;11797,024;  228,318;43088,448;26,99177
 801,72;11752,028;  226,549;42737,551;27,11176
 802,28;11755,571;  248,318;42515,499;27,22503
 802,85;11664,730;  225,934;42323,679;27,17199
 803,41;11650,042;  220,165;42166,551;27,24878
 803,98;11627,585;  213,011;41693,269;27,51809
 804,54;11604,436;  223,703;41487,140;27,58067
 805,11;11534,517;  233,319;41345,397;27,48875
 805,67;11636,137;  249,934;41288,961;27,74482
 806,23;11562,449;  228,858;40705,140;28,00057
 806,80;11559,223;  248,319;40766,320;27,91575
 807,36;11590,535;  249,935;40684,576;28,04674
 807,93;11535,540;  249,396;40466,602;28,06297
 808,49;11498,621;  213,704;40178,704;28,23700
 809,05;11454,395;  203,397;39916,961;28,33037
 809,62;11485,169;  230,089;39845,140;28,41112
 810,18;11587,866;  237,012;39721,704;28,74748
 810,74;11475,332;  202,858;39411,653;28,74986
 811,31;11527,567;  217,551;39334,371;28,91343
 811,87;11479,033;  219,166;39072,704;28,98029
 812,44;11502,653;  253,013;39130,807;28,93590
 813,00;11435,350;  195,090;38864,833;29,06733
 813,56;11567,201;  232,628;38881,704;29,32689
 814,13;11569,975;  221,859;38738,038;29,46324
 814,69;11557,825;  229,782;38666,602;29,47185
 815,25;11465,061;  206,013;38191,781;29,64017
 815,82;11485,142;  240,936;38140,422;29,66849
 816,38;11542,608;  254,475;38017,756;29,89182
 816,94;11478,997;  212,321;37665,089;30,08236
 817,51;11435,079;  213,398;37457,192;30,13034
 818,07;11384,776;  216,091;37184,448;30,21147
 818,63;11357,550;  232,629;37068,704;30,20116
 819,20;11403,400;  228,014;36976,499;30,41047
 819,76;11264,866;  211,168;36605,448;30,37208
 820,32;11338,409;  258,476;36546,781;30,53307
 820,89;11293,106;  253,322;36374,730;30,56300
 821,45;11230,418;  219,861;36082,217;30,70227
 822,01;11209,500;  241,399;35794,012;30,85034
 822,57;11178,735;  239,092;35651,807;30,89185
 823,14;11137,278;  203,246;35501,448;30,97617
 823,70;11138,514;  211,861;35213,474;31,21757
 824,26;11107,826;  217,323;35068,730;31,24839
 824,82;11112,523;  235,323;34948,525;31,33448
 825,39;11042,143;  221,323;34589,166;31,48530
 825,95;11107,378;  248,785;34705,653;31,51358
 826,51;11005,690;  234,169;34314,448;31,60632
 827,08;11093,541;  273,400;34366,012;31,73749
 827,64;11074,392;  244,554;34154,730;31,93684
 828,20;11034,242;  216,247;33988,063;32,03261
 828,76;11061,785;  242,939;33968,935;32,07866
 829,32;11028,405;  235,170;33638,884;32,31148
 829,89;11026,179;  205,632;33617,986;32,38487
 830,45;11016,030;  224,016;33626,781;32,30874
 831,01;11048,188;  217,324;33354,268;32,68516
 831,57;11097,885;  226,093;33305,294;32,86594
 832,14;11107,428;  216,555;33249,704;32,96953
 832,70;11099,202;  221,171;33008,730;33,17731
 833,26;11071,668;  198,940;32956,217;33,19179
 833,82;11123,903;  226,478;32905,320;33,34704
 834,38;11172,908;  219,017;32890,653;33,52722
 834,95;11131,220;  213,094;32684,140;33,62419
 835,51;11136,224;  187,786;32653,012;33,72359
 836,07;11212,460;  227,479;32678,576;33,85088
 836,63;11191,849;  246,479;32728,909;33,69628
 837,19;11235,469;  226,941;32581,166;34,02501
 837,75;11140,397;  194,479;32266,807;34,12885
 838,32;11229,632;  241,710;32399,525;34,16875
 838,88;11266,098;  241,556;32369,704;34,31428
 839,44;11175,333;  223,095;32338,884;34,10235
 840,00;11266,876;  218,634;32270,602;34,46978
 840,56;11188,804;  202,480;31940,166;34,61602
 841,12;11215,193;  205,018;32017,730;34,60936
 841,68;11145,967;  198,865;31845,525;34,59165
 842,25;11174,125;  206,249;31785,704;34,73105
 842,81;11117,591;  199,634;31575,114;34,79774
 843,37;11141,673;  201,327;31589,679;34,85480
 843,93;11178,447;  213,173;31364,781;35,19970
 844,49;11215,297;  224,173;31529,268;35,10970
 845,05;11124,071;  196,711;31316,294;35,11409
 845,61;11253,845;  222,789;31425,320;35,35308
 846,17;11162,926;  220,019;31247,191;35,26879
 846,73;11184,392;  222,866;31122,986;35,47406
 847,29;11150,166;  197,943;30937,089;35,62956
 847,86;11190,863;  200,327;30937,730;35,75623
 848,42;11190,021;  189,943;30798,986;35,93735
 848,98;11159,334;  222,097;30715,935;35,86704
 849,54;11194,184;  207,712;30736,960;35,98671
 850,10;11195,574;  218,482;30613,755;36,11447
 850,66;11129,963;  192,251;30411,781;36,19418
 851,22;11139,352;  201,636;30333,807;36,29913
 851,78;11223,741;  241,021;30447,140;36,35926
 852,34;11180,592;  221,944;30167,012;36,59584
 852,90;11207,981;  216,252;30150,960;36,71901
 853,46;11119,678;  205,405;29833,294;36,83783
 854,02;11123,913;  218,175;29953,473;36,67607
 854,58;11045,764;  202,944;29552,960;36,94315
 855,14;11067,691;  198,713;29645,525;36,91054
 855,70;11030,773;  183,021;29501,935;36,99916
 856,26;11073,931;  225,791;29355,268;37,24111
 856,82;11039,244;  194,022;29189,371;37,40332
 857,38;11061,248;  227,791;29143,935;37,46508
 857,94;11017,099;  219,099;29065,345;37,43295
 858,50;11005,103;  216,868;28963,755;37,52836
 859,06;10984,493;  209,330;28775,550;37,71995
 859,62;11013,189;  212,022;28668,268;37,95711
 860,18;10941,194;  207,330;28472,063;37,97617
 860,74;10960,968;  181,945;28436,089;38,15024
 861,30;10883,511;  184,715;28172,883;38,22614
 861,86;10966,977;  218,099;28135,832;38,50197
 862,42;10928,520;  208,330;28034,704;38,52528
 862,98;10948,447;  239,792;28063,268;38,48784
 863,54;10917,837;  215,715;27839,601;38,74227
 864,10;10993,380;  220,331;27927,165;38,88228
 864,66;10939,307;  193,485;27719,422;39,03890
 865,22;10894,620;  215,485;27459,294;39,19839
 865,78;10882,163;  217,869;27440,396;39,17452
 866,34;10889,475;  207,870;27400,499;39,28125
 866,90;10915,402;  213,870;27252,448;39,57876
 867,45;10862,176;  232,177;27129,550;39,52058
 868,01;10843,104;  209,101;26938,191;39,78438
 868,57;10774,031;  211,255;26672,755;39,91753
 869,13;10754,574;  209,255;26623,935;39,92219
 869,69;10752,502;  204,409;26609,730;39,94685
 870,25;10753,737;  198,178;26493,140;40,14290
 870,81;10788,050;  209,101;26439,396;40,33103
 871,37;10759,823;  216,563;26233,191;40,52508
 871,93;10709,520;  219,332;26148,140;40,45766
 872,49;10666,217;  214,871;25890,242;40,70573
 873,04;10635,452;  203,025;25747,653;40,84001
 873,60;10577,072;  193,871;25677,678;40,74431
 874,16;10617,077;  207,179;25578,627;41,02997
 874,72;10619,769;  207,717;25468,242;41,21867
 875,28;10627,769;  229,640;25456,165;41,21903
 875,84;10609,538;  209,717;25388,012;41,30471
 876,40;10606,462;  211,948;25365,319;41,32453
 876,95;10662,308;  222,871;25269,781;41,67954
 877,51;10676,692;  235,563;25265,165;41,71512
 878,07;10724,538;  250,563;25309,781;41,79690
 878,63;10717,615;  205,563;25250,550;41,97268
 879,19;10801,615;  220,025;25294,012;42,20147
 879,75;10811,769;  208,871;25332,627;42,20268
 880,30;10890,462;  216,563;25303,473;42,54768
 880,86;11028,538;  249,025;25415,165;42,83340
 881,42;11002,000;  214,871;25455,396;42,73734
 881,98;11046,231;  213,410;25522,858;42,80149
 882,54;11109,000;  212,563;25572,473;42,96717
 883,09;11216,923;  217,025;25738,627;43,10034
 883,65;11279,077;  199,640;25753,396;43,35737
 884,21;11404,154;  239,256;26019,242;43,30839
 884,77;11436,077;  204,179;26052,935;43,45237
 885,32;11563,538;  214,717;26127,781;43,79575
 885,88;11673,615;  246,487;26270,396;43,91012
 886,44;11723,538;  216,256;26388,627;43,96729
 887,00;11736,000;  226,794;26317,396;44,11246
 887,56;11856,462;  215,102;26516,781;44,26090
 888,11;11857,385;  216,025;26523,165;44,25171
 888,67;12025,308;  247,102;26678,242;44,56185
 889,23;12053,615;  221,333;26639,242;44,78887
 889,79;12018,231;  212,871;26599,858;44,73932
 890,34;11999,769;  213,794;26426,088;44,96354
 890,90;12126,538;  264,794;26637,935;44,97661
 891,46;12155,077;  201,179;26547,704;45,37182
 892,01;12145,846;  246,717;26550,473;45,23738
 892,57;12139,462;  247,102;26450,396;45,38498
 893,13;12093,846;  217,563;26310,319;45,51563
 893,69;12095,154;  213,487;26244,242;45,64473
 894,24;12093,154;  227,871;26140,088;45,79030
 894,80;12084,923;  228,717;26051,550;45,91365
 895,36;12042,923;  215,794;25912,242;46,02632
 895,91;11976,231;  220,025;25715,858;46,11030
 896,47;11950,538;  232,179;25603,165;46,18803
 897,03;11876,846;  215,871;25433,012;46,24226
 897,58;11874,154;  226,871;25292,473;46,46720
 898,14;11815,308;  233,487;25158,165;46,46728
 898,70;11722,538;  204,333;25020,242;46,41460
 899,25;11794,000;  219,102;25065,858;46,58515
 899,81;11757,769;  238,563;24811,088;46,87840
 900,37;11654,462;  202,487;24664,935;46,81451
 900,92;11656,231;  216,871;24689,088;46,74427
 901,48;11681,615;  206,948;24439,627;47,35204
 902,03;11582,231;  220,179;24370,627;47,04696
 902,59;11597,692;  224,948;24280,242;47,27751
 903,15;11569,846;  237,256;24084,012;47,52257
 903,70;11493,462;  226,410;23891,935;47,60956
 904,26;11444,385;  206,563;23762,935;47,70608
 904,82;11504,615;  226,410;23784,550;47,87392
 905,37;11410,615;  226,179;23583,012;47,88507
 905,93;11413,000;  205,333;23426,473;48,26493
 906,48;11350,769;  225,487;23327,319;48,15758
 907,04;11434,154;  229,871;23371,935;48,41523
 907,60;11347,923;  214,717;23137,473;48,56836
 908,15;11301,385;  208,717;22978,473;48,71667
 908,71;11322,692;  244,487;23058,781;48,55818
 909,26;11327,000;  204,948;22870,396;49,07051
 909,82;11296,231;  242,333;22765,935;49,07696
 910,37;11267,077;  262,025;22674,935;49,10140
 910,93;11170,000;  215,487;22437,012;49,29686
 911,48;11197,231;  216,487;22333,012;49,64950
 912,04;11098,462;  207,333;22260,858;49,38498
 912,60;11175,000;  210,563;22204,627;49,85180
 913,15;11084,538;  220,179;22091,627;49,67371
 913,71;11026,923;  216,025;21865,704;49,93560
 914,26;10980,846;  209,640;21903,165;49,65171
 914,82;11026,846;  218,794;21716,165;50,27616
 915,37;10997,154;  211,179;21795,242;49,97194
 915,93;10957,846;  243,102;21568,165;50,24484
 916,48;10948,077;  213,871;21460,473;50,52199
 917,04;10896,154;  219,410;21340,473;50,55022
 917,59;10910,385;  245,717;21340,550;50,55583
 918,15;10842,769;  190,102;21153,781;50,81488
 918,70;10790,308;  215,487;20980,396;50,92640
 919,26;10774,462;  221,179;20927,012;50,96768
 919,81;10762,923;  208,871;20748,319;51,38430
 920,37;10715,692;  213,640;20701,550;51,25975
 920,92;10720,846;  223,794;20604,781;51,50414
 921,48;10619,385;  195,410;20430,242;51,51500
 922,03;10639,154;  218,025;20399,242;51,63776
 922,59;10599,769;  202,410;20284,704;51,77376
 923,14;10560,538;  204,948;20158,396;51,89875
 923,69;10568,692;  230,410;20127,165;51,95964
 924,25;10616,462;  223,563;20013,396;52,51635
 924,80;10504,846;  215,025;19914,627;52,23365
 925,36;10444,385;  216,563;19836,704;52,12919
 925,91;10481,692;  213,102;19648,781;52,83371
 926,47;10403,077;  203,487;19631,088;52,50051
 927,02;10430,154;  235,640;19501,396;52,91520
 927,57;10373,000;  222,794;19368,396;53,01586
 928,13;10367,154;  204,333;19312,319;53,18625
 928,68;10353,846;  214,256;19174,858;53,47715
 929,24;10292,385;  190,948;19009,012;53,67947
 929,79;10261,462;  211,794;18983,088;53,53742
 930,34;10235,923;  221,717;18895,858;53,62606
 930,90;10224,154;  200,487;18782,473;53,94293
 931,45;10264,538;  229,410;18742,088;54,20679
 932,01;10228,462;  224,871;18605,242;54,42540
 932,56;10159,231;  230,563;18502,473;54,33842
 933,11;10181,769;  231,179;18516,781;54,41763
 933,67;10095,231;  197,102;18280,012;54,73748
 934,22;10112,231;  216,487;18281,165;54,77952
 934,77;10089,538;  245,333;18135,704;55,02516
 935,33; 9982,846;  225,640;18075,165;54,66367
 935,88;10003,846;  225,256;17939,550;55,20169
 936,43; 9956,077;  212,640;17899,242;55,08936
 936,99; 9957,692;  214,333;17770,627;55,49781
 937,54; 9889,077;  202,717;17604,242;55,66385
 938,09; 9821,846;  225,333;17588,704;55,26872
 938,65; 9839,769;  216,256;17445,781;55,85478
 939,20; 9816,538;  197,025;17358,165;56,05405
 939,75; 9763,923;  201,179;17257,396;56,06603
 940,31; 9753,769;  193,717;17228,550;56,12061
 940,86; 9741,846;  223,025;17136,627;56,27909
 941,41; 9692,308;  253,794;17060,704;56,15853
 941,96; 9637,385;  217,563;16938,088;56,33687
 942,52; 9624,231;  218,025;16923,088;56,30751
 943,07; 9553,308;  197,333;16744,319;56,54187
 943,62; 9473,846;  210,179;16712,319;56,13616
 944,18; 9516,538;  197,410;16626,858;56,72211
 944,73; 9461,385;  216,333;16583,473;56,48544
 945,28; 9418,154;  179,410;16355,704;57,11286
 945,83; 9444,000;  208,025;16382,088;57,10362
 946,39; 9430,231;  209,102;16293,396;57,33002
 946,94; 9431,154;  229,640;16191,935;57,64531
 947,49; 9392,846;  205,717;16159,242;57,58683
 948,04; 9414,692;  224,256;16080,935;57,95940
 948,59; 9367,000;  228,640;16028,858;57,83692
 949,15; 9329,000;  194,487;15947,088;57,98733
 949,70; 9246,308;  206,179;15818,165;57,90505
 950,25; 9279,462;  233,563;15749,550;58,30050
 950,80; 9217,615;  181,102;15661,396;58,37430
 951,36; 9199,000;  180,256;15599,858;58,48883
 951,91; 9274,692;  230,717;15597,088;58,85563
 952,46; 9158,923;  180,179;15352,858;59,17705
 953,01; 9199,462;  227,640;15431,012;59,01205
 953,56; 9069,769;  185,640;15285,396;58,83624
 954,11; 9126,077;  218,256;15252,088;59,25183
 954,67; 9045,769;  210,948;15143,165;59,16617
 955,22; 8986,538;  189,025;15032,627;59,26805
 955,77; 9048,000;  233,025;14985,550;59,75231
 956,32; 8991,692;  248,102;14869,550;59,79976
 956,87; 8965,462;  199,102;14740,781;60,28437
 957,42; 8932,308;  202,563;14703,473;60,20136
 957,98; 8888,692;  209,640;14698,088;59,90325
 958,53; 8873,154;  221,640;14588,012;60,22059
 959,08; 8819,923;  191,717;14508,012;60,26843
 959,63; 8824,846;  200,717;14414,012;60,67650
 960,18; 8778,769;  222,794;14310,242;60,73474
 960,73; 8748,154;  211,717;14232,858;60,88261
 961,28; 8758,769;  199,948;14197,319;61,14592
 961,83; 8737,923;  229,871;14126,858;61,22228
 962,39; 8644,000;  199,640;13991,242;61,22827
 962,94; 8674,462;  221,948;13961,319;61,52038
 963,49; 8613,154;  212,487;13818,396;61,74278
 964,04; 8559,692;  228,794;13819,627;61,29792
 964,59; 8538,077;  183,794;13670,627;61,94399
 965,14; 8551,692;  214,871;13636,935;62,11281
 965,69; 8490,154;  213,025;13554,550;62,04035
 966,24; 8442,538;  205,256;13438,550;62,24665
 966,79; 8433,385;  222,333;13380,396;62,40319
 967,34; 8370,615;  188,410;13282,704;62,48680
 967,89; 8376,077;  203,794;13182,165;62,96848
 968,44; 8351,615;  206,794;13090,627;63,21738
 968,99; 8302,000;  217,871;13085,935;62,82320
 969,55; 8262,154;  219,487;13056,319;62,65305
 970,10; 8268,077;  216,871;12974,165;63,11061
 970,65; 8201,077;  218,948;12846,550;63,21176
 971,20; 8149,154;  207,410;12765,550;63,23981
 971,75; 8081,846;  195,179;12632,165;63,41301
 972,30; 8079,615;  209,102;12537,704;63,83946
 972,85; 8062,231;  209,025;12490,165;63,94525
 973,40; 7951,923;  197,487;12359,550;63,75922
 973,95; 7963,154;  211,179;12289,627;64,18022
 974,50; 7932,923;  235,256;12209,704;64,28411
 975,05; 7892,462;  219,179;12147,781;64,32676
 975,60; 7907,538;  227,640;12128,858;64,53036
 976,15; 7842,000;  210,948;12005,858;64,69784
 976,70; 7771,000;  227,487;11875,704;64,76110
 977,25; 7741,615;  219,871;11847,858;64,68656
 977,80; 7688,154;  212,333;11696,550;65,09648
 978,35; 7614,615;  219,563;11599,396;64,98384
 978,89; 7530,462;  192,025;11549,088;64,61562
 979,44; 7530,000;  208,871;11497,319;64,85505
 979,99; 7417,538;  200,025;11345,242;64,75884
 980,54; 7465,769;  231,794;11301,550;65,34900
 981,09; 7382,769;  228,333;11217,781;65,10278
 981,64; 7354,846;  222,102;11083,627;65,66982
 982,19; 7334,308;  248,025;11040,088;65,66198
 982,74; 7302,923;  232,410;10919,473;66,15955
 983,29; 7190,077;  199,717;10854,550;65,60741
 983,84; 7110,385;  230,563;10682,242;65,82503
 984,39; 7133,308;  236,871;10666,781;66,12173
 984,94; 7075,846;  202,640;10536,242;66,51317
 985,49; 7029,615;  239,487;10394,242;66,86649
 986,03; 6988,923;  239,563;10423,550;66,27424
 986,58; 6907,769;  254,487;10223,473;66,73981
 987,13; 6858,385;  227,179;10117,550;67,04709
 987,68; 6811,615;  231,179;10047,935;67,03270
 988,23; 6748,000;  233,794;10004,858;66,66834
 988,78; 6724,077;  215,333; 9885,704;67,30604
 989,33; 6653,923;  228,794; 9824,473;66,95856
 989,88; 6652,000;  239,179; 9742,935;67,47670
 990,42; 6574,077;  226,179; 9603,627;67,69324
 990,97; 6507,769;  222,717; 9473,012;67,94435
 991,52; 6470,000;  244,487; 9536,704;66,99707
 992,07; 6452,615;  244,410; 9348,550;68,19102
 992,62; 6369,769;  231,410; 9293,319;67,73804
 993,17; 6328,769;  230,179; 9157,781;68,31163
 993,71; 6267,923;  234,487; 9069,088;68,29325
 994,26; 6189,308;  212,948; 8950,781;68,39636
 994,81; 6207,692;  247,102; 8892,858;68,94239
 995,36; 6123,077;  219,256; 8732,396;69,34951
 995,91; 6058,538;  229,102; 8727,165;68,59723
 996,45; 6028,077;  231,794; 8630,473;69,01422
 997,00; 5931,769;  209,025; 8499,165;69,03073
 997,55; 5933,538;  227,640; 8491,012;69,05049
 998,10; 5857,923;  248,179; 8363,935;69,12165
 998,65; 5858,846;  223,179; 8317,012;69,62915
 999,19; 5790,154;  239,333; 8162,627;70,05699
 999,74; 5701,000;  250,487; 8063,088;69,76566
1000,29; 5649,462;  242,179; 8035,012;69,38790
1000,84; 5587,231;  220,871; 7901,627;69,86760
1001,38; 5541,385;  221,563; 7804,935;70,15114
1001,93; 5545,692;  249,948; 7778,012;70,34670
1002,48; 5454,154;  219,102; 7667,704;70,28234
1003,03; 5405,077;  224,794; 7615,242;70,09430
1003,57; 5340,000;  242,179; 7510,781;70,13482
1004,12; 5298,538;  242,794; 7420,704;70,43477
1004,67; 5264,615;  227,410; 7327,473;70,94593
1005,22; 5172,462;  214,871; 7172,242;71,25666
1005,76; 5082,077;  206,487; 7067,858;71,05854
1006,31; 5106,154;  237,794; 7078,165;71,17099
1006,86; 5009,077;  224,256; 6927,012;71,38588
1007,40; 4942,692;  201,487; 6818,473;71,65204
1007,95; 4887,846;  219,333; 6702,781;72,00665
1008,50; 4799,462;  224,794; 6639,858;71,31133
1009,04; 4761,462;  235,256; 6551,935;71,65483
1009,59; 4657,462;  233,871; 6451,165;71,14977
1010,14; 4597,538;  211,717; 6324,012;71,75409
1010,68; 4567,692;  223,948; 6220,088;72,44234
1011,23; 4481,538;  192,563; 6125,396;72,29220
1011,78; 4454,923;  228,410; 6082,473;72,19794
1012,32; 4378,615;  224,179; 5967,781;72,33155
1012,87; 4390,615;  245,640; 5984,319;72,22873
1013,42; 4340,846;  216,410; 5836,396;73,38873
1013,96; 4319,769;  239,871; 5882,627;72,30329
1014,51; 4241,231;  192,487; 5748,935;72,86569
1015,06; 4266,769;  199,179; 5721,319;73,65967
1015,60; 4342,308;  262,179; 5859,165;72,89867
1016,15; 4250,692;  220,256; 5778,165;72,51713
1016,69; 4337,385;  222,102; 5833,858;73,33325
1017,24; 4330,462;  198,179; 5799,550;73,77270
1017,79; 4386,154;  239,948; 5843,242;73,99586
1018,33; 4349,538;  206,948; 5874,473;73,09346
1018,88; 4456,769;  233,640; 5905,473;74,45792
1019,42; 4448,462;  217,871; 5889,935;74,58644
1019,97; 4452,154;  214,563; 5898,242;74,55718
1020,51; 4474,692;  222,640; 5889,550;75,03299
1021,06; 4501,077;  212,948; 5904,012;75,34846
1021,61; 4464,231;  197,102; 5858,935;75,36657
1022,15; 4439,923;  181,640; 5841,473;75,23690
1022,70; 4495,615;  212,487; 5878,704;75,59062
1023,24; 4444,692;  206,025; 5774,473;76,11936
1023,79; 4426,462;  226,179; 5726,088;76,37003
1024,33; 4382,462;  220,487; 5669,473;76,38072
1024,88; 4314,769;  221,948; 5594,704;76,17732
1025,42; 4276,692;  211,794; 5490,935;76,99924
1025,97; 4256,846;  212,102; 5451,550;77,19791
1026,51; 4121,692;  178,948; 5318,550;76,71303
1027,06; 4123,154;  211,333; 5295,012;76,94863
1027,60; 4073,615;  218,563; 5148,473;78,19721
1028,15; 4039,308;  225,563; 5140,088;77,60148
1028,69; 3916,154;  195,640; 4995,550;77,51216
1029,24; 3908,923;  209,025; 4952,319;78,00271
1029,78; 3814,846;  210,563; 4861,627;77,49373
1030,33; 3755,538;  192,640; 4782,550;77,62458
1030,87; 3716,154;  207,717; 4711,088;77,90689
1031,42; 3662,154;  210,333; 4652,781;77,70088
1031,96; 3659,692;  218,794; 4589,550;78,72547
1032,51; 3563,462;  196,487; 4476,935;78,65941
1033,05; 3542,308;  218,256; 4473,704;78,11285
1033,60; 3454,538;  193,563; 4344,781;78,55467
1034,14; 3415,385;  205,871; 4275,550;78,86405
1034,69; 3411,000;  198,563; 4244,165;79,40565
1035,23; 3339,231;  215,640; 4171,935;78,95243
1035,77; 3300,385;  200,333; 4117,165;79,14691
1036,32; 3248,846;  187,333; 4057,627;79,10286
1036,86; 3231,615;  200,487; 3996,935;79,84118
1037,41; 3190,692;  229,102; 3932,473;79,97012
1037,95; 3122,846;  181,563; 3886,165;79,39538
1038,50; 3084,769;  203,871; 3824,858;79,56114
1039,04; 3082,154;  213,333; 3800,781;79,96830
1039,58; 3009,538;  202,102; 3725,627;79,67693
1040,13; 2991,615;  225,640; 3698,858;79,63726
1040,67; 2967,923;  234,410; 3655,550;79,90065
1041,21; 2916,231;  233,794; 3576,858;80,23888
1041,76; 2821,692;  189,563; 3504,550;79,40089
1042,30; 2836,000;  210,333; 3495,858;79,91622
1042,85; 2769,692;  195,563; 3425,165;79,70421
1043,39; 2759,154;  203,717; 3353,396;81,13324
1043,93; 2716,154;  223,025; 3308,473;80,80281
1044,48; 2670,385;  217,179; 3286,396;79,92936
1045,02; 2631,231;  218,333; 3232,242;80,05874
1045,56; 2648,538;  216,871; 3206,242;81,34377
1046,11; 2571,769;  216,717; 3161,935;79,96191
1046,65; 2533,154;  216,102; 3111,012;80,03883
1047,19; 2520,538;  207,871; 3041,088;81,62689
1047,74; 2467,769;  198,871; 3008,935;80,74188
1048,28; 2455,077;  224,256; 2962,627;81,46526
1048,82; 2450,846;  231,717; 2919,704;82,55729
1049,37; 2377,692;  219,025; 2880,165;81,11813
1049,91; 2345,385;  202,179; 2835,088;81,40066
1050,45; 2337,462;  234,102; 2824,012;81,21363
1050,99; 2298,846;  203,410; 2761,319;81,91988
1051,54; 2249,923;  207,256; 2712,473;81,53653
1052,08; 2277,769;  223,871; 2715,319;82,43792
1052,62; 2242,231;  226,256; 2672,858;82,39898
1053,16; 2157,000;  201,025; 2597,781;81,60927
1053,71; 2142,385;  215,871; 2567,012;81,93953
1054,25; 2143,308;  236,333; 2546,858;82,53427
1054,79; 2110,077;  224,487; 2497,012;82,97336
1055,33; 2064,692;  193,025; 2461,858;82,49473
1055,88; 2067,846;  234,333; 2448,396;82,81215
1056,42; 2047,923;  239,410; 2421,627;82,87504
1056,96; 2010,077;  223,794; 2358,627;83,67319
1057,50; 1970,692;  222,563; 2322,012;83,26611
1058,05; 1955,538;  217,948; 2299,473;83,47680
1058,59; 1937,154;  231,256; 2269,473;83,69559
1059,13; 1867,538;  199,563; 2217,242;82,66801
1059,67; 1887,538;  234,871; 2212,781;83,55626
1060,21; 1846,231;  222,717; 2158,781;83,85642
1060,76; 1847,077;  230,717; 2147,935;84,30759
1061,30; 1825,923;  245,179; 2119,319;84,34503
1061,84; 1782,000;  221,102; 2066,550;84,58098
1062,38; 1733,538;  214,640; 2029,319;83,70065
1062,92; 1751,308;  256,948; 2062,935;82,74478
1063,46; 1733,154;  234,563; 1991,781;85,28202
1064,01; 1690,000;  209,717; 1961,088;84,52136
1064,55; 1685,385;  227,717; 1943,319;84,96536
1065,09; 1647,385;  203,256; 1904,935;84,86495
1065,63; 1657,538;  243,794; 1916,550;84,51588
1066,17; 1649,231;  242,487; 1887,627;85,50907
1066,71; 1632,769;  241,563; 1878,704;84,97779
1067,25; 1578,615;  215,256; 1818,935;85,01450
1067,80; 1583,000;  240,717; 1811,319;85,46295
1068,34; 1581,692;  255,487; 1823,473;84,58018
1068,88; 1519,692;  224,717; 1739,012;85,51674
1069,42; 1557,000;  260,025; 1768,627;85,97198
1069,96; 1490,692;  230,640; 1709,473;85,20585
1070,50; 1502,615;  243,410; 1728,012;84,81774
1071,04; 1458,538;  215,256; 1665,165;85,74898
1071,58; 1444,923;  225,179; 1660,935;84,95485
1072,12; 1425,077;  220,640; 1631,242;85,38458
1072,66; 1441,231;  219,563; 1625,550;86,89040
1073,21; 1423,308;  231,794; 1632,627;85,05751
1073,75; 1399,615;  231,410; 1603,242;85,15658
1074,29; 1390,615;  234,640; 1577,319;86,09468
1074,83; 1378,923;  244,487; 1571,858;85,46491
1075,37; 1355,769;  233,256; 1535,473;86,20016
1075,91; 1348,923;  249,179; 1527,088;86,05806
1076,45; 1334,231;  235,948; 1492,935;87,37426
1076,99; 1309,769;  236,025; 1472,012;86,87346
1077,53; 1285,692;  220,794; 1450,781;86,57803
1078,07; 1295,846;  237,948; 1450,396;87,25306
1078,61; 1285,231;  229,948; 1413,704;89,14699
1079,15; 1261,231;  220,640; 1402,473;88,04887
1079,69; 1256,846;  237,717; 1409,935;86,94027
1080,23; 1251,385;  243,717; 1403,012;86,92076
1080,77; 1248,462;  243,717; 1385,704;87,98214
1081,31; 1213,077;  221,717; 1334,319;89,10281
1081,85; 1204,692;  240,640; 1359,473;86,16587
1082,39; 1184,923;  230,948; 1313,858;88,09369
1082,93; 1173,077;  229,179; 1312,627;87,11983
1083,47; 1134,692;  219,871; 1271,088;87,02493
1084,01; 1166,308;  239,640; 1289,319;88,28103
1084,55; 1130,077;  226,410; 1251,550;88,15059
1085,09; 1138,077;  239,487; 1260,704;87,99208
1085,63; 1101,000;  233,487; 1224,704;87,52001
1086,17; 1092,308;  225,025; 1211,396;87,92661
1086,71; 1071,462;  227,410; 1195,781;87,16203
1087,24; 1088,000;  253,025; 1210,319;87,22240
1087,78; 1048,462;  231,410; 1172,781;86,79381
1088,32; 1045,615;  215,871; 1147,012;89,11054
1088,86; 1066,769;  253,025; 1173,550;88,40001
1089,40; 1017,077;  225,256; 1135,627;86,97784
1089,94; 1000,538;  199,025; 1098,781;89,08123
1090,48; 1012,846;  238,487; 1108,242;89,03185
1091,02; 1014,000;  232,102; 1098,550;90,24177
1091,56;  996,692;  242,025; 1077,935;90,28097
1092,10;  944,000;  213,102; 1070,165;85,27934
1092,63;  975,231;  256,256; 1063,319;89,08531
1093,17;  956,692;  233,640; 1056,165;87,90638
1093,71;  938,692;  233,640; 1037,473;87,71128
1094,25;  946,462;  248,102; 1041,627;88,00726
1094,79;  923,846;  235,410; 1022,550;87,46045
1095,33;  916,769;  221,794; 1012,319;87,91310
1095,87;  902,000;  232,179;  988,473;88,56621
1096,40;  882,385;  218,102;  960,550;89,47194
1096,94;  880,769;  230,025;  968,165;88,15995
1097,48;  897,769;  236,256;  953,935;92,17402
1098,02;  874,077;  220,410;  951,935;89,35680
1098,56;  828,308;  210,179;  903,319;89,17802
1099,10;  834,077;  212,256;  904,627;89,81038
1099,63;  816,000;  213,410;  909,935;86,51382
1100,17;  841,538;  235,333;  914,858;89,21022
1100,71;  828,462;  234,871;  913,627;87,45272

