
Integration time [ms]: 130,000
Averaging Nr. [scans]: 8
Smoothing Nr. [pixels]: 0
Data measured with spectrometer [name]: 2009305U1
Wave   ;Sample   ;Dark     ;Reference;Reflectance
[nm]   ;[counts] ;[counts] ;[counts] ;[%]

 175,72;  207,819;  184,647;  202,659;128,64576
 176,32;  219,495;  222,897;  211,946; 0,00000
 176,92;  256,862;  236,022;  234,253; 0,00000
 177,52;  260,386;  247,022;  266,339;69,18437
 178,12;  230,035;  220,272;  216,819; 0,00000
 178,72;  265,353;  254,772;  232,116; 0,00000
 179,32;  285,105;  236,022;  236,650; 0,00000
 179,92;  255,891;  237,272;  239,552;816,40427
 180,52;  252,703;  227,272;  247,498;125,73614
 181,12;  263,315;  233,897;  247,458;216,92595
 181,73;  278,439;  255,022;  265,840;216,45305
 182,33;  359,878;  298,022;  312,473;428,04813
 182,93;  286,576;  253,272;  263,032;341,21279
 183,53;  245,334;  231,647;  214,044; 0,00000
 184,13;  247,933;  240,772;  231,230; 0,00000
 184,73;  293,171;  260,772;  254,913; 0,00000
 185,33;  281,380;  221,522;  332,987;53,70080
 185,93;  291,672;  240,897;  349,033;46,95541
 186,53;  302,568;  235,397;  360,514;53,68664
 187,13;  337,265;  276,147;  418,944;42,80067
 187,73;  300,731;  221,397;  354,971;59,39360
 188,33;  294,151;  236,147;  369,308;43,55910
 188,93;  320,270;  233,772;  375,642;60,96986
 189,53;  309,440;  250,022;  372,915;48,34956
 190,13;  344,228;  256,647;  403,968;59,44882
 190,73;  292,381;  221,647;  340,553;59,48718
 191,34;  313,434;  260,647;  370,341;48,12183
 191,94;  300,060;  230,772;  342,362;62,09169
 192,54;  305,594;  258,772;  381,996;37,99720
 193,14;  315,951;  253,272;  373,617;52,08228
 193,74;  303,742;  241,272;  359,726;52,73781
 194,34;  309,574;  242,897;  362,007;55,97918
 194,94;  279,391;  212,772;  337,936;53,22509
 195,54;  239,404;  211,022;  325,315;24,83294
 196,14;  288,042;  222,147;  348,806;52,02555
 196,74;  271,781;  215,397;  317,051;55,46700
 197,34;  279,202;  183,272;  330,840;65,00710
 197,94;  297,230;  219,522;  362,590;54,31507
 198,54;  285,277;  234,397;  367,260;38,29493
 199,14;  269,824;  215,397;  360,862;37,41588
 199,74;  271,009;  192,897;  366,668;44,95099
 200,34;  261,428;  198,897;  369,311;36,69340
 200,94;  277,443;  223,522;  397,050;31,07337
 201,54;  276,145;  210,772;  406,061;33,47516
 202,14;  322,810;  217,897;  414,733;53,29991
 202,74;  285,469;  210,897;  446,295;31,67923
 203,34;  286,577;  191,772;  455,445;35,95550
 203,94;  258,360;  164,897;  446,139;33,23215
 204,54;  322,859;  236,897;  512,110;31,23470
 205,14;  302,309;  194,147;  526,691;32,52556
 205,74;  343,207;  222,397;  602,708;31,76620
 206,34;  317,736;  197,397;  615,632;28,77300
 206,94;  339,257;  215,022;  680,432;26,69362
 207,54;  313,321;  192,647;  679,883;24,76705
 208,14;  364,475;  202,272;  776,481;28,24807
 208,74;  368,269;  210,772;  835,193;25,22294
 209,34;  385,908;  198,022;  904,871;26,58085
 209,94;  400,274;  202,397;  984,838;25,28966
 210,54;  416,844;  203,272; 1057,351;25,00610
 211,14;  445,154;  209,647; 1162,476;24,71661
 211,73;  465,266;  200,522; 1281,916;24,48173
 212,33;  489,258;  220,647; 1367,619;23,41916
 212,93;  487,400;  195,147; 1438,081;23,51313
 213,53;  468,329;  172,272; 1482,749;22,59156
 214,13;  513,044;  181,897; 1524,126;24,67143
 214,73;  495,310;  190,397; 1584,233;21,87585
 215,33;  486,774;  151,022; 1596,588;23,22631
 215,93;  540,183;  193,147; 1749,005;22,30510
 216,53;  488,890;  160,022; 1804,923;19,99318
 217,13;  569,514;  206,272; 2015,862;20,07315
 217,73;  576,802;  180,522; 2206,492;19,56003
 218,33;  569,183;  154,397; 2370,804;18,71435
 218,93;  644,290;  170,272; 2565,586;19,78939
 219,53;  694,118;  182,772; 2869,485;19,03240
 220,13;  693,806;  175,147; 3150,943;17,42926
 220,73;  766,768;  181,272; 3496,701;17,65975
 221,32;  845,019;  183,397; 3819,693;18,19495
 221,92;  927,737;  177,522; 4195,354;18,67213
 222,52;  998,967;  172,647; 4598,740;18,66928
 223,12; 1090,146;  170,147; 5027,534;18,94021
 223,72; 1180,331;  193,522; 5304,465;19,30777
 224,32; 1280,166;  184,147; 5675,974;19,95727
 224,92; 1347,261;  167,647; 5919,258;20,50928
 225,52; 1443,192;  196,397; 6249,239;20,59850
 226,12; 1508,439;  187,022; 6543,260;20,78929
 226,72; 1618,339;  148,772; 6883,206;21,82169
 227,31; 1701,934;  162,272; 7140,115;22,06502
 227,91; 1863,502;  186,022; 7468,912;23,03317
 228,51; 1947,867;  182,772; 7869,581;22,96265
 229,11; 2103,550;  180,772; 8198,208;23,98245
 229,71; 2245,935;  168,647; 8461,309;25,04971
 230,31; 2403,574;  156,772; 8826,842;25,91446
 230,91; 2513,395;  162,647; 9189,262;26,04241
 231,51; 2704,397;  163,397; 9498,651;27,21940
 232,10; 2900,838;  161,022; 9800,644;28,42244
 232,70; 3123,199;  178,272;10024,007;29,91069
 233,30; 3303,878;  185,772;10345,711;30,69020
 233,90; 3562,223;  175,772;10501,621;32,79586
 234,50; 3678,882;  169,647;10677,856;33,39518
 235,10; 3874,011;  173,397;10820,258;34,75779
 235,70; 4061,553;  178,147;10988,311;35,92365
 236,29; 4263,385;  193,522;11071,786;37,41280
 236,89; 4408,994;  162,022;10996,317;39,19934
 237,49; 4589,674;  187,522;11032,465;40,59175
 238,09; 4680,111;  168,772;10835,757;42,29254
 238,69; 4830,852;  207,147;10740,737;43,89486
 239,29; 4867,436;  181,647;10531,851;45,27244
 239,89; 4932,399;  194,647;10312,407;46,82610
 240,48; 4937,581;  169,147;10033,416;48,34047
 241,08; 4896,727;  170,522; 9775,717;49,20468
 241,68; 4919,745;  186,272; 9483,164;50,91458
 242,28; 4863,588;  165,272; 9212,088;51,93337
 242,88; 4848,229;  202,647; 8995,682;52,83252
 243,48; 4809,364;  195,522; 8708,159;54,19992
 244,07; 4696,973;  181,397; 8565,572;53,85832
 244,67; 4710,595;  193,772; 8502,469;54,36259
 245,27; 4640,766;  190,522; 8311,791;54,79740
 245,87; 4634,680;  197,147; 8314,276;54,66874
 246,47; 4626,421;  183,147; 8296,632;54,76406
 247,06; 4553,796;  178,022; 8345,556;53,57522
 247,66; 4565,195;  183,397; 8378,766;53,46676
 248,26; 4546,455;  207,397; 8567,242;51,90357
 248,86; 4573,916;  193,397; 8722,244;51,36120
 249,46; 4534,337;  155,897; 8931,595;49,89279
 250,05; 4620,086;  187,647; 9273,804;48,78233
 250,65; 4645,217;  166,647; 9568,635;47,63428
 251,25; 4728,497;  168,022;10131,525;45,77181
 251,85; 4804,229;  175,647;10590,521;44,44204
 252,44; 4840,489;  151,397;11116,103;42,76533
 253,04; 4999,268;  186,897;11893,951;41,10660
 253,64; 5039,152;  143,022;12526,309;39,53821
 254,24; 5188,526;  182,147;13363,373;37,98114
 254,84; 5262,587;  164,647;14223,470;36,26150
 255,43; 5331,249;  173,147;15068,885;34,62804
 256,03; 5453,332;  181,897;15994,853;33,33618
 256,63; 5473,714;  185,522;16940,726;31,56149
 257,23; 5490,974;  166,147;17667,259;30,42565
 257,82; 5560,148;  187,397;18498,116;29,34211
 258,42; 5457,884;  149,272;19213,306;27,84622
 259,02; 5519,694;  187,022;20054,849;26,84074
 259,62; 5386,561;  170,647;20571,072;25,56767
 260,21; 5289,754;  175,522;21025,898;24,52825
 260,81; 5147,194;  189,522;21376,148;23,40001
 261,41; 4986,253;  169,272;21717,425;22,35450
 262,01; 4876,947;  206,647;22148,590;21,28481
 262,60; 4629,849;  161,272;22340,634;20,14746
 263,20; 4508,816;  176,272;22599,315;19,32184
 263,80; 4334,372;  194,022;22739,239;18,36465
 264,40; 4174,996;  167,397;22861,621;17,65912
 264,99; 4042,318;  184,272;22991,445;16,91593
 265,59; 3925,003;  177,772;23148,946;16,31275
 266,19; 3758,432;  168,147;23137,295;15,63090
 266,78; 3714,030;  202,147;23373,933;15,15586
 267,38; 3613,077;  186,272;23356,179;14,78990
 267,98; 3537,400;  173,022;23297,045;14,54928
 268,58; 3493,797;  185,147;23291,714;14,31909
 269,17; 3413,071;  176,022;23331,868;13,97940
 269,77; 3369,830;  181,897;23081,436;13,92139
 270,37; 3262,743;  142,522;23088,344;13,59821
 270,96; 3303,758;  215,022;22899,820;13,61588
 271,56; 3191,559;  181,272;22655,010;13,39469
 272,16; 3184,464;  171,897;22569,177;13,45059
 272,75; 3212,348;  178,772;22492,960;13,59483
 273,35; 3235,077;  175,522;22460,784;13,72905
 273,95; 3235,283;  183,022;22407,016;13,73408
 274,54; 3279,761;  162,397;22523,327;13,94112
 275,14; 3401,057;  191,897;22831,851;14,17476
 275,74; 3375,884;  160,272;22947,688;14,11135
 276,33; 3571,536;  197,772;23380,675;14,55281
 276,93; 3668,960;  180,897;23674,311;14,84698
 277,53; 3847,569;  185,897;24035,592;15,35312
 278,12; 3979,853;  161,022;24636,529;15,60267
 278,72; 4168,625;  202,272;25139,253;15,90551
 279,32; 4372,055;  180,272;25844,289;16,33331
 279,91; 4579,982;  161,397;26530,806;16,75648
 280,51; 4730,174;  175,272;27005,784;16,97658
 281,11; 5012,827;  178,647;27709,590;17,55908
 281,70; 5248,087;  168,522;27974,990;18,26757
 282,30; 5496,934;  158,522;28574,010;18,78698
 282,90; 5735,014;  173,397;29090,750;19,23280
 283,49; 6028,887;  199,897;29473,590;19,91204
 284,09; 6323,813;  213,272;29938,913;20,55646
 284,69; 6561,701;  200,647;30286,222;21,14320
 285,28; 6883,878;  207,397;30624,231;21,94995
 285,88; 7176,419;  212,022;30748,041;22,80715
 286,47; 7399,830;  190,522;30818,443;23,53835
 287,07; 7701,371;  203,647;31076,483;24,28583
 287,67; 8098,989;  200,397;31127,784;25,53915
 288,26; 8343,281;  169,897;31125,211;26,40381
 288,86; 8780,233;  169,022;31152,048;27,79332
 289,46; 9196,226;  200,897;31362,043;28,86713
 290,05; 9613,062;  159,522;31388,094;30,27209
 290,65;10232,090;  183,647;31582,969;32,00210
 291,24;10677,080;  194,022;31667,867;33,30721
 291,84;11216,964;  196,647;31763,601;34,91093
 292,44;11793,228;  167,397;31900,258;36,63657
 293,03;12307,440;  235,147;32094,197;37,89282
 293,63;12810,984;  184,272;32166,784;39,48005
 294,22;13426,342;  190,647;32316,010;41,20014
 294,82;13795,226;  189,897;32363,688;42,28699
 295,41;14122,837;  169,772;32163,990;43,61121
 296,01;14498,554;  220,272;32039,192;44,87356
 296,61;14736,505;  183,647;31743,266;46,11228
 297,20;15021,749;  189,272;31482,655;47,39812
 297,80;15288,746;  205,022;31320,157;48,47713
 298,39;15323,729;  163,022;30945,521;49,25106
 298,99;15634,038;  190,772;30842,911;50,38234
 299,58;15847,160;  190,647;30591,412;51,50039
 300,18;15927,572;  204,272;30490,001;51,91653
 300,78;15940,904;  185,397;30024,351;52,80181
 301,37;16264,849;  188,897;30192,529;53,58002
 301,97;16419,071;  189,397;30239,702;54,00835
 302,56;16573,165;  174,522;30024,320;54,93720
 303,16;16703,951;  175,647;30039,291;55,34591
 303,75;16793,843;  187,647;30014,927;55,67452
 304,35;17107,697;  169,397;30225,432;56,35574
 304,94;17217,676;  176,397;30324,144;56,52588
 305,54;17370,019;  199,772;30256,568;57,12601
 306,13;17436,331;  162,647;30178,340;57,54884
 306,73;17473,183;  175,647;30043,748;57,91308
 307,33;17555,589;  199,272;29911,331;58,41506
 307,92;17683,595;  173,522;30020,038;58,66706
 308,52;17944,941;  171,772;30539,634;58,52625
 309,11;18278,095;  181,647;30999,058;58,72151
 309,71;18521,462;  150,272;31304,636;58,96827
 310,30;18730,335;  162,772;31427,505;59,38820
 310,90;19035,085;  191,772;31765,505;59,68035
 311,49;19080,921;  177,147;31936,132;59,52260
 312,09;19328,977;  161,022;32018,842;60,16719
 312,68;19549,454;  203,647;32424,874;60,04057
 313,28;19749,220;  166,272;32608,288;60,36292
 313,87;19788,716;  146,897;32706,393;60,32593
 314,47;19930,139;  180,272;32891,076;60,37720
 315,06;19995,545;  171,147;32971,389;60,43979
 315,66;20144,352;  163,897;33157,592;60,55840
 316,25;20004,116;  149,272;33146,414;60,17140
 316,85;20016,052;  151,272;33258,568;60,00121
 317,44;20080,995;  171,147;33329,511;60,04472
 318,04;20015,544;  155,022;33321,715;59,88092
 318,63;19999,448;  149,897;33387,543;59,72009
 319,22;20032,890;  189,522;33648,617;59,30635
 319,82;19906,788;  182,272;33594,335;59,03412
 320,41;19822,400;  178,272;33545,650;58,87226
 321,01;19803,752;  180,647;33506,787;58,88202
 321,60;19688,268;  164,897;33626,027;58,34642
 322,20;19616,450;  161,397;33615,230;58,15493
 322,79;19585,185;  206,022;33778,934;57,72262
 323,39;19547,332;  167,772;33798,208;57,62506
 323,98;19413,269;  171,147;33765,693;57,27752
 324,58;19191,206;  168,647;33682,804;56,75977
 325,17;19042,610;  172,772;33537,152;56,55684
 325,76;18798,751;  187,647;33380,746;56,06920
 326,36;18528,708;  152,397;33034,652;55,88519
 326,95;18256,527;  195,897;32707,184;55,55188
 327,55;17963,448;  157,397;32386,313;55,24868
 328,14;17622,441;  170,397;31988,246;54,84985
 328,74;17314,855;  197,522;31601,264;54,50730
 329,33;16975,618;  197,022;31157,505;54,19359
 329,92;16613,450;  163,397;30738,125;53,80278
 330,52;16093,715;  180,022;30181,574;53,04290
 331,11;15766,283;  183,772;29710,822;52,77368
 331,71;15390,982;  173,397;29188,931;52,44634
 332,30;14876,801;  194,647;28664,519;51,57085
 332,89;14723,203;  207,772;28232,007;51,79600
 333,49;14199,292;  185,397;27679,730;50,97012
 334,08;13863,683;  181,397;27255,018;50,53734
 334,68;13544,353;  179,897;26962,029;49,90064
 335,27;13316,449;  179,397;26527,536;49,85951
 335,86;13044,033;  207,147;26304,447;49,18856
 336,46;12832,179;  195,147;25992,228;48,98629
 337,05;12541,253;  173,272;25869,731;48,13107
 337,65;12319,868;  161,647;25765,949;47,48507
 338,24;12230,974;  222,772;25783,932;46,97832
 338,83;12094,439;  194,272;25720,454;46,61946
 339,43;11923,595;  173,272;25634,731;46,14945
 340,02;11766,606;  172,397;25518,507;45,74354
 340,61;11658,905;  167,772;25607,219;45,17053
 341,21;11508,480;  205,772;25618,014;44,47741
 341,80;11394,278;  174,897;25574,927;44,17074
 342,40;11355,430;  181,147;25674,970;43,83134
 342,99;11312,203;  180,272;25829,132;43,40127
 343,58;11209,118;  177,522;26027,505;42,67545
 344,18;11130,687;  185,772;26119,969;42,20264
 344,77;11190,686;  171,022;26439,121;41,95075
 345,36;11179,152;  148,647;26720,184;41,51249
 345,96;11125,523;  187,772;27053,470;40,71270
 346,55;11043,312;  179,772;27244,650;40,13888
 347,14;11098,975;  167,522;27527,356;39,95438
 347,74;11155,242;  139,397;28049,992;39,46833
 348,33;11248,553;  179,522;28663,791;38,86015
 348,92;11333,554;  180,522;29196,707;38,43728
 349,52;11377,051;  162,272;29712,180;37,95199
 350,11;11332,742;  180,147;29820,532;37,62635
 350,70;11247,985;  160,022;29997,708;37,16094
 351,29;11019,375;  161,397;29717,592;36,73673
 351,89;10885,580;  180,022;29661,512;36,31281
 352,48;10782,815;  150,647;29757,072;35,91169
 353,07;10621,539;  167,897;29680,432;35,42102
 353,67;10464,139;  186,522;29739,216;34,77726
 354,26;10219,990;  175,772;29443,152;34,31882
 354,85;10028,722;  181,272;29352,079;33,75789
 355,45; 9875,054;  165,397;29054,998;33,60952
 356,04; 9721,484;  164,272;29112,646;33,01468
 356,63; 9582,257;  190,147;28910,001;32,70250
 357,22; 9327,948;  174,897;28712,208;32,07398
 357,82; 9198,636;  178,772;28536,416;31,80752
 358,41; 9058,381;  183,147;28441,509;31,40746
 359,00; 8851,110;  162,772;28231,277;30,95405
 359,60; 8726,459;  178,272;28142,887;30,56787
 360,19; 8554,613;  174,897;27960,291;30,15871
 360,78; 8390,213;  190,397;27796,608;29,70280
 361,37; 8258,898;  165,772;27702,039;29,39079
 361,97; 8110,452;  170,522;27643,840;28,90051
 362,56; 7960,167;  160,397;27198,181;28,84767
 363,15; 7782,454;  189,897;27001,451;28,31823
 363,74; 7573,214;  179,522;26639,177;27,94327
 364,34; 7405,911;  202,647;26268,675;27,63468
 364,93; 7200,692;  164,147;25903,501;27,33769
 365,52; 6992,033;  149,147;25623,947;26,86139
 366,11; 6831,750;  181,772;25242,572;26,53538
 366,71; 6713,640;  157,522;24859,367;26,54101
 367,30; 6562,873;  177,397;24566,594;26,18157
 367,89; 6472,647;  203,647;24321,103;25,99362
 368,48; 6240,083;  189,397;23989,665;25,42277
 369,07; 6057,735;  184,272;23630,458;25,05083
 369,67; 5992,728;  193,897;23396,730;24,99191
 370,26; 5813,855;  184,272;23144,195;24,51917
 370,85; 5695,018;  172,772;22872,777;24,32707
 371,44; 5625,487;  168,272;22683,068;24,23835
 372,03; 5505,926;  156,397;22385,971;24,06492
 372,63; 5391,727;  137,772;22100,286;23,92238
 373,22; 5231,820;  164,772;21897,710;23,31506
 373,81; 5164,878;  154,647;21525,606;23,44411
 374,40; 5062,831;  162,772;21342,666;23,13543
 374,99; 5005,504;  171,897;21156,599;23,03396
 375,59; 4839,636;  159,522;20934,952;22,52716
 376,18; 4830,638;  194,647;20759,632;22,54313
 376,77; 4757,166;  181,522;20537,612;22,47801
 377,36; 4741,098;  191,772;20604,266;22,28697
 377,95; 4602,510;  185,022;20233,105;22,03447
 378,55; 4579,002;  155,647;20088,537;22,19124
 379,14; 4539,583;  169,647;19978,096;22,06097
 379,73; 4537,755;  177,397;19896,717;22,11211
 380,32; 4489,592;  182,022;19972,885;21,76545
 380,91; 4422,373;  171,897;19885,288;21,56136
 381,50; 4470,227;  192,897;19824,362;21,78813
 382,10; 4377,467;  160,147;19732,135;21,54773
 382,69; 4395,663;  155,522;19629,210;21,77369
 383,28; 4369,996;  199,897;19644,552;21,44599
 383,87; 4352,466;  168,022;19450,837;21,70038
 384,46; 4315,646;  174,897;19497,574;21,42948
 385,05; 4366,462;  194,897;19482,692;21,62800
 385,64; 4348,625;  170,772;19378,947;21,75039
 386,24; 4300,026;  153,522;19447,337;21,49137
 386,83; 4337,117;  185,522;19473,476;21,52429
 387,42; 4403,495;  174,022;19580,684;21,79392
 388,01; 4482,286;  180,397;19817,063;21,90743
 388,60; 4549,555;  186,897;19989,059;22,03122
 389,19; 4572,902;  165,397;20230,100;21,96646
 389,78; 4673,816;  170,397;20443,730;22,21351
 390,37; 4841,709;  227,022;20833,233;22,39464
 390,96; 4874,922;  182,647;20994,270;22,54641
 391,56; 4894,014;  169,397;21197,665;22,46793
 392,15; 5002,985;  162,147;21556,623;22,62658
 392,74; 5035,867;  143,147;21710,891;22,68536
 393,33; 5157,950;  170,397;21877,964;22,97610
 393,92; 5316,451;  171,272;22384,352;23,16283
 394,51; 5370,845;  169,022;22566,272;23,22528
 395,10; 5490,882;  197,897;22667,776;23,55591
 395,69; 5606,570;  187,647;22862,734;23,89814
 396,28; 5635,081;  198,772;22910,579;23,93605
 396,87; 5676,777;  198,647;23083,930;23,93735
 397,46; 5790,223;  189,397;23161,948;24,38052
 398,06; 5906,982;  195,772;23457,383;24,55208
 398,65; 5988,297;  189,272;23497,243;24,88001
 399,24; 6082,441;  185,647;23706,134;25,07088
 399,83; 6115,371;  164,147;23505,606;25,49637
 400,42; 6224,367;  204,522;23783,813;25,53022
 401,01; 6295,983;  172,897;23852,958;25,85756
 401,60; 6369,350;  198,147;23819,617;26,12540
 402,19; 6418,193;  208,647;23796,170;26,32555
 402,78; 6543,959;  207,022;23736,927;26,93142
 403,37; 6508,383;  192,397;23710,308;26,85607
 403,96; 6531,950;  196,022;23510,157;27,17634
 404,55; 6609,898;  196,272;23504,956;27,51604
 405,14; 6680,710;  178,647;23369,785;28,03685
 405,73; 6691,993;  200,522;23216,044;28,20475
 406,32; 6820,268;  208,272;23205,389;28,75141
 406,91; 6785,416;  192,647;22835,776;29,11598
 407,50; 6852,257;  181,397;22673,393;29,65882
 408,09; 6812,541;  177,522;22405,419;29,84997
 408,68; 6851,745;  191,647;22237,761;30,20985
 409,27; 6865,707;  183,272;22132,583;30,44485
 409,86; 6913,577;  192,022;22103,622;30,67578
 410,45; 7034,462;  212,522;21947,518;31,38689
 411,04; 7054,302;  218,772;21929,036;31,48525
 411,63; 7051,956;  205,147;21587,734;32,02049
 412,22; 7061,045;  208,272;21355,189;32,40554
 412,81; 7035,870;  205,147;21086,069;32,71275
 413,40; 7064,886;  224,522;20737,442;33,34661
 413,99; 7027,737;  244,272;20429,308;33,60641
 414,58; 6911,718;  191,772;20099,292;33,75582
 415,17; 6894,305;  183,397;19854,251;34,11600
 415,76; 6899,571;  194,397;19743,253;34,29957
 416,35; 6957,553;  186,772;19584,410;34,90518
 416,94; 7000,978;  218,897;19714,010;34,78862
 417,53; 7189,674;  191,022;19833,620;35,62997
 418,12; 7262,780;  192,022;19930,854;35,82156
 418,71; 7449,721;  197,022;20251,451;36,16507
 419,30; 7580,239;  188,022;20266,745;36,81617
 419,89; 7671,665;  187,772;20520,560;36,80702
 420,48; 7863,046;  215,397;20790,803;37,16888
 421,07; 8049,677;  215,522;20909,357;37,85744
 421,66; 8077,354;  172,272;20864,603;38,20295
 422,25; 8150,743;  198,147;20858,067;38,49287
 422,84; 8263,714;  223,772;20851,643;38,97611
 423,43; 8214,291;  196,397;20597,299;39,30167
 424,02; 8230,673;  228,022;20224,603;40,02010
 424,60; 8105,673;  204,647;19841,563;40,23558
 425,19; 8073,303;  196,522;19628,720;40,53469
 425,78; 8144,097;  228,397;19626,239;40,80712
 426,37; 8117,895;  222,147;19404,083;41,16242
 426,96; 8164,080;  206,272;19253,514;41,77932
 427,55; 8136,824;  194,147;19031,113;42,16537
 428,14; 8183,504;  181,897;18941,705;42,65293
 428,73; 8100,118;  222,397;18767,700;42,47826
 429,32; 8248,961;  224,522;18744,769;43,32793
 429,91; 8344,953;  232,022;18773,834;43,75479
 430,50; 8339,837;  224,147;18733,048;43,84750
 431,08; 8287,691;  239,272;18537,921;43,98368
 431,67; 8332,411;  271,397;18387,636;44,49607
 432,26; 8332,871;  288,272;18235,819;44,82283
 432,85; 8191,993;  322,522;17780,542;45,07654
 433,44; 8178,470;  309,897;17459,430;45,88214
 434,03; 8022,870;  323,272;17142,237;45,77926
 434,62; 7930,195;  289,272;16718,234;46,50886
 435,21; 7860,227;  314,022;16585,129;46,37794
 435,79; 7893,624;  284,022;16377,958;47,28241
 436,38; 7869,169;  297,897;16340,574;47,19457
 436,97; 7902,347;  286,397;16196,625;47,86827
 437,56; 7878,867;  281,647;16046,969;48,18944
 438,15; 7906,341;  270,647;16020,724;48,48036
 438,74; 7945,440;  295,897;15949,036;48,86907
 439,33; 7964,897;  251,772;15894,010;49,30960
 439,91; 8121,295;  216,772;16015,277;50,03336
 440,50; 8088,814;  259,522;16040,717;49,61153
 441,09; 8287,386;  249,522;16192,896;50,41507
 441,68; 8261,467;  252,897;16152,858;50,36849
 442,27; 8281,891;  221,647;16170,215;50,53898
 442,86; 8298,907;  199,897;16147,212;50,78604
 443,44; 8421,536;  220,772;16211,559;51,28431
 444,03; 8575,557;  270,022;16197,040;52,14745
 444,62; 8465,292;  217,647;16139,995;51,79917
 445,21; 8473,519;  224,897;15893,903;52,64292
 445,80; 8435,699;  251,022;15862,926;52,42587
 446,39; 8391,120;  259,522;15553,047;53,17020
 446,97; 8318,074;  233,272;15372,781;53,40201
 447,56; 8253,360;  218,272;15144,732;53,83117
 448,15; 8178,249;  221,397;15032,554;53,72201
 448,74; 8066,058;  239,522;14783,493;53,81292
 449,33; 8039,482;  224,897;14611,580;54,31818
 449,91; 8033,976;  220,897;14428,047;54,99400
 450,50; 7908,543;  202,897;14194,851;55,07198
 451,09; 7890,147;  244,522;14159,175;54,94657
 451,68; 7954,653;  259,522;14010,487;55,96066
 452,26; 7913,529;  238,647;13956,661;55,94747
 452,85; 7848,716;  230,397;13850,320;55,93511
 453,44; 7855,263;  232,397;13903,478;55,75906
 454,03; 7901,916;  203,522;13816,603;56,55144
 454,61; 7882,762;  208,647;13777,110;56,55847
 455,20; 8053,667;  243,647;13969,124;56,90163
 455,79; 8024,870;  237,397;13966,523;56,72228
 456,38; 8113,180;  234,647;14045,990;57,04393
 456,97; 8203,047;  226,147;14115,568;57,43148
 457,55; 8288,432;  222,272;14075,532;58,22572
 458,14; 8302,219;  249,147;14060,814;58,30630
 458,73; 8260,056;  231,272;14043,664;58,12740
 459,31; 8320,412;  255,147;14045,196;58,48613
 459,90; 8403,397;  263,897;14174,602;58,51249
 460,49; 8483,394;  277,772;14258,693;58,69157
 461,08; 8453,763;  235,647;14346,792;58,23848
 461,66; 8563,763;  226,772;14371,243;58,94169
 462,25; 8721,090;  233,647;14430,810;59,78267
 462,84; 8731,137;  248,022;14456,799;59,70335
 463,43; 8716,041;  203,897;14410,009;59,91888
 464,01; 8797,722;  226,147;14442,344;60,29443
 464,60; 8796,064;  261,647;14364,670;60,51480
 465,19; 8630,539;  204,522;14172,822;60,32242
 465,77; 8691,665;  234,897;14192,621;60,58844
 466,36; 8672,055;  257,897;14108,054;60,75136
 466,95; 8478,849;  230,147;13701,698;61,23053
 467,53; 8347,265;  228,272;13470,599;61,31092
 468,12; 8245,383;  256,772;13223,844;61,60690
 468,71; 8109,693;  242,647;12987,045;61,72944
 469,29; 7971,832;  228,022;12758,328;61,80065
 469,88; 7798,394;  227,022;12545,050;61,46578
 470,47; 7898,121;  268,147;12654,938;61,59767
 471,06; 7830,036;  243,522;12618,811;61,30373
 471,64; 7954,418;  247,147;12754,684;61,62101
 472,23; 7938,418;  211,147;12662,220;62,06108
 472,81; 7981,575;  206,272;12740,865;62,03076
 473,40; 8091,537;  218,522;12934,457;61,91456
 473,99; 8278,192;  289,272;13155,173;62,09375
 474,57; 8333,748;  230,897;13178,834;62,58024
 475,16; 8430,203;  240,897;13412,017;62,17623
 475,75; 8581,007;  257,647;13494,298;62,88116
 476,33; 8630,651;  256,897;13570,919;62,89425
 476,92; 8683,701;  256,022;13612,713;63,09706
 477,51; 8761,074;  247,147;13749,158;63,05673
 478,09; 8795,133;  236,647;13669,590;63,71267
 478,68; 8739,076;  247,272;13546,818;63,85033
 479,27; 8786,407;  267,772;13736,501;63,24750
 479,85; 8735,551;  241,647;13672,115;63,24355
 480,44; 8827,718;  242,897;13869,772;62,99919
 481,02; 9616,283;  246,147;15579,022;61,11141
 481,61;10868,371;  271,522;17364,135;61,99666
 482,20;11735,608;  268,772;18421,624;63,16824
 482,78;12233,520;  294,772;18995,164;63,84223
 483,37;12469,670;  272,272;19410,770;63,73226
 483,95;12591,173;  303,272;19646,172;63,52667
 484,54;12849,871;  314,897;19857,377;64,14219
 485,13;12871,432;  296,272;19884,768;64,19666
 485,71;12858,239;  272,022;19758,540;64,58936
 486,30;12727,799;  310,897;19512,346;64,66648
 486,88;12461,627;  331,147;19154,975;64,44215
 487,47;12125,330;  328,647;18476,853;65,00192
 488,05;11504,887;  307,647;17587,306;64,80012
 488,64;10779,561;  315,897;16271,893;65,57826
 489,23; 9728,031;  324,772;14257,379;67,49102
 489,81; 8181,389;  305,647;12238,598;65,99995
 490,40; 7682,522;  269,022;11746,763;64,59024
 490,98; 7517,320;  256,772;11507,808;64,53226
 491,57; 7461,360;  283,522;11390,250;64,62603
 492,15; 7378,489;  267,647;11418,951;63,76691
 492,74; 7350,737;  264,272;11271,486;64,38019
 493,32; 7304,985;  276,397;11148,799;64,64614
 493,91; 7193,826;  261,397;11109,119;63,90677
 494,50; 7161,730;  269,647;11064,697;63,84484
 495,08; 7186,770;  254,897;11002,438;64,49730
 495,67; 7162,827;  279,147;10990,362;64,26609
 496,25; 7122,890;  225,772;10842,744;64,96314
 496,84; 7079,882;  237,522;10866,273;64,37595
 497,42; 7061,993;  225,397;10794,326;64,68580
 498,01; 6984,186;  257,272;10750,074;64,10979
 498,59; 6971,617;  213,772;10720,458;64,31948
 499,18; 6938,220;  214,522;10721,060;63,99537
 499,76; 6908,215;  243,897;10561,471;64,59191
 500,35; 6754,197;  254,397;10284,128;64,80533
 500,93; 6750,954;  222,272;10301,703;64,77233
 501,52; 6724,292;  211,022;10264,857;64,78394
 502,10; 6730,933;  226,647;10190,757;65,27714
 502,69; 6606,429;  220,522;10058,411;64,91136
 503,27; 6487,144;  209,397; 9901,195;64,77381
 503,86; 6465,910;  224,022; 9832,838;64,96002
 504,44; 6393,722;  190,397; 9702,061;65,21808
 505,03; 6204,112;  194,147; 9504,981;64,54808
 505,61; 6191,623;  200,522; 9318,749;65,70467
 506,19; 6137,352;  228,647; 9159,324;66,16190
 506,78; 5977,554;  201,522; 8997,515;65,66662
 507,36; 5865,247;  207,897; 8863,132;65,36334
 507,95; 5759,460;  216,272; 8722,523;65,16606
 508,53; 5692,964;  217,522; 8611,619;65,22968
 509,12; 5617,717;  219,397; 8423,278;65,80202
 509,70; 5526,590;  226,647; 8262,917;65,95028
 510,29; 5398,771;  227,522; 8180,253;65,02482
 510,87; 5274,934;  206,272; 7971,278;65,27570
 511,46; 5164,607;  198,022; 7831,191;65,06584
 512,04; 5107,518;  205,897; 7737,468;65,08099
 512,62; 4974,417;  208,897; 7580,497;64,64703
 513,21; 4885,060;  191,647; 7387,126;65,22726
 513,79; 4776,673;  210,522; 7278,095;64,60706
 514,38; 4691,247;  189,147; 7087,272;65,26556
 514,96; 4592,448;  220,522; 7043,116;64,08011
 515,54; 4517,885;  201,022; 6896,957;64,46991
 516,13; 4469,979;  214,647; 6795,874;64,65865
 516,71; 4369,999;  197,397; 6687,613;64,29066
 517,30; 4271,640;  199,897; 6587,957;63,73990
 517,88; 4210,755;  221,522; 6530,549;63,23056
 518,46; 4127,278;  200,772; 6391,142;63,42926
 519,05; 4104,809;  225,522; 6363,149;63,20501
 519,63; 4080,701;  218,147; 6257,305;63,95849
 520,22; 4060,818;  214,397; 6196,362;64,30030
 520,80; 3990,603;  197,147; 6120,973;64,03726
 521,38; 4022,079;  218,522; 6153,464;64,08751
 521,97; 3914,509;  201,022; 6117,605;62,76405
 522,55; 3945,089;  211,647; 6121,469;63,17351
 523,13; 3924,071;  192,522; 6020,320;64,03017
 523,72; 3898,518;  214,897; 6033,234;63,31055
 524,30; 3974,498;  232,397; 6149,511;63,24200
 524,89; 3997,543;  195,147; 6163,590;63,70834
 525,47; 4077,737;  214,647; 6285,992;63,62823
 526,05; 4075,721;  175,897; 6322,954;63,44212
 526,64; 4164,838;  224,397; 6410,831;63,69488
 527,22; 4204,287;  216,272; 6524,016;63,22411
 527,80; 4356,784;  256,147; 6620,163;64,43474
 528,39; 4297,046;  205,022; 6788,480;62,15615
 528,97; 4407,183;  216,522; 6859,748;63,08171
 529,55; 4561,226;  222,147; 7126,161;62,84865
 530,14; 4690,839;  229,397; 7267,755;63,38754
 530,72; 4744,242;  194,147; 7368,554;63,42121
 531,30; 4794,248;  196,397; 7493,740;63,00719
 531,89; 4871,468;  219,147; 7539,900;63,54977
 532,47; 4913,091;  240,147; 7674,289;62,85788
 533,05; 4941,349;  230,647; 7700,857;63,05984
 533,63; 4996,870;  245,647; 7757,387;63,25064
 534,22; 4947,040;  218,147; 7806,773;62,31554
 534,80; 5003,010;  248,397; 7907,113;62,08107
 535,38; 5080,952;  303,022; 7932,487;62,62471
 535,97; 5025,806;  229,772; 7956,061;62,07423
 536,55; 5088,559;  282,147; 7985,644;62,39260
 537,13; 5043,819;  292,772; 7985,072;61,76367
 537,71; 5052,534;  336,147; 7975,837;61,73533
 538,30; 5058,928;  352,522; 8119,333;60,59638
 538,88; 5135,395;  391,272; 8198,945;60,76232
 539,46; 5200,340;  439,522; 8371,978;60,01695
 540,05; 5293,302;  457,647; 8444,521;60,54503
 540,63; 5389,157;  521,022; 8658,463;59,82390
 541,21; 5429,068;  558,147; 8831,483;58,87494
 541,79; 5512,039;  596,272; 8942,392;58,89882
 542,38; 5610,018;  622,522; 9147,536;58,50426
 542,96; 5662,009;  640,397; 9263,976;58,23119
 543,54; 5737,799;  639,147; 9417,543;58,08182
 544,12; 5874,553;  630,522; 9574,070;58,63479
 544,70; 5841,814;  600,272; 9665,019;57,82337
 545,29; 5987,718;  619,022; 9801,262;58,46826
 545,87; 5983,414;  575,022; 9797,392;58,64427
 546,45; 5976,758;  528,522; 9830,503;58,57071
 547,03; 6037,350;  515,522; 9946,184;58,55186
 547,62; 6145,653;  474,772;10033,117;59,32911
 548,20; 6162,865;  475,397;10228,285;58,31573
 548,78; 6211,379;  438,147;10270,568;58,71628
 549,36; 6339,335;  397,272;10480,300;58,93134
 549,94; 6352,972;  360,022;10580,963;58,63403
 550,53; 6477,382;  355,897;10846,171;58,35391
 551,11; 6579,577;  333,647;11001,559;58,54876
 551,69; 6701,965;  327,022;11297,062;58,11231
 552,27; 6795,564;  294,397;11540,693;57,80719
 552,85; 7034,892;  300,647;11862,377;58,24600
 553,44; 7148,266;  293,522;12109,211;58,01391
 554,02; 7361,969;  310,397;12456,339;58,05702
 554,60; 7459,221;  252,647;12791,999;57,47167
 555,18; 7711,805;  275,522;13097,834;57,99487
 555,76; 7891,359;  259,022;13473,135;57,75898
 556,34; 8052,197;  272,647;13851,720;57,29073
 556,93; 8275,205;  271,272;14189,412;57,50720
 557,51; 8357,162;  239,397;14432,116;57,19668
 558,09; 8576,160;  267,647;14891,651;56,81421
 558,67; 8783,354;  269,772;15151,602;57,20790
 559,25; 8887,951;  276,272;15408,872;56,90812
 559,83; 9025,166;  253,272;15731,317;56,67314
 560,41; 9271,159;  251,772;16096,964;56,92191
 561,00; 9419,009;  264,397;16313,192;57,04236
 561,58; 9533,134;  256,897;16642,261;56,61294
 562,16; 9657,997;  232,272;16970,944;56,31107
 562,74; 9752,639;  219,397;17295,225;55,82887
 563,32;10035,481;  226,022;17690,636;56,16763
 563,90;10193,619;  247,397;18046,647;55,88000
 564,48;10388,245;  250,772;18352,459;56,00292
 565,06;10612,724;  244,272;19030,457;55,19190
 565,65;10979,061;  257,772;19649,931;55,28672
 566,23;11301,553;  296,772;20409,203;54,71632
 566,81;11600,266;  246,022;21092,441;54,46616
 567,39;12019,660;  259,022;21889,937;54,36958
 567,97;12313,515;  255,022;22446,323;54,33883
 568,55;12759,361;  256,897;23302,524;54,25092
 569,13;13107,143;  237,772;23947,725;54,27835
 569,71;13564,312;  240,522;24890,263;54,05245
 570,29;14031,005;  278,147;25841,935;53,79820
 570,87;14406,908;  262,272;26545,541;53,81612
 571,45;14629,984;  282,022;27160,365;53,38113
 572,03;14846,608;  216,397;27557,046;53,51084
 572,61;15171,162;  226,397;28333,047;53,17163
 573,20;15459,907;  257,022;29018,229;52,85899
 573,78;15733,871;  241,147;29637,557;52,70278
 574,36;15850,942;  265,897;30028,506;52,36451
 574,94;16078,932;  303,522;30286,404;52,61472
 575,52;16049,390;  258,022;30612,102;52,02388
 576,10;16379,438;  314,897;31138,216;52,11814
 576,68;16513,939;  302,897;31741,660;51,56387
 577,26;16821,278;  332,647;32362,419;51,47908
 577,84;16936,262;  326,272;32904,470;50,98499
 578,42;17081,415;  362,397;33036,248;51,16941
 579,00;17010,386;  313,272;33133,227;50,87488
 579,58;17002,007;  358,772;33384,256;50,39513
 580,16;17010,319;  356,522;33424,096;50,36292
 580,74;17068,654;  328,022;33596,105;50,32040
 581,32;17115,586;  341,147;33667,377;50,33404
 581,90;16892,495;  354,272;33702,495;49,59252
 582,48;16936,834;  368,022;33812,517;49,54123
 583,06;16936,487;  350,772;33836,698;49,53041
 583,64;16932,902;  364,772;34085,439;49,13346
 584,22;16759,039;  372,772;33707,312;49,15702
 584,80;16562,505;  367,022;33433,770;48,97816
 585,38;16321,063;  380,397;33043,062;48,80393
 585,96;16274,040;  352,772;33161,825;48,52706
 586,54;16198,310;  390,022;33262,612;48,08957
 587,12;16174,963;  325,022;33365,919;47,97067
 587,70;16196,124;  363,272;33469,209;47,82481
 588,28;16109,903;  344,397;33545,488;47,48490
 588,86;16219,957;  352,772;33682,663;47,60647
 589,44;16092,659;  338,897;33475,223;47,54227
 590,02;16129,176;  333,147;33925,379;47,02286
 590,59;16074,736;  311,897;33953,761;46,85483
 591,17;16099,487;  309,022;34012,657;46,85093
 591,75;16067,627;  311,147;34122,029;46,60180
 592,33;16102,334;  313,522;34431,004;46,27778
 592,91;16143,534;  264,647;34631,779;46,20370
 593,49;16153,631;  285,272;34887,980;45,85872
 594,07;16220,556;  297,147;35075,878;45,78490
 594,65;16122,315;  306,772;35171,257;45,36290
 595,23;16199,947;  290,272;35482,937;45,20736
 595,81;16213,635;  283,147;35539,020;45,18535
 596,39;16179,439;  290,522;35660,563;44,92196
 596,97;16229,379;  297,772;35817,063;44,85339
 597,55;16028,878;  278,772;35837,591;44,29311
 598,12;16017,444;  275,397;35799,938;44,31316
 598,70;15972,028;  260,772;35921,773;44,05725
 599,28;16015,948;  280,272;36114,784;43,91207
 599,86;15954,753;  279,647;36164,821;43,68129
 600,44;15895,501;  244,522;36156,710;43,58125
 601,02;15926,308;  289,147;36314,219;43,40633
 601,60;15737,576;  270,522;36241,755;42,99840
 602,18;15742,014;  248,397;36225,395;43,06534
 602,75;15643,175;  255,022;36471,511;42,48936
 603,33;15567,978;  276,397;36335,750;42,40670
 603,91;15511,706;  260,647;36327,130;42,28596
 604,49;15419,862;  280,272;36430,407;41,87976
 605,07;15426,817;  293,647;36437,598;41,86916
 605,65;15359,940;  300,897;36562,661;41,52871
 606,23;15324,281;  374,147;36694,890;41,16142
 606,80;15270,145;  405,897;36787,545;40,85645
 607,38;15167,772;  458,897;36720,692;40,56301
 607,96;15132,071;  511,772;36871,319;40,21034
 608,54;15016,535;  572,022;36834,195;39,83356
 609,12;15004,815;  581,772;37009,306;39,59380
 609,70;14978,758;  623,272;37029,583;39,43131
 610,27;14889,676;  618,147;37100,129;39,11939
 610,85;14864,234;  639,647;37235,255;38,86966
 611,43;14711,638;  642,022;37129,228;38,56041
 612,01;14523,393;  613,272;36936,317;38,29558
 612,59;14459,993;  610,522;36942,288;38,11946
 613,16;14389,694;  576,022;36896,027;38,03323
 613,74;14195,147;  548,397;36754,511;37,69184
 614,32;14150,155;  496,647;36644,558;37,77122
 614,90;13988,435;  465,147;36620,467;37,40332
 615,48;13790,018;  391,897;36263,636;37,35007
 616,05;13711,865;  373,147;36255,281;37,17370
 616,63;13563,587;  373,522;36024,051;36,99823
 617,21;13483,911;  372,522;35958,458;36,84430
 617,79;13356,499;  334,522;35933,120;36,58003
 618,36;13291,912;  357,522;35836,882;36,45610
 618,94;13043,022;  293,397;35420,906;36,29527
 619,52;12893,776;  325,522;35266,002;35,97047
 620,10;12781,640;  308,022;35226,408;35,72221
 620,67;12747,507;  298,897;35064,687;35,80707
 621,25;12636,311;  319,647;34899,335;35,61821
 621,83;12551,287;  294,397;35016,451;35,30001
 622,41;12508,263;  333,022;34899,873;35,22230
 622,98;12325,512;  330,147;34671,574;34,92972
 623,56;12191,418;  315,147;34730,033;34,50911
 624,14;12108,700;  284,272;34555,895;34,50209
 624,72;12010,477;  298,647;34526,145;34,21761
 625,29;11923,463;  276,647;34545,294;33,98680
 625,87;11865,779;  316,272;34585,335;33,70243
 626,45;11759,594;  292,147;34435,799;33,58588
 627,02;11607,349;  284,647;34243,049;33,34286
 627,60;11560,176;  271,147;34287,234;33,18733
 628,18;11389,565;  273,022;34316,806;32,65367
 628,76;11410,347;  274,272;34302,959;32,72555
 629,33;11418,989;  300,147;34292,413;32,70992
 629,91;11300,390;  280,397;34270,533;32,42115
 630,49;11329,040;  299,147;34520,929;32,23062
 631,06;11273,696;  295,022;34643,763;31,96238
 631,64;11143,304;  294,897;34409,183;31,80019
 632,22;11057,476;  253,272;34468,672;31,57702
 632,79;11053,271;  268,022;34699,058;31,32421
 633,37;11009,482;  253,772;34782,589;31,14995
 633,95;10961,989;  259,897;34808,732;30,97671
 634,52;10900,403;  250,897;34897,794;30,73726
 635,10;10895,496;  235,397;34998,842;30,66468
 635,68;10852,116;  259,772;35268,468;30,25632
 636,25;10795,265;  243,272;35113,872;30,26043
 636,83;10785,347;  223,022;35356,084;30,06378
 637,41;10607,167;  239,272;35473,234;29,42586
 637,98;10650,113;  259,272;35600,066;29,40183
 638,56;10583,477;  255,272;35582,241;29,23603
 639,13;10580,752;  244,772;35677,542;29,17068
 639,71;10572,646;  272,772;35782,364;29,00589
 640,29;10394,531;  216,147;35514,146;28,83558
 640,86;10387,493;  225,147;35762,659;28,59611
 641,44;10273,705;  232,647;35893,298;28,15725
 642,02;10260,667;  251,272;35770,061;28,18056
 642,59;10242,004;  236,147;36006,950;27,97214
 643,17;10184,216;  230,147;35927,713;27,88445
 643,74;10136,179;  228,647;36038,727;27,66688
 644,32;10007,016;  260,522;35847,490;27,38782
 644,89;10006,478;  252,397;35941,629;27,33060
 645,47; 9989,065;  261,522;35917,017;27,28203
 646,05; 9914,777;  239,397;35847,531;27,17182
 646,62; 9822,114;  240,147;35860,294;26,90041
 647,20; 9785,951;  247,897;36040,308;26,64826
 647,77; 9594,163;  214,647;35958,946;26,24059
 648,35; 9599,000;  220,147;35814,335;26,34939
 648,92; 9511,837;  261,147;35895,598;25,95996
 649,50; 9404,924;  212,147;35688,237;25,91260
 650,08; 9411,636;  221,522;35800,250;25,83036
 650,65; 9358,848;  234,772;36064,139;25,46536
 651,23; 9423,185;  208,272;36778,152;25,19810
 651,80; 9599,522;  217,272;37741,541;25,00315
 652,38; 9603,234;  228,522;38047,054;24,78867
 652,95; 9612,071;  210,147;38373,818;24,63580
 653,53; 9673,408;  236,897;38514,331;24,65294
 654,10; 9646,870;  251,647;38729,595;24,41716
 654,68; 9565,458;  216,397;38578,859;24,37034
 655,25; 9572,420;  218,522;38749,247;24,27646
 655,83; 9492,507;  210,272;38847,136;24,02430
 656,40; 9460,344;  231,647;38786,899;23,93629
 656,98; 9449,181;  228,897;38750,788;23,93518
 657,55; 9355,518;  232,022;38653,926;23,74556
 658,13; 9233,480;  209,897;38220,815;23,73945
 658,70; 9172,692;  224,647;37960,078;23,71258
 659,28; 8921,404;  225,772;36934,717;23,68805
 659,85; 8637,991;  218,397;36199,605;23,39998
 660,43; 8570,328;  228,772;36351,494;23,09227
 661,00; 8544,165;  231,772;36462,882;22,94270
 661,58; 8514,002;  211,522;36799,646;22,69174
 662,15; 8552,214;  204,522;36918,159;22,73731
 662,73; 8666,676;  267,397;37316,298;22,67079
 663,30; 8580,638;  227,897;37331,436;22,51198
 663,88; 8595,225;  222,647;37651,075;22,36957
 664,45; 8543,437;  215,272;37843,213;22,13293
 665,03; 8584,024;  229,522;38313,852;21,93685
 665,60; 8629,862;  277,397;38581,365;21,80574
 666,17; 8648,699;  220,647;38735,504;21,88260
 666,75; 8642,286;  233,397;39104,767;21,63260
 667,32; 8692,873;  247,022;39437,031;21,55103
 667,90; 8714,335;  228,897;39616,669;21,54333
 668,47; 8681,297;  251,147;39899,558;21,26226
 669,05; 8708,884;  221,522;40225,571;21,21626
 669,62; 8742,096;  202,397;40229,835;21,33461
 670,19; 8626,683;  209,522;40441,848;20,92139
 670,77; 8625,895;  217,272;40496,237;20,87597
 671,34; 8577,857;  211,522;40562,375;20,73397
 671,92; 8570,319;  205,272;40899,639;20,55579
 672,49; 8548,031;  234,522;40792,902;20,49764
 673,06; 8434,743;  184,897;40920,291;20,25228
 673,64; 8444,205;  203,272;40888,054;20,25557
 674,21; 8454,542;  201,897;40777,443;20,33896
 674,79; 8434,504;  220,522;41113,831;20,08637
 675,36; 8399,966;  229,647;41100,845;19,99041
 675,93; 8320,178;  208,147;41046,483;19,86377
 676,51; 8404,641;  219,897;41191,872;19,97644
 677,08; 8293,228;  222,147;41243,885;19,67513
 677,65; 8296,690;  214,647;41410,149;19,61875
 678,23; 8287,277;  234,772;41534,037;19,49794
 678,80; 8250,989;  214,147;41712,301;19,36675
 679,38; 8227,576;  218,647;41881,689;19,22310
 679,95; 8314,413;  212,897;42105,453;19,33880
 680,52; 8186,875;  215,772;42445,716;18,87548
 681,10; 8274,587;  224,522;42805,105;18,90548
 681,67; 8350,924;  229,272;43003,868;18,98709
 682,24; 8282,261;  202,522;43020,757;18,86986
 682,82; 8352,473;  210,397;43593,645;18,76779
 683,39; 8369,435;  251,522;43870,284;18,61106
 683,96; 8391,272;  221,647;44287,672;18,53951
 684,54; 8333,234;  202,272;44636,686;18,29880
 685,11; 8425,821;  235,522;44930,074;18,32505
 685,68; 8421,658;  217,397;45240,838;18,22220
 686,25; 8408,995;  203,022;45370,851;18,16774
 686,83; 8421,707;  206,397;45587,240;18,10304
 687,40; 8446,545;  195,147;45944,253;18,03619
 687,97; 8502,382;  238,397;46215,767;17,97403
 688,55; 8380,344;  204,772;46199,280;17,77510
 689,12; 8418,931;  183,897;46496,794;17,78130
 689,69; 8416,643;  207,522;46643,807;17,67825
 690,26; 8375,480;  206,522;46709,446;17,56655
 690,84; 8398,692;  217,897;46768,459;17,57400
 691,41; 8364,904;  222,272;46807,473;17,47901
 691,98; 8385,616;  224,272;47205,861;17,37137
 692,56; 8387,203;  205,397;47227,000;17,40010
 693,13; 8383,540;  268,147;47281,013;17,26207
 693,70; 8354,252;  230,897;47426,777;17,21200
 694,27; 8336,589;  202,897;47620,040;17,15348
 694,84; 8293,801;  198,772;47566,179;17,08987
 695,42; 8321,138;  252,397;47824,692;16,96101
 695,99; 8331,600;  222,022;48003,331;16,97228
 696,56; 8332,937;  203,897;47896,344;17,04471
 697,13; 8324,274;  226,647;48260,233;16,85826
 697,71; 8307,486;  188,272;48192,496;16,91354
 698,28; 8326,574;  212,522;48604,385;16,76739
 698,85; 8306,036;  189,272;48724,898;16,72331
 699,42; 8289,748;  196,647;49057,162;16,56368
 699,99; 8270,585;  221,272;48942,425;16,52119
 700,57; 8351,172;  228,147;49058,189;16,63530
 701,14; 8276,509;  218,647;49041,827;16,50417
 701,71; 8327,096;  230,772;49332,091;16,48902
 702,28; 8316,558;  211,897;49441,854;16,46286
 702,85; 8277,520;  219,522;49482,743;16,35703
 703,43; 8298,232;  229,772;49606,006;16,34078
 704,00; 8330,569;  240,022;49743,270;16,34347
 704,57; 8241,531;  236,272;49847,283;16,13605
 705,14; 8368,993;  257,772;50073,422;16,28248
 705,71; 8332,205;  262,897;50113,935;16,18684
 706,28; 8220,792;  226,897;49903,574;16,09185
 706,86; 8278,379;  263,022;50261,712;16,03113
 707,43; 8277,091;  270,647;50155,101;16,04998
 708,00; 8300,303;  241,772;50244,364;16,11623
 708,57; 8157,515;  227,397;50043,503;15,91878
 709,14; 8241,978;  251,147;50339,891;15,95335
 709,71; 8165,315;  239,772;50516,280;15,76391
 710,28; 8239,402;  230,522;50682,418;15,87429
 710,86; 8242,739;  244,647;50780,557;15,82655
 711,43; 8280,951;  257,897;50797,195;15,87488
 712,00; 8273,538;  232,647;50808,209;15,89877
 712,57; 8310,125;  233,272;50921,847;15,93427
 713,14; 8306,837;  238,647;51114,361;15,85863
 713,71; 8314,549;  237,522;51083,749;15,88520
 714,28; 8240,386;  234,522;51161,763;15,72020
 714,85; 8219,348;  210,772;50769,776;15,84006
 715,42; 8283,560;  233,147;51107,290;15,82417
 716,00; 8297,522;  258,022;51180,053;15,78786
 716,57; 8235,484;  213,897;51316,817;15,69693
 717,14; 8260,071;  215,522;51209,455;15,77550
 717,71; 8266,408;  198,772;51251,844;15,80245
 718,28; 8321,120;  238,397;51250,857;15,84461
 718,85; 8279,832;  216,897;51271,246;15,79285
 719,42; 8323,294;  232,522;51434,509;15,80168
 719,99; 8215,882;  217,022;51234,898;15,67854
 720,56; 8316,094;  220,897;51531,286;15,77692
 721,13; 8285,306;  228,647;51663,800;15,66372
 721,70; 8316,893;  213,772;51482,313;15,80525
 722,27; 8314,355;  233,772;51595,702;15,73263
 722,84; 8374,817;  266,647;51653,465;15,77870
 723,41; 8353,029;  204,772;51662,979;15,83471
 723,98; 8355,991;  233,897;52106,742;15,65770
 724,55; 8437,828;  243,647;52190,131;15,77427
 725,12; 8421,915;  182,397;51986,644;15,90510
 725,69; 8461,252;  213,272;52148,283;15,88135
 726,27; 8464,714;  208,897;52227,921;15,87077
 726,84; 8468,801;  226,522;52581,060;15,74320
 727,41; 8517,888;  226,897;52513,573;15,85680
 727,98; 8598,475;  237,147;52776,962;15,91427
 728,55; 8675,687;  249,522;52741,475;16,05230
 729,12; 8590,524;  207,397;52832,489;15,92991
 729,69; 8616,236;  234,647;52967,127;15,89455
 730,26; 8667,698;  242,022;53259,516;15,89226
 730,82; 8636,036;  230,272;53081,279;15,90464
 731,39; 8641,498;  214,647;53148,793;15,91950
 731,96; 8746,210;  209,772;53419,681;16,04295
 732,53; 8784,172;  236,147;53732,820;15,97861
 733,10; 8819,509;  240,272;53695,583;16,04936
 733,67; 8838,846;  228,897;54010,347;16,00914
 734,24; 8841,933;  218,272;53605,235;16,15312
 734,81; 8883,520;  243,647;53703,499;16,16142
 735,38; 8835,357;  214,022;53489,012;16,18271
 735,95; 8810,319;  217,272;53521,526;16,12075
 736,52; 8820,156;  252,147;53455,165;16,10437
 737,09; 8822,618;  236,772;53278,053;16,18710
 737,66; 8973,080;  277,897;53295,317;16,40062
 738,23; 8833,542;  228,647;53394,705;16,18494
 738,80; 9062,504;  278,272;53729,969;16,43396
 739,37; 8972,841;  243,897;53924,107;16,26101
 739,94; 9006,678;  237,647;53914,996;16,33656
 740,51; 9149,390;  295,772;53858,509;16,52944
 741,07; 9031,102;  224,022;53870,148;16,41699
 741,64; 9099,940;  271,772;53969,161;16,44059
 742,21; 9057,652;  242,022;54225,675;16,33018
 742,78; 9065,739;  206,272;53975,063;16,47697
 743,35; 9105,076;  229,647;54147,077;16,46115
 743,92; 9217,663;  259,522;54364,215;16,55705
 744,49; 9233,500;  236,022;54183,979;16,67807
 745,06; 9221,712;  226,147;54292,617;16,63797
 745,63; 9231,924;  221,397;54261,631;16,67374
 746,19; 9222,886;  217,647;54202,519;16,68104
 746,76; 9209,848;  224,897;54273,033;16,62398
 747,33; 9323,935;  225,397;54181,546;16,86284
 747,90; 9375,272;  242,647;54513,560;16,82785
 748,47; 9438,734;  240,272;54464,948;16,96361
 749,04; 9431,571;  233,772;54465,587;16,96015
 749,61; 9436,033;  255,522;54474,725;16,93221
 750,17; 9523,620;  259,147;54307,239;17,14117
 750,74; 9497,832;  248,522;54279,002;17,11869
 751,31; 9471,669;  226,522;54254,391;17,11181
 751,88; 9497,131;  203,772;54062,029;17,25522
 752,45; 9570,344;  226,272;54285,043;17,28502
 753,02; 9524,681;  228,272;54189,806;17,22784
 753,58; 9599,393;  220,897;54072,570;17,41542
 754,15; 9588,730;  229,897;54223,208;17,33332
 754,72; 9611,567;  229,272;53944,972;17,46658
 755,29; 9575,529;  210,522;53821,985;17,46829
 755,86; 9661,616;  230,147;53900,249;17,57304
 756,42; 9706,578;  240,522;53797,637;17,67469
 756,99; 9696,915;  209,772;53792,526;17,70559
 757,56; 9694,877;  211,272;53686,414;17,73460
 758,13; 9724,339;  187,897;53695,803;17,82249
 758,70; 9846,051;  207,147;53748,441;18,00275
 759,26; 9820,138;  206,772;53792,080;17,94030
 759,83; 9926,850;  198,272;53889,093;18,11963
 760,40; 9900,812;  207,522;53871,982;18,06277
 760,97; 9925,899;  198,397;53763,120;18,16028
 761,53; 9899,736;  171,647;53439,509;18,26259
 762,10; 9948,198;  185,897;53530,897;18,30031
 762,67;10072,910;  208,397;53401,036;18,54488
 763,24; 9956,373;  172,022;53032,674;18,50970
 763,80; 9987,835;  209,522;53183,188;18,45882
 764,37;10065,297;  208,147;53113,076;18,63182
 764,94; 9979,884;  197,772;52506,590;18,70069
 765,50;10065,471;  185,272;52608,228;18,84708
 766,07;10150,308;  234,147;52650,367;18,91812
 766,64;10033,020;  200,897;52395,755;18,83734
 767,21;10077,607;  212,022;52256,019;18,95624
 767,77;10153,694;  230,897;52181,782;19,10034
 768,34;10159,031;  224,022;52141,921;19,13600
 768,91;10120,493;  210,272;51932,059;19,16063
 769,47;10180,705;  220,522;51984,448;19,24155
 770,04;10166,417;  217,647;51950,836;19,23092
 770,61;10124,504;  209,397;51690,850;19,25957
 771,18;10165,716;  197,397;51606,863;19,39005
 771,74;10227,428;  213,772;51713,627;19,44405
 772,31;10192,015;  225,147;51493,515;19,44058
 772,88;10171,602;  201,647;51172,029;19,56029
 773,44;10239,939;  205,897;51201,792;19,67618
 774,01;10315,902;  219,397;51241,431;19,78852
 774,58;10283,239;  199,647;50952,944;19,86786
 775,14;10335,201;  216,522;51019,708;19,91741
 775,71;10340,413;  206,647;51055,221;19,92930
 776,27;10483,750;  244,397;50806,110;20,25120
 776,84;10529,087;  262,522;50818,623;20,30727
 777,41;10476,049;  213,772;50713,512;20,32145
 777,97;10420,011;  216,022;50489,650;20,29690
 778,54;10490,723;  217,272;50523,664;20,42176
 779,11;10532,685;  247,897;50472,302;20,47767
 779,67;10515,772;  202,272;50453,691;20,52380
 780,24;10587,609;  224,522;50230,329;20,72377
 780,80;10629,321;  244,397;50167,843;20,80170
 781,37;10657,283;  223,522;50194,481;20,87965
 781,94;10629,995;  219,647;49885,620;20,96073
 782,50;10682,957;  226,147;50009,133;21,00479
 783,07;10742,169;  251,397;49965,772;21,10209
 783,63;10676,756;  207,647;49726,410;21,14170
 784,20;10752,843;  240,147;49531,549;21,32765
 784,77;10672,181;  224,772;49460,187;21,21930
 785,33;10694,143;  206,772;49220,451;21,39682
 785,90;10727,105;  216,897;49166,464;21,47150
 786,46;10755,817;  241,272;49074,228;21,53166
 787,03;10756,654;  201,522;48952,741;21,65101
 787,59;10796,366;  226,647;48939,255;21,69812
 788,16;10856,203;  244,772;48804,893;21,85215
 788,73;10868,540;  242,022;48709,782;21,92492
 789,29;10795,752;  216,772;48409,545;21,95138
 789,86;10836,089;  232,147;48263,934;22,07693
 790,42;10841,301;  232,897;48145,447;22,14118
 790,99;10875,013;  232,522;47797,961;22,37442
 791,55;10886,350;  231,147;47829,474;22,38567
 792,12;10906,812;  239,772;47676,488;22,48689
 792,68;10887,774;  225,272;47379,876;22,61179
 793,25;10961,361;  241,272;47168,765;22,84394
 793,81;10951,323;  259,772;46823,778;22,96098
 794,38;10845,785;  201,147;46585,042;22,94900
 794,94;10912,372;  213,522;46600,305;23,06444
 795,51;10957,210;  236,897;46268,819;23,28887
 796,07;10901,172;  233,272;46125,332;23,24563
 796,64;11013,884;  245,522;46230,471;23,41714
 797,20;10906,096;  230,897;45686,234;23,48503
 797,77;10951,558;  210,397;45411,873;23,76285
 798,33;10977,520;  216,772;45246,511;23,89698
 798,90;10947,232;  250,522;45131,650;23,83342
 799,46;10878,194;  217,772;44524,663;24,06042
 800,03;10924,781;  219,522;44510,427;24,17033
 800,59;10949,743;  247,772;44254,815;24,31877
 801,15;10950,580;  238,022;44210,954;24,36171
 801,72;10909,417;  233,397;43915,717;24,44014
 802,28;10901,254;  264,897;43571,481;24,56060
 802,85;10882,466;  220,647;43485,119;24,64336
 803,41;10880,803;  223,772;43268,883;24,75782
 803,98;10799,140;  224,022;42834,521;24,81810
 804,54;10770,727;  225,397;42568,535;24,90446
 805,11;10825,814;  228,772;42457,173;25,09459
 805,67;10848,651;  258,897;42340,562;25,16477
 806,23;10734,989;  235,272;41845,075;25,23376
 806,80;10774,076;  250,897;41867,714;25,28588
 807,36;10830,413;  253,522;41886,852;25,40486
 807,93;10857,625;  270,897;41501,366;25,67695
 808,49;10719,462;  216,397;41202,879;25,62568
 809,05;10710,174;  210,522;41011,518;25,73381
 809,62;10794,886;  237,272;40925,281;25,94773
 810,18;10750,223;  247,647;40927,670;25,81753
 810,74;10772,810;  214,272;40519,433;26,19649
 811,31;10789,147;  206,647;40336,572;26,37060
 811,87;10808,984;  221,897;40158,460;26,50976
 812,44;10828,196;  261,272;40159,849;26,48446
 813,00;10757,033;  200,272;40017,862;26,51281
 813,56;10873,495;  244,522;40061,251;26,69474
 814,13;10856,332;  228,647;39922,014;26,77446
 814,69;10913,044;  232,897;39745,903;27,02945
 815,25;10794,506;  199,647;39333,666;27,07327
 815,82;10873,343;  239,897;39241,680;27,26400
 816,38;10884,680;  245,147;39051,069;27,41729
 816,94;10866,893;  212,522;38692,207;27,68830
 817,51;10836,730;  215,772;38643,596;27,63872
 818,07;10814,317;  213,897;38369,859;27,78182
 818,63;10880,404;  241,397;38202,873;28,02580
 819,20;10804,491;  233,147;38011,636;27,98244
 819,76;10694,328;  204,397;37698,900;27,97725
 820,32;10754,290;  257,147;37606,913;28,10498
 820,89;10680,127;  246,522;37287,802;28,16751
 821,45;10687,839;  225,272;37154,065;28,33173
 822,01;10672,176;  234,647;36927,079;28,44600
 822,57;10681,013;  237,022;36755,467;28,59922
 823,14;10596,475;  208,272;36555,856;28,58018
 823,70;10671,687;  215,647;36270,994;28,99997
 824,26;10562,274;  218,022;36184,508;28,76081
 824,82;10671,986;  232,272;35971,396;29,21088
 825,39;10554,823;  228,147;35791,285;29,03759
 825,95;10661,785;  241,147;35835,048;29,27647
 826,51;10567,747;  227,897;35500,687;29,31396
 827,08;10722,959;  272,397;35594,575;29,58640
 827,64;10662,797;  236,647;35309,964;29,72673
 828,20;10667,634;  220,272;35049,227;29,99620
 828,76;10741,096;  243,772;34963,741;30,23425
 829,32;10621,683;  242,647;34835,879;30,00308
 829,89;10668,770;  212,647;34741,518;30,28226
 830,45;10680,857;  229,022;34673,156;30,34431
 831,01;10673,069;  212,147;34502,295;30,50708
 831,57;10668,156;  232,897;34402,683;30,53943
 832,14;10693,993;  217,272;34294,697;30,74388
 832,70;10701,705;  219,522;34085,460;30,95199
 833,26;10661,542;  197,647;33985,849;30,96908
 833,82;10737,004;  213,397;33944,612;31,19842
 834,38;10782,966;  222,022;34042,126;31,22682
 834,95;10701,803;  208,522;33847,889;31,19346
 835,51;10794,140;  194,522;33723,028;31,61375
 836,07;10789,852;  228,772;33794,666;31,46372
 836,63;10860,939;  235,772;33762,305;31,69182
 837,19;10863,776;  225,522;33579,818;31,89471
 837,75;10789,738;  207,272;33234,832;32,04132
 838,32;10948,451;  253,397;33500,845;32,16804
 838,88;10950,538;  241,647;33440,109;32,25719
 839,44;10960,000;  227,022;33300,122;32,45229
 840,00;10978,712;  233,772;33201,261;32,59253
 840,56;10917,674;  202,147;33049,399;32,62229
 841,12;11045,761;  205,397;32961,038;33,09465
 841,68;10963,598;  202,272;32802,801;33,00967
 842,25;11023,185;  214,397;32811,690;33,15855
 842,81;11000,647;  202,272;32559,828;33,37204
 843,37;11009,359;  197,772;32580,842;33,38654
 843,93;11047,946;  212,272;32547,855;33,51006
 844,49;11128,283;  221,522;32594,494;33,69095
 845,05;11068,620;  190,397;32289,132;33,88988
 845,61;11154,457;  229,022;32463,146;33,89400
 846,17;11178,169;  221,647;32359,409;34,09236
 846,73;11177,506;  235,522;32193,423;34,23875
 847,29;11157,093;  194,147;32062,311;34,40093
 847,86;11195,805;  196,647;32006,200;34,57816
 848,42;11200,892;  200,022;31846,338;34,76193
 848,98;11218,730;  213,522;31706,727;34,94471
 849,54;11282,567;  206,272;31832,115;35,02292
 850,10;11265,654;  223,022;31711,004;35,06935
 850,66;11190,366;  193,647;31528,142;35,09461
 851,22;11241,703;  202,647;31387,156;35,39917
 851,78;11300,040;  245,772;31456,419;35,41826
 852,34;11324,377;  216,647;31208,308;35,84103
 852,90;11286,089;  215,272;31164,196;35,77125
 853,46;11292,551;  202,397;30932,335;36,08909
 854,02;11403,263;  213,522;31022,223;36,32007
 854,58;11315,975;  218,522;30742,737;36,35623
 855,14;11334,687;  200,397;30736,000;36,46331
 855,70;11352,899;  180,022;30510,014;36,83772
 856,26;11345,736;  229,147;30392,902;36,85413
 856,82;11352,698;  201,772;30308,666;37,03778
 857,38;11355,160;  227,897;30256,054;37,05610
 857,94;11374,247;  208,022;30182,318;37,25267
 858,50;11372,209;  222,397;30008,956;37,43236
 859,06;11379,796;  217,147;29734,345;37,81744
 859,62;11378,884;  221,397;29691,483;37,86038
 860,18;11409,721;  219,022;29606,372;38,07999
 860,74;11395,558;  183,522;29445,760;38,31571
 861,30;11296,395;  185,897;29227,774;38,25682
 861,86;11419,357;  228,397;29317,287;38,47159
 862,42;11346,944;  208,522;29164,551;38,46668
 862,98;11453,906;  234,147;29081,064;38,89413
 863,54;11351,493;  227,397;28914,203;38,77774
 864,10;11414,830;  216,022;28889,341;39,05655
 864,66;11367,292;  185,272;28739,855;39,16016
 865,22;11336,254;  215,397;28594,993;39,18610
 865,78;11327,716;  221,147;28450,382;39,34421
 866,34;11354,678;  208,147;28415,645;39,51620
 866,90;11349,515;  221,772;28277,784;39,66260
 867,45;11342,602;  233,772;27989,172;40,02403
 868,01;11245,439;  223,272;27879,061;39,85483
 868,57;11283,901;  231,397;27725,449;40,19962
 869,13;11287,988;  204,647;27746,463;40,24187
 869,69;11261,825;  197,897;27460,851;40,58228
 870,25;11313,413;  202,397;27389,240;40,86909
 870,81;11359,500;  208,647;27389,878;41,02409
 871,37;11305,212;  219,272;27306,892;40,92622
 871,93;11332,549;  230,647;27169,530;41,21144
 872,49;11292,011;  233,897;26892,294;41,48079
 873,04;11195,098;  200,897;26664,557;41,54452
 873,60;11273,685;  191,522;26735,696;41,74989
 874,16;11301,897;  226,897;26601,834;41,99062
 874,72;11270,397;  212,272;26468,459;42,11626
 875,28;11268,522;  227,022;26342,209;42,28000
 875,84;11222,147;  217,272;26326,084;42,15004
 876,40;11347,397;  215,022;26211,959;42,82187
 876,95;11371,147;  219,897;26214,209;42,89881
 877,51;11456,022;  232,522;26216,209;43,19441
 878,07;11453,897;  251,147;26187,959;43,19247
 878,63;11526,897;  213,897;26115,209;43,67732
 879,19;11461,772;  228,897;26323,209;43,04722
 879,75;11599,397;  222,897;26282,459;43,65576
 880,30;11643,022;  211,897;26304,834;43,80927
 880,86;11746,397;  252,147;26477,834;43,82821
 881,42;11729,897;  196,647;26447,459;43,93483
 881,98;11864,897;  228,397;26470,959;44,34209
 882,54;11935,022;  207,022;26702,959;44,26339
 883,09;12001,272;  214,272;26697,834;44,50685
 883,65;11979,397;  195,647;26812,209;44,27225
 884,21;12262,897;  240,772;26956,459;45,00025
 884,77;12179,022;  205,272;26994,834;44,69558
 885,32;12347,147;  215,897;27151,834;45,03742
 885,88;12460,647;  253,147;27413,334;44,94630
 886,44;12498,147;  232,522;27429,209;45,09970
 887,00;12650,147;  234,397;27392,834;45,71600
 887,56;12760,772;  223,272;27562,709;45,85866
 888,11;12791,272;  217,647;27461,959;46,15138
 888,67;13015,522;  244,772;27707,459;46,50219
 889,23;12955,147;  242,897;27733,709;46,24181
 889,79;12931,397;  215,272;27678,084;46,30307
 890,34;13106,772;  223,147;27513,959;47,20865
 890,90;13175,272;  268,772;27625,209;47,17902
 891,46;13097,772;  214,147;27675,459;46,91555
 892,01;13263,772;  251,022;27653,709;47,48713
 892,57;13248,647;  245,022;27529,834;47,65884
 893,13;13288,897;  212,522;27317,584;48,24329
 893,69;13216,772;  214,272;27253,209;48,08806
 894,24;13214,897;  228,022;27190,334;48,16677
 894,80;13206,397;  235,897;27069,834;48,33618
 895,36;13196,647;  230,397;26973,834;48,48386
 895,91;13211,022;  228,272;26729,959;48,98839
 896,47;13121,897;  222,272;26672,209;48,76996
 897,03;13075,022;  210,772;26426,959;49,06987
 897,58;13133,272;  235,022;26363,084;49,36551
 898,14;13057,522;  228,647;26120,084;49,54872
 898,70;12965,897;  195,272;25985,334;49,51762
 899,25;13104,022;  220,522;26025,959;49,92552
 899,81;13039,647;  230,647;25833,584;50,02942
 900,37;12957,147;  196,647;25623,959;50,18423
 900,92;13035,147;  218,897;25642,084;50,41166
 901,48;13036,397;  210,897;25443,459;50,82916
 902,03;12989,147;  217,647;25365,084;50,78649
 902,59;12921,022;  214,647;25122,709;51,01310
 903,15;12944,647;  233,147;25071,959;51,17596
 903,70;12839,397;  226,647;24830,084;51,26418
 904,26;12824,772;  196,147;24751,709;51,42878
 904,82;12790,647;  224,772;24692,334;51,35728
 905,37;12787,647;  218,647;24568,584;51,61820
 905,93;12754,772;  206,022;24431,209;51,80042
 906,48;12786,772;  219,272;24324,709;52,13554
 907,04;12778,772;  234,897;24439,209;51,82496
 907,60;12742,397;  215,647;24090,584;52,46820
 908,15;12712,647;  203,272;23895,334;52,79986
 908,71;12715,272;  236,147;24052,084;52,39821
 909,26;12676,397;  211,147;23831,584;52,77315
 909,82;12623,772;  240,272;23757,584;52,65695
 910,37;12634,647;  258,897;23672,334;52,85747
 910,93;12628,897;  204,522;23450,334;53,44780
 911,48;12520,022;  205,772;23314,084;53,28927
 912,04;12466,397;  211,272;23190,709;53,33083
 912,60;12552,522;  232,897;23184,584;53,67634
 913,15;12489,397;  219,647;23045,334;53,75413
 913,71;12472,522;  218,022;22883,834;54,06601
 914,26;12519,772;  201,772;22870,334;54,33957
 914,82;12492,647;  217,022;22759,584;54,45532
 915,37;12530,522;  205,522;22601,459;55,03230
 915,93;12525,022;  247,772;22519,959;55,12368
 916,48;12442,522;  203,272;22453,209;55,00802
 917,04;12458,022;  235,397;22319,334;55,34622
 917,59;12423,022;  244,772;22180,459;55,51798
 918,15;12316,522;  198,397;22052,959;55,44895
 918,70;12334,897;  214,772;21989,584;55,66121
 919,26;12434,397;  222,272;21880,584;56,38539
 919,81;12352,897;  208,397;21695,584;56,51973
 920,37;12335,647;  211,772;21550,334;56,81674
 920,92;12283,272;  233,022;21502,584;56,65490
 921,48;12194,772;  200,022;21338,459;56,74379
 922,03;12303,897;  203,272;21372,709;57,16082
 922,59;12195,147;  202,272;21231,459;57,02966
 923,14;12112,272;  191,647;21121,209;56,95592
 923,69;12236,272;  213,272;20985,459;57,88028
 924,25;12191,522;  236,147;21041,834;57,46205
 924,80;12103,897;  223,147;20689,959;58,04885
 925,36;12091,897;  210,897;20678,959;58,04653
 925,91;12020,147;  207,022;20544,334;58,08597
 926,47;12085,522;  201,147;20532,959;58,45212
 927,02;12076,522;  241,897;20449,959;58,56388
 927,57;12085,522;  225,772;20289,834;59,10942
 928,13;11985,272;  222,772;20254,584;58,71910
 928,68;11984,897;  213,022;20173,334;58,97641
 929,24;11885,772;  199,397;19971,834;59,10437
 929,79;11897,522;  207,522;19856,959;59,49280
 930,34;11942,772;  216,147;19728,459;60,09859
 930,90;11933,897;  205,647;19757,209;59,98625
 931,45;11943,647;  237,772;19578,834;60,52343
 932,01;11926,147;  228,272;19640,084;60,26163
 932,56;11898,272;  234,022;19455,459;60,68355
 933,11;11941,397;  235,772;19334,709;61,28940
 933,67;11810,397;  215,647;19160,834;61,20156
 934,22;11848,772;  216,772;19085,834;61,64588
 934,77;11808,647;  248,522;18974,334;61,73364
 935,33;11713,772;  228,397;18956,709;61,32627
 935,88;11737,397;  234,772;18826,709;61,86889
 936,43;11691,897;  200,647;18710,834;62,08068
 936,99;11681,647;  215,522;18576,959;62,44677
 937,54;11586,147;  198,647;18466,959;62,33471
 938,09;11652,147;  207,897;18400,209;62,90707
 938,65;11549,647;  210,272;18317,459;62,62361
 939,20;11566,147;  202,522;18263,959;62,91650
 939,75;11471,897;  207,272;18139,959;62,81616
 940,31;11480,772;  194,147;18032,584;63,27138
 940,86;11534,647;  207,397;18008,334;63,63288
 941,41;11574,272;  253,147;17864,709;64,28234
 941,96;11423,772;  198,022;17905,334;63,39613
 942,52;11358,397;  220,897;17687,584;63,76424
 943,07;11308,647;  189,772;17574,584;63,95741
 943,62;11304,647;  210,022;17599,334;63,80140
 944,18;11299,897;  194,897;17519,834;64,09836
 944,73;11295,897;  203,147;17382,209;64,57134
 945,28;11244,272;  168,522;17236,084;64,89357
 945,83;11236,022;  216,647;17201,959;64,87590
 946,39;11252,522;  213,022;17154,334;65,16319
 946,94;11234,022;  227,772;17045,584;65,44400
 947,49;11173,647;  204,272;16969,334;65,42997
 948,04;11208,147;  217,272;16936,834;65,73662
 948,59;11159,522;  223,897;16853,709;65,75916
 949,15;11133,147;  204,897;16784,209;65,91498
 949,70;11134,522;  213,647;16669,209;66,36586
 950,25;11148,022;  214,022;16527,334;67,02501
 950,80;11075,272;  176,772;16457,959;66,93922
 951,36;11064,022;  166,647;16458,709;66,88763
 951,91;11065,272;  231,397;16354,959;67,19281
 952,46;10946,147;  184,647;16232,584;67,05846
 953,01;11020,022;  216,897;16222,834;67,49448
 953,56;10969,147;  182,647;16112,209;67,71372
 954,11;10987,522;  210,397;16000,209;68,25366
 954,67;10931,272;  194,522;15983,959;67,99957
 955,22;10890,147;  186,897;15812,334;68,49888
 955,77;10911,647;  228,522;15775,459;68,71530
 956,32;10909,272;  237,022;15673,959;69,13450
 956,87;10812,522;  193,647;15575,334;69,03583
 957,42;10824,147;  203,772;15448,959;69,66379
 957,98;10788,397;  190,522;15384,334;69,75126
 958,53;10825,647;  219,397;15384,584;69,93814
 959,08;10756,022;  199,022;15220,209;70,28073
 959,63;10750,147;  189,647;15203,334;70,33915
 960,18;10736,897;  205,272;15059,709;70,89885
 960,73;10714,522;  203,647;15075,084;70,67827
 961,28;10651,772;  183,147;14963,334;70,82877
 961,83;10645,897;  229,897;14939,334;70,81168
 962,39;10582,022;  196,897;14815,584;71,04006
 962,94;10541,147;  213,647;14778,459;70,90719
 963,49;10501,772;  212,272;14666,709;71,18575
 964,04;10493,772;  231,397;14566,584;71,58870
 964,59;10461,647;  182,897;14460,584;71,99170
 965,14;10473,772;  222,022;14407,834;72,26763
 965,69;10437,147;  206,772;14288,209;72,65150
 966,24;10323,897;  200,272;14204,084;72,29192
 966,79;10327,022;  218,147;14146,084;72,57984
 967,34;10289,022;  183,772;14097,084;72,63008
 967,89;10262,147;  216,147;14001,959;72,87202
 968,44;10162,772;  214,022;13888,959;72,75170
 968,99;10194,647;  220,522;13840,959;73,22911
 969,55;10155,522;  219,022;13754,959;73,40829
 970,10;10171,647;  214,522;13705,834;73,80398
 970,65;10142,397;  218,522;13561,709;74,37410
 971,20;10030,147;  203,272;13435,459;74,26493
 971,75; 9958,272;  181,397;13312,709;74,45467
 972,30; 9951,022;  213,397;13295,084;74,43707
 972,85; 9917,522;  191,897;13248,084;74,49054
 973,40; 9844,147;  194,272;13105,459;74,74041
 973,95; 9835,772;  215,647;12940,584;75,60057
 974,50; 9847,522;  216,772;12899,709;75,93470
 975,05; 9812,647;  218,522;12885,584;75,74073
 975,60; 9801,647;  232,147;12789,834;76,20432
 976,15; 9738,272;  205,272;12644,459;76,63684
 976,70; 9755,022;  217,772;12546,084;77,36055
 977,25; 9692,272;  210,272;12536,834;76,92331
 977,80; 9643,147;  202,647;12444,584;77,11606
 978,35; 9522,272;  214,397;12210,959;77,58785
 978,89; 9514,022;  201,647;12198,709;77,62213
 979,44; 9454,147;  211,522;12186,834;77,18066
 979,99; 9321,522;  203,897;11992,584;77,34216
 980,54; 9318,272;  233,897;11982,084;77,32576
 981,09; 9272,147;  227,272;11809,334;78,09382
 981,64; 9100,647;  209,647;11653,209;77,69434
 982,19; 9154,647;  243,522;11684,334;77,88892
 982,74; 9096,272;  223,522;11617,459;77,87255
 983,29; 8988,397;  195,772;11414,959;78,37132
 983,84; 8929,897;  230,647;11298,584;78,59865
 984,39; 8909,147;  250,647;11195,834;79,10783
 984,94; 8807,647;  199,647;11162,334;78,52089
 985,49; 8781,647;  246,397;11103,709;78,61292
 986,03; 8743,522;  240,272;11042,209;78,71967
 986,58; 8687,772;  245,897;10848,084;79,62390
 987,13; 8629,272;  216,522;10773,834;79,68647
 987,68; 8551,147;  232,272;10673,959;79,66983
 988,23; 8494,022;  231,772;10604,209;79,65582
 988,78; 8459,147;  218,022;10480,209;80,30573
 989,33; 8352,647;  215,897;10342,209;80,35255
 989,88; 8346,397;  233,647;10234,584;81,11990
 990,42; 8258,272;  207,647;10215,834;80,44039
 990,97; 8182,772;  212,147;10071,084;80,84669
 991,52; 8225,772;  235,147; 9989,209;81,92099
 992,07; 8159,272;  246,772; 9876,834;82,16458
 992,62; 8068,772;  219,772; 9786,084;82,04833
 993,17; 8014,272;  223,772; 9700,459;82,20699
 993,71; 8030,897;  228,022; 9622,084;83,06177
 994,26; 7931,397;  187,147; 9476,709;83,36507
 994,81; 7925,397;  245,772; 9394,334;83,94352
 995,36; 7778,772;  207,897; 9329,709;82,99749
 995,91; 7792,272;  221,647; 9250,959;83,84498
 996,45; 7770,647;  222,647; 9172,584;84,33578
 997,00; 7623,772;  219,147; 8976,834;84,55000
 997,55; 7658,272;  225,772; 8982,834;84,87435
 998,10; 7601,147;  244,397; 8873,334;85,25673
 998,65; 7493,897;  228,022; 8756,959;85,19086
 999,19; 7477,647;  237,897; 8633,334;86,23434
 999,74; 7353,397;  239,522; 8568,209;85,41412
1000,29; 7377,272;  235,397; 8497,084;86,44572
1000,84; 7213,647;  224,772; 8411,084;85,37269
1001,38; 7142,522;  220,147; 8316,959;85,49506
1001,93; 7092,397;  227,897; 8253,334;85,53428
1002,48; 6986,397;  202,397; 8117,834;85,70594
1003,03; 6971,397;  225,772; 8078,334;85,90349
1003,57; 6878,897;  233,522; 7930,334;86,33931
1004,12; 6826,272;  235,397; 7915,959;85,81240
1004,67; 6771,022;  217,897; 7763,709;86,84452
1005,22; 6625,022;  209,397; 7650,209;86,22210
1005,76; 6537,647;  205,522; 7540,459;86,32827
1006,31; 6473,147;  244,647; 7497,084;85,88147
1006,86; 6398,897;  211,522; 7323,334;87,00138
1007,40; 6310,897;  209,397; 7227,084;86,94460
1007,95; 6244,147;  216,522; 7204,709;86,25448
1008,50; 6137,272;  227,397; 7034,459;86,81976
1009,04; 6129,022;  232,272; 6943,334;87,86612
1009,59; 6024,272;  228,647; 6828,584;87,81333
1010,14; 5927,772;  206,022; 6734,709;87,64013
1010,68; 5838,897;  225,397; 6630,084;87,64674
1011,23; 5791,147;  212,147; 6544,959;88,09672
1011,78; 5694,022;  228,647; 6451,584;87,82629
1012,32; 5673,897;  219,397; 6317,084;89,45194
1012,87; 5627,772;  243,147; 6347,459;88,21018
1013,42; 5543,897;  205,147; 6236,209;88,52089
1013,96; 5604,647;  248,772; 6186,209;90,20516
1014,51; 5517,522;  172,897; 6127,209;89,76057
1015,06; 5486,397;  201,647; 6081,334;89,88148
1015,60; 5543,772;  260,897; 6193,209;89,05254
1016,15; 5491,397;  218,522; 6144,834;88,97396
1016,69; 5545,147;  213,397; 6149,834;89,81397
1017,24; 5535,397;  197,147; 6175,584;89,29173
1017,79; 5605,147;  237,647; 6213,959;89,81291
1018,33; 5604,647;  200,522; 6216,834;89,82454
1018,88; 5666,147;  233,647; 6250,334;90,29055
1019,42; 5690,272;  213,397; 6211,334;91,31264
1019,97; 5667,522;  205,147; 6211,084;90,94958
1020,51; 5791,897;  214,897; 6286,084;91,86012
1021,06; 5743,397;  183,147; 6306,959;90,79720
1021,61; 5749,897;  188,397; 6276,584;91,34903
1022,15; 5744,022;  156,897; 6195,709;92,52026
1022,70; 5735,397;  212,647; 6213,709;92,02954
1023,24; 5695,647;  212,022; 6153,584;92,29264
1023,79; 5664,022;  209,147; 6105,834;92,50745
1024,33; 5670,022;  212,272; 6004,209;94,23013
1024,88; 5567,647;  225,772; 5988,459;92,69763
1025,42; 5490,897;  219,772; 5922,584;92,43027
1025,97; 5413,772;  199,897; 5814,334;92,86549
1026,51; 5292,772;  177,772; 5700,209;92,62214
1027,06; 5342,022;  191,772; 5676,834;93,89592
1027,60; 5242,397;  209,397; 5550,709;94,22778
1028,15; 5162,897;  227,897; 5451,834;94,46897
1028,69; 5038,022;  184,772; 5357,959;93,81547
1029,24; 4953,147;  197,772; 5283,834;93,49816
1029,78; 4891,272;  194,647; 5201,084;93,81172
1030,33; 4789,772;  189,147; 5094,209;93,79340
1030,87; 4756,022;  203,022; 5062,959;93,68433
1031,42; 4671,897;  187,022; 4911,084;94,93683
1031,96; 4620,397;  211,397; 4902,959;93,97722
1032,51; 4527,272;  198,022; 4839,209;93,27893
1033,05; 4545,147;  217,272; 4751,834;95,44195
1033,60; 4417,897;  180,022; 4623,459;95,37380
1034,14; 4385,397;  209,272; 4589,334;95,34396
1034,69; 4358,272;  198,272; 4512,709;96,42045
1035,23; 4321,522;  197,897; 4445,209;97,08786
1035,77; 4290,272;  193,272; 4417,584;96,98620
1036,32; 4179,897;  190,147; 4352,209;95,85993
1036,86; 4119,522;  195,022; 4310,084;95,36915
1037,41; 4094,647;  210,397; 4217,709;96,92905
1037,95; 4020,022;  175,897; 4189,084;95,78733
1038,50; 3996,647;  186,522; 4116,209;96,95746
1039,04; 3974,647;  216,022; 4050,959;98,01007
1039,58; 3904,897;  197,022; 3977,084;98,09031
1040,13; 3854,647;  209,897; 3952,084;97,39624
1040,67; 3874,272;  230,272; 3881,334;99,80656
1041,21; 3791,272;  237,397; 3795,834;99,87178
1041,76; 3739,147;  186,772; 3728,709;100,29468
1042,30; 3680,022;  200,897; 3677,459;100,07371
1042,85; 3606,897;  211,272; 3635,334;99,16948
1043,39; 3580,397;  207,897; 3600,959;99,39398
1043,93; 3543,647;  218,272; 3553,209;99,71326
1044,48; 3477,022;  195,522; 3477,959;99,97144
1045,02; 3443,522;  191,272; 3456,709;99,59615
1045,56; 3401,022;  217,397; 3440,959;98,76108
1046,11; 3383,897;  207,272; 3359,834;100,76327
1046,65; 3302,897;  219,522; 3314,834;99,61434
1047,19; 3257,897;  186,397; 3271,459;99,56038
1047,74; 3217,897;  191,022; 3189,709;100,93999
1048,28; 3217,397;  226,647; 3138,709;102,70212
1048,82; 3165,272;  219,397; 3179,834;99,50810
1049,37; 3123,147;  214,147; 3110,834;100,42505
1049,91; 3123,397;  199,522; 3054,334;102,41916
1050,45; 3032,897;  228,522; 3025,084;100,27936
1050,99; 3021,522;  205,647; 2946,209;102,74807
1051,54; 2992,647;  195,147; 2910,959;103,00785
1052,08; 2964,522;  218,397; 2873,834;103,41516
1052,62; 2922,397;  216,022; 2846,334;102,89177
1053,16; 2886,897;  202,897; 2788,459;103,80720
1053,71; 2858,522;  215,397; 2736,834;104,82612
1054,25; 2805,522;  228,897; 2712,334;103,75236
1054,79; 2747,397;  215,647; 2690,209;102,31101
1055,33; 2684,772;  201,647; 2626,459;102,40483
1055,88; 2734,147;  210,897; 2605,959;105,35216
1056,42; 2669,397;  236,522; 2617,084;102,19748
1056,96; 2664,897;  228,147; 2561,209;104,44427
1057,50; 2606,147;  211,897; 2510,709;104,15160
1058,05; 2559,397;  209,022; 2403,084;107,12434
1058,59; 2550,397;  229,522; 2407,584;106,55686
1059,13; 2462,397;  192,522; 2366,209;104,42508
1059,67; 2440,272;  223,272; 2342,834;104,59706
1060,21; 2409,772;  204,897; 2264,334;107,06200
1060,76; 2410,147;  230,522; 2288,584;105,90665
1061,30; 2408,272;  234,397; 2277,834;106,38324
1061,84; 2317,522;  206,397; 2207,584;105,49361
1062,38; 2266,147;  202,897; 2156,209;105,62826
1062,92; 2302,397;  246,022; 2150,584;107,97099
1063,46; 2247,772;  231,647; 2133,334;106,01768
1064,01; 2187,897;  192,647; 2088,959;105,21736
1064,55; 2160,147;  218,647; 2059,084;105,49122
1065,09; 2114,522;  183,272; 2037,209;104,17018
1065,63; 2143,022;  241,022; 2018,459;107,00798
1066,17; 2118,397;  225,647; 2005,209;106,36041
1066,71; 2119,272;  232,772; 1964,459;108,93998
1067,25; 2044,272;  217,272; 1924,334;107,02596
1067,80; 2056,897;  227,272; 1927,084;107,63687
1068,34; 2060,022;  240,397; 1911,334;108,89845
1068,88; 1999,647;  207,272; 1840,459;109,74704
1069,42; 2006,522;  246,522; 1900,959;106,38057
1069,96; 1948,772;  217,772; 1820,709;107,98924
1070,50; 1984,272;  247,397; 1834,334;109,44823
1071,04; 1909,272;  207,147; 1765,959;109,19370
1071,58; 1901,647;  221,272; 1785,209;107,44515
1072,12; 1910,897;  213,897; 1749,959;110,47728
1072,66; 1901,272;  227,272; 1722,084;111,98729
1073,21; 1864,022;  235,897; 1719,959;109,70731
1073,75; 1833,772;  226,272; 1690,459;109,78785
1074,29; 1801,272;  228,147; 1655,334;110,22553
1074,83; 1809,147;  229,147; 1653,209;110,95019
1075,37; 1773,272;  225,022; 1633,709;109,90727
1075,91; 1738,522;  227,022; 1588,459;111,02236
1076,45; 1710,772;  231,397; 1595,209;108,47349
1076,99; 1701,022;  232,647; 1559,584;110,65894
1077,53; 1674,897;  215,647; 1523,209;111,60078
1078,07; 1698,772;  227,272; 1520,334;113,79960
1078,61; 1636,772;  217,772; 1533,709;107,83187
1079,15; 1614,522;  217,772; 1481,334;110,54063
1079,69; 1619,272;  228,147; 1464,834;112,48800
1080,23; 1628,772;  238,897; 1469,334;112,95779
1080,77; 1613,897;  255,522; 1440,334;114,64894
1081,31; 1535,147;  211,522; 1424,834;109,09185
1081,85; 1580,522;  234,147; 1415,084;114,00900
1082,39; 1522,897;  225,647; 1392,084;111,21470
1082,93; 1509,022;  225,897; 1380,209;111,15924
1083,47; 1493,897;  209,522; 1358,209;111,81239
1084,01; 1488,397;  236,522; 1359,834;111,44495
1084,55; 1448,772;  210,147; 1312,334;112,37879
1085,09; 1464,397;  230,647; 1335,459;111,67053
1085,63; 1444,897;  223,647; 1280,459;115,55976
1086,17; 1415,772;  217,647; 1301,959;110,49628
1086,71; 1382,897;  213,772; 1290,209;108,61058
1087,24; 1416,522;  247,022; 1269,209;114,41149
1087,78; 1406,022;  226,647; 1230,334;117,50420
1088,32; 1337,397;  216,522; 1228,459;110,76524
1088,86; 1361,522;  247,897; 1216,334;114,99193
1089,40; 1339,647;  230,647; 1210,459;113,18492
1089,94; 1317,522;  204,397; 1166,834;115,65686
1090,48; 1314,272;  233,147; 1177,834;114,44261
1091,02; 1324,647;  231,647; 1163,584;117,28254
1091,56; 1279,272;  226,647; 1158,209;112,99564
1092,10; 1257,772;  215,897; 1113,084;116,12679
1092,63; 1295,147;  243,272; 1153,459;115,56685
1093,17; 1275,397;  232,147; 1103,709;119,69882
1093,71; 1248,772;  220,772; 1078,459;119,85717
1094,25; 1228,272;  248,397; 1107,459;114,06330
1094,79; 1201,647;  225,647; 1062,084;116,68535
1095,33; 1190,397;  229,897; 1060,584;115,62712
1095,87; 1173,272;  222,147; 1027,959;118,03304
1096,40; 1125,772;  215,272; 1030,334;111,70922
1096,94; 1175,522;  228,147; 1026,959;118,59792
1097,48; 1144,022;  217,897; 1002,084;118,09994
1098,02; 1122,772;  223,272; 1016,584;113,38533
1098,56; 1085,772;  194,147;  960,709;116,31472
1099,10; 1082,647;  200,397;  966,959;115,09172
1099,63; 1049,772;  202,022;  958,084;112,12697
1100,17; 1105,022;  229,272;  955,709;120,55407
1100,71; 1091,022;  242,397;  960,334;118,20319

