
Integration time [ms]: 130,000
Averaging Nr. [scans]: 8
Smoothing Nr. [pixels]: 0
Data measured with spectrometer [name]: 2009305U1
Wave   ;Sample   ;Dark     ;Reference;Reflectance
[nm]   ;[counts] ;[counts] ;[counts] ;[%]

 175,72;  191,565;  184,647;  202,659;38,40850
 176,32;  228,388;  222,897;  211,946; 0,00000
 176,92;  244,135;  236,022;  234,253; 0,00000
 177,52;  251,800;  247,022;  266,339;24,73488
 178,12;  228,269;  220,272;  216,819; 0,00000
 178,72;  264,832;  254,772;  232,116; 0,00000
 179,32;  252,002;  236,022;  236,650; 0,00000
 179,92;  242,193;  237,272;  239,552;215,76782
 180,52;  236,606;  227,272;  247,498;46,14725
 181,12;  247,555;  233,897;  247,458;100,71208
 181,73;  262,726;  255,022;  265,840;71,21418
 182,33;  317,784;  298,022;  312,473;136,75542
 182,93;  249,002;  253,272;  263,032;-43,74192
 183,53;  234,447;  231,647;  214,044; 0,00000
 184,13;  240,796;  240,772;  231,230; 0,00000
 184,73;  263,770;  260,772;  254,913; 0,00000
 185,33;  265,201;  221,522;  332,987;39,18656
 185,93;  285,759;  240,897;  349,033;41,48655
 186,53;  300,938;  235,397;  360,514;52,38363
 187,13;  333,445;  276,147;  418,944;40,12588
 187,73;  278,978;  221,397;  354,971;43,10764
 188,33;  294,001;  236,147;  369,308;43,44653
 188,93;  291,137;  233,772;  375,642;40,43524
 189,53;  294,680;  250,022;  372,915;36,33914
 190,13;  333,262;  256,647;  403,968;52,00508
 190,73;  259,324;  221,647;  340,553;31,68652
 191,34;  309,755;  260,647;  370,341;44,76857
 191,94;  283,792;  230,772;  342,362;47,51336
 192,54;  304,515;  258,772;  381,996;37,12183
 193,14;  296,821;  253,272;  373,617;36,18696
 193,74;  303,359;  241,272;  359,726;52,41428
 194,34;  294,914;  242,897;  362,007;43,67162
 194,94;  257,274;  212,772;  337,936;35,55482
 195,54;  247,820;  211,022;  325,315;32,19613
 196,14;  267,733;  222,147;  348,806;35,99149
 196,74;  262,477;  215,397;  317,051;46,31421
 197,34;  245,471;  183,272;  330,840;42,14934
 197,94;  273,391;  219,522;  362,590;37,65301
 198,54;  278,846;  234,397;  367,260;33,45504
 199,14;  259,985;  215,397;  360,862;30,65230
 199,74;  252,033;  192,897;  366,668;34,03085
 200,34;  243,865;  198,897;  369,311;26,38735
 200,94;  286,318;  223,522;  397,050;36,18767
 201,54;  267,171;  210,772;  406,061;28,88005
 202,14;  278,814;  217,897;  414,733;30,94825
 202,74;  299,152;  210,897;  446,295;37,49199
 203,34;  267,042;  191,772;  455,445;28,54675
 203,94;  239,551;  164,897;  446,139;26,54458
 204,54;  327,593;  236,897;  512,110;32,95485
 205,14;  298,598;  194,147;  526,691;31,40977
 205,74;  333,947;  222,397;  602,708;29,33134
 206,34;  316,505;  197,397;  615,632;28,47876
 206,94;  338,251;  215,022;  680,432;26,47741
 207,54;  330,375;  192,647;  679,883;28,26710
 208,14;  360,445;  202,272;  776,481;27,54619
 208,74;  384,968;  210,772;  835,193;27,89719
 209,34;  402,901;  198,022;  904,871;28,98488
 209,94;  418,919;  202,397;  984,838;27,67270
 210,54;  432,336;  203,272; 1057,351;26,82001
 211,14;  458,200;  209,647; 1162,476;26,08577
 211,73;  474,845;  200,522; 1281,916;25,36753
 212,33;  521,520;  220,647; 1367,619;26,23197
 212,93;  514,498;  195,147; 1438,081;25,69333
 213,53;  512,765;  172,272; 1482,749;25,98240
 214,13;  542,158;  181,897; 1524,126;26,84047
 214,73;  531,189;  190,397; 1584,233;24,44996
 215,33;  512,794;  151,022; 1596,588;25,02636
 215,93;  553,329;  193,147; 1749,005;23,15004
 216,53;  540,891;  160,022; 1804,923;23,15455
 217,13;  624,622;  206,272; 2015,862;23,11848
 217,73;  609,048;  180,522; 2206,492;21,15167
 218,33;  600,091;  154,397; 2370,804;20,10885
 218,93;  640,777;  170,272; 2565,586;19,64273
 219,53;  701,138;  182,772; 2869,485;19,29370
 220,13;  707,684;  175,147; 3150,943;17,89561
 220,73;  764,014;  181,272; 3496,701;17,57669
 221,32;  813,343;  183,397; 3819,693;17,32384
 221,92;  877,780;  177,522; 4195,354;17,42874
 222,52;  917,929;  172,647; 4598,740;16,83837
 223,12;  946,696;  170,147; 5027,534;15,98698
 223,72; 1040,244;  193,522; 5304,465;16,56684
 224,32; 1091,785;  184,147; 5675,974;16,52706
 224,92; 1116,636;  167,647; 5919,258;16,49953
 225,52; 1156,298;  196,397; 6249,239;15,85868
 226,12; 1193,312;  187,022; 6543,260;15,83154
 226,72; 1201,509;  148,772; 6883,206;15,63216
 227,31; 1290,861;  162,272; 7140,115;16,17389
 227,91; 1365,799;  186,022; 7468,912;16,19930
 228,51; 1431,055;  182,772; 7869,581;16,23929
 229,11; 1501,004;  180,772; 8198,208;16,46701
 229,71; 1597,052;  168,647; 8461,309;17,22493
 230,31; 1655,556;  156,772; 8826,842;17,28688
 230,91; 1830,034;  162,647; 9189,262;18,47190
 231,51; 1863,025;  163,397; 9498,651;18,20655
 232,10; 2015,990;  161,022; 9800,644;19,24316
 232,70; 2169,914;  178,272;10024,007;20,22848
 233,30; 2309,061;  185,772;10345,711;20,89864
 233,90; 2447,788;  175,772;10501,621;22,00319
 234,50; 2637,013;  169,647;10677,856;23,48037
 235,10; 2759,761;  173,397;10820,258;24,29227
 235,70; 2968,990;  178,147;10988,311;25,81684
 236,29; 3144,111;  193,522;11071,786;27,12372
 236,89; 3298,962;  162,022;10996,317;28,95380
 237,49; 3533,550;  187,522;11032,465;30,85335
 238,09; 3671,755;  168,772;10835,757;32,83949
 238,69; 3836,281;  207,147;10740,737;34,45296
 239,29; 3978,518;  181,647;10531,851;36,68402
 239,89; 4092,111;  194,647;10312,407;38,52101
 240,48; 4177,606;  169,147;10033,416;40,63615
 241,08; 4235,977;  170,522; 9775,717;42,32558
 241,68; 4343,112;  186,272; 9483,164;44,71214
 242,28; 4361,181;  165,272; 9212,088;46,37995
 242,88; 4512,080;  202,647; 8995,682;49,00962
 243,48; 4517,128;  195,522; 8708,159;50,76695
 244,07; 4530,025;  181,397; 8565,572;51,86710
 244,67; 4644,665;  193,772; 8502,469;53,56908
 245,27; 4672,470;  190,522; 8311,791;55,18778
 245,87; 4704,718;  197,147; 8314,276;55,53159
 246,47; 4785,619;  183,147; 8296,632;56,72620
 247,06; 4888,381;  178,022; 8345,556;57,67174
 247,66; 4953,671;  183,397; 8378,766;58,20695
 248,26; 5066,344;  207,397; 8567,242;58,12245
 248,86; 5128,338;  193,397; 8722,244;57,86177
 249,46; 5249,852;  155,897; 8931,595;58,04615
 250,05; 5482,261;  187,647; 9273,804;58,27122
 250,65; 5588,983;  166,647; 9568,635;57,67222
 251,25; 5778,894;  168,022;10131,525;56,31425
 251,85; 6068,200;  175,647;10590,521;56,57825
 252,44; 6246,819;  151,397;11116,103;55,59130
 253,04; 6522,889;  186,897;11893,951;54,12115
 253,64; 6735,734;  143,022;12526,309;53,23879
 254,24; 7025,214;  182,147;13363,373;51,91526
 254,84; 7255,227;  164,647;14223,470;50,43509
 255,43; 7511,801;  173,147;15068,885;49,26680
 256,03; 7841,876;  181,897;15994,853;48,44116
 256,63; 8035,688;  185,522;16940,726;46,85211
 257,23; 8076,045;  166,147;17667,259;45,19655
 257,82; 8315,895;  187,397;18498,116;44,39202
 258,42; 8337,165;  149,272;19213,306;42,94943
 259,02; 8401,330;  187,022;20054,849;41,34477
 259,62; 8356,684;  170,647;20571,072;40,12680
 260,21; 8263,081;  175,522;21025,898;38,78855
 260,81; 8143,842;  189,522;21376,148;37,54406
 261,41; 7948,306;  169,272;21717,425;36,10070
 262,01; 7802,323;  206,647;22148,590;34,61715
 262,60; 7566,795;  161,272;22340,634;33,38925
 263,20; 7230,411;  176,272;22599,315;31,45933
 263,80; 7031,764;  194,022;22739,239;30,32901
 264,40; 6728,560;  167,397;22861,621;28,91116
 264,99; 6383,122;  184,272;22991,445;27,17939
 265,59; 6143,110;  177,772;23148,946;25,96880
 266,19; 5835,436;  168,147;23137,295;24,67349
 266,78; 5643,898;  202,147;23373,933;23,48439
 267,38; 5348,966;  186,272;23356,179;22,28189
 267,98; 5088,993;  173,022;23297,045;21,25915
 268,58; 4858,817;  185,147;23291,714;20,22659
 269,17; 4641,549;  176,022;23331,868;19,28466
 269,77; 4421,535;  181,897;23081,436;18,51408
 270,37; 4149,062;  142,522;23088,344;17,46087
 270,96; 3994,008;  215,022;22899,820;16,65867
 271,56; 3769,915;  181,272;22655,010;15,96816
 272,16; 3554,801;  171,897;22569,177;15,10408
 272,75; 3446,783;  178,772;22492,960;14,64544
 273,35; 3296,412;  175,522;22460,784;14,00428
 273,95; 3181,705;  183,022;22407,016;13,49300
 274,54; 3131,702;  162,397;22523,327;13,27899
 275,14; 3075,495;  191,897;22831,851;12,73677
 275,74; 2976,212;  160,272;22947,688;12,35743
 276,33; 2999,250;  197,772;23380,675;12,08424
 276,93; 2971,433;  180,897;23674,311;11,87795
 277,53; 3034,659;  185,897;24035,592;11,94465
 278,12; 3037,997;  161,022;24636,529;11,75451
 278,72; 3146,754;  202,272;25139,253;11,80769
 279,32; 3154,850;  180,272;25844,289;11,59046
 279,91; 3269,120;  161,397;26530,806;11,78533
 280,51; 3352,617;  175,272;27005,784;11,84228
 281,11; 3464,471;  178,647;27709,590;11,93502
 281,70; 3584,156;  168,522;27974,990;12,28360
 282,30; 3702,665;  158,522;28574,010;12,47257
 282,90; 3865,879;  173,397;29090,750;12,76909
 283,49; 4038,710;  199,897;29473,590;13,11352
 284,09; 4207,288;  213,272;29938,913;13,43626
 284,69; 4396,892;  200,647;30286,222;13,94770
 285,28; 4597,115;  207,397;30624,231;14,43187
 285,88; 4801,140;  212,022;30748,041;15,02854
 286,47; 4960,332;  190,522;30818,443;15,57340
 287,07; 5229,928;  203,647;31076,483;16,28059
 287,67; 5503,128;  200,397;31127,784;17,14575
 288,26; 5795,607;  169,897;31125,211;18,17365
 288,86; 6064,198;  169,022;31152,048;19,02712
 289,46; 6514,464;  200,897;31362,043;20,26103
 290,05; 6907,221;  159,522;31388,094;21,60745
 290,65; 7364,892;  183,647;31582,969;22,87070
 291,24; 7860,844;  194,022;31667,867;24,35934
 291,84; 8357,188;  196,647;31763,601;25,85153
 292,44; 8871,693;  167,397;31900,258;27,42991
 293,03; 9445,457;  235,147;32094,197;28,90956
 293,63; 9947,355;  184,272;32166,784;30,52632
 294,22;10421,608;  190,647;32316,010;31,84699
 294,82;10971,143;  189,897;32363,688;33,50941
 295,41;11289,531;  169,772;32163,990;34,75553
 296,01;11758,951;  220,272;32039,192;36,26358
 296,61;12104,035;  183,647;31743,266;37,77101
 297,20;12265,480;  189,272;31482,655;38,59029
 297,80;12680,440;  205,022;31320,157;40,09437
 298,39;12961,200;  163,022;30945,521;41,57615
 298,99;13151,032;  190,772;30842,911;42,28175
 299,58;13448,367;  190,647;30591,412;43,60982
 300,18;13723,203;  204,272;30490,001;44,63796
 300,78;13829,075;  185,397;30024,351;45,72438
 301,37;14219,224;  188,897;30192,529;46,76210
 301,97;14502,066;  189,397;30239,702;47,62903
 302,56;14729,701;  174,522;30024,320;48,76140
 303,16;14949,709;  175,647;30039,291;49,47173
 303,75;15214,949;  187,647;30014,927;50,38107
 304,35;15596,262;  169,397;30225,432;51,32701
 304,94;15837,399;  176,397;30324,144;51,94750
 305,54;16003,968;  199,772;30256,568;52,58111
 306,13;16162,994;  162,647;30178,340;53,30660
 306,73;16254,907;  175,647;30043,748;53,83422
 307,33;16512,384;  199,272;29911,331;54,90401
 307,92;16715,981;  173,522;30020,038;55,42509
 308,52;17190,852;  171,772;30539,634;56,04306
 309,11;17574,785;  181,647;30999,058;56,43932
 309,71;17884,085;  150,272;31304,636;56,92241
 310,30;18167,499;  162,772;31427,505;57,58798
 310,90;18578,874;  191,772;31765,505;58,23544
 311,49;18778,244;  177,147;31936,132;58,56956
 312,09;19056,227;  161,022;32018,842;59,31104
 312,68;19397,390;  203,647;32424,874;59,56863
 313,28;19683,856;  166,272;32608,288;60,16144
 313,87;19832,529;  146,897;32706,393;60,46050
 314,47;20123,867;  180,272;32891,076;60,96944
 315,06;20248,165;  171,147;32971,389;61,20997
 315,66;20482,352;  163,897;33157,592;61,58284
 316,25;20519,464;  149,272;33146,414;61,73320
 316,85;20600,036;  151,272;33258,568;61,76513
 317,44;20794,028;  171,147;33329,511;62,19511
 318,04;20934,903;  155,022;33321,715;62,65286
 318,63;20816,794;  149,897;33387,543;62,17918
 319,22;21073,083;  189,522;33648,617;62,41520
 319,82;21118,794;  182,272;33594,335;62,66157
 320,41;21059,939;  178,272;33545,650;62,58109
 321,01;21079,424;  180,647;33506,787;62,70986
 321,60;21157,002;  164,897;33626,027;62,73579
 322,20;21154,189;  161,397;33615,230;62,75153
 322,79;21188,552;  206,022;33778,934;62,49839
 323,39;21203,822;  167,772;33798,208;62,55063
 323,98;21154,218;  171,147;33765,693;62,45975
 324,58;21074,239;  168,647;33682,804;62,37839
 325,17;21038,809;  172,772;33537,152;62,53986
 325,76;20867,958;  187,647;33380,746;62,30304
 326,36;20596,513;  152,397;33034,652;62,17371
 326,95;20474,109;  195,897;32707,184;62,37284
 327,55;20242,598;  157,397;32386,313;62,32044
 328,14;19958,969;  170,397;31988,246;62,19331
 328,74;19721,404;  197,522;31601,264;62,17056
 329,33;19459,192;  197,022;31157,505;62,21534
 329,92;19094,743;  163,397;30738,125;61,91828
 330,52;18630,713;  180,022;30181,574;61,49912
 331,11;18366,014;  183,772;29710,822;61,57825
 331,71;18024,120;  173,397;29188,931;61,52126
 332,30;17623,024;  194,647;28664,519;61,21691
 332,89;17281,687;  207,772;28232,007;60,92553
 333,49;16956,121;  185,397;27679,730;60,99702
 334,08;16603,711;  181,397;27255,018;60,65799
 334,68;16328,747;  179,897;26962,029;60,29710
 335,27;16082,248;  179,397;26527,536;60,35664
 335,86;15783,139;  207,147;26304,447;59,68430
 336,46;15599,456;  195,147;25992,228;59,71338
 337,05;15498,865;  173,272;25869,731;59,64087
 337,65;15277,883;  161,647;25765,949;59,03788
 338,24;15220,932;  222,772;25783,932;58,67558
 338,83;15078,378;  194,272;25720,454;58,30918
 339,43;15065,922;  173,272;25634,731;58,49095
 340,02;14936,857;  172,397;25518,507;58,25139
 340,61;14927,778;  167,772;25607,219;58,02015
 341,21;14824,904;  205,772;25618,014;57,52791
 341,80;14715,687;  174,897;25574,927;57,24714
 342,40;14686,534;  181,147;25674,970;56,89765
 342,99;14783,562;  180,272;25829,132;56,93544
 343,58;14848,817;  177,522;26027,505;56,75553
 344,18;14691,846;  185,772;26119,969;55,93416
 344,77;14839,322;  171,022;26439,121;55,84074
 345,36;14917,484;  148,647;26720,184;55,58142
 345,96;14989,841;  187,772;27053,470;55,09654
 346,55;15027,405;  179,772;27244,650;54,85941
 347,14;15143,320;  167,522;27527,356;54,73643
 347,74;15302,560;  139,397;28049,992;54,32762
 348,33;15537,311;  179,522;28663,791;53,91674
 348,92;15763,527;  180,522;29196,707;53,70453
 349,52;15878,154;  162,272;29712,180;53,18420
 350,11;15911,793;  180,147;29820,532;53,07504
 350,70;15826,243;  160,022;29997,708;52,50481
 351,29;15591,000;  161,397;29717,592;52,20429
 351,89;15522,398;  180,022;29661,512;52,04071
 352,48;15268,332;  150,647;29757,072;51,06218
 353,07;15194,444;  167,897;29680,432;50,91581
 353,67;15068,068;  186,522;29739,216;50,35597
 354,26;14769,082;  175,772;29443,152;49,86203
 354,85;14634,197;  181,272;29352,079;49,54585
 355,45;14357,634;  165,397;29054,998;49,12577
 356,04;14223,098;  164,272;29112,646;48,56517
 356,63;13985,817;  190,147;28910,001;48,03531
 357,22;13801,277;  174,897;28712,208;47,74935
 357,82;13579,072;  178,772;28536,416;47,25463
 358,41;13388,363;  183,147;28441,509;46,73030
 359,00;13131,559;  162,772;28231,277;46,20405
 359,60;12981,670;  178,272;28142,887;45,78428
 360,19;12771,799;  174,897;27960,291;45,33642
 360,78;12573,235;  190,397;27796,608;44,85526
 361,37;12384,032;  165,772;27702,039;44,37152
 361,97;12193,221;  170,522;27643,840;43,76136
 362,56;11903,733;  160,397;27198,181;43,43306
 363,15;11710,128;  189,897;27001,451;42,96741
 363,74;11414,551;  179,522;26639,177;42,46098
 364,34;11129,625;  202,647;26268,675;41,92038
 364,93;10874,930;  164,147;25903,501;41,61248
 365,52;10529,139;  149,147;25623,947;40,74612
 366,11;10321,821;  181,772;25242,572;40,46179
 366,71;10032,708;  157,522;24859,367;39,97752
 367,30; 9865,960;  177,397;24566,594;39,72481
 367,89; 9653,387;  203,647;24321,103;39,18216
 368,48; 9376,646;  189,397;23989,665;38,60145
 369,07; 9101,993;  184,272;23630,458;38,03485
 369,67; 8871,359;  193,897;23396,730;37,39829
 370,26; 8690,962;  184,272;23144,195;37,05017
 370,85; 8511,502;  172,772;22872,777;36,73449
 371,44; 8373,025;  168,272;22683,068;36,44160
 372,03; 8178,261;  156,397;22385,971;36,08645
 372,63; 7908,293;  137,772;22100,286;35,38084
 373,22; 7729,362;  164,772;21897,710;34,80703
 373,81; 7555,240;  154,647;21525,606;34,62920
 374,40; 7326,231;  162,772;21342,666;33,82198
 374,99; 7204,819;  171,897;21156,599;33,51452
 375,59; 7030,202;  159,522;20934,952;33,07118
 376,18; 6888,300;  194,647;20759,632;32,54879
 376,77; 6677,167;  181,522;20537,612;31,91008
 377,36; 6593,216;  191,772;20604,266;31,36042
 377,95; 6450,052;  185,022;20233,105;31,25002
 378,55; 6293,174;  155,647;20088,537;30,79095
 379,14; 6186,330;  169,647;19978,096;30,37433
 379,73; 6116,022;  177,397;19896,717;30,11577
 380,32; 6038,608;  182,022;19972,885;29,59237
 380,91; 5941,276;  171,897;19885,288;29,26630
 381,50; 5847,406;  192,897;19824,362;28,80330
 382,10; 5794,108;  160,147;19732,135;28,78584
 382,69; 5706,794;  155,522;19629,210;28,50653
 383,28; 5595,619;  199,897;19644,552;27,74913
 383,87; 5479,345;  168,022;19450,837;27,54434
 384,46; 5433,554;  174,897;19497,574;27,21495
 385,05; 5427,144;  194,897;19482,692;27,12724
 385,64; 5303,321;  170,772;19378,947;26,72065
 386,24; 5207,459;  153,522;19447,337;26,19460
 386,83; 5294,984;  185,522;19473,476;26,49043
 387,42; 5218,916;  174,022;19580,684;25,99568
 388,01; 5212,757;  180,397;19817,063;25,62737
 388,60; 5243,529;  186,897;19989,059;25,53576
 389,19; 5215,717;  165,397;20230,100;25,17017
 389,78; 5216,019;  170,397;20443,730;24,88797
 390,37; 5346,212;  227,022;20833,233;24,84295
 390,96; 5369,751;  182,647;20994,270;24,92407
 391,56; 5316,862;  169,397;21197,665;24,47879
 392,15; 5369,601;  162,147;21556,623;24,34018
 392,74; 5311,342;  143,147;21710,891;23,96261
 393,33; 5428,613;  170,397;21877,964;24,22296
 393,92; 5483,245;  171,272;22384,352;23,91372
 394,51; 5498,530;  169,022;22566,272;23,79537
 395,10; 5566,724;  197,897;22667,776;23,89344
 395,69; 5520,519;  187,647;22862,734;23,51864
 396,28; 5524,396;  198,772;22910,579;23,44870
 396,87; 5551,057;  198,647;23083,930;23,38800
 397,46; 5595,560;  189,397;23161,948;23,53314
 398,06; 5644,392;  195,772;23457,383;23,42323
 398,65; 5630,453;  189,272;23497,243;23,34472
 399,24; 5690,779;  185,647;23706,134;23,40569
 399,83; 5662,911;  164,147;23505,606;23,55793
 400,42; 5750,337;  204,522;23783,813;23,51986
 401,01; 5778,596;  172,897;23852,958;23,67266
 401,60; 5774,487;  198,147;23819,617;23,60708
 402,19; 5745,285;  208,647;23796,170;23,47274
 402,78; 5809,098;  207,022;23736,927;23,80833
 403,37; 5778,355;  192,397;23710,308;23,75193
 403,96; 5755,426;  196,022;23510,157;23,84564
 404,55; 5774,296;  196,272;23504,956;23,93110
 405,14; 5719,541;  178,647;23369,785;23,89229
 405,73; 5727,940;  200,522;23216,044;24,01604
 406,32; 5731,919;  208,272;23205,389;24,01887
 406,91; 5691,467;  192,647;22835,776;24,28472
 407,50; 5717,119;  181,397;22673,393;24,61196
 408,09; 5657,827;  177,522;22405,419;24,65508
 408,68; 5728,130;  191,647;22237,761;25,11319
 409,27; 5699,048;  183,272;22132,583;25,12961
 409,86; 5702,599;  192,022;22103,622;25,14913
 410,45; 5783,431;  212,522;21947,518;25,63106
 411,04; 5752,399;  218,772;21929,036;25,48853
 411,63; 5710,812;  205,147;21587,734;25,74836
 412,22; 5696,386;  208,272;21355,189;25,95231
 412,81; 5713,903;  205,147;21086,069;26,38177
 413,40; 5657,761;  224,522;20737,442;26,48691
 413,99; 5673,583;  244,272;20429,308;26,89770
 414,58; 5558,632;  191,772;20099,292;26,95896
 415,17; 5540,076;  183,397;19854,251;27,23155
 415,76; 5579,911;  194,397;19743,253;27,54900
 416,35; 5555,472;  186,772;19584,410;27,67708
 416,94; 5673,401;  218,897;19714,010;27,97883
 417,53; 5777,092;  191,022;19833,620;28,43855
 418,12; 5818,766;  192,022;19930,854;28,50596
 418,71; 5994,302;  197,022;20251,451;28,90773
 419,30; 6114,603;  188,022;20266,745;29,51672
 419,89; 6228,635;  187,772;20520,560;29,70996
 420,48; 6329,986;  215,397;20790,803;29,71795
 421,07; 6377,732;  215,522;20909,357;29,77800
 421,66; 6415,072;  172,272;20864,603;30,16963
 422,25; 6560,385;  198,147;20858,067;30,79508
 422,84; 6570,203;  223,772;20851,643;30,76629
 423,43; 6564,110;  196,397;20597,299;31,21290
 424,02; 6571,606;  228,022;20224,603;31,72335
 424,60; 6468,748;  204,647;19841,563;31,89962
 425,19; 6485,333;  196,522;19628,720;32,36284
 425,78; 6512,665;  228,397;19626,239;32,39674
 426,37; 6571,007;  222,147;19404,083;33,09812
 426,96; 6613,054;  206,272;19253,514;33,63627
 427,55; 6601,392;  194,147;19031,113;34,01421
 428,14; 6635,796;  181,897;18941,705;34,40280
 428,73; 6591,665;  222,397;18767,700;34,34437
 429,32; 6646,038;  224,522;18744,769;34,67295
 429,91; 6750,956;  232,022;18773,834;35,15802
 430,50; 6776,246;  224,147;18733,048;35,39972
 431,08; 6720,263;  239,272;18537,921;35,41787
 431,67; 6790,423;  271,397;18387,636;35,98443
 432,26; 6744,601;  288,272;18235,819;35,97333
 432,85; 6708,353;  322,522;17780,542;36,57821
 433,44; 6610,463;  309,897;17459,430;36,73900
 434,03; 6594,653;  323,272;17142,237;37,28755
 434,62; 6454,266;  289,272;16718,234;37,52516
 435,21; 6518,388;  314,022;16585,129;38,13119
 435,79; 6513,717;  284,022;16377,958;38,70834
 436,38; 6522,324;  297,897;16340,574;38,79918
 436,97; 6540,262;  286,397;16196,625;39,30720
 437,56; 6525,684;  281,647;16046,969;39,60615
 438,15; 6528,350;  270,647;16020,724;39,73125
 438,74; 6644,574;  295,897;15949,036;40,55849
 439,33; 6692,071;  251,772;15894,010;41,17249
 439,91; 6709,919;  216,772;16015,277;41,09976
 440,50; 6801,758;  259,522;16040,717;41,45590
 441,09; 6887,140;  249,522;16192,896;41,63246
 441,68; 6976,629;  252,897;16152,858;42,28773
 442,27; 6971,479;  221,647;16170,215;42,32250
 442,86; 7017,211;  199,897;16147,212;42,74898
 443,44; 7191,026;  220,772;16211,559;43,58919
 444,03; 7237,955;  270,022;16197,040;43,74914
 444,62; 7175,193;  217,647;16139,995;43,69673
 445,21; 7169,857;  224,897;15893,903;44,32291
 445,80; 7209,070;  251,022;15862,926;44,56886
 446,39; 7118,263;  259,522;15553,047;44,84735
 446,97; 7095,766;  233,272;15372,781;45,32838
 447,56; 7079,595;  218,272;15144,732;45,96752
 448,15; 7036,957;  221,397;15032,554;46,01639
 448,74; 6959,051;  239,522;14783,493;46,20147
 449,33; 6988,097;  224,897;14611,580;47,01014
 449,91; 6984,387;  220,897;14428,047;47,60625
 450,50; 6848,247;  202,897;14194,851;47,49408
 451,09; 6919,252;  244,522;14159,175;47,96907
 451,68; 6885,294;  259,522;14010,487;48,18405
 452,26; 6905,556;  238,647;13956,661;48,59967
 452,85; 6896,340;  230,397;13850,320;48,94259
 453,44; 6965,162;  232,397;13903,478;49,24823
 454,03; 6983,833;  203,522;13816,603;49,80732
 454,61; 6990,333;  208,647;13777,110;49,98124
 455,20; 7160,119;  243,647;13969,124;50,39149
 455,79; 7145,231;  237,397;13966,523;50,31518
 456,38; 7236,283;  234,647;14045,990;50,69482
 456,97; 7357,708;  226,147;14115,568;51,34528
 457,55; 7345,874;  222,272;14075,532;51,42185
 458,14; 7403,151;  249,147;14060,814;51,79682
 458,73; 7343,670;  231,272;14043,664;51,49288
 459,31; 7499,731;  255,147;14045,196;52,53487
 459,90; 7549,582;  263,897;14174,602;52,37467
 460,49; 7688,163;  277,772;14258,693;53,00360
 461,08; 7690,000;  235,647;14346,792;52,82600
 461,66; 7793,488;  226,772;14371,243;53,49593
 462,25; 7875,275;  233,647;14430,810;53,82504
 462,84; 7986,172;  248,022;14456,799;54,46035
 463,43; 7884,359;  203,897;14410,009;54,06449
 464,01; 8005,342;  226,147;14442,344;54,72065
 464,60; 7984,512;  261,647;14364,670;54,76035
 465,19; 7889,089;  204,522;14172,822;55,01433
 465,77; 7944,977;  234,897;14192,621;55,23880
 466,36; 7918,246;  257,897;14108,054;55,30875
 466,95; 7736,078;  230,147;13701,698;55,71691
 467,53; 7686,792;  228,272;13470,599;56,32333
 468,12; 7551,183;  256,772;13223,844;56,25334
 468,71; 7468,910;  242,647;12987,045;56,70148
 469,29; 7311,039;  228,022;12758,328;56,52709
 469,88; 7220,177;  227,022;12545,050;56,77171
 470,47; 7311,537;  268,147;12654,938;56,86210
 471,06; 7329,792;  243,522;12618,811;57,26145
 471,64; 7408,105;  247,147;12754,684;57,25314
 472,23; 7443,734;  211,147;12662,220;58,08806
 472,81; 7552,606;  206,272;12740,865;58,60848
 473,40; 7651,704;  218,522;12934,457;58,45565
 473,99; 7789,103;  289,272;13155,173;58,29231
 474,57; 7887,074;  230,897;13178,834;59,13048
 475,16; 8022,479;  240,897;13412,017;59,08064
 475,75; 8089,114;  257,647;13494,298;59,16502
 476,33; 8148,136;  256,897;13570,919;59,27014
 476,92; 8232,006;  256,022;13612,713;59,71527
 477,51; 8349,658;  247,147;13749,158;60,00966
 478,09; 8270,080;  236,647;13669,590;59,80397
 478,68; 8334,327;  247,272;13546,818;60,80700
 479,27; 8354,858;  267,772;13736,501;60,04342
 479,85; 8366,584;  241,647;13672,115;60,49630
 480,44; 8536,883;  242,897;13869,772;60,86492
 481,02; 9594,395;  246,147;15579,022;60,96865
 481,61;10742,421;  271,522;17364,135;61,25980
 482,20;11389,579;  268,772;18421,624;61,26204
 482,78;11898,278;  294,772;18995,164;62,04953
 483,37;12106,355;  272,272;19410,770;61,83391
 483,95;12365,978;  303,272;19646,172;62,36245
 484,54;12522,625;  314,897;19857,377;62,46765
 485,13;12498,440;  296,272;19884,768;62,29252
 485,71;12476,193;  272,022;19758,540;62,62879
 486,30;12297,240;  310,897;19512,346;62,42416
 486,88;12125,297;  331,147;19154,975;62,65543
 487,47;11736,355;  328,647;18476,853;62,85860
 488,05;11133,416;  307,647;17587,306;62,65036
 488,64;10392,337;  315,897;16271,893;63,15143
 489,23; 9130,926;  324,772;14257,379;63,20536
 489,81; 7854,632;  305,647;12238,598;63,26168
 490,40; 7522,285;  269,022;11746,763;63,19417
 490,98; 7466,115;  256,772;11507,808;64,07715
 491,57; 7413,062;  283,522;11390,250;64,19118
 492,15; 7348,072;  267,647;11418,951;63,49415
 492,74; 7320,844;  264,272;11271,486;64,10862
 493,32; 7272,699;  276,397;11148,799;64,34919
 493,91; 7194,783;  261,397;11109,119;63,91559
 494,50; 7172,549;  269,647;11064,697;63,94507
 495,08; 7121,633;  254,897;11002,438;63,89123
 495,67; 7198,736;  279,147;10990,362;64,60135
 496,25; 7086,669;  225,772;10842,744;64,62197
 496,84; 7105,832;  237,522;10866,273;64,62010
 497,42; 7093,095;  225,397;10794,326;64,98008
 498,01; 7070,396;  257,272;10750,074;64,93141
 498,59; 7013,641;  213,772;10720,458;64,71945
 499,18; 7005,246;  214,522;10721,060;64,63332
 499,76; 6988,603;  243,897;10561,471;65,37105
 500,35; 6886,665;  254,397;10284,128;66,12608
 500,93; 6894,215;  222,272;10301,703;66,19365
 501,52; 6855,332;  211,022;10264,857;66,08732
 502,10; 6832,165;  226,647;10190,757;66,29311
 502,69; 6730,601;  220,522;10058,411;66,17354
 503,27; 6623,554;  209,397; 9901,195;66,18129
 503,86; 6587,341;  224,022; 9832,838;66,22376
 504,44; 6499,104;  190,397; 9702,061;66,32601
 505,03; 6324,241;  194,147; 9504,981;65,83829
 505,61; 6270,005;  200,522; 9318,749;66,56429
 506,19; 6185,509;  228,647; 9159,324;66,70113
 506,78; 6070,797;  201,522; 8997,515;66,72669
 507,36; 5997,801;  207,897; 8863,132;66,89483
 507,95; 5905,411;  216,272; 8722,523;66,88187
 508,53; 5803,476;  217,522; 8611,619;66,54622
 509,12; 5736,895;  219,397; 8423,278;67,25473
 509,70; 5629,988;  226,647; 8262,917;67,23692
 510,29; 5540,096;  227,522; 8180,253;66,80189
 510,87; 5420,327;  206,272; 7971,278;67,14811
 511,46; 5314,736;  198,022; 7831,191;67,03262
 512,04; 5222,302;  205,897; 7737,468;66,60502
 512,62; 5152,033;  208,897; 7580,497;67,05649
 513,21; 5075,352;  191,647; 7387,126;67,87185
 513,79; 4963,580;  210,522; 7278,095;67,25164
 514,38; 4882,127;  189,147; 7087,272;68,03269
 514,96; 4802,140;  220,522; 7043,116;67,15360
 515,54; 4725,607;  201,022; 6896,957;67,57212
 516,13; 4701,880;  214,647; 6795,874;68,18232
 516,71; 4575,480;  197,397; 6687,613;67,45667
 517,30; 4515,255;  199,897; 6587,957;67,55349
 517,88; 4486,523;  221,522; 6530,549;67,60156
 518,46; 4346,734;  200,772; 6391,142;66,97439
 519,05; 4342,849;  225,522; 6363,149;67,08337
 519,63; 4316,893;  218,147; 6257,305;67,86950
 520,22; 4292,639;  214,397; 6196,362;68,17563
 520,80; 4200,615;  197,147; 6120,973;67,58247
 521,38; 4228,312;  218,522; 6153,464;67,56242
 521,97; 4163,729;  201,022; 6117,605;66,97628
 522,55; 4147,069;  211,647; 6121,469;66,59120
 523,13; 4132,571;  192,522; 6020,320;67,60785
 523,72; 4143,128;  214,897; 6033,234;67,51466
 524,30; 4229,478;  232,397; 6149,511;67,55119
 524,89; 4236,455;  195,147; 6163,590;67,71125
 525,47; 4307,964;  214,647; 6285,992;67,42026
 526,05; 4353,998;  175,897; 6322,954;67,96913
 526,64; 4444,561;  224,397; 6410,831;68,21642
 527,22; 4513,655;  216,272; 6524,016;68,12868
 527,80; 4625,669;  256,147; 6620,163;68,65982
 528,39; 4687,570;  205,022; 6788,480;68,08805
 528,97; 4787,959;  216,522; 6859,748;68,81351
 529,55; 4909,470;  222,147; 7126,161;67,89272
 530,14; 5043,823;  229,397; 7267,755;68,40269
 530,72; 5073,381;  194,147; 7368,554;68,00889
 531,30; 5192,924;  196,397; 7493,740;68,47049
 531,89; 5251,025;  219,147; 7539,900;68,73443
 532,47; 5339,118;  240,147; 7674,289;68,58856
 533,05; 5360,371;  230,647; 7700,857;68,66908
 533,63; 5416,313;  245,647; 7757,387;68,83446
 534,22; 5389,224;  218,147; 7806,773;68,14246
 534,80; 5449,509;  248,397; 7907,113;67,91101
 535,38; 5508,560;  303,022; 7932,487;68,22939
 535,97; 5470,314;  229,772; 7956,061;67,82741
 536,55; 5496,996;  282,147; 7985,644;67,69456
 537,13; 5508,281;  292,772; 7985,072;67,80169
 537,71; 5533,556;  336,147; 7975,837;68,03168
 538,30; 5579,578;  352,522; 8119,333;67,29991
 538,88; 5649,503;  391,272; 8198,945;67,34696
 539,46; 5736,973;  439,522; 8371,978;66,78198
 540,05; 5824,434;  457,647; 8444,521;67,19508
 540,63; 5971,142;  521,022; 8658,463;66,97584
 541,21; 6059,286;  558,147; 8831,483;66,49240
 541,79; 6082,013;  596,272; 8942,392;65,72803
 542,38; 6231,083;  622,522; 9147,536;65,78947
 542,96; 6332,001;  640,397; 9263,976;66,00049
 543,54; 6450,198;  639,147; 9417,543;66,19719
 544,12; 6525,446;  630,522; 9574,070;65,91259
 544,70; 6558,018;  600,272; 9665,019;65,72435
 545,29; 6702,393;  619,022; 9801,262;66,25149
 545,87; 6676,013;  575,022; 9797,392;66,15426
 546,45; 6698,227;  528,522; 9830,503;66,32678
 547,03; 6755,217;  515,522; 9946,184;66,16391
 547,62; 6837,702;  474,772;10033,117;66,56937
 548,20; 6951,788;  475,397;10228,285;66,40485
 548,78; 7007,667;  438,147;10270,568;66,81488
 549,36; 7082,460;  397,272;10480,300;66,30140
 549,94; 7215,278;  360,022;10580,963;67,07069
 550,53; 7332,653;  355,897;10846,171;66,50690
 551,11; 7510,819;  333,647;11001,559;67,27814
 551,69; 7641,115;  327,022;11297,062;66,67335
 552,27; 7784,906;  294,397;11540,693;66,60423
 552,85; 7995,772;  300,647;11862,377;66,55686
 553,44; 8230,931;  293,522;12109,211;67,17686
 554,02; 8421,113;  310,397;12456,339;66,77717
 554,60; 8619,408;  252,647;12791,999;66,72403
 555,18; 8914,186;  275,522;13097,834;67,37213
 555,76; 9140,250;  259,022;13473,135;67,21017
 556,34; 9361,801;  272,647;13851,720;66,93502
 556,93; 9633,055;  271,272;14189,412;67,26318
 557,51; 9845,373;  239,397;14432,116;67,68242
 558,09;10026,019;  267,647;14891,651;66,72846
 558,67;10275,666;  269,772;15151,602;67,23564
 559,25;10521,049;  276,272;15408,872;67,70005
 559,83;10659,008;  253,272;15731,317;67,22900
 560,41;10882,750;  251,772;16096,964;67,09276
 561,00;11132,815;  264,397;16313,192;67,72108
 561,58;11250,756;  256,897;16642,261;67,09560
 562,16;11447,480;  232,272;16970,944;67,00178
 562,74;11671,399;  219,397;17295,225;67,06557
 563,32;11898,460;  226,022;17690,636;66,83479
 563,90;12158,678;  247,397;18046,647;66,92013
 564,48;12341,698;  250,772;18352,459;66,79447
 565,06;12711,339;  244,272;19030,457;66,36295
 565,65;13070,484;  257,772;19649,931;66,07161
 566,23;13580,725;  296,772;20409,203;66,04847
 566,81;13962,127;  246,022;21092,441;65,79598
 567,39;14498,399;  259,022;21889,937;65,82883
 567,97;14903,048;  255,022;22446,323;66,00797
 568,55;15435,366;  256,897;23302,524;65,86268
 569,13;15706,546;  237,772;23947,725;65,24169
 569,71;16342,182;  240,522;24890,263;65,32182
 570,29;16870,746;  278,147;25841,935;64,90665
 570,87;17332,487;  262,272;26545,541;64,94708
 571,45;17663,321;  282,022;27160,365;64,66656
 572,03;17888,380;  216,397;27557,046;64,63630
 572,61;18252,806;  226,397;28333,047;64,13574
 573,20;18692,217;  257,022;29018,229;64,09743
 573,78;19026,722;  241,147;29637,557;63,90432
 574,36;19252,909;  265,897;30028,506;63,79485
 574,94;19378,736;  303,522;30286,404;63,62035
 575,52;19581,632;  258,022;30612,102;63,66067
 576,10;19882,278;  314,897;31138,216;63,48240
 576,68;20159,469;  302,897;31741,660;63,15952
 577,26;20557,408;  332,647;32362,419;63,14363
 577,84;20835,438;  326,272;32904,470;62,95365
 578,42;20945,942;  362,397;33036,248;62,99700
 579,00;20936,609;  313,272;33133,227;62,83780
 579,58;21068,295;  358,772;33384,256;62,70770
 580,16;21111,512;  356,522;33424,096;62,76538
 580,74;21199,303;  328,022;33596,105;62,73665
 581,32;21174,681;  341,147;33667,377;62,51392
 581,90;21155,577;  354,272;33702,495;62,37605
 582,48;21180,274;  368,022;33812,517;62,22923
 583,06;21223,253;  350,772;33836,698;62,33210
 583,64;21199,712;  364,772;34085,439;61,78686
 584,22;21052,922;  372,772;33707,312;62,03820
 584,80;20917,638;  367,022;33433,770;62,14889
 585,38;20625,070;  380,397;33043,062;61,98108
 585,96;20694,429;  352,772;33161,825;62,00014
 586,54;20670,292;  390,022;33262,612;61,69356
 587,12;20752,522;  325,022;33365,919;61,82489
 587,70;20768,970;  363,272;33469,209;61,63758
 588,28;20776,224;  344,397;33545,488;61,53963
 588,86;20745,538;  352,772;33682,663;61,18462
 589,44;20659,654;  338,897;33475,223;61,32471
 590,02;20766,073;  333,147;33925,379;60,82634
 590,59;20768,233;  311,897;33953,761;60,80619
 591,17;20801,770;  309,022;34012,657;60,80278
 591,75;20800,020;  311,147;34122,029;60,59846
 592,33;20862,141;  313,522;34431,004;60,22900
 592,91;20882,713;  264,647;34631,779;59,99356
 593,49;21023,030;  285,272;34887,980;59,93103
 594,07;21057,096;  297,147;35075,878;59,69151
 594,65;20945,244;  306,772;35171,257;59,19626
 595,23;21226,990;  290,272;35482,937;59,49171
 595,81;21226,410;  283,147;35539,020;59,40362
 596,39;21117,303;  290,522;35660,563;58,88255
 596,97;21136,189;  297,772;35817,063;58,66789
 597,55;21097,539;  278,772;35837,591;58,54741
 598,12;21010,825;  275,397;35799,938;58,36931
 598,70;20999,979;  260,772;35921,773;58,15655
 599,28;21080,265;  280,272;36114,784;58,04458
 599,86;21027,110;  279,647;36164,821;57,81626
 600,44;21039,703;  244,522;36156,710;57,90564
 601,02;20999,449;  289,147;36314,219;57,48858
 601,60;20885,579;  270,522;36241,755;57,30984
 602,18;20917,933;  248,397;36225,395;57,45209
 602,75;20813,994;  255,022;36471,511;56,76688
 603,33;20842,788;  276,397;36335,750;57,03483
 603,91;20705,851;  260,647;36327,130;56,68755
 604,49;20715,520;  280,272;36430,407;56,52883
 605,07;20589,097;  293,647;36437,598;56,15172
 605,65;20508,827;  300,897;36562,661;55,72793
 606,23;20572,222;  374,147;36694,890;55,61030
 606,80;20436,721;  405,897;36787,545;55,05749
 607,38;20341,258;  458,897;36720,692;54,83005
 607,96;20311,786;  511,772;36871,319;54,45616
 608,54;20254,429;  572,022;36834,195;54,27807
 609,12;20227,631;  581,772;37009,306;53,93135
 609,70;20078,016;  623,272;37029,583;53,43783
 610,27;20068,573;  618,147;37100,129;53,31516
 610,85;20084,772;  639,647;37235,255;53,13513
 611,43;19921,967;  642,022;37129,228;52,84029
 612,01;19740,610;  613,272;36936,317;52,65896
 612,59;19728,254;  610,522;36942,288;52,61988
 613,16;19647,070;  576,022;36896,027;52,50839
 613,74;19390,324;  548,397;36754,511;52,04073
 614,32;19397,898;  496,647;36644,558;52,28864
 614,90;19285,613;  465,147;36620,467;52,05449
 615,48;19024,426;  391,897;36263,636;51,94209
 616,05;18896,810;  373,147;36255,281;51,62364
 616,63;18879,318;  373,522;36024,051;51,90890
 617,21;18634,936;  372,522;35958,458;51,31919
 617,79;18488,975;  334,522;35933,120;50,99766
 618,36;18454,948;  357,522;35836,882;51,00832
 618,94;18147,753;  293,397;35420,906;50,82728
 619,52;17989,692;  325,522;35266,002;50,55503
 620,10;17900,690;  308,022;35226,408;50,38225
 620,67;17702,979;  298,897;35064,687;50,06094
 621,25;17542,817;  319,647;34899,335;49,80719
 621,83;17478,390;  294,397;35016,451;49,49014
 622,41;17490,771;  333,022;34899,873;49,63642
 622,98;17242,384;  330,147;34671,574;49,24733
 623,56;17154,486;  315,147;34730,033;48,93039
 624,14;16992,047;  284,272;34555,895;48,75105
 624,72;16843,217;  298,647;34526,145;48,33707
 625,29;16863,022;  276,647;34545,294;48,40102
 625,87;16750,249;  316,272;34585,335;47,95572
 626,45;16573,630;  292,147;34435,799;47,68524
 627,02;16442,403;  284,647;34243,049;47,58103
 627,60;16350,894;  271,147;34287,234;47,27101
 628,18;16272,631;  273,022;34316,806;46,99715
 628,76;16205,800;  274,272;34302,959;46,81793
 629,33;16094,606;  300,147;34292,413;46,46486
 629,91;16067,315;  280,397;34270,533;46,44559
 630,49;16025,125;  299,147;34520,929;45,95312
 631,06;16033,728;  295,022;34643,763;45,82033
 631,64;15909,046;  294,897;34409,183;45,77012
 632,22;15758,193;  253,272;34468,672;45,31562
 632,79;15876,353;  268,022;34699,058;45,33216
 633,37;15821,556;  253,772;34782,589;45,08635
 633,95;15791,547;  259,897;34808,732;44,95564
 634,52;15719,408;  250,897;34897,794;44,64617
 635,10;15581,102;  235,397;34998,842;44,14322
 635,68;15649,704;  259,772;35268,468;43,96031
 636,25;15557,436;  243,272;35113,872;43,91712
 636,83;15464,800;  223,022;35356,084;43,38300
 637,41;15502,099;  239,272;35473,234;43,31851
 637,98;15383,831;  259,272;35600,066;42,79632
 638,56;15380,259;  255,272;35582,241;42,81428
 639,13;15214,527;  244,772;35677,542;42,24833
 639,71;15332,037;  272,772;35782,364;42,40901
 640,29;15005,295;  216,147;35514,146;41,89798
 640,86;15051,114;  225,147;35762,659;41,71920
 641,44;14871,058;  232,647;35893,298;41,04920
 642,02;14818,377;  251,272;35770,061;41,01239
 642,59;14876,446;  236,147;36006,950;40,92807
 643,17;14764,515;  230,147;35927,713;40,71529
 643,74;14638,209;  228,647;36038,727;40,23884
 644,32;14593,903;  260,522;35847,490;40,27705
 644,89;14512,847;  252,397;35941,629;39,95729
 645,47;14450,916;  261,522;35917,017;39,79581
 646,05;14233,235;  239,397;35847,531;39,29955
 646,62;14169,304;  240,147;35860,294;39,10471
 647,20;14049,998;  247,897;36040,308;38,56153
 647,77;13905,817;  214,647;35958,946;38,30309
 648,35;13822,011;  220,147;35814,335;38,21372
 648,92;13791,830;  261,147;35895,598;37,97079
 649,50;13648,399;  212,147;35688,237;37,87411
 650,08;13517,718;  221,522;35800,250;37,37120
 650,65;13524,912;  234,772;36064,139;37,09287
 651,23;13685,731;  208,272;36778,152;36,85399
 651,80;13999,300;  217,272;37741,541;36,72831
 652,38;13981,494;  228,522;38047,054;36,36569
 652,95;14030,188;  210,147;38373,818;36,21256
 653,53;14024,632;  236,897;38514,331;36,02053
 654,10;14038,576;  251,647;38729,595;35,83073
 654,68;13896,895;  216,397;38578,859;35,66116
 655,25;13951,464;  218,522;38749,247;35,64154
 655,83;13853,908;  210,272;38847,136;35,31248
 656,40;13823,102;  231,647;38786,899;35,25189
 656,98;13708,296;  228,897;38750,788;34,99153
 657,55;13608,990;  232,022;38653,926;34,81599
 658,13;13399,934;  209,897;38220,815;34,70065
 658,70;13202,378;  224,647;37960,078;34,39137
 659,28;12864,322;  225,772;36934,717;34,42907
 659,85;12494,516;  218,397;36199,605;34,11814
 660,43;12403,335;  228,772;36351,494;33,70334
 661,00;12394,779;  231,772;36462,882;33,57062
 661,58;12322,723;  211,522;36799,646;33,10145
 662,15;12383,792;  204,522;36918,159;33,17369
 662,73;12471,986;  267,397;37316,298;32,94184
 663,30;12445,680;  227,897;37331,436;32,92889
 663,88;12351,499;  222,647;37651,075;32,40545
 664,45;12304,318;  215,272;37843,213;32,12784
 665,03;12349,387;  229,522;38313,852;31,82376
 665,60;12450,581;  277,397;38581,365;31,78048
 666,17;12315,275;  220,647;38735,504;31,40250
 666,75;12334,844;  233,397;39104,767;31,13203
 667,32;12408,538;  247,022;39437,031;31,03218
 667,90;12386,732;  228,897;39616,669;30,86703
 668,47;12364,051;  251,147;39899,558;30,55079
 669,05;12398,995;  221,522;40225,571;30,44060
 669,62;12378,939;  202,397;40229,835;30,42049
 670,19;12301,758;  209,522;40441,848;30,05602
 670,77;12302,077;  217,272;40496,237;30,00277
 671,34;12178,146;  211,522;40562,375;29,65643
 671,92;12246,715;  205,272;40899,639;29,58995
 672,49;12135,034;  234,522;40792,902;29,34168
 673,06;12088,228;  184,897;40920,291;29,22110
 673,64;12064,047;  203,272;40888,054;29,15285
 674,21;11875,116;  201,897;40777,443;28,76910
 674,79;11975,435;  220,522;41113,831;28,74532
 675,36;11862,004;  229,647;41100,845;28,46101
 675,93;11701,073;  208,147;41046,483;28,14249
 676,51;11784,641;  219,897;41191,872;28,22599
 677,08;11713,835;  222,147;41243,885;28,01366
 677,65;11605,779;  214,647;41410,149;27,65140
 678,23;11520,473;  234,772;41534,037;27,32664
 678,80;11504,167;  214,147;41712,301;27,20608
 679,38;11462,986;  218,647;41881,689;26,98876
 679,95;11480,555;  212,897;42105,453;26,89657
 680,52;11575,874;  215,772;42445,716;26,90059
 681,10;11518,193;  224,522;42805,105;26,52306
 681,67;11553,512;  229,272;43003,868;26,47422
 682,24;11477,831;  202,522;43020,757;26,33296
 682,82;11597,150;  210,397;43593,645;26,24689
 683,39;11584,594;  251,522;43870,284;25,98210
 683,96;11540,538;  221,647;44287,672;25,68621
 684,54;11632,357;  202,272;44636,686;25,72350
 685,11;11598,676;  235,522;44930,074;25,42403
 685,68;11617,870;  217,397;45240,838;25,32120
 686,25;11574,689;  203,022;45370,851;25,17648
 686,83;11528,258;  206,397;45587,240;24,94855
 687,40;11522,952;  195,147;45944,253;24,76071
 687,97;11612,521;  238,397;46215,767;24,73853
 688,55;11442,090;  204,772;46199,280;24,43187
 689,12;11442,659;  183,897;46496,794;24,31021
 689,69;11401,103;  207,522;46643,807;24,10525
 690,26;11353,547;  206,522;46709,446;23,97059
 690,84;11292,991;  217,897;46768,459;23,79154
 691,41;11178,560;  222,272;46807,473;23,51882
 691,98;11192,754;  224,272;47205,861;23,34634
 692,56;11094,948;  205,397;47227,000;23,15861
 693,13;11113,892;  268,147;47281,013;23,06974
 693,70;11017,711;  230,897;47426,777;22,85542
 694,27;10966,280;  202,897;47620,040;22,69935
 694,84;10882,099;  198,772;47566,179;22,55417
 695,42;10830,168;  252,397;47824,692;22,23515
 695,99;10714,112;  222,022;48003,331;21,95857
 696,56;10676,306;  203,897;47896,344;21,95821
 697,13;10709,875;  226,647;48260,233;21,82479
 697,71;10479,569;  188,272;48192,496;21,43832
 698,28;10593,388;  212,522;48604,385;21,45168
 698,85;10486,207;  189,272;48724,898;21,21521
 699,42;10451,776;  196,647;49057,162;20,98858
 699,99;10487,595;  221,272;48942,425;21,07159
 700,57;10371,914;  228,147;49058,189;20,77362
 701,14;10339,483;  218,647;49041,827;20,72957
 701,71;10291,677;  230,772;49332,091;20,49009
 702,28;10252,121;  211,897;49441,854;20,39454
 702,85;10174,065;  219,522;49482,743;20,20685
 703,43;10202,509;  229,772;49606,006;20,19744
 704,00;10215,453;  240,022;49743,270;20,15106
 704,57;10063,522;  236,272;49847,283;19,80861
 705,14;10157,591;  257,772;50073,422;19,87291
 705,71;10060,035;  262,897;50113,935;19,65283
 706,28; 9981,229;  226,897;49903,574;19,63564
 706,86;10013,673;  263,022;50261,712;19,50181
 707,43; 9977,617;  270,647;50155,101;19,45891
 708,00; 9874,686;  241,772;50244,364;19,26483
 708,57; 9799,380;  227,397;50043,503;19,21464
 709,14; 9794,074;  251,147;50339,891;19,05204
 709,71; 9766,143;  239,772;50516,280;18,94796
 710,28; 9741,962;  230,522;50682,418;18,85249
 710,86; 9644,406;  244,647;50780,557;18,60016
 711,43; 9724,475;  257,897;50797,195;18,73112
 712,00; 9684,669;  232,647;50808,209;18,68891
 712,57; 9662,738;  233,272;50921,847;18,60274
 713,14; 9554,057;  238,647;51114,361;18,31013
 713,71; 9529,126;  237,522;51083,749;18,27393
 714,28; 9440,320;  234,522;51161,763;18,07637
 714,85; 9339,514;  210,772;50769,776;18,05562
 715,42; 9359,958;  233,147;51107,290;17,93998
 716,00; 9370,777;  258,022;51180,053;17,89551
 716,57; 9273,596;  213,897;51316,817;17,72834
 717,14; 9260,790;  215,522;51209,455;17,73793
 717,71; 9257,734;  198,772;51251,844;17,74421
 718,28; 9184,303;  238,397;51250,857;17,53671
 718,85; 9131,997;  216,897;51271,246;17,46198
 719,42; 9119,191;  232,522;51434,509;17,35610
 719,99; 9041,260;  217,022;51234,898;17,29636
 720,56; 9065,954;  220,897;51531,286;17,23833
 721,13; 9048,023;  228,647;51663,800;17,14659
 721,70; 8921,592;  213,772;51482,313;16,98472
 722,27; 8946,161;  233,772;51595,702;16,96274
 722,84; 9026,105;  266,647;51653,465;17,04612
 723,41; 8928,174;  204,772;51662,979;16,95240
 723,98; 8835,493;  233,897;52106,742;16,58208
 724,55; 8857,437;  243,647;52190,131;16,58205
 725,12; 8821,881;  182,397;51986,644;16,67717
 725,69; 8810,700;  213,272;52148,283;16,55420
 726,27; 8776,644;  208,897;52227,921;16,47041
 726,84; 8743,838;  226,522;52581,060;16,26853
 727,41; 8755,532;  226,897;52513,573;16,31130
 727,98; 8749,976;  237,147;52776,962;16,20262
 728,55; 8742,670;  249,522;52741,475;16,17990
 729,12; 8707,114;  207,397;52832,489;16,15145
 729,69; 8736,432;  234,647;52967,127;16,12248
 730,26; 8641,126;  242,022;53259,516;15,84214
 730,82; 8657,945;  230,272;53081,279;15,94610
 731,39; 8601,264;  214,647;53148,793;15,84349
 731,96; 8710,333;  209,772;53419,681;15,97552
 732,53; 8696,652;  236,147;53732,820;15,81501
 733,10; 8673,471;  240,272;53695,583;15,77617
 733,67; 8669,165;  228,897;54010,347;15,69364
 734,24; 8589,734;  218,272;53605,235;15,68072
 734,81; 8572,928;  243,647;53703,499;15,58044
 735,38; 8521,622;  214,022;53489,012;15,59381
 735,95; 8526,191;  217,272;53521,526;15,58772
 736,52; 8516,260;  252,147;53455,165;15,53317
 737,09; 8475,579;  236,772;53278,053;15,53282
 737,66; 8481,523;  277,897;53295,317;15,47345
 738,23; 8419,842;  228,647;53394,705;15,40681
 738,80; 8478,411;  278,272;53729,969;15,34121
 739,37; 8466,730;  243,897;53924,107;15,31818
 739,94; 8473,924;  237,647;53914,996;15,34405
 740,51; 8506,743;  295,772;53858,509;15,32963
 741,07; 8422,562;  224,022;53870,148;15,28263
 741,64; 8416,631;  271,772;53969,161;15,16807
 742,21; 8393,075;  242,022;54225,675;15,09911
 742,78; 8352,144;  206,272;53975,063;15,14981
 743,35; 8329,588;  229,647;54147,077;15,02286
 743,92; 8372,657;  259,522;54364,215;14,99525
 744,49; 8365,101;  236,022;54183,979;15,06837
 745,06; 8339,670;  226,147;54292,617;15,00657
 745,63; 8341,239;  221,397;54261,631;15,02555
 746,19; 8353,183;  217,647;54202,519;15,07003
 746,76; 8350,252;  224,897;54273,033;15,03355
 747,33; 8308,696;  225,397;54181,546;14,98124
 747,90; 8331,015;  242,647;54513,560;14,90369
 748,47; 8287,084;  240,272;54464,948;14,83976
 749,04; 8319,028;  233,772;54465,587;14,90870
 749,61; 8297,222;  255,522;54474,725;14,83183
 750,17; 8275,916;  259,147;54307,239;14,83266
 750,74; 8255,735;  248,522;54279,002;14,81981
 751,31; 8277,804;  226,522;54254,391;14,90209
 751,88; 8269,998;  203,772;54062,029;14,97677
 752,45; 8236,442;  226,272;54285,043;14,81752
 753,02; 8237,511;  228,272;54189,806;14,84250
 753,58; 8164,830;  220,897;54072,570;14,75151
 754,15; 8137,524;  229,897;54223,208;14,64557
 754,72; 8177,718;  229,272;53944,972;14,79725
 755,29; 8147,287;  210,522;53821,985;14,80423
 755,86; 8160,731;  230,147;53900,249;14,77654
 756,42; 8197,675;  240,522;53797,637;14,85732
 756,99; 8073,369;  209,772;53792,526;14,67561
 757,56; 8143,563;  211,272;53686,414;14,83360
 758,13; 8081,882;  187,897;53695,803;14,75293
 758,70; 8154,701;  207,147;53748,441;14,84378
 759,26; 8191,270;  206,772;53792,080;14,90054
 759,83; 8164,464;  198,272;53889,093;14,83716
 760,40; 8114,908;  207,522;53871,982;14,73487
 760,97; 8158,227;  198,397;53763,120;14,86021
 761,53; 8165,296;  171,647;53439,509;15,00651
 762,10; 8138,240;  185,897;53530,897;14,90738
 762,67; 8187,684;  208,397;53401,036;15,00074
 763,24; 8103,128;  172,022;53032,674;15,00380
 763,80; 8198,822;  209,522;53183,188;15,08164
 764,37; 8140,391;  208,147;53113,076;14,99339
 764,94; 8093,585;  197,772;52506,590;15,09461
 765,50; 8098,404;  185,272;52608,228;15,09478
 766,07; 8147,348;  234,147;52650,367;15,09686
 766,64; 8135,917;  200,897;52395,755;15,20269
 767,21; 8125,111;  212,022;52256,019;15,20461
 767,77; 8084,680;  230,897;52181,782;15,11771
 768,34; 8073,749;  224,022;52141,921;15,11950
 768,91; 8089,068;  210,272;51932,059;15,23303
 769,47; 8115,012;  220,522;51984,448;15,25095
 770,04; 8053,331;  217,647;51950,836;15,14634
 770,61; 8072,025;  209,397;51690,850;15,27274
 771,18; 8049,469;  197,397;51606,863;15,27359
 771,74; 8086,913;  213,772;51713,627;15,28770
 772,31; 8097,107;  225,147;51493,515;15,35442
 772,88; 7987,551;  201,647;51172,029;15,27535
 773,44; 7993,870;  205,897;51201,792;15,27176
 774,01; 8094,814;  219,397;51241,431;15,43533
 774,58; 7976,133;  199,647;50952,944;15,32213
 775,14; 8048,327;  216,522;51019,708;15,41597
 775,71; 8071,521;  206,647;51055,221;15,46725
 776,27; 8127,090;  244,397;50806,110;15,59024
 776,84; 8158,784;  262,522;50818,623;15,61881
 777,41; 8156,103;  213,772;50713,512;15,72747
 777,97; 8103,297;  216,022;50489,650;15,68869
 778,54; 8136,241;  217,272;50523,664;15,74148
 779,11; 8144,935;  247,897;50472,302;15,72351
 779,67; 8163,629;  202,272;50453,691;15,84305
 780,24; 8142,323;  224,522;50230,329;15,83376
 780,80; 8214,642;  244,397;50167,843;15,96493
 781,37; 8248,586;  223,522;50194,481;16,05945
 781,94; 8197,780;  219,647;49885,620;16,06358
 782,50; 8210,098;  226,147;50009,133;16,03751
 783,07; 8257,792;  251,397;49965,772;16,10479
 783,63; 8259,361;  207,647;49726,410;16,25993
 784,20; 8320,555;  240,147;49531,549;16,39314
 784,77; 8232,374;  224,772;49460,187;16,26391
 785,33; 8232,443;  206,772;49220,451;16,37435
 785,90; 8288,137;  216,897;49166,464;16,48889
 786,46; 8298,956;  241,272;49074,228;16,50051
 787,03; 8262,900;  201,522;48952,741;16,53575
 787,59; 8260,594;  226,647;48939,255;16,49254
 788,16; 8255,663;  244,772;48804,893;16,49685
 788,73; 8291,482;  242,022;48709,782;16,60787
 789,29; 8246,551;  216,772;48409,545;16,66179
 789,86; 8250,245;  232,147;48263,934;16,69332
 790,42; 8293,689;  232,897;48145,447;16,82397
 790,99; 8273,008;  232,522;47797,961;16,90405
 791,55; 8247,202;  231,147;47829,474;16,84104
 792,12; 8292,521;  239,772;47676,488;16,97577
 792,68; 8287,340;  225,272;47379,876;17,09710
 793,25; 8294,034;  241,272;47168,765;17,16001
 793,81; 8301,103;  259,772;46823,778;17,26941
 794,38; 8217,422;  201,147;46585,042;17,28245
 794,94; 8247,241;  213,522;46600,305;17,31898
 795,51; 8296,810;  236,897;46268,819;17,50940
 796,07; 8230,504;  233,272;46125,332;17,42618
 796,64; 8315,698;  245,522;46230,471;17,54960
 797,20; 8250,392;  230,897;45686,234;17,64258
 797,77; 8249,461;  210,397;45411,873;17,78496
 798,33; 8254,280;  216,772;45246,511;17,84933
 798,90; 8251,099;  250,522;45131,650;17,82615
 799,46; 8189,293;  217,772;44524,663;17,99161
 800,03; 8184,862;  219,522;44510,427;17,98414
 800,59; 8220,431;  247,772;44254,815;18,11678
 801,15; 8179,875;  238,022;44210,954;18,06078
 801,72; 8206,069;  233,397;43915,717;18,25149
 802,28; 8183,263;  264,897;43571,481;18,28444
 802,85; 8162,457;  220,647;43485,119;18,35642
 803,41; 8186,526;  223,772;43268,883;18,49863
 803,98; 8159,845;  224,022;42834,521;18,62410
 804,54; 8086,289;  225,397;42568,535;18,56474
 805,11; 8159,358;  228,772;42457,173;18,78022
 805,67; 8170,427;  258,897;42340,562;18,80042
 806,23; 8125,496;  235,272;41845,075;18,96242
 806,80; 8110,565;  250,897;41867,714;18,88580
 807,36; 8118,509;  253,522;41886,852;18,89108
 807,93; 8144,328;  270,897;41501,366;19,09615
 808,49; 8084,522;  216,397;41202,879;19,19688
 809,05; 8045,716;  210,522;41011,518;19,20344
 809,62; 8089,660;  237,272;40925,281;19,29902
 810,18; 8110,104;  247,647;40927,670;19,32756
 810,74; 8055,548;  214,272;40519,433;19,45477
 811,31; 8109,242;  206,647;40336,572;19,69252
 811,87; 8094,936;  221,897;40158,460;19,71386
 812,44; 8172,505;  261,272;40159,849;19,82836
 813,00; 8115,074;  200,272;40017,862;19,87765
 813,56; 8143,643;  244,522;40061,251;19,83870
 814,13; 8139,337;  228,647;39922,014;19,92950
 814,69; 8218,531;  232,897;39745,903;20,21014
 815,25; 8156,850;  199,647;39333,666;20,33321
 815,82; 8188,794;  239,897;39241,680;20,38086
 816,38; 8188,988;  245,147;39051,069;20,47069
 816,94; 8119,807;  212,522;38692,207;20,54925
 817,51; 8078,376;  215,772;38643,596;20,46071
 818,07; 8096,195;  213,897;38369,859;20,65810
 818,63; 8135,889;  241,397;38202,873;20,79606
 819,20; 8163,208;  233,147;38011,636;20,99094
 819,76; 8084,902;  204,397;37698,900;21,01776
 820,32; 8109,471;  257,147;37606,913;21,02376
 820,89; 8157,665;  246,522;37287,802;21,35764
 821,45; 8050,484;  225,272;37154,065;21,19000
 822,01; 8099,928;  234,647;36927,079;21,43570
 822,57; 8068,747;  237,022;36755,467;21,44594
 823,14; 8096,566;  208,272;36555,856;21,70239
 823,70; 8023,885;  215,647;36270,994;21,65625
 824,26; 8019,204;  218,022;36184,508;21,69014
 824,82; 8075,648;  232,272;35971,396;21,94619
 825,39; 8013,092;  228,147;35791,285;21,89049
 825,95; 8045,786;  241,147;35835,048;21,92690
 826,51; 7975,230;  227,897;35500,687;21,96405
 827,08; 8098,424;  272,397;35594,575;22,15613
 827,64; 8038,243;  236,647;35309,964;22,24368
 828,20; 7952,062;  220,272;35049,227;22,19932
 828,76; 8038,631;  243,772;34963,741;22,45065
 829,32; 8053,700;  242,647;34835,879;22,57971
 829,89; 7971,394;  212,647;34741,518;22,47032
 830,45; 8048,588;  229,022;34673,156;22,70217
 831,01; 8095,782;  212,147;34502,295;22,99096
 831,57; 8130,601;  232,897;34402,683;23,11312
 832,14; 8087,295;  217,272;34294,697;23,09453
 832,70; 8065,489;  219,522;34085,460;23,16772
 833,26; 8090,183;  197,647;33985,849;23,35885
 833,82; 8101,127;  213,397;33944,612;23,38407
 834,38; 8226,821;  222,022;34042,126;23,66876
 834,95; 8090,765;  208,522;33847,889;23,43160
 835,51; 8179,583;  194,522;33723,028;23,81574
 836,07; 8252,777;  228,772;33794,666;23,90523
 836,63; 8236,846;  235,772;33762,305;23,86490
 837,19; 8256,290;  225,522;33579,818;24,07716
 837,75; 8220,734;  207,272;33234,832;24,26296
 838,32; 8280,428;  253,397;33500,845;24,14330
 838,88; 8262,247;  241,647;33440,109;24,15955
 839,44; 8290,066;  227,022;33300,122;24,37946
 840,00; 8339,510;  233,772;33201,261;24,58707
 840,56; 8281,454;  202,147;33049,399;24,59660
 841,12; 8330,148;  205,397;32961,038;24,80413
 841,68; 8306,217;  202,272;32802,801;24,85832
 842,25; 8329,411;  214,397;32811,690;24,89475
 842,81; 8330,605;  202,272;32559,828;25,12036
 843,37; 8331,549;  197,772;32580,842;25,11738
 843,93; 8421,993;  212,272;32547,855;25,38912
 844,49; 8413,562;  221,522;32594,494;25,30519
 845,05; 8413,131;  190,397;32289,132;25,61700
 845,61; 8439,575;  229,022;32463,146;25,47162
 846,17; 8484,894;  221,647;32359,409;25,71196
 846,73; 8447,213;  235,522;32193,423;25,69534
 847,29; 8438,532;  194,147;32062,311;25,87029
 847,86; 8420,476;  196,647;32006,200;25,85333
 848,42; 8460,795;  200,022;31846,338;26,10343
 848,98; 8479,989;  213,522;31706,727;26,24842
 849,54; 8524,683;  206,272;31832,115;26,30258
 850,10; 8524,252;  223,022;31711,004;26,36317
 850,66; 8458,946;  193,647;31528,142;26,37764
 851,22; 8512,140;  202,647;31387,156;26,64622
 851,78; 8532,834;  245,772;31456,419;26,55204
 852,34; 8557,153;  216,647;31208,308;26,91210
 852,90; 8552,347;  215,272;31164,196;26,93817
 853,46; 8514,791;  202,397;30932,335;27,04982
 854,02; 8540,985;  213,522;31022,223;27,02958
 854,58; 8581,804;  218,522;30742,737;27,39884
 855,14; 8563,623;  200,397;30736,000;27,38844
 855,70; 8557,317;  180,022;30510,014;27,62050
 856,26; 8591,636;  229,147;30392,902;27,72363
 856,82; 8653,830;  201,772;30308,666;28,07350
 857,38; 8634,024;  227,897;30256,054;27,99415
 857,94; 8610,093;  208,022;30182,318;28,03092
 858,50; 8616,912;  222,397;30008,956;28,18222
 859,06; 8571,981;  217,147;29734,345;28,30497
 859,62; 8646,925;  221,397;29691,483;28,59010
 860,18; 8588,119;  219,022;29606,372;28,47857
 860,74; 8536,188;  183,522;29445,760;28,54418
 861,30; 8569,382;  185,897;29227,774;28,86688
 861,86; 8652,451;  228,397;29317,287;28,95970
 862,42; 8594,020;  208,522;29164,551;28,95942
 862,98; 8688,839;  234,147;29081,064;29,30882
 863,54; 8638,908;  227,397;28914,203;29,32188
 864,10; 8632,352;  216,022;28889,341;29,35248
 864,66; 8552,796;  185,272;28739,855;29,30361
 865,22; 8611,365;  215,397;28594,993;29,58452
 865,78; 8596,184;  221,147;28450,382;29,66796
 866,34; 8636,628;  208,147;28415,645;29,88029
 866,90; 8609,322;  221,772;28277,784;29,89573
 867,45; 8587,766;  233,772;27989,172;30,09863
 868,01; 8591,085;  223,272;27879,061;30,25700
 868,57; 8620,404;  231,397;27725,449;30,51208
 869,13; 8546,598;  204,647;27746,463;30,28831
 869,69; 8542,167;  197,897;27460,851;30,60662
 870,25; 8577,736;  202,397;27389,240;30,80659
 870,81; 8541,680;  208,647;27389,878;30,65730
 871,37; 8591,124;  219,272;27306,892;30,90656
 871,93; 8569,318;  230,647;27169,530;30,95403
 872,49; 8563,762;  233,897;26892,294;31,24668
 873,04; 8509,831;  200,897;26664,557;31,39752
 873,60; 8498,150;  191,522;26735,696;31,29360
 874,16; 8540,094;  226,897;26601,834;31,51930
 874,72; 8478,344;  212,272;26468,459;31,48238
 875,28; 8561,219;  227,022;26342,209;31,91322
 875,84; 8565,219;  217,272;26326,084;31,97368
 876,40; 8566,844;  215,022;26211,959;32,12618
 876,95; 8576,969;  219,897;26214,209;32,14962
 877,51; 8593,969;  232,522;26216,209;32,17960
 878,07; 8643,594;  251,147;26187,959;32,35728
 878,63; 8622,844;  213,897;26115,209;32,46533
 879,19; 8687,969;  228,897;26323,209;32,41730
 879,75; 8733,844;  222,897;26282,459;32,65959
 880,30; 8796,719;  211,897;26304,834;32,90094
 880,86; 8887,094;  252,147;26477,834;32,92553
 881,42; 8824,594;  196,647;26447,459;32,86735
 881,98; 8940,344;  228,397;26470,959;33,19778
 882,54; 9022,844;  207,022;26702,959;33,27235
 883,09; 9098,594;  214,272;26697,834;33,54655
 883,65; 9164,969;  195,647;26812,209;33,69827
 884,21; 9275,344;  240,772;26956,459;33,81748
 884,77; 9358,594;  205,272;26994,834;34,16749
 885,32; 9415,219;  215,897;27151,834;34,15260
 885,88; 9512,344;  253,147;27413,334;34,09106
 886,44; 9532,594;  232,522;27429,209;34,19561
 887,00; 9546,594;  234,397;27392,834;34,28841
 887,56; 9654,719;  223,272;27562,709;34,49759
 888,11; 9720,344;  217,647;27461,959;34,87956
 888,67; 9759,719;  244,772;27707,459;34,64682
 889,23; 9817,219;  242,897;27733,709;34,82735
 889,79; 9784,219;  215,272;27678,084;34,84329
 890,34; 9872,219;  223,147;27513,959;35,35648
 890,90; 9989,844;  268,772;27625,209;35,53486
 891,46; 9922,219;  214,147;27675,459;35,35181
 892,01; 9975,469;  251,022;27653,709;35,48720
 892,57;10015,344;  245,022;27529,834;35,80865
 893,13; 9926,344;  212,522;27317,584;35,83767
 893,69; 9999,719;  214,272;27253,209;36,19020
 894,24;10043,594;  228,022;27190,334;36,40478
 894,80; 9947,719;  235,897;27069,834;36,19231
 895,36; 9963,469;  230,397;26973,834;36,39424
 895,91; 9889,594;  228,272;26729,959;36,45550
 896,47; 9886,469;  222,272;26672,209;36,53769
 897,03; 9869,219;  210,772;26426,959;36,84154
 897,58; 9908,969;  235,022;26363,084;37,02512
 898,14; 9856,719;  228,647;26120,084;37,18632
 898,70; 9785,219;  195,272;25985,334;37,18466
 899,25; 9908,594;  220,522;26025,959;37,54275
 899,81; 9817,344;  230,647;25833,584;37,44374
 900,37; 9758,969;  196,647;25623,959;37,60650
 900,92; 9833,844;  218,897;25642,084;37,81960
 901,48; 9778,469;  210,897;25443,459;37,91756
 902,03; 9808,594;  217,647;25365,084;38,13886
 902,59; 9767,219;  214,647;25122,709;38,35132
 903,15; 9765,094;  233,147;25071,959;38,37521
 903,70; 9707,219;  226,647;24830,084;38,53353
 904,26; 9721,969;  196,147;24751,709;38,79293
 904,82; 9758,219;  224,772;24692,334;38,96362
 905,37; 9695,344;  218,647;24568,584;38,91877
 905,93; 9698,719;  206,022;24431,209;39,18524
 906,48; 9744,719;  219,272;24324,709;39,51576
 907,04; 9673,594;  234,897;24439,209;38,99593
 907,60; 9639,219;  215,647;24090,584;39,47056
 908,15; 9641,219;  203,272;23895,334;39,83590
 908,71; 9710,719;  236,147;24052,084;39,78249
 909,26; 9714,719;  211,147;23831,584;40,23453
 909,82; 9655,594;  240,272;23757,584;40,03571
 910,37; 9623,719;  258,897;23672,334;39,99764
 910,93; 9604,719;  204,522;23450,334;40,43824
 911,48; 9564,844;  205,772;23314,084;40,50089
 912,04; 9581,344;  211,272;23190,709;40,77590
 912,60; 9600,719;  232,897;23184,584;40,81539
 913,15; 9621,219;  219,647;23045,334;41,18856
 913,71; 9526,094;  218,022;22883,834;41,06657
 914,26; 9528,594;  201,772;22870,334;41,14430
 914,82; 9586,594;  217,022;22759,584;41,56392
 915,37; 9541,594;  205,522;22601,459;41,68645
 915,93; 9520,094;  247,772;22519,959;41,63184
 916,48; 9426,469;  203,272;22453,209;41,45269
 917,04; 9479,094;  235,397;22319,334;41,85710
 917,59; 9474,594;  244,772;22180,459;42,07674
 918,15; 9412,469;  198,397;22052,959;42,16086
 918,70; 9402,719;  214,772;21989,584;42,19530
 919,26; 9447,219;  222,272;21880,584;42,59310
 919,81; 9363,469;  208,397;21695,584;42,60712
 920,37; 9279,969;  211,772;21550,334;42,49676
 920,92; 9331,344;  233,022;21502,584;42,77625
 921,48; 9198,219;  200,022;21338,459;42,56794
 922,03; 9275,344;  203,272;21372,709;42,85457
 922,59; 9190,719;  202,272;21231,459;42,74272
 923,14; 9205,219;  191,647;21121,209;43,06622
 923,69; 9230,969;  213,272;20985,459;43,41236
 924,25; 9193,344;  236,147;21041,834;43,05167
 924,80; 9178,469;  223,147;20689,959;43,75533
 925,36; 9189,344;  210,897;20678,959;43,86564
 925,91; 9080,969;  207,022;20544,334;43,63382
 926,47; 9111,344;  201,147;20532,959;43,82392
 927,02; 9198,594;  241,897;20449,959;44,32239
 927,57; 9136,469;  225,772;20289,834;44,41123
 928,13; 9062,969;  222,772;20254,584;44,13079
 928,68; 9059,344;  213,022;20173,334;44,31956
 929,24; 8945,969;  199,397;19971,834;44,23618
 929,79; 8973,219;  207,522;19856,959;44,61042
 930,34; 8904,969;  216,147;19728,459;44,52994
 930,90; 8871,594;  205,647;19757,209;44,32355
 931,45; 8940,094;  237,772;19578,834;44,99402
 932,01; 8876,969;  228,272;19640,084;44,55378
 932,56; 8855,219;  234,022;19455,459;44,85199
 933,11; 8930,844;  235,772;19334,709;45,52647
 933,67; 8825,469;  215,647;19160,834;45,44596
 934,22; 8809,344;  216,772;19085,834;45,53788
 934,77; 8803,594;  248,522;18974,334;45,68598
 935,33; 8768,469;  228,397;18956,709;45,59979
 935,88; 8782,594;  234,772;18826,709;45,97596
 936,43; 8672,094;  200,647;18710,834;45,76640
 936,99; 8730,219;  215,522;18576,959;46,37271
 937,54; 8688,094;  198,647;18466,959;46,47089
 938,09; 8690,594;  207,897;18400,209;46,62792
 938,65; 8725,594;  210,272;18317,459;47,02730
 939,20; 8639,469;  202,522;18263,959;46,71249
 939,75; 8579,969;  207,272;18139,959;46,68958
 940,31; 8594,844;  194,147;18032,584;47,09323
 940,86; 8586,469;  207,397;18008,334;47,07096
 941,41; 8630,719;  253,147;17864,709;47,56859
 941,96; 8493,719;  198,022;17905,334;46,84899
 942,52; 8550,344;  220,897;17687,584;47,68762
 943,07; 8494,844;  189,772;17574,584;47,77200
 943,62; 8486,344;  210,022;17599,334;47,59430
 944,18; 8493,719;  194,897;17519,834;47,90102
 944,73; 8475,094;  203,147;17382,209;48,15133
 945,28; 8399,969;  168,522;17236,084;48,22860
 945,83; 8437,719;  216,647;17201,959;48,40106
 946,39; 8461,844;  213,022;17154,334;48,69057
 946,94; 8433,469;  227,772;17045,584;48,79170
 947,49; 8399,719;  204,272;16969,334;48,88408
 948,04; 8449,469;  217,272;16936,834;49,23692
 948,59; 8334,219;  223,897;16853,709;48,76977
 949,15; 8316,469;  204,897;16784,209;48,92586
 949,70; 8340,219;  213,647;16669,209;49,38495
 950,25; 8338,219;  214,022;16527,334;49,80103
 950,80; 8323,594;  176,772;16457,959;50,03825
 951,36; 8259,344;  166,647;16458,709;49,67264
 951,91; 8271,344;  231,397;16354,959;49,86458
 952,46; 8188,719;  184,647;16232,584;49,87602
 953,01; 8307,719;  216,897;16222,834;50,54888
 953,56; 8137,469;  182,647;16112,209;49,93748
 954,11; 8203,344;  210,397;16000,209;50,62091
 954,67; 8191,844;  194,522;15983,959;50,64982
 955,22; 8058,344;  186,897;15812,334;50,37585
 955,77; 8151,844;  228,522;15775,459;50,96388
 956,32; 8088,344;  237,022;15673,959;50,86062
 956,87; 8087,719;  193,647;15575,334;51,32123
 957,42; 7996,844;  203,772;15448,959;51,11824
 957,98; 8041,969;  190,522;15384,334;51,67529
 958,53; 8011,219;  219,397;15384,584;51,37966
 959,08; 7934,719;  199,022;15220,209;51,49857
 959,63; 7902,969;  189,647;15203,334;51,37527
 960,18; 7896,594;  205,272;15059,709;51,77794
 960,73; 7899,469;  203,647;15075,084;51,74901
 961,28; 7832,469;  183,147;14963,334;51,75389
 961,83; 7850,469;  229,897;14939,334;51,80736
 962,39; 7786,719;  196,897;14815,584;51,91863
 962,94; 7858,594;  213,647;14778,459;52,48915
 963,49; 7718,844;  212,272;14666,709;51,93265
 964,04; 7746,094;  231,397;14566,584;52,42134
 964,59; 7644,094;  182,897;14460,584;52,25774
 965,14; 7706,594;  222,022;14407,834;52,76097
 965,69; 7657,344;  206,772;14288,209;52,91059
 966,24; 7619,094;  200,272;14204,084;52,97716
 966,79; 7590,094;  218,147;14146,084;52,92921
 967,34; 7501,344;  183,772;14097,084;52,59403
 967,89; 7542,969;  216,147;14001,959;53,14755
 968,44; 7504,469;  214,022;13888,959;53,31247
 968,99; 7479,844;  220,522;13840,959;53,29727
 969,55; 7492,469;  219,022;13754,959;53,73434
 970,10; 7436,094;  214,522;13705,834;53,52757
 970,65; 7424,969;  218,522;13561,709;54,00844
 971,20; 7389,344;  203,272;13435,459;54,30751
 971,75; 7330,719;  181,397;13312,709;54,44484
 972,30; 7327,594;  213,397;13295,084;54,38287
 972,85; 7253,969;  191,897;13248,084;54,08985
 973,40; 7266,469;  194,272;13105,459;54,77573
 973,95; 7249,594;  215,647;12940,584;55,27687
 974,50; 7224,969;  216,772;12899,709;55,25689
 975,05; 7246,594;  218,522;12885,584;55,48304
 975,60; 7143,594;  232,147;12789,834;55,03758
 976,15; 7076,844;  205,272;12644,459;55,24132
 976,70; 7117,969;  217,772;12546,084;55,97033
 977,25; 7099,719;  210,272;12536,834;55,89106
 977,80; 7048,469;  202,647;12444,584;55,92107
 978,35; 6978,969;  214,397;12210,959;56,38758
 978,89; 6976,219;  201,647;12198,709;56,46859
 979,44; 6979,969;  211,522;12186,834;56,52000
 979,99; 6871,094;  203,897;11992,584;56,55589
 980,54; 6837,594;  233,897;11982,084;56,21035
 981,09; 6808,469;  227,272;11809,334;56,82232
 981,64; 6740,469;  209,647;11653,209;57,06983
 982,19; 6743,094;  243,522;11684,334;56,81040
 982,74; 6657,344;  223,522;11617,459;56,46706
 983,29; 6586,594;  195,772;11414,959;56,96332
 983,84; 6582,344;  230,647;11298,584;57,38826
 984,39; 6567,094;  250,647;11195,834;57,70981
 984,94; 6507,094;  199,647;11162,334;57,53559
 985,49; 6526,969;  246,397;11103,709;57,84647
 986,03; 6495,469;  240,272;11042,209;57,90810
 986,58; 6419,219;  245,897;10848,084;58,22687
 987,13; 6372,844;  216,522;10773,834;58,31334
 987,68; 6352,969;  232,272;10673,959;58,61789
 988,23; 6278,344;  231,772;10604,209;58,29461
 988,78; 6293,094;  218,022;10480,209;59,19861
 989,33; 6266,094;  215,897;10342,209;59,74729
 989,88; 6236,344;  233,647;10234,584;60,02134
 990,42; 6144,469;  207,647;10215,834;59,31965
 990,97; 6087,469;  212,147;10071,084;59,59386
 991,52; 6052,219;  235,147; 9989,209;59,63743
 992,07; 6033,844;  246,772; 9876,834;60,09381
 992,62; 5938,594;  219,772; 9786,084;59,78084
 993,17; 5921,719;  223,772; 9700,459;60,12593
 993,71; 5830,594;  228,022; 9622,084;59,63950
 994,26; 5776,469;  187,147; 9476,709;60,16776
 994,81; 5811,594;  245,772; 9394,334;60,83821
 995,36; 5713,344;  207,897; 9329,709;60,35475
 995,91; 5713,969;  221,647; 9250,959;60,82769
 996,45; 5638,469;  222,647; 9172,584;60,51240
 997,00; 5494,719;  219,147; 8976,834;60,23933
 997,55; 5545,344;  225,772; 8982,834;60,74608
 998,10; 5471,594;  244,397; 8873,334;60,57753
 998,65; 5437,594;  228,022; 8756,959;61,08114
 999,19; 5358,594;  237,897; 8633,334;60,99381
 999,74; 5320,469;  239,522; 8568,209;61,00537
1000,29; 5321,594;  235,397; 8497,084;61,56366
1000,84; 5209,719;  224,772; 8411,084;60,89368
1001,38; 5225,594;  220,147; 8316,959;61,81997
1001,93; 5198,969;  227,897; 8253,334;61,94144
1002,48; 5138,094;  202,397; 8117,834;62,35533
1003,03; 5059,094;  225,772; 8078,334;61,55089
1003,57; 5047,344;  233,522; 7930,334;62,54306
1004,12; 4985,344;  235,397; 7915,959;61,84374
1004,67; 4935,344;  217,897; 7763,709;62,51741
1005,22; 4866,219;  209,397; 7650,209;62,58486
1005,76; 4819,969;  205,522; 7540,459;62,91051
1006,31; 4858,844;  244,647; 7497,084;63,62270
1006,86; 4775,594;  211,522; 7323,334;64,17593
1007,40; 4694,969;  209,397; 7227,084;63,91809
1007,95; 4652,469;  216,522; 7204,709;63,47779
1008,50; 4587,344;  227,397; 7034,459;64,05034
1009,04; 4599,094;  232,272; 6943,334;65,06901
1009,59; 4484,094;  228,647; 6828,584;64,47708
1010,14; 4413,094;  206,022; 6734,709;64,43978
1010,68; 4381,594;  225,397; 6630,084;64,89305
1011,23; 4311,969;  212,147; 6544,959;64,73935
1011,78; 4304,094;  228,647; 6451,584;65,49072
1012,32; 4219,219;  219,397; 6317,084;65,59572
1012,87; 4232,594;  243,147; 6347,459;65,35456
1013,42; 4132,594;  205,147; 6236,209;65,12031
1013,96; 4164,844;  248,772; 6186,209;65,95559
1014,51; 4044,344;  172,897; 6127,209;65,01921
1015,06; 4077,219;  201,647; 6081,334;65,91459
1015,60; 4109,594;  260,897; 6193,209;64,87684
1016,15; 4091,719;  218,522; 6144,834;65,35593
1016,69; 4095,719;  213,397; 6149,834;65,39818
1017,24; 4105,594;  197,147; 6175,584;65,37573
1017,79; 4207,844;  237,647; 6213,959;66,43222
1018,33; 4157,719;  200,522; 6216,834;65,77446
1018,88; 4252,844;  233,647; 6250,334;66,80082
1019,42; 4235,219;  213,397; 6211,334;67,05341
1019,97; 4222,594;  205,147; 6211,084;66,89125
1020,51; 4244,219;  214,897; 6286,084;66,36794
1021,06; 4259,844;  183,147; 6306,959;66,57122
1021,61; 4263,844;  188,397; 6276,584;66,94023
1022,15; 4272,719;  156,897; 6195,709;68,15615
1022,70; 4253,719;  212,647; 6213,709;67,33927
1023,24; 4220,844;  212,022; 6153,584;67,47084
1023,79; 4178,719;  209,147; 6105,834;67,31867
1024,33; 4167,094;  212,272; 6004,209;68,28150
1024,88; 4112,344;  225,772; 5988,459;67,44374
1025,42; 4058,969;  219,772; 5922,584;67,32111
1025,97; 4008,094;  199,897; 5814,334;67,82864
1026,51; 3956,719;  177,772; 5700,209;68,42897
1027,06; 3927,094;  191,772; 5676,834;68,09990
1027,60; 3867,219;  209,397; 5550,709;68,48171
1028,15; 3869,344;  227,897; 5451,834;69,70694
1028,69; 3718,469;  184,772; 5357,959;68,30792
1029,24; 3679,969;  197,772; 5283,834;68,46548
1029,78; 3632,844;  194,647; 5201,084;68,67552
1030,33; 3555,719;  189,147; 5094,209;68,63464
1030,87; 3556,219;  203,022; 5062,959;68,99671
1031,42; 3521,094;  187,022; 4911,084;70,57637
1031,96; 3488,594;  211,397; 4902,959;69,85299
1032,51; 3381,594;  198,022; 4839,209;68,59391
1033,05; 3365,594;  217,272; 4751,834;69,42945
1033,60; 3302,219;  180,022; 4623,459;70,26535
1034,14; 3263,719;  209,272; 4589,334;69,73523
1034,69; 3259,094;  198,272; 4512,709;70,94371
1035,23; 3190,969;  197,897; 4445,209;70,46978
1035,77; 3165,219;  193,272; 4417,584;70,35339
1036,32; 3130,844;  190,147; 4352,209;70,65480
1036,86; 3070,969;  195,022; 4310,084;69,88829
1037,41; 3070,969;  210,397; 4217,709;71,38380
1037,95; 2980,469;  175,897; 4189,084;69,88390
1038,50; 2982,844;  186,522; 4116,209;71,15889
1039,04; 2924,594;  216,022; 4050,959;70,62884
1039,58; 2921,844;  197,022; 3977,084;72,08404
1040,13; 2876,344;  209,897; 3952,084;71,25370
1040,67; 2874,094;  230,272; 3881,334;72,41240
1041,21; 2805,469;  237,397; 3795,834;72,16853
1041,76; 2743,969;  186,772; 3728,709;72,19768
1042,30; 2727,219;  200,897; 3677,459;72,66724
1042,85; 2700,219;  211,272; 3635,334;72,68988
1043,39; 2640,219;  207,897; 3600,959;71,68515
1043,93; 2646,344;  218,272; 3553,209;72,80712
1044,48; 2609,094;  195,522; 3477,959;73,52987
1045,02; 2551,219;  191,272; 3456,709;72,27047
1045,56; 2552,094;  217,397; 3440,959;72,42598
1046,11; 2490,594;  207,272; 3359,834;72,42749
1046,65; 2473,219;  219,522; 3314,834;72,80999
1047,19; 2462,719;  186,397; 3271,459;73,78528
1047,74; 2394,219;  191,022; 3189,709;73,47204
1048,28; 2379,469;  226,647; 3138,709;73,92774
1048,82; 2356,469;  219,397; 3179,834;72,18770
1049,37; 2326,219;  214,147; 3110,834;72,91335
1049,91; 2264,594;  199,522; 3054,334;72,33652
1050,45; 2256,594;  228,522; 3025,084;72,52017
1050,99; 2228,094;  205,647; 2946,209;73,79678
1051,54; 2188,844;  195,147; 2910,959;73,41070
1052,08; 2185,719;  218,397; 2873,834;74,08654
1052,62; 2142,969;  216,022; 2846,334;73,25924
1053,16; 2103,844;  202,897; 2788,459;73,52160
1053,71; 2093,094;  215,397; 2736,834;74,46930
1054,25; 2055,094;  228,897; 2712,334;73,53504
1054,79; 2023,969;  215,647; 2690,209;73,07643
1055,33; 2001,719;  201,647; 2626,459;74,23551
1055,88; 2007,594;  210,897; 2605,959;75,01670
1056,42; 1989,344;  236,522; 2617,084;73,63058
1056,96; 1937,969;  228,147; 2561,209;73,28659
1057,50; 1921,719;  211,897; 2510,709;74,37848
1058,05; 1892,719;  209,022; 2403,084;76,73878
1058,59; 1836,969;  229,522; 2407,584;73,80169
1059,13; 1805,594;  192,522; 2366,209;74,20901
1059,67; 1807,844;  223,272; 2342,834;74,75938
1060,21; 1798,469;  204,897; 2264,334;77,37899
1060,76; 1785,969;  230,522; 2288,584;75,57821
1061,30; 1748,969;  234,397; 2277,834;74,11883
1061,84; 1741,344;  206,397; 2207,584;76,70180
1062,38; 1699,594;  202,897; 2156,209;76,62352
1062,92; 1698,344;  246,022; 2150,584;76,25488
1063,46; 1685,969;  231,647; 2133,334;76,47533
1064,01; 1671,094;  192,647; 2088,959;77,96431
1064,55; 1654,594;  218,647; 2059,084;78,02204
1065,09; 1587,719;  183,272; 2037,209;75,75481
1065,63; 1623,094;  241,022; 2018,459;77,75643
1066,17; 1615,094;  225,647; 2005,209;78,07800
1066,71; 1576,594;  232,772; 1964,459;77,60187
1067,25; 1551,594;  217,272; 1924,334;78,16479
1067,80; 1557,969;  227,272; 1927,084;78,28492
1068,34; 1569,594;  240,397; 1911,334;79,54797
1068,88; 1509,219;  207,272; 1840,459;79,71815
1069,42; 1513,344;  246,522; 1900,959;76,57115
1069,96; 1457,844;  217,772; 1820,709;77,36246
1070,50; 1490,219;  247,397; 1834,334;78,31574
1071,04; 1426,094;  207,147; 1765,959;78,19715
1071,58; 1405,594;  221,272; 1785,209;75,72693
1072,12; 1419,219;  213,897; 1749,959;78,46828
1072,66; 1390,344;  227,272; 1722,084;77,80721
1073,21; 1401,844;  235,897; 1719,959;78,56454
1073,75; 1375,344;  226,272; 1690,459;78,47847
1074,29; 1338,344;  228,147; 1655,334;77,78914
1074,83; 1356,344;  229,147; 1653,209;79,15361
1075,37; 1324,094;  225,022; 1633,709;78,02099
1075,91; 1329,719;  227,022; 1588,459;80,99504
1076,45; 1293,469;  231,397; 1595,209;77,87521
1076,99; 1268,719;  232,647; 1559,584;78,07993
1077,53; 1239,719;  215,647; 1523,209;78,31915
1078,07; 1252,969;  227,272; 1520,334;79,32307
1078,61; 1224,344;  217,772; 1533,709;76,49086
1079,15; 1198,969;  217,772; 1481,334;77,65321
1079,69; 1204,844;  228,147; 1464,834;78,97685
1080,23; 1204,719;  238,897; 1469,334;78,49418
1080,77; 1219,344;  255,522; 1440,334;81,34805
1081,31; 1157,094;  211,522; 1424,834;77,93309
1081,85; 1181,219;  234,147; 1415,084;80,19661
1082,39; 1136,219;  225,647; 1392,084;78,06435
1082,93; 1125,469;  225,897; 1380,209;77,93140
1083,47; 1089,469;  209,522; 1358,209;76,60455
1084,01; 1113,469;  236,522; 1359,834;78,06794
1084,55; 1097,969;  210,147; 1312,334;80,55089
1085,09; 1104,969;  230,647; 1335,459;79,13758
1085,63; 1085,594;  223,647; 1280,459;81,56100
1086,17; 1082,969;  217,647; 1301,959;79,80374
1086,71; 1042,719;  213,772; 1290,209;77,00836
1087,24; 1060,469;  247,022; 1269,209;79,57903
1087,78; 1055,844;  226,647; 1230,334;82,61504
1088,32;  984,844;  216,522; 1228,459;75,92582
1088,86; 1047,594;  247,897; 1216,334;82,57599
1089,40; 1007,969;  230,647; 1210,459;79,33374
1089,94;  997,219;  204,397; 1166,834;82,37645
1090,48;  980,844;  233,147; 1177,834;79,14754
1091,02; 1002,219;  231,647; 1163,584;82,68493
1091,56;  979,594;  226,647; 1158,209;80,82623
1092,10;  922,594;  215,897; 1113,084;78,76803
1092,63;  969,594;  243,272; 1153,459;79,79915
1093,17;  957,219;  232,147; 1103,709;83,19218
1093,71;  922,469;  220,772; 1078,459;81,81265
1094,25;  950,594;  248,397; 1107,459;81,73991
1094,79;  927,844;  225,647; 1062,084;83,95091
1095,33;  895,969;  229,897; 1060,584;80,18321
1095,87;  902,219;  222,147; 1027,959;84,39580
1096,40;  861,719;  215,272; 1030,334;79,31255
1096,94;  894,969;  228,147; 1026,959;83,47665
1097,48;  865,344;  217,897; 1002,084;82,56276
1098,02;  850,219;  223,272; 1016,584;79,02899
1098,56;  827,469;  194,147;  960,709;82,61843
1099,10;  825,594;  200,397;  966,959;81,55850
1099,63;  806,594;  202,022;  958,084;79,96321
1100,17;  821,344;  229,272;  955,709;81,50348
1100,71;  834,594;  242,397;  960,334;82,48585

