
Integration time [ms]: 130,000
Averaging Nr. [scans]: 8
Smoothing Nr. [pixels]: 0
Data measured with spectrometer [name]: 2009305U1
Wave   ;Sample   ;Dark     ;Reference;Reflectance
[nm]   ;[counts] ;[counts] ;[counts] ;[%]

 175,72;  203,506;  184,647;  202,659;104,70160
 176,32;  239,201;  222,897;  211,946; 0,00000
 176,92;  260,219;  236,022;  234,253; 0,00000
 177,52;  265,100;  247,022;  266,339;93,58801
 178,12;  241,860;  220,272;  216,819; 0,00000
 178,72;  259,092;  254,772;  232,116; 0,00000
 179,32;  258,186;  236,022;  236,650; 0,00000
 179,92;  247,542;  237,272;  239,552;450,32576
 180,52;  248,940;  227,272;  247,498;107,13096
 181,12;  265,706;  233,897;  247,458;234,55880
 181,73;  282,693;  255,022;  265,840;255,77246
 182,33;  346,301;  298,022;  312,473;334,09192
 182,93;  280,292;  253,272;  263,032;276,83103
 183,53;  242,970;  231,647;  214,044; 0,00000
 184,13;  247,799;  240,772;  231,230; 0,00000
 184,73;  282,325;  260,772;  254,913; 0,00000
 185,33;  278,371;  221,522;  332,987;51,00180
 185,93;  273,892;  240,897;  349,033;30,51229
 186,53;  296,358;  235,397;  360,514;48,72278
 187,13;  338,819;  276,147;  418,944;43,88881
 187,73;  291,061;  221,397;  354,971;52,15393
 188,33;  290,412;  236,147;  369,308;40,75155
 188,93;  287,964;  233,772;  375,642;38,19872
 189,53;  302,525;  250,022;  372,915;42,72236
 190,13;  336,290;  256,647;  403,968;54,06064
 190,73;  294,163;  221,647;  340,553;60,98602
 191,34;  304,931;  260,647;  370,341;40,37066
 191,94;  287,508;  230,772;  342,362;50,84313
 192,54;  299,441;  258,772;  381,996;33,00400
 193,14;  291,265;  253,272;  373,617;31,56992
 193,74;  309,701;  241,272;  359,726;57,76819
 194,34;  307,613;  242,897;  362,007;54,33313
 194,94;  253,707;  212,772;  337,936;32,70510
 195,54;  253,516;  211,022;  325,315;37,17977
 196,14;  280,557;  222,147;  348,806;46,11637
 196,74;  265,543;  215,397;  317,051;49,32996
 197,34;  254,274;  183,272;  330,840;48,11510
 197,94;  280,655;  219,522;  362,590;42,73029
 198,54;  289,918;  234,397;  367,260;41,78798
 199,14;  266,234;  215,397;  360,862;34,94823
 199,74;  266,292;  192,897;  366,668;42,23676
 200,34;  257,072;  198,897;  369,311;34,13758
 200,94;  282,408;  223,522;  397,050;33,93440
 201,54;  280,824;  210,772;  406,061;35,87103
 202,14;  311,051;  217,897;  414,733;47,32546
 202,74;  284,883;  210,897;  446,295;31,43026
 203,34;  270,021;  191,772;  455,445;29,67645
 203,94;  250,715;  164,897;  446,139;30,51391
 204,54;  323,776;  236,897;  512,110;31,56803
 205,14;  287,720;  194,147;  526,691;28,13846
 205,74;  332,655;  222,397;  602,708;28,99158
 206,34;  295,478;  197,397;  615,632;23,45126
 206,94;  328,515;  215,022;  680,432;24,38567
 207,54;  307,194;  192,647;  679,883;23,50957
 208,14;  352,460;  202,272;  776,481;26,15557
 208,74;  344,686;  210,772;  835,193;21,44607
 209,34;  361,687;  198,022;  904,871;23,15416
 209,94;  386,682;  202,397;  984,838;23,55253
 210,54;  382,937;  203,272; 1057,351;21,03612
 211,14;  410,566;  209,647; 1162,476;21,08658
 211,73;  429,578;  200,522; 1281,916;21,18158
 212,33;  444,475;  220,647; 1367,619;19,51468
 212,93;  448,445;  195,147; 1438,081;20,37905
 213,53;  444,744;  172,272; 1482,749;20,79179
 214,13;  446,202;  181,897; 1524,126;19,69147
 214,73;  448,676;  190,397; 1584,233;18,53006
 215,33;  438,182;  151,022; 1596,588;19,86486
 215,93;  474,385;  193,147; 1749,005;18,07610
 216,53;  454,315;  160,022; 1804,923;17,89122
 217,13;  510,605;  206,272; 2015,862;16,81781
 217,73;  518,376;  180,522; 2206,492;16,67617
 218,33;  491,703;  154,397; 2370,804;15,21859
 218,93;  569,952;  170,272; 2565,586;16,68591
 219,53;  576,260;  182,772; 2869,485;14,64573
 220,13;  611,801;  175,147; 3150,943;14,67352
 220,73;  688,422;  181,272; 3496,701;15,29668
 221,32;  749,561;  183,397; 3819,693;15,56979
 221,92;  800,488;  177,522; 4195,354;15,50503
 222,52;  856,285;  172,647; 4598,740;15,44564
 223,12;  969,209;  170,147; 5027,534;16,45045
 223,72; 1014,517;  193,522; 5304,465;16,06347
 224,32; 1108,469;  184,147; 5675,974;16,83087
 224,92; 1147,315;  167,647; 5919,258;17,03294
 225,52; 1247,198;  196,397; 6249,239;17,36046
 226,12; 1317,033;  187,022; 6543,260;17,77799
 226,72; 1394,941;  148,772; 6883,206;18,50444
 227,31; 1483,287;  162,272; 7140,115;18,93157
 227,91; 1609,394;  186,022; 7468,912;19,54406
 228,51; 1728,697;  182,772; 7869,581;20,11140
 229,11; 1871,032;  180,772; 8198,208;21,08230
 229,71; 1986,733;  168,647; 8461,309;21,92404
 230,31; 2079,730;  156,772; 8826,842;22,17927
 230,91; 2248,132;  162,647; 9189,262;23,10373
 231,51; 2402,847;  163,397; 9498,651;23,98917
 232,10; 2592,232;  161,022; 9800,644;25,22101
 232,70; 2750,988;  178,272;10024,007;26,13026
 233,30; 2934,837;  185,772;10345,711;27,05789
 233,90; 3102,433;  175,772;10501,621;28,34305
 234,50; 3271,583;  169,647;10677,856;29,51917
 235,10; 3401,190;  173,397;10820,258;30,31685
 235,70; 3620,572;  178,147;10988,311;31,84434
 236,29; 3769,056;  193,522;11071,786;32,86861
 236,89; 3891,974;  162,022;10996,317;34,42727
 237,49; 4074,644;  187,522;11032,465;35,84271
 238,09; 4089,353;  168,772;10835,757;36,75435
 238,69; 4270,990;  207,147;10740,737;38,57985
 239,29; 4268,689;  181,647;10531,851;39,48755
 239,89; 4369,003;  194,647;10312,407;41,25771
 240,48; 4290,699;  169,147;10033,416;41,78264
 241,08; 4321,486;  170,522; 9775,717;43,21583
 241,68; 4318,858;  186,272; 9483,164;44,45127
 242,28; 4234,428;  165,272; 9212,088;44,97887
 242,88; 4280,259;  202,647; 8995,682;46,37321
 243,48; 4209,586;  195,522; 8708,159;47,15418
 244,07; 4102,866;  181,397; 8565,572;46,77227
 244,67; 4120,825;  193,772; 8502,469;47,26437
 245,27; 4020,578;  190,522; 8311,791;47,16081
 245,87; 4020,095;  197,147; 8314,276;47,09729
 246,47; 4025,482;  183,147; 8296,632;47,35740
 247,06; 3925,049;  178,022; 8345,556;45,87710
 247,66; 3938,806;  183,397; 8378,766;45,82355
 248,26; 3991,757;  207,397; 8567,242;45,26830
 248,86; 3968,723;  193,397; 8722,244;44,26537
 249,46; 3941,664;  155,897; 8931,595;43,13921
 250,05; 4066,709;  187,647; 9273,804;42,69200
 250,65; 4056,289;  166,647; 9568,635;41,37042
 251,25; 4101,635;  168,022;10131,525;39,48022
 251,85; 4172,209;  175,647;10590,521;38,37360
 252,44; 4275,782;  151,397;11116,103;37,61510
 253,04; 4403,547;  186,897;11893,951;36,01803
 253,64; 4399,360;  143,022;12526,309;34,37163
 254,24; 4534,026;  182,147;13363,373;33,01574
 254,84; 4667,664;  164,647;14223,470;32,02983
 255,43; 4732,037;  173,147;15068,885;30,60533
 256,03; 4799,284;  181,897;15994,853;29,20002
 256,63; 4904,195;  185,522;16940,726;28,16243
 257,23; 4890,325;  166,147;17667,259;26,99359
 257,82; 4913,922;  187,397;18498,116;25,81289
 258,42; 4827,309;  149,272;19213,306;24,53855
 259,02; 4910,600;  187,022;20054,849;23,77501
 259,62; 4767,500;  170,647;20571,072;22,53313
 260,21; 4647,796;  175,522;21025,898;21,44937
 260,81; 4569,792;  189,522;21376,148;20,67470
 261,41; 4404,162;  169,272;21717,425;19,65314
 262,01; 4323,907;  206,647;22148,590;18,76434
 262,60; 4138,700;  161,272;22340,634;17,93301
 263,20; 4010,006;  176,272;22599,315;17,09730
 263,80; 3873,085;  194,022;22739,239;16,31860
 264,40; 3643,697;  167,397;22861,621;15,31799
 264,99; 3547,286;  184,272;22991,445;14,74542
 265,59; 3439,040;  177,772;23148,946;14,19722
 266,19; 3290,018;  168,147;23137,295;13,59158
 266,78; 3257,279;  202,147;23373,933;13,18471
 267,38; 3133,349;  186,272;23356,179;12,71942
 267,98; 3066,770;  173,022;23297,045;12,51403
 268,58; 2991,695;  185,147;23291,714;12,14611
 269,17; 2932,273;  176,022;23331,868;11,90305
 269,77; 2880,953;  181,897;23081,436;11,78651
 270,37; 2809,964;  142,522;23088,344;11,62496
 270,96; 2810,658;  215,022;22899,820;11,44218
 271,56; 2777,541;  181,272;22655,010;11,55246
 272,16; 2793,003;  171,897;22569,177;11,70279
 272,75; 2767,133;  178,772;22492,960;11,59962
 273,35; 2758,221;  175,522;22460,784;11,58927
 273,95; 2817,191;  183,022;22407,016;11,85281
 274,54; 2815,261;  162,397;22523,327;11,86384
 275,14; 2933,697;  191,897;22831,851;12,11045
 275,74; 2979,671;  160,272;22947,688;12,37261
 276,33; 3116,785;  197,772;23380,675;12,59123
 276,93; 3223,445;  180,897;23674,311;12,95064
 277,53; 3348,613;  185,897;24035,592;13,26104
 278,12; 3529,571;  161,022;24636,529;13,76294
 278,72; 3740,925;  202,272;25139,253;14,19038
 279,32; 3884,487;  180,272;25844,289;14,43350
 279,91; 4106,803;  161,397;26530,806;14,96206
 280,51; 4269,465;  175,272;27005,784;15,25947
 281,11; 4521,399;  178,647;27709,590;15,77408
 281,70; 4706,293;  168,522;27974,990;16,31912
 282,30; 5009,416;  158,522;28574,010;17,07130
 282,90; 5229,748;  173,397;29090,750;17,48552
 283,49; 5468,903;  199,897;29473,590;17,99912
 284,09; 5762,023;  213,272;29938,913;18,66655
 284,69; 6001,636;  200,647;30286,222;19,28163
 285,28; 6308,841;  207,397;30624,231;20,05943
 285,88; 6652,459;  212,022;30748,041;21,09128
 286,47; 6872,815;  190,522;30818,443;21,81765
 287,07; 7128,804;  203,647;31076,483;22,43123
 287,67; 7473,336;  200,397;31127,784;23,51618
 288,26; 7806,343;  169,897;31125,211;24,66926
 288,86; 8120,192;  169,022;31152,048;25,66299
 289,46; 8568,419;  200,897;31362,043;26,85242
 290,05; 8957,577;  159,522;31388,094;28,17310
 290,65; 9400,333;  183,647;31582,969;29,35314
 291,24; 9975,632;  194,022;31667,867;31,07854
 291,84;10382,070;  196,647;31763,601;32,26609
 292,44;10889,317;  167,397;31900,258;33,78807
 293,03;11401,868;  235,147;32094,197;35,05039
 293,63;11817,594;  184,272;32166,784;36,37401
 294,22;12328,039;  190,647;32316,010;37,78134
 294,82;12698,298;  189,897;32363,688;38,87761
 295,41;12969,293;  169,772;32163,990;40,00573
 296,01;13364,853;  220,272;32039,192;41,31058
 296,61;13660,060;  183,647;31743,266;42,70144
 297,20;13713,416;  189,272;31482,655;43,21726
 297,80;14064,747;  205,022;31320,157;44,54335
 298,39;14115,334;  163,022;30945,521;45,32547
 298,99;14342,936;  190,772;30842,911;46,17023
 299,58;14556,392;  190,647;30591,412;47,25455
 300,18;14723,332;  204,272;30490,001;47,94027
 300,78;14783,941;  185,397;30024,351;48,92445
 301,37;14951,454;  188,897;30192,529;49,20257
 301,97;15079,390;  189,397;30239,702;49,55022
 302,56;15219,031;  174,522;30024,320;50,40070
 303,16;15399,332;  175,647;30039,291;50,97732
 303,75;15530,620;  187,647;30014,927;51,43940
 304,35;15869,511;  169,397;30225,432;52,23615
 304,94;15957,491;  176,397;30324,144;52,34585
 305,54;16095,811;  199,772;30256,568;52,88667
 306,13;16141,892;  162,647;30178,340;53,23630
 306,73;16182,899;  175,647;30043,748;53,59314
 307,33;16326,816;  199,272;29911,331;54,27946
 307,92;16451,396;  173,522;30020,038;54,53861
 308,52;16739,702;  171,772;30539,634;54,55745
 309,11;17101,275;  181,647;30999,058;54,90282
 309,71;17310,047;  150,272;31304,636;55,07984
 310,30;17581,016;  162,772;31427,505;55,71212
 310,90;17790,266;  191,772;31765,505;55,73777
 311,49;17987,982;  177,147;31936,132;56,08125
 312,09;18056,986;  161,022;32018,842;56,17448
 312,68;18423,744;  203,647;32424,874;56,54687
 313,28;18564,021;  166,272;32608,288;56,70964
 313,87;18617,776;  146,897;32706,393;56,72962
 314,47;18767,680;  180,272;32891,076;56,82345
 315,06;18939,344;  171,147;32971,389;57,21969
 315,66;19039,361;  163,897;33157,592;57,20931
 316,25;18910,116;  149,272;33146,414;56,85597
 316,85;18930,809;  151,272;33258,568;56,72326
 317,44;19022,545;  171,147;33329,511;56,85262
 318,04;19057,401;  155,022;33321,715;56,99205
 318,63;19093,663;  149,897;33387,543;56,99491
 319,22;19027,261;  189,522;33648,617;56,30080
 319,82;19062,379;  182,272;33594,335;56,50686
 320,41;18856,516;  178,272;33545,650;55,97756
 321,01;18897,144;  180,647;33506,787;56,16161
 321,60;18887,230;  164,897;33626,027;55,95248
 322,20;18776,998;  161,397;33615,230;55,64564
 322,79;18834,108;  206,022;33778,934;55,48546
 323,39;18701,530;  167,772;33798,208;55,11007
 323,98;18572,436;  171,147;33765,693;54,77463
 324,58;18408,716;  168,647;33682,804;54,42497
 325,17;18374,607;  172,772;33537,152;54,55469
 325,76;18164,439;  187,647;33380,746;54,15822
 326,36;17789,976;  152,397;33034,652;53,63859
 326,95;17695,860;  195,897;32707,184;53,82735
 327,55;17377,417;  157,397;32386,313;53,43034
 328,14;17043,435;  170,397;31988,246;53,03010
 328,74;16803,473;  197,522;31601,264;52,87889
 329,33;16466,389;  197,022;31157,505;52,54882
 329,92;16134,126;  163,397;30738,125;52,23507
 330,52;15704,329;  180,022;30181,574;51,74502
 331,11;15395,244;  183,772;29710,822;51,51708
 331,71;14912,803;  173,397;29188,931;50,79833
 332,30;14720,991;  194,647;28664,519;51,02357
 332,89;14364,730;  207,772;28232,007;50,51684
 333,49;13944,375;  185,397;27679,730;50,04296
 334,08;13614,653;  181,397;27255,018;49,61751
 334,68;13355,071;  179,897;26962,029;49,19390
 335,27;13026,677;  179,397;26527,536;48,75972
 335,86;12784,619;  207,147;26304,447;48,19454
 336,46;12571,778;  195,147;25992,228;47,97687
 337,05;12354,466;  173,272;25869,731;47,40417
 337,65;12170,210;  161,647;25765,949;46,90057
 338,24;12106,392;  222,772;25783,932;46,49093
 338,83;11955,479;  194,272;25720,454;46,07507
 339,43;11805,093;  173,272;25634,731;45,68403
 340,02;11701,111;  172,397;25518,507;45,48514
 340,61;11525,954;  167,772;25607,219;44,64791
 341,21;11463,598;  205,772;25618,014;44,30080
 341,80;11343,124;  174,897;25574,927;43,96934
 342,40;11309,791;  181,147;25674,970;43,65232
 342,99;11241,230;  180,272;25829,132;43,12456
 343,58;11193,764;  177,522;26027,505;42,61605
 344,18;11057,577;  185,772;26119,969;41,92073
 344,77;11132,568;  171,022;26439,121;41,72950
 345,36;11124,235;  148,647;26720,184;41,30581
 345,96;11145,918;  187,772;27053,470;40,78861
 346,55;11043,256;  179,772;27244,650;40,13868
 347,14;11077,460;  167,522;27527,356;39,87574
 347,74;11085,497;  139,397;28049,992;39,21844
 348,33;11203,193;  179,522;28663,791;38,70091
 348,92;11276,524;  180,522;29196,707;38,24073
 349,52;11385,667;  162,272;29712,180;37,98115
 350,11;11374,755;  180,147;29820,532;37,76809
 350,70;11223,286;  160,022;29997,708;37,07816
 351,29;10995,625;  161,397;29717,592;36,65637
 351,89;10910,386;  180,022;29661,512;36,39695
 352,48;10666,743;  150,647;29757,072;35,51964
 353,07;10545,013;  167,897;29680,432;35,16172
 353,67;10392,977;  186,522;29739,216;34,53646
 354,26;10190,849;  175,772;29443,152;34,21925
 354,85;10008,852;  181,272;29352,079;33,68978
 355,45; 9773,032;  165,397;29054,998;33,25638
 356,04; 9586,201;  164,272;29112,646;32,54735
 356,63; 9453,961;  190,147;28910,001;32,25579
 357,22; 9256,921;  174,897;28712,208;31,82509
 357,82; 9034,336;  178,772;28536,416;31,22814
 358,41; 8931,073;  183,147;28441,509;30,95695
 359,00; 8681,482;  162,772;28231,277;30,34971
 359,60; 8576,003;  178,272;28142,887;30,02985
 360,19; 8378,322;  174,897;27960,291;29,52424
 360,78; 8190,056;  190,397;27796,608;28,97775
 361,37; 8022,489;  165,772;27702,039;28,53225
 361,97; 7890,149;  170,522;27643,840;28,09864
 362,56; 7629,182;  160,397;27198,181;27,62351
 363,15; 7502,676;  189,897;27001,451;27,27473
 363,74; 7233,253;  179,522;26639,177;26,65844
 364,34; 7109,035;  202,647;26268,675;26,49574
 364,93; 6865,090;  164,147;25903,501;26,03384
 365,52; 6666,994;  149,147;25623,947;25,58547
 366,11; 6499,871;  181,772;25242,572;25,21108
 366,71; 6276,636;  157,522;24859,367;24,77189
 367,30; 6135,456;  177,397;24566,594;24,42909
 367,89; 5992,280;  203,647;24321,103;24,00184
 368,48; 5830,118;  189,397;23989,665;23,70024
 369,07; 5703,411;  184,272;23630,458;23,53960
 369,67; 5496,379;  193,897;23396,730;22,85273
 370,26; 5335,527;  184,272;23144,195;22,43585
 370,85; 5247,855;  172,772;22872,777;22,35719
 371,44; 5115,313;  168,272;22683,068;21,97240
 372,03; 4968,799;  156,397;22385,971;21,64865
 372,63; 4804,058;  137,772;22100,286;21,24659
 373,22; 4707,502;  164,772;21897,710;20,90251
 373,81; 4580,466;  154,647;21525,606;20,70950
 374,40; 4500,824;  162,772;21342,666;20,48194
 374,99; 4314,229;  171,897;21156,599;19,73977
 375,59; 4232,261;  159,522;20934,952;19,60363
 376,18; 4192,359;  194,647;20759,632;19,43941
 376,77; 4115,236;  181,522;20537,612;19,32451
 377,36; 4109,562;  191,772;20604,266;19,19310
 377,95; 4002,002;  185,022;20233,105;19,03913
 378,55; 3920,769;  155,647;20088,537;18,88899
 379,14; 3835,672;  169,647;19978,096;18,50738
 379,73; 3804,242;  177,397;19896,717;18,39235
 380,32; 3783,789;  182,022;19972,885;18,19914
 380,91; 3665,402;  171,897;19885,288;17,72148
 381,50; 3706,865;  192,897;19824,362;17,89967
 382,10; 3675,164;  160,147;19732,135;17,95943
 382,69; 3604,629;  155,522;19629,210;17,71163
 383,28; 3629,376;  199,897;19644,552;17,63713
 383,87; 3580,722;  168,022;19450,837;17,69814
 384,46; 3551,591;  174,897;19497,574;17,47529
 385,05; 3531,976;  194,897;19482,692;17,30151
 385,64; 3502,496;  170,772;19378,947;17,34535
 386,24; 3474,101;  153,522;19447,337;17,21059
 386,83; 3520,076;  185,522;19473,476;17,28827
 387,42; 3547,362;  174,022;19580,684;17,38238
 388,01; 3568,052;  180,397;19817,063;17,25168
 388,60; 3587,116;  186,897;19989,059;17,17095
 389,19; 3628,618;  165,397;20230,100;17,26027
 389,78; 3684,764;  170,397;20443,730;17,33492
 390,37; 3818,939;  227,022;20833,233;17,43124
 390,96; 3796,624;  182,647;20994,270;17,36519
 391,56; 3837,380;  169,397;21197,665;17,44311
 392,15; 3904,169;  162,147;21556,623;17,49060
 392,74; 3949,583;  143,147;21710,891;17,64875
 393,33; 4049,701;  170,397;21877,964;17,87075
 393,92; 4162,844;  171,272;22384,352;17,96947
 394,51; 4180,350;  169,022;22566,272;17,90991
 395,10; 4262,548;  197,897;22667,776;18,08933
 395,69; 4341,213;  187,647;22862,734;18,31775
 396,28; 4353,803;  198,772;22910,579;18,29459
 396,87; 4453,133;  198,647;23083,930;18,59049
 397,46; 4471,544;  189,397;23161,948;18,64028
 398,06; 4608,665;  195,772;23457,383;18,97071
 398,65; 4634,989;  189,272;23497,243;19,07381
 399,24; 4737,932;  185,647;23706,134;19,35455
 399,83; 4717,756;  164,147;23505,606;19,50867
 400,42; 4818,727;  204,522;23783,813;19,56889
 401,01; 4886,622;  172,897;23852,958;19,90588
 401,60; 4939,033;  198,147;23819,617;20,07024
 402,19; 5004,810;  208,647;23796,170;20,33348
 402,78; 5026,495;  207,022;23736,927;20,48233
 403,37; 5056,554;  192,397;23710,308;20,68278
 403,96; 5097,363;  196,022;23510,157;21,02304
 404,55; 5107,141;  196,272;23504,956;21,06884
 405,14; 5125,454;  178,647;23369,785;21,33059
 405,73; 5156,242;  200,522;23216,044;21,53208
 406,32; 5234,736;  208,272;23205,389;21,85693
 406,91; 5209,444;  192,647;22835,776;22,15594
 407,50; 5248,511;  181,397;22673,393;22,52852
 408,09; 5197,044;  177,522;22405,419;22,58208
 408,68; 5295,174;  191,647;22237,761;23,14933
 409,27; 5278,909;  183,272;22132,583;23,21547
 409,86; 5320,121;  192,022;22103,622;23,40358
 410,45; 5427,932;  212,522;21947,518;23,99545
 411,04; 5451,561;  218,772;21929,036;24,10284
 411,63; 5436,615;  205,147;21587,734;24,46602
 412,22; 5447,285;  208,272;21355,189;24,77436
 412,81; 5446,171;  205,147;21086,069;25,09958
 413,40; 5472,066;  224,522;20737,442;25,58165
 413,99; 5485,368;  244,272;20429,308;25,96525
 414,58; 5377,300;  191,772;20099,292;26,04808
 415,17; 5426,979;  183,397;19854,251;26,65661
 415,76; 5455,582;  194,397;19743,253;26,91301
 416,35; 5442,206;  186,772;19584,410;27,09316
 416,94; 5497,941;  218,897;19714,010;27,07881
 417,53; 5623,956;  191,022;19833,620;27,65894
 418,12; 5691,513;  192,022;19930,854;27,86128
 418,71; 5863,394;  197,022;20251,451;28,25496
 419,30; 5911,952;  188,022;20266,745;28,50744
 419,89; 6002,961;  187,772;20520,560;28,60005
 420,48; 6241,466;  215,397;20790,803;29,28773
 421,07; 6277,681;  215,522;20909,357;29,29452
 421,66; 6341,868;  172,272;20864,603;29,81586
 422,25; 6435,919;  198,147;20858,067;30,19263
 422,84; 6451,721;  223,772;20851,643;30,19192
 423,43; 6407,766;  196,397;20597,299;30,44654
 424,02; 6444,106;  228,022;20224,603;31,08574
 424,60; 6345,974;  204,647;19841,563;31,27440
 425,19; 6397,987;  196,522;19628,720;31,91335
 425,78; 6373,017;  228,397;19626,239;31,67682
 426,37; 6391,347;  222,147;19404,083;32,16151
 426,96; 6438,530;  206,272;19253,514;32,72000
 427,55; 6362,378;  194,147;19031,113;32,74535
 428,14; 6375,994;  181,897;18941,705;33,01791
 428,73; 6391,229;  222,397;18767,700;33,26358
 429,32; 6411,677;  224,522;18744,769;33,40752
 429,91; 6524,932;  232,022;18773,834;33,93902
 430,50; 6525,866;  224,147;18733,048;34,04696
 431,08; 6494,396;  239,272;18537,921;34,18353
 431,67; 6550,671;  271,397;18387,636;34,66102
 432,26; 6540,191;  288,272;18235,819;34,83439
 432,85; 6534,708;  322,522;17780,542;35,58357
 433,44; 6414,961;  309,897;17459,430;35,59901
 434,03; 6339,977;  323,272;17142,237;35,77334
 434,62; 6210,428;  289,272;16718,234;36,04097
 435,21; 6233,180;  314,022;16585,129;36,37834
 435,79; 6146,906;  284,022;16377,958;36,42915
 436,38; 6217,570;  297,897;16340,574;36,89954
 436,97; 6226,106;  286,397;16196,625;37,33264
 437,56; 6199,179;  281,647;16046,969;37,53512
 438,15; 6199,829;  270,647;16020,724;37,64542
 438,74; 6263,408;  295,897;15949,036;38,12341
 439,33; 6302,891;  251,772;15894,010;38,68448
 439,91; 6394,951;  216,772;16015,277;39,10610
 440,50; 6459,962;  259,522;16040,717;39,29005
 441,09; 6576,048;  249,522;16192,896;39,68122
 441,68; 6580,514;  252,897;16152,858;39,79643
 442,27; 6560,736;  221,647;16170,215;39,74707
 442,86; 6611,131;  199,897;16147,212;40,20259
 443,44; 6636,435;  220,772;16211,559;40,12100
 444,03; 6804,151;  270,022;16197,040;41,02544
 444,62; 6669,886;  217,647;16139,995;40,52316
 445,21; 6708,893;  224,897;15893,903;41,38103
 445,80; 6712,813;  251,022;15862,926;41,39015
 446,39; 6703,008;  259,522;15553,047;42,13212
 446,97; 6588,184;  233,272;15372,781;41,97568
 447,56; 6520,482;  218,272;15144,732;42,22173
 448,15; 6508,237;  221,397;15032,554;42,44665
 448,74; 6439,782;  239,522;14783,493;42,63113
 449,33; 6404,125;  224,897;14611,580;42,95103
 449,91; 6348,237;  220,897;14428,047;43,12856
 450,50; 6310,081;  202,897;14194,851;43,64782
 451,09; 6286,793;  244,522;14159,175;43,42380
 451,68; 6316,870;  259,522;14010,487;44,05035
 452,26; 6295,937;  238,647;13956,661;44,15574
 452,85; 6270,035;  230,397;13850,320;44,34414
 453,44; 6295,156;  232,397;13903,478;44,34733
 454,03; 6270,287;  203,522;13816,603;44,56570
 454,61; 6262,267;  208,647;13777,110;44,61537
 455,20; 6485,363;  243,647;13969,124;45,47541
 455,79; 6438,672;  237,397;13966,523;45,16875
 456,38; 6523,155;  234,647;14045,990;45,53147
 456,97; 6576,552;  226,147;14115,568;45,72116
 457,55; 6576,736;  222,272;14075,532;45,86981
 458,14; 6634,997;  249,147;14060,814;46,23518
 458,73; 6562,097;  231,272;14043,664;45,83439
 459,31; 6704,847;  255,147;14045,196;46,77068
 459,90; 6696,765;  263,897;14174,602;46,24401
 460,49; 6841,296;  277,772;14258,693;46,94629
 461,08; 6762,269;  235,647;14346,792;46,25154
 461,66; 6898,202;  226,772;14371,243;47,16634
 462,25; 6898,797;  233,647;14430,810;46,94706
 462,84; 7036,381;  248,022;14456,799;47,77581
 463,43; 6942,629;  203,897;14410,009;47,43544
 464,01; 7032,633;  226,147;14442,344;47,87839
 464,60; 7045,443;  261,647;14364,670;48,10171
 465,19; 6892,045;  204,522;14172,822;47,87642
 465,77; 6922,112;  234,897;14192,621;47,91050
 466,36; 6951,269;  257,897;14108,054;48,32704
 466,95; 6793,924;  230,147;13701,698;48,72325
 467,53; 6658,021;  228,272;13470,599;48,55453
 468,12; 6612,124;  256,772;13223,844;49,01146
 468,71; 6446,685;  242,647;12987,045;48,68051
 469,29; 6363,307;  228,022;12758,328;48,96357
 469,88; 6248,071;  227,022;12545,050;48,87997
 470,47; 6367,574;  268,147;12654,938;49,24139
 471,06; 6349,233;  243,522;12618,811;49,33793
 471,64; 6429,020;  247,147;12754,684;49,42518
 472,23; 6397,195;  211,147;12662,220;49,68285
 472,81; 6454,446;  206,272;12740,865;49,84745
 473,40; 6545,685;  218,522;12934,457;49,75775
 473,99; 6715,839;  289,272;13155,173;49,95039
 474,57; 6723,901;  230,897;13178,834;50,14702
 475,16; 6890,804;  240,897;13412,017;50,48854
 475,75; 6878,710;  257,647;13494,298;50,02068
 476,33; 6961,150;  256,897;13570,919;50,35483
 476,92; 7052,331;  256,022;13612,713;50,88318
 477,51; 7036,733;  247,147;13749,158;50,28574
 478,09; 7049,041;  236,647;13669,590;50,71409
 478,68; 7015,327;  247,272;13546,818;50,88937
 479,27; 7088,230;  267,772;13736,501;50,63921
 479,85; 7074,683;  241,647;13672,115;50,87712
 480,44; 7144,436;  242,897;13869,772;50,64652
 481,02; 7866,557;  246,147;15579,022;49,69981
 481,61; 8791,425;  271,522;17364,135;49,84553
 482,20; 9443,879;  268,772;18421,624;50,54361
 482,78; 9892,627;  294,772;18995,164;51,32435
 483,37;10075,335;  272,272;19410,770;51,22169
 483,95;10241,943;  303,272;19646,172;51,38149
 484,54;10403,438;  314,897;19857,377;51,62365
 485,13;10412,738;  296,272;19884,768;51,64494
 485,71;10398,077;  272,022;19758,540;51,96441
 486,30;10268,135;  310,897;19512,346;51,85670
 486,88;10122,065;  331,147;19154,975;52,01343
 487,47; 9831,994;  328,647;18476,853;52,36522
 488,05; 9398,762;  307,647;17587,306;52,61166
 488,64; 8789,355;  315,897;16271,893;53,10517
 489,23; 7836,259;  324,772;14257,379;53,91301
 489,81; 6681,968;  305,647;12238,598;53,43457
 490,40; 6310,460;  269,022;11746,763;52,63612
 490,98; 6151,097;  256,772;11507,808;52,38918
 491,57; 6094,077;  283,522;11390,250;52,31564
 492,15; 6078,752;  267,647;11418,951;52,11144
 492,74; 6014,729;  264,272;11271,486;52,24262
 493,32; 5980,895;  276,397;11148,799;52,46769
 493,91; 5904,049;  261,397;11109,119;52,01693
 494,50; 5939,185;  269,647;11064,697;52,51980
 495,08; 5904,108;  254,897;11002,438;52,56282
 495,67; 5873,687;  279,147;10990,362;52,23068
 496,25; 5794,420;  225,772;10842,744;52,45043
 496,84; 5807,874;  237,522;10866,273;52,40834
 497,42; 5751,244;  225,397;10794,326;52,28389
 498,01; 5757,284;  257,272;10750,074;52,41700
 498,59; 5681,981;  213,772;10720,458;52,04504
 499,18; 5720,559;  214,522;10721,060;52,40582
 499,76; 5702,117;  243,897;10561,471;52,90217
 500,35; 5581,741;  254,397;10284,128;53,11552
 500,93; 5518,085;  222,272;10301,703;52,54080
 501,52; 5489,283;  211,022;10264,857;52,49998
 502,10; 5499,669;  226,647;10190,757;52,92015
 502,69; 5402,240;  220,522;10058,411;52,67104
 503,27; 5325,219;  209,397; 9901,195;52,78507
 503,86; 5301,369;  224,022; 9832,838;52,84050
 504,44; 5213,132;  190,397; 9702,061;52,80606
 505,03; 5065,522;  194,147; 9504,981;52,31942
 505,61; 5121,054;  200,522; 9318,749;53,96369
 506,19; 4981,391;  228,647; 9159,324;53,21819
 506,78; 4872,737;  201,522; 8997,515;53,10616
 507,36; 4810,790;  207,897; 8863,132;53,18046
 507,95; 4729,721;  216,272; 8722,523;53,06039
 508,53; 4687,775;  217,522; 8611,619;53,25472
 509,12; 4580,369;  219,397; 8423,278;53,15743
 509,70; 4536,717;  226,647; 8262,917;53,63272
 510,29; 4491,596;  227,522; 8180,253;53,61774
 510,87; 4352,371;  206,272; 7971,278;53,39467
 511,46; 4269,522;  198,022; 7831,191;53,33957
 512,04; 4169,627;  205,897; 7737,468;52,62820
 512,62; 4138,455;  208,897; 7580,497;53,30671
 513,21; 4037,131;  191,647; 7387,126;53,44305
 513,79; 3954,956;  210,522; 7278,095;52,98049
 514,38; 3855,086;  189,147; 7087,272;53,14400
 514,96; 3825,922;  220,522; 7043,116;52,84500
 515,54; 3711,699;  201,022; 6896,957;52,42998
 516,13; 3719,782;  214,647; 6795,874;53,25960
 516,71; 3617,109;  197,397; 6687,613;52,69027
 517,30; 3584,066;  199,897; 6587,957;52,97648
 517,88; 3506,561;  221,522; 6530,549;52,06887
 518,46; 3464,804;  200,772; 6391,142;52,72758
 519,05; 3436,663;  225,522; 6363,149;52,31894
 519,63; 3430,080;  218,147; 6257,305;53,18511
 520,22; 3395,348;  214,397; 6196,362;53,17568
 520,80; 3338,122;  197,147; 6120,973;53,02275
 521,38; 3350,424;  218,522; 6153,464;52,77056
 521,97; 3296,857;  201,022; 6117,605;52,32471
 522,55; 3315,064;  211,647; 6121,469;52,51286
 523,13; 3303,509;  192,522; 6020,320;53,38186
 523,72; 3273,549;  214,897; 6033,234;52,56917
 524,30; 3376,017;  232,397; 6149,511;53,12760
 524,89; 3343,382;  195,147; 6163,590;52,74800
 525,47; 3409,860;  214,647; 6285,992;52,62776
 526,05; 3423,707;  175,897; 6322,954;52,83521
 526,64; 3433,671;  224,397; 6410,831;51,87600
 527,22; 3541,538;  216,272; 6524,016;52,71720
 527,80; 3599,248;  256,147; 6620,163;52,53131
 528,39; 3625,972;  205,022; 6788,480;51,96282
 528,97; 3753,379;  216,522; 6859,748;53,24006
 529,55; 3827,788;  222,147; 7126,161;52,22528
 530,14; 3901,489;  229,397; 7267,755;52,17256
 530,72; 3939,312;  194,147; 7368,554;52,20174
 531,30; 4000,888;  196,397; 7493,740;52,13529
 531,89; 4032,110;  219,147; 7539,900;52,08430
 532,47; 4064,583;  240,147; 7674,289;51,44421
 533,05; 4130,440;  230,647; 7700,857;52,20460
 533,63; 4137,473;  245,647; 7757,387;51,80992
 534,22; 4088,642;  218,147; 7806,773;51,00389
 534,80; 4168,917;  248,397; 7907,113;51,19030
 535,38; 4281,082;  303,022; 7932,487;52,14074
 535,97; 4151,670;  229,772; 7956,061;50,76043
 536,55; 4199,581;  282,147; 7985,644;50,85267
 537,13; 4173,590;  292,772; 7985,072;50,45068
 537,71; 4174,815;  336,147; 7975,837;50,24639
 538,30; 4192,879;  352,522; 8119,333;49,44574
 538,88; 4261,114;  391,272; 8198,945;49,56460
 539,46; 4344,248;  439,522; 8371,978;49,22469
 540,05; 4416,920;  457,647; 8444,521;49,57225
 540,63; 4475,146;  521,022; 8658,463;48,59174
 541,21; 4552,640;  558,147; 8831,483;48,28153
 541,79; 4604,236;  596,272; 8942,392;48,02188
 542,38; 4676,770;  622,522; 9147,536;47,55709
 542,96; 4771,899;  640,397; 9263,976;47,90937
 543,54; 4874,130;  639,147; 9417,543;48,24324
 544,12; 4914,737;  630,522; 9574,070;47,90286
 544,70; 4920,698;  600,272; 9665,019;47,66185
 545,29; 5001,217;  619,022; 9801,262;47,72469
 545,87; 5028,486;  575,022; 9797,392;48,28980
 546,45; 5023,765;  528,522; 9830,503;48,32565
 547,03; 5055,696;  515,522; 9946,184;48,14268
 547,62; 5085,593;  474,772;10033,117;48,23869
 548,20; 5186,014;  475,397;10228,285;48,29971
 548,78; 5200,636;  438,147;10270,568;48,43659
 549,36; 5278,481;  397,272;10480,300;48,41016
 549,94; 5292,517;  360,022;10580,963;48,25872
 550,53; 5433,302;  355,897;10846,171;48,40107
 551,11; 5474,432;  333,647;11001,559;48,18923
 551,69; 5565,866;  327,022;11297,062;47,75592
 552,27; 5677,390;  294,397;11540,693;47,86459
 552,85; 5791,374;  300,647;11862,377;47,49053
 553,44; 5980,043;  293,522;12109,211;48,12687
 554,02; 6140,473;  310,397;12456,339;48,00020
 554,60; 6296,067;  252,647;12791,999;48,19564
 555,18; 6421,577;  275,522;13097,834;47,93251
 555,76; 6595,738;  259,022;13473,135;47,95415
 556,34; 6739,740;  272,647;13851,720;47,62544
 556,93; 6890,472;  271,272;14189,412;47,55808
 557,51; 7056,577;  239,397;14432,116;48,03294
 558,09; 7172,554;  267,647;14891,651;47,21625
 558,67; 7387,850;  269,772;15151,602;47,83066
 559,25; 7497,347;  276,272;15408,872;47,71867
 559,83; 7578,876;  253,272;15731,317;47,32900
 560,41; 7719,469;  251,772;16096,964;47,12910
 561,00; 7852,128;  264,397;16313,192;47,27913
 561,58; 8001,950;  256,897;16642,261;47,26811
 562,16; 8068,100;  232,272;16970,944;46,81272
 562,74; 8211,017;  219,397;17295,225;46,80077
 563,32; 8417,444;  226,022;17690,636;46,90296
 563,90; 8555,739;  247,397;18046,647;46,67805
 564,48; 8716,948;  250,772;18352,459;46,77010
 565,06; 8940,729;  244,272;19030,457;46,29177
 565,65; 9238,704;  257,772;19649,931;46,31218
 566,23; 9502,797;  296,772;20409,203;45,77281
 566,81; 9749,915;  246,022;21092,441;45,59005
 567,39;10129,104;  259,022;21889,937;45,62952
 567,97;10275,151;  255,022;22446,323;45,15341
 568,55;10675,578;  256,897;23302,524;45,20893
 569,13;10976,009;  237,772;23947,725;45,29000
 569,71;11231,542;  240,522;24890,263;44,58879
 570,29;11681,900;  278,147;25841,935;44,60901
 570,87;11979,902;  262,272;26545,541;44,58209
 571,45;12255,984;  282,022;27160,365;44,54874
 572,03;12339,413;  216,397;27557,046;44,34063
 572,61;12596,756;  226,397;28333,047;44,01221
 573,20;12853,067;  257,022;29018,229;43,79526
 573,78;13087,208;  241,147;29637,557;43,69942
 574,36;13229,048;  265,897;30028,506;43,55516
 574,94;13363,722;  303,522;30286,404;43,55885
 575,52;13355,215;  258,022;30612,102;43,14805
 576,10;13619,423;  314,897;31138,216;43,16383
 576,68;13829,369;  302,897;31741,660;43,02482
 577,26;14092,564;  332,647;32362,419;42,95977
 577,84;14229,861;  326,272;32904,470;42,67759
 578,42;14304,805;  362,397;33036,248;42,67146
 579,00;14212,598;  313,272;33133,227;42,35023
 579,58;14332,919;  358,772;33384,256;42,31322
 580,16;14296,821;  356,522;33424,096;42,15701
 580,74;14275,773;  328,022;33596,105;41,92532
 581,32;14323,487;  341,147;33667,377;41,95596
 581,90;14245,624;  354,272;33702,495;41,65545
 582,48;14208,835;  368,022;33812,517;41,38443
 583,06;14262,020;  350,772;33836,698;41,54357
 583,64;14270,443;  364,772;34085,439;41,23783
 584,22;14044,346;  372,772;33707,312;41,01324
 584,80;13889,642;  367,022;33433,770;40,89492
 585,38;13633,985;  380,397;33043,062;40,57718
 585,96;13649,488;  352,772;33161,825;40,52758
 586,54;13531,008;  390,022;33262,612;39,97551
 587,12;13538,443;  325,022;33365,919;39,99111
 587,70;13481,941;  363,272;33469,209;39,62633
 588,28;13471,510;  344,397;33545,488;39,53820
 588,86;13450,920;  352,772;33682,663;39,29850
 589,44;13409,154;  338,897;33475,223;39,44389
 590,02;13458,070;  333,147;33925,379;39,07130
 590,59;13371,686;  311,897;33953,761;38,82005
 591,17;13380,513;  309,022;34012,657;38,78362
 591,75;13389,210;  311,147;34122,029;38,68004
 592,33;13450,818;  313,522;34431,004;38,50606
 592,91;13409,958;  264,647;34631,779;38,24966
 593,49;13532,385;  285,272;34887,980;38,28346
 594,07;13552,312;  297,147;35075,878;38,11285
 594,65;13603,129;  306,772;35171,257;38,13725
 595,23;13620,969;  290,272;35482,937;37,87919
 595,81;13668,134;  283,147;35539,020;37,96527
 596,39;13620,433;  290,522;35660,563;37,68701
 596,97;13624,804;  297,772;35817,063;37,52055
 597,55;13556,919;  278,772;35837,591;37,34136
 598,12;13452,925;  275,397;35799,938;37,09415
 598,70;13428,560;  260,772;35921,773;36,92490
 599,28;13459,603;  280,272;36114,784;36,77832
 599,86;13389,790;  279,647;36164,821;36,53359
 600,44;13392,889;  244,522;36156,710;36,61255
 601,02;13449,335;  289,147;36314,219;36,53064
 601,60;13286,657;  270,522;36241,755;36,18485
 602,18;13268,626;  248,397;36225,395;36,19043
 602,75;13183,432;  255,022;36471,511;35,69758
 603,33;13097,507;  276,397;36335,750;35,55558
 603,91;13121,774;  260,647;36327,130;35,65950
 604,49;13084,138;  280,272;36430,407;35,41858
 605,07;13016,527;  293,647;36437,598;35,20058
 605,65;12968,317;  300,897;36562,661;34,93327
 606,23;12994,742;  374,147;36694,890;34,74763
 606,80;12938,403;  405,897;36787,545;34,44733
 607,38;12835,980;  458,897;36720,692;34,13257
 607,96;12812,080;  511,772;36871,319;33,82965
 608,54;12725,413;  572,022;36834,195;33,51534
 609,12;12670,696;  581,772;37009,306;33,18623
 609,70;12646,800;  623,272;37029,583;33,02594
 610,27;12640,570;  618,147;37100,129;32,95441
 610,85;12617,905;  639,647;37235,255;32,73141
 611,43;12499,296;  642,022;37129,228;32,49707
 612,01;12321,738;  613,272;36936,317;32,23426
 612,59;12362,285;  610,522;36942,288;32,34570
 613,16;12196,750;  576,022;36896,027;31,99539
 613,74;12089,426;  548,397;36754,511;31,87591
 614,32;12042,904;  496,647;36644,558;31,94170
 614,90;12018,754;  465,147;36620,467;31,95548
 615,48;11868,934;  391,897;36263,636;31,99465
 616,05;11709,557;  373,147;36255,281;31,59347
 616,63;11618,304;  373,522;36024,051;31,54170
 617,21;11460,681;  372,522;35958,458;31,15882
 617,79;11402,991;  334,522;35933,120;31,09243
 618,36;11260,498;  357,522;35836,882;30,73048
 618,94;11100,930;  293,397;35420,906;30,76658
 619,52;10968,983;  325,522;35266,002;30,46169
 620,10;10817,144;  308,022;35226,408;30,09624
 620,67;10792,098;  298,897;35064,687;30,18255
 621,25;10633,643;  319,647;34899,335;29,82675
 621,83;10532,444;  294,397;35016,451;29,48572
 622,41;10503,549;  333,022;34899,873;29,42278
 622,98;10392,607;  330,147;34671,574;29,30123
 623,56;10269,274;  315,147;34730,033;28,92390
 624,14;10232,880;  284,272;34555,895;29,02871
 624,72;10124,136;  298,647;34526,145;28,70642
 625,29;10080,318;  276,647;34545,294;28,60828
 625,87;10085,895;  316,272;34585,335;28,50858
 626,45; 9915,341;  292,147;34435,799;28,18443
 627,02; 9847,958;  284,647;34243,049;28,16184
 627,60; 9771,566;  271,147;34287,234;27,92920
 628,18; 9700,446;  273,022;34316,806;27,69206
 628,76; 9645,560;  274,272;34302,959;27,53938
 629,33; 9603,668;  300,147;34292,413;27,36952
 629,91; 9556,644;  280,397;34270,533;27,29100
 630,49; 9561,359;  299,147;34520,929;27,06525
 631,06; 9478,652;  295,022;34643,763;26,73644
 631,64; 9423,918;  294,897;34409,183;26,76011
 632,22; 9329,627;  253,272;34468,672;26,52710
 632,79; 9327,420;  268,022;34699,058;26,31172
 633,37; 9266,949;  253,772;34782,589;26,10335
 633,95; 9248,489;  259,897;34808,732;26,01706
 634,52; 9217,189;  250,897;34897,794;25,87906
 635,10; 9185,133;  235,397;34998,842;25,74468
 635,68; 9211,516;  259,772;35268,468;25,57006
 636,25; 9088,468;  243,272;35113,872;25,36577
 636,83; 9107,310;  223,022;35356,084;25,28754
 637,41; 9095,332;  239,272;35473,234;25,13501
 637,98; 9123,659;  259,272;35600,066;25,08259
 638,56; 9029,448;  255,272;35582,241;24,83705
 639,13; 8988,977;  244,772;35677,542;24,67830
 639,71; 8972,224;  272,772;35782,364;24,49888
 640,29; 8877,359;  216,147;35514,146;24,53740
 640,86; 8796,193;  225,147;35762,659;24,11831
 641,44; 8779,902;  232,647;35893,298;23,96831
 642,02; 8730,486;  251,272;35770,061;23,87248
 642,59; 8698,071;  236,147;36006,950;23,65595
 643,17; 8605,280;  230,147;35927,713;23,46136
 643,74; 8527,614;  228,647;36038,727;23,17495
 644,32; 8554,698;  260,522;35847,490;23,30678
 644,89; 8440,657;  252,397;35941,629;22,94322
 645,47; 8443,866;  261,522;35917,017;22,94834
 646,05; 8371,701;  239,397;35847,531;22,83833
 646,62; 8260,910;  240,147;35860,294;22,51749
 647,20; 8328,619;  247,897;36040,308;22,57664
 647,77; 8197,453;  214,647;35958,946;22,33309
 648,35; 8127,037;  220,147;35814,335;22,21399
 648,92; 8164,496;  261,147;35895,598;22,17896
 649,50; 8057,581;  212,147;35688,237;22,11471
 650,08; 7991,040;  221,522;35800,250;21,83754
 650,65; 8006,374;  234,772;36064,139;21,69059
 651,23; 8119,208;  208,272;36778,152;21,63238
 651,80; 8245,792;  217,272;37741,541;21,39554
 652,38; 8283,001;  228,522;38047,054;21,29770
 652,95; 8288,210;  210,147;38373,818;21,16689
 653,53; 8295,045;  236,897;38514,331;21,05195
 654,10; 8328,879;  251,647;38729,595;20,99185
 654,68; 8167,838;  216,397;38578,859;20,72714
 655,25; 8136,422;  218,522;38749,247;20,54957
 655,83; 8128,006;  210,272;38847,136;20,49269
 656,40; 8163,590;  231,647;38786,899;20,57293
 656,98; 8014,925;  228,897;38750,788;20,21196
 657,55; 7973,509;  232,022;38653,926;20,14863
 658,13; 7866,218;  209,897;38220,815;20,14243
 658,70; 7752,302;  224,647;37960,078;19,94851
 659,28; 7531,886;  225,772;36934,717;19,90282
 659,85; 7374,970;  218,397;36199,605;19,88975
 660,43; 7284,054;  228,772;36351,494;19,53143
 661,00; 7293,014;  231,772;36462,882;19,48944
 661,58; 7305,848;  211,522;36799,646;19,38970
 662,15; 7335,932;  204,522;36918,159;19,42442
 662,73; 7340,641;  267,397;37316,298;19,09164
 663,30; 7338,100;  227,897;37331,436;19,16314
 663,88; 7287,684;  222,647;37651,075;18,87613
 664,45; 7310,394;  215,272;37843,213;18,85599
 665,03; 7342,353;  229,522;38313,852;18,67653
 665,60; 7392,062;  277,397;38581,365;18,57422
 666,17; 7356,396;  220,647;38735,504;18,52726
 666,75; 7337,605;  233,397;39104,767;18,27620
 667,32; 7360,689;  247,022;39437,031;18,15174
 667,90; 7360,024;  228,897;39616,669;18,10493
 668,47; 7375,108;  251,147;39899,558;17,96783
 669,05; 7394,817;  221,522;40225,571;17,93142
 669,62; 7347,901;  202,397;40229,835;17,85152
 670,19; 7342,735;  209,522;40441,848;17,73005
 670,77; 7341,694;  217,272;40496,237;17,68770
 671,34; 7307,528;  211,522;40562,375;17,58577
 671,92; 7316,363;  205,272;40899,639;17,47439
 672,49; 7276,572;  234,522;40792,902;17,36275
 673,06; 7244,656;  184,897;40920,291;17,33077
 673,64; 7210,865;  203,272;40888,054;17,22411
 674,21; 7212,449;  201,897;40777,443;17,27778
 674,79; 7177,533;  220,522;41113,831;17,01259
 675,36; 7169,618;  229,647;41100,845;16,98010
 675,93; 7081,077;  208,147;41046,483;16,82960
 676,51; 7120,411;  219,897;41191,872;16,84203
 677,08; 7079,995;  222,147;41243,885;16,71760
 677,65; 7022,579;  214,647;41410,149;16,52591
 678,23; 7099,038;  234,772;41534,037;16,62080
 678,80; 7050,997;  214,147;41712,301;16,47507
 679,38; 6993,332;  218,647;41881,689;16,26066
 679,95; 7039,791;  212,897;42105,453;16,29620
 680,52; 7054,875;  215,772;42445,716;16,19491
 681,10; 7128,084;  224,522;42805,105;16,21294
 681,67; 7057,543;  229,272;43003,868;15,96338
 682,24; 7058,627;  202,522;43020,757;16,01212
 682,82; 7098,462;  210,397;43593,645;15,87725
 683,39; 7173,796;  251,522;43870,284;15,86995
 683,96; 7181,380;  221,647;44287,672;15,79388
 684,54; 7137,464;  202,272;44636,686;15,60770
 685,11; 7251,048;  235,522;44930,074;15,69660
 685,68; 7248,882;  217,397;45240,838;15,61739
 686,25; 7199,341;  203,022;45370,851;15,48961
 686,83; 7267,801;  206,397;45587,240;15,56032
 687,40; 7218,885;  195,147;45944,253;15,35273
 687,97; 7309,344;  238,397;46215,767;15,37919
 688,55; 7258,303;  204,772;46199,280;15,33559
 689,12; 7252,887;  183,897;46496,794;15,26355
 689,69; 7305,971;  207,522;46643,807;15,28643
 690,26; 7259,431;  206,522;46709,446;15,16659
 690,84; 7254,640;  217,897;46768,459;15,11634
 691,41; 7252,849;  222,272;46807,473;15,09187
 691,98; 7263,183;  224,272;47205,861;14,98228
 692,56; 7262,267;  205,397;47227,000;15,00772
 693,13; 7312,976;  268,147;47281,013;14,98490
 693,70; 7251,436;  230,897;47426,777;14,87532
 694,27; 7218,270;  202,897;47620,040;14,79501
 694,84; 7241,104;  198,772;47566,179;14,86746
 695,42; 7283,563;  252,397;47824,692;14,77996
 695,99; 7303,522;  222,022;48003,331;14,82065
 696,56; 7231,856;  203,897;47896,344;14,73600
 697,13; 7246,690;  226,647;48260,233;14,61486
 697,71; 7270,025;  188,272;48192,496;14,75235
 698,28; 7231,859;  212,522;48604,385;14,50520
 698,85; 7161,818;  189,272;48724,898;14,36583
 699,42; 7207,777;  196,647;49057,162;14,34928
 699,99; 7187,111;  221,272;48942,425;14,29736
 700,57; 7203,445;  228,147;49058,189;14,28485
 701,14; 7140,030;  218,647;49041,827;14,17643
 701,71; 7222,614;  230,772;49332,091;14,23962
 702,28; 7178,573;  211,897;49441,854;14,15129
 702,85; 7119,157;  219,522;49482,743;14,00565
 703,43; 7129,366;  229,772;49606,006;13,97351
 704,00; 7187,325;  240,022;49743,270;14,03404
 704,57; 7143,784;  236,272;49847,283;13,92335
 705,14; 7177,244;  257,772;50073,422;13,89016
 705,71; 7176,578;  262,897;50113,935;13,86868
 706,28; 7203,787;  226,897;49903,574;14,04460
 706,86; 7233,621;  263,022;50261,712;13,94156
 707,43; 7189,580;  270,647;50155,101;13,86992
 708,00; 7198,914;  241,772;50244,364;13,91356
 708,57; 7132,874;  227,397;50043,503;13,86194
 709,14; 7180,458;  251,147;50339,891;13,83407
 709,71; 7183,417;  239,772;50516,280;13,81091
 710,28; 7180,876;  230,522;50682,418;13,77620
 710,86; 7235,460;  244,647;50780,557;13,83336
 711,43; 7239,919;  257,897;50797,195;13,81504
 712,00; 7162,879;  232,647;50808,209;13,70273
 712,57; 7233,963;  233,272;50921,847;13,81118
 713,14; 7198,672;  238,647;51114,361;13,68045
 713,71; 7240,631;  237,522;51083,749;13,77311
 714,28; 7234,965;  234,522;51161,763;13,74597
 714,85; 7205,174;  210,772;50769,776;13,83414
 715,42; 7235,758;  233,147;51107,290;13,76458
 716,00; 7244,718;  258,022;51180,053;13,72038
 716,57; 7246,552;  213,897;51316,817;13,76175
 717,14; 7291,011;  215,522;51209,455;13,87516
 717,71; 7193,595;  198,772;51251,844;13,70108
 718,28; 7252,054;  238,397;51250,857;13,74891
 718,85; 7272,138;  216,897;51271,246;13,81908
 719,42; 7286,098;  232,522;51434,509;13,77598
 719,99; 7264,807;  217,022;51234,898;13,81434
 720,56; 7359,516;  220,897;51531,286;13,91262
 721,13; 7333,725;  228,647;51663,800;13,81366
 721,70; 7341,684;  213,772;51482,313;13,90309
 722,27; 7319,143;  233,772;51595,702;13,79499
 722,84; 7376,727;  266,647;51653,465;13,83639
 723,41; 7357,562;  204,772;51662,979;13,90019
 723,98; 7426,146;  233,897;52106,742;13,86515
 724,55; 7416,480;  243,647;52190,131;13,80812
 725,12; 7368,064;  182,397;51986,644;13,87081
 725,69; 7426,148;  213,272;52148,283;13,88827
 726,27; 7446,482;  208,897;52227,921;13,91334
 726,84; 7463,817;  226,522;52581,060;13,82362
 727,41; 7529,651;  226,897;52513,573;13,96676
 727,98; 7556,110;  237,147;52776,962;13,93032
 728,55; 7542,819;  249,522;52741,475;13,89412
 729,12; 7565,528;  207,397;52832,489;13,98217
 729,69; 7583,237;  234,647;52967,127;13,93561
 730,26; 7629,696;  242,022;53259,516;13,93441
 730,82; 7605,406;  230,272;53081,279;13,95458
 731,39; 7592,865;  214,647;53148,793;13,93848
 731,96; 7617,824;  209,772;53419,681;13,92232
 732,53; 7725,408;  236,147;53732,820;13,99949
 733,10; 7697,617;  240,272;53695,583;13,95062
 733,67; 7765,951;  228,897;54010,347;14,01423
 734,24; 7713,286;  218,272;53605,235;14,03903
 734,81; 7825,620;  243,647;53703,499;14,18255
 735,38; 7795,579;  214,022;53489,012;14,23099
 735,95; 7766,038;  217,272;53521,526;14,16166
 736,52; 7859,997;  252,147;53455,165;14,29966
 737,09; 7816,081;  236,772;53278,053;14,28945
 737,66; 7859,416;  277,897;53295,317;14,30005
 738,23; 7906,500;  228,647;53394,705;14,44127
 738,80; 7954,834;  278,272;53729,969;14,36168
 739,37; 7956,918;  243,897;53924,107;14,36846
 739,94; 7971,002;  237,647;53914,996;14,40711
 740,51; 8093,211;  295,772;53858,509;14,55758
 741,07; 8092,670;  224,022;53870,148;14,66769
 741,64; 8114,880;  271,772;53969,161;14,60612
 742,21; 8062,214;  242,022;54225,675;14,48622
 742,78; 8054,298;  206,272;53975,063;14,59588
 743,35; 8159,132;  229,647;54147,077;14,70672
 743,92; 8263,716;  259,522;54364,215;14,79390
 744,49; 8188,300;  236,022;54183,979;14,74065
 745,06; 8219,010;  226,147;54292,617;14,78340
 745,63; 8236,344;  221,397;54261,631;14,83144
 746,19; 8234,803;  217,647;54202,519;14,85075
 746,76; 8243,887;  224,897;54273,033;14,83676
 747,33; 8271,596;  225,397;54181,546;14,91248
 747,90; 8410,305;  242,647;54513,560;15,04979
 748,47; 8370,014;  240,272;54464,948;14,99270
 749,04; 8445,474;  233,772;54465,587;15,14185
 749,61; 8446,183;  255,522;54474,725;15,10657
 750,17; 8465,392;  259,147;54307,239;15,18323
 750,74; 8431,601;  248,522;54279,002;15,14530
 751,31; 8430,935;  226,522;54254,391;15,18552
 751,88; 8505,519;  203,772;54062,029;15,41407
 752,45; 8476,354;  226,272;54285,043;15,26132
 753,02; 8531,313;  228,272;54189,806;15,38696
 753,58; 8460,272;  220,897;54072,570;15,30013
 754,15; 8549,481;  229,897;54223,208;15,40855
 754,72; 8547,690;  229,272;53944,972;15,48601
 755,29; 8553,649;  210,522;53821,985;15,56221
 755,86; 8579,859;  230,147;53900,249;15,55747
 756,42; 8613,943;  240,522;53797,637;15,63456
 756,99; 8611,527;  209,772;53792,526;15,67996
 757,56; 8647,986;  211,272;53686,414;15,77689
 758,13; 8652,320;  187,897;53695,803;15,81901
 758,70; 8779,029;  207,147;53748,441;16,00985
 759,26; 8760,238;  206,772;53792,080;15,96234
 759,83; 8806,448;  198,272;53889,093;16,03286
 760,40; 8913,282;  207,522;53871,982;16,22258
 760,97; 8872,741;  198,397;53763,120;16,19414
 761,53; 8901,325;  171,647;53439,509;16,38826
 762,10; 8928,659;  185,897;53530,897;16,38909
 762,67; 8993,243;  208,397;53401,036;16,51515
 763,24; 8892,578;  172,022;53032,674;16,49725
 763,80; 8957,787;  209,522;53183,188;16,51437
 764,37; 8993,496;  208,147;53113,076;16,60592
 764,94; 9011,705;  197,772;52506,590;16,84980
 765,50; 8995,414;  185,272;52608,228;16,80589
 766,07; 9093,873;  234,147;52650,367;16,90264
 766,64; 9069,332;  200,897;52395,755;16,99101
 767,21; 9049,167;  212,022;52256,019;16,98014
 767,77; 9137,251;  230,897;52181,782;17,14380
 768,34; 9189,085;  224,022;52141,921;17,26777
 768,91; 9161,544;  210,272;51932,059;17,30658
 769,47; 9158,753;  220,522;51984,448;17,26730
 770,04; 9257,087;  217,647;51950,836;17,47319
 770,61; 9194,422;  209,397;51690,850;17,45294
 771,18; 9189,881;  197,397;51606,863;17,49188
 771,74; 9337,965;  213,772;51713,627;17,71693
 772,31; 9271,424;  225,147;51493,515;17,64495
 772,88; 9266,633;  201,647;51172,029;17,78481
 773,44; 9243,217;  205,897;51201,792;17,72166
 774,01; 9337,426;  219,397;51241,431;17,87077
 774,58; 9329,011;  199,647;50952,944;17,98773
 775,14; 9294,970;  216,522;51019,708;17,86984
 775,71; 9319,804;  206,647;51055,221;17,92215
 776,27; 9443,513;  244,397;50806,110;18,19384
 776,84; 9550,222;  262,522;50818,623;18,37108
 777,41; 9437,431;  213,772;50713,512;18,26477
 777,97; 9420,516;  216,022;50489,650;18,30879
 778,54; 9519,850;  217,272;50523,664;18,49184
 779,11; 9568,934;  247,897;50472,302;18,55878
 779,67; 9548,643;  202,272;50453,691;18,59922
 780,24; 9613,352;  224,522;50230,329;18,77548
 780,80; 9631,561;  244,397;50167,843;18,80312
 781,37; 9647,271;  223,522;50194,481;18,85845
 781,94; 9606,230;  219,647;49885,620;18,89942
 782,50; 9672,564;  226,147;50009,133;18,97519
 783,07; 9755,023;  251,397;49965,772;19,11646
 783,63; 9775,357;  207,647;49726,410;19,32138
 784,20; 9849,441;  240,147;49531,549;19,49487
 784,77; 9766,400;  224,772;49460,187;19,37960
 785,33; 9753,735;  206,772;49220,451;19,47816
 785,90; 9873,069;  216,897;49166,464;19,72678
 786,46; 9908,403;  241,272;49074,228;19,79633
 787,03; 9825,612;  201,522;48952,741;19,74123
 787,59; 9904,071;  226,647;48939,255;19,86636
 788,16; 9940,780;  244,772;48804,893;19,96702
 788,73; 9933,240;  242,022;48709,782;19,99518
 789,29; 9961,074;  216,772;48409,545;20,21943
 789,86;10001,533;  232,147;48263,934;20,33942
 790,42;10019,242;  232,897;48145,447;20,42543
 790,99;10019,701;  232,522;47797,961;20,57624
 791,55;10042,910;  231,147;47829,474;20,61367
 792,12;10067,619;  239,772;47676,488;20,71781
 792,68;10061,329;  225,272;47379,876;20,85917
 793,25;10051,788;  241,272;47168,765;20,90569
 793,81;10100,872;  259,772;46823,778;21,13456
 794,38; 9998,456;  201,147;46585,042;21,12222
 794,94;10039,915;  213,522;46600,305;21,18361
 795,51;10092,499;  236,897;46268,819;21,41037
 796,07;10042,959;  233,272;46125,332;21,37556
 796,64;10129,293;  245,522;46230,471;21,49349
 797,20;10113,877;  230,897;45686,234;21,74218
 797,77;10049,711;  210,397;45411,873;21,76768
 798,33;10087,545;  216,772;45246,511;21,92057
 798,90;10176,254;  250,522;45131,650;22,11560
 799,46;10053,964;  217,772;44524,663;22,20014
 800,03;10109,673;  219,522;44510,427;22,32998
 800,59;10083,382;  247,772;44254,815;22,35008
 801,15;10135,216;  238,022;44210,954;22,50747
 801,72;10125,925;  233,397;43915,717;22,64653
 802,28;10103,509;  264,897;43571,481;22,71851
 802,85;10169,343;  220,647;43485,119;22,99507
 803,41;10165,303;  223,772;43268,883;23,09561
 803,98;10082,137;  224,022;42834,521;23,13541
 804,54;10120,971;  225,397;42568,535;23,36996
 805,11;10126,805;  228,772;42457,173;23,43928
 805,67;10151,389;  258,897;42340,562;23,50784
 806,23;10078,848;  235,272;41845,075;23,65687
 806,80;10116,558;  250,897;41867,714;23,70595
 807,36;10151,142;  253,522;41886,852;23,77331
 807,93;10116,226;  270,897;41501,366;23,87877
 808,49;10113,685;  216,397;41202,879;24,14769
 809,05;10075,644;  210,522;41011,518;24,17863
 809,62;10185,478;  237,272;40925,281;24,44997
 810,18;10165,937;  247,647;40927,670;24,38123
 810,74;10138,022;  214,272;40519,433;24,62154
 811,31;10126,481;  206,647;40336,572;24,71929
 811,87;10183,440;  221,897;40158,460;24,94342
 812,44;10203,649;  261,272;40159,849;24,91913
 813,00;10136,233;  200,272;40017,862;24,95370
 813,56;10224,442;  244,522;40061,251;25,06464
 814,13;10181,527;  228,647;39922,014;25,07441
 814,69;10154,236;  232,897;39745,903;25,10905
 815,25;10164,820;  199,647;39333,666;25,46422
 815,82;10195,404;  239,897;39241,680;25,52577
 816,38;10266,238;  245,147;39051,069;25,82361
 816,94;10150,822;  212,522;38692,207;25,82740
 817,51;10182,032;  215,772;38643,596;25,93501
 818,07;10199,116;  213,897;38369,859;26,16948
 818,63;10163,075;  241,397;38202,873;26,13618
 819,20;10223,284;  233,147;38011,636;26,44398
 819,76;10146,118;  204,397;37698,900;26,51514
 820,32;10202,577;  257,147;37606,913;26,62783
 820,89;10174,411;  246,522;37287,802;26,80223
 821,45;10111,371;  225,272;37154,065;26,77071
 822,01;10162,205;  234,647;36927,079;27,05615
 822,57;10213,539;  237,022;36755,467;27,31912
 823,14;10186,248;  208,272;36555,856;27,45155
 823,70;10152,707;  215,647;36270,994;27,56057
 824,26;10129,791;  218,022;36184,508;27,55835
 824,82;10206,251;  232,272;35971,396;27,90773
 825,39;10189,460;  228,147;35791,285;28,01022
 825,95;10246,794;  241,147;35835,048;28,11057
 826,51;10196,503;  227,897;35500,687;28,26146
 827,08;10245,462;  272,397;35594,575;28,23457
 827,64;10182,171;  236,647;35309,964;28,35638
 828,20;10155,255;  220,272;35049,227;28,52507
 828,76;10184,965;  243,772;34963,741;28,63249
 829,32;10205,049;  242,647;34835,879;28,79870
 829,89;10187,008;  212,647;34741,518;28,88702
 830,45;10191,092;  229,022;34673,156;28,92240
 831,01;10256,551;  212,147;34502,295;29,29239
 831,57;10245,635;  232,897;34402,683;29,30290
 832,14;10225,970;  217,272;34294,697;29,37046
 832,70;10210,054;  219,522;34085,460;29,50024
 833,26;10274,513;  197,647;33985,849;29,82362
 833,82;10277,722;  213,397;33944,612;29,83683
 834,38;10359,931;  222,022;34042,126;29,97599
 834,95;10333,515;  208,522;33847,889;30,09864
 835,51;10352,599;  194,522;33723,028;30,29684
 836,07;10385,059;  228,772;33794,666;30,25776
 836,63;10486,643;  235,772;33762,305;30,57540
 837,19;10472,727;  225,522;33579,818;30,72229
 837,75;10403,811;  207,272;33234,832;30,87282
 838,32;10469,895;  253,397;33500,845;30,72867
 838,88;10537,729;  241,647;33440,109;31,01373
 839,44;10588,564;  227,022;33300,122;31,32921
 840,00;10669,773;  233,772;33201,261;31,65543
 840,56;10522,732;  202,147;33049,399;31,41993
 841,12;10606,316;  205,397;32961,038;31,75306
 841,68;10586,525;  202,272;32802,801;31,85302
 842,25;10706,484;  214,397;32811,690;32,18699
 842,81;10551,694;  202,272;32559,828;31,98456
 843,37;10664,653;  197,772;32580,842;32,32208
 843,93;10757,362;  212,272;32547,855;32,61141
 844,49;10787,696;  221,522;32594,494;32,63888
 845,05;10713,655;  190,397;32289,132;32,78403
 845,61;10775,364;  229,022;32463,146;32,71794
 846,17;10792,573;  221,647;32359,409;32,89254
 846,73;10893,783;  235,522;32193,423;33,35094
 847,29;10831,492;  194,147;32062,311;33,37922
 847,86;10872,701;  196,647;32006,200;33,56241
 848,42;10823,285;  200,022;31846,338;33,56872
 848,98;10888,619;  213,522;31706,727;33,89651
 849,54;10963,453;  206,272;31832,115;34,01390
 850,10;10917,913;  223,022;31711,004;33,96499
 850,66;10903,497;  193,647;31528,142;34,17910
 851,22;10940,081;  202,647;31387,156;34,43195
 851,78;11019,415;  245,772;31456,419;34,51913
 852,34;10995,624;  216,647;31208,308;34,78025
 852,90;10996,333;  215,272;31164,196;34,83501
 853,46;10990,917;  202,397;30932,335;35,10752
 854,02;11010,252;  213,522;31022,223;35,04442
 854,58;11005,336;  218,522;30742,737;35,33855
 855,14;10948,795;  200,397;30736,000;35,19956
 855,70;11013,879;  180,022;30510,014;35,71995
 856,26;11071,963;  229,147;30392,902;35,94651
 856,82;10971,422;  201,772;30308,666;35,77138
 857,38;11095,257;  227,897;30256,054;36,19056
 857,94;11070,341;  208,022;30182,318;36,23878
 858,50;11107,300;  222,397;30008,956;36,54300
 859,06;11074,634;  217,147;29734,345;36,78360
 859,62;11114,968;  221,397;29691,483;36,96484
 860,18;11126,552;  219,022;29606,372;37,11641
 860,74;11028,012;  183,522;29445,760;37,05967
 861,30;11066,971;  185,897;29227,774;37,46684
 861,86;11166,930;  228,397;29317,287;37,60382
 862,42;11118,389;  208,522;29164,551;37,67736
 862,98;11142,223;  234,147;29081,064;37,81366
 863,54;11060,307;  227,397;28914,203;37,76269
 864,10;11144,516;  216,022;28889,341;38,11381
 864,66;11080,976;  185,272;28739,855;38,15746
 865,22;11104,435;  215,397;28594,993;38,36925
 865,78;11119,519;  221,147;28450,382;38,60669
 866,34;11124,478;  208,147;28415,645;38,70010
 866,90;11167,937;  221,772;28277,784;39,01540
 867,45;11094,146;  233,772;27989,172;39,12887
 868,01;11082,731;  223,272;27879,061;39,26649
 868,57;10994,565;  231,397;27725,449;39,14726
 869,13;11066,399;  204,647;27746,463;39,43731
 869,69;11085,483;  197,897;27460,851;39,93546
 870,25;11065,317;  202,397;27389,240;39,95653
 870,81;11158,151;  208,647;27389,878;40,28333
 871,37;11081,985;  219,272;27306,892;40,10213
 871,93;11124,320;  230,647;27169,530;40,43847
 872,49;11142,779;  233,897;26892,294;40,92100
 873,04;11104,238;  200,897;26664,557;41,20118
 873,60;11045,447;  191,522;26735,696;40,89005
 874,16;11105,406;  226,897;26601,834;41,24563
 874,72;11072,906;  212,272;26468,459;41,36410
 875,28;11083,781;  227,022;26342,209;41,57259
 875,84;11158,906;  217,272;26326,084;41,90782
 876,40;11067,906;  215,022;26211,959;41,74678
 876,95;11184,031;  219,897;26214,209;42,17897
 877,51;11297,656;  232,522;26216,209;42,58493
 878,07;11276,281;  251,147;26187,959;42,50767
 878,63;11325,531;  213,897;26115,209;42,89989
 879,19;11414,531;  228,897;26323,209;42,86618
 879,75;11467,156;  222,897;26282,459;43,14830
 880,30;11531,031;  211,897;26304,834;43,38007
 880,86;11606,156;  252,147;26477,834;43,29347
 881,42;11644,031;  196,647;26447,459;43,60773
 881,98;11718,281;  228,397;26470,959;43,78339
 882,54;11803,031;  207,022;26702,959;43,76524
 883,09;11920,781;  214,272;26697,834;44,20293
 883,65;11996,281;  195,647;26812,209;44,33568
 884,21;12195,281;  240,772;26956,459;44,74715
 884,77;12204,906;  205,272;26994,834;44,79220
 885,32;12365,031;  215,897;27151,834;45,10381
 885,88;12468,406;  253,147;27413,334;44,97487
 886,44;12558,156;  232,522;27429,209;45,32035
 887,00;12581,531;  234,397;27392,834;45,46335
 887,56;12673,531;  223,272;27562,709;45,53956
 888,11;12744,281;  217,647;27461,959;45,97890
 888,67;12897,531;  244,772;27707,459;46,07255
 889,23;12924,281;  242,897;27733,709;46,12954
 889,79;12892,281;  215,272;27678,084;46,16064
 890,34;12890,656;  223,147;27513,959;46,41675
 890,90;13045,031;  268,772;27625,209;46,70294
 891,46;13038,406;  214,147;27675,459;46,69937
 892,01;13077,906;  251,022;27653,709;46,80886
 892,57;13046,531;  245,022;27529,834;46,91808
 893,13;12992,406;  212,522;27317,584;47,14944
 893,69;13038,406;  214,272;27253,209;47,42840
 894,24;13077,281;  228,022;27190,334;47,65637
 894,80;12980,906;  235,897;27069,834;47,49586
 895,36;13038,781;  230,397;26973,834;47,89356
 895,91;12926,031;  228,272;26729,959;47,91302
 896,47;12929,781;  222,272;26672,209;48,04363
 897,03;12908,156;  210,772;26426,959;48,43337
 897,58;12907,031;  235,022;26363,084;48,49961
 898,14;12871,656;  228,647;26120,084;48,83085
 898,70;12865,281;  195,272;25985,334;49,12749
 899,25;12934,281;  220,522;26025,959;49,26775
 899,81;12870,156;  230,647;25833,584;49,36742
 900,37;12797,156;  196,647;25623,959;49,55502
 900,92;12856,281;  218,897;25642,084;49,70810
 901,48;12825,531;  210,897;25443,459;49,99347
 902,03;12847,031;  217,647;25365,084;50,22136
 902,59;12783,156;  214,647;25122,709;50,45960
 903,15;12784,031;  233,147;25071,959;50,52933
 903,70;12718,406;  226,647;24830,084;50,77241
 904,26;12798,781;  196,147;24751,709;51,32293
 904,82;12797,281;  224,772;24692,334;51,38440
 905,37;12792,281;  218,647;24568,584;51,63723
 905,93;12766,281;  206,022;24431,209;51,84793
 906,48;12760,531;  219,272;24324,709;52,02668
 907,04;12817,781;  234,897;24439,209;51,98613
 907,60;12759,156;  215,647;24090,584;52,53840
 908,15;12712,031;  203,272;23895,334;52,79726
 908,71;12751,656;  236,147;24052,084;52,55098
 909,26;12740,906;  211,147;23831,584;53,04626
 909,82;12688,531;  240,272;23757,584;52,93232
 910,37;12650,156;  258,897;23672,334;52,92371
 910,93;12642,906;  204,522;23450,334;53,50806
 911,48;12540,531;  205,772;23314,084;53,37802
 912,04;12569,781;  211,272;23190,709;53,78073
 912,60;12591,406;  232,897;23184,584;53,84575
 913,15;12588,781;  219,647;23045,334;54,18954
 913,71;12505,156;  218,022;22883,834;54,20999
 914,26;12461,156;  201,772;22870,334;54,08100
 914,82;12528,656;  217,022;22759,584;54,61506
 915,37;12493,531;  205,522;22601,459;54,86714
 915,93;12504,906;  247,772;22519,959;55,03337
 916,48;12434,906;  203,272;22453,209;54,97379
 917,04;12513,031;  235,397;22319,334;55,59531
 917,59;12485,406;  244,772;22180,459;55,80237
 918,15;12422,531;  198,397;22052,959;55,93402
 918,70;12376,781;  214,772;21989,584;55,85357
 919,26;12503,031;  222,272;21880,584;56,70229
 919,81;12358,906;  208,397;21695,584;56,54770
 920,37;12438,781;  211,772;21550,334;57,30006
 920,92;12380,906;  233,022;21502,584;57,11394
 921,48;12307,781;  200,022;21338,459;57,27840
 922,03;12337,531;  203,272;21372,709;57,31971
 922,59;12346,281;  202,272;21231,459;57,74835
 923,14;12270,531;  191,647;21121,209;57,71207
 923,69;12341,031;  213,272;20985,459;58,38460
 924,25;12312,406;  236,147;21041,834;58,04307
 924,80;12183,031;  223,147;20689,959;58,43550
 925,36;12193,281;  210,897;20678,959;58,54186
 925,91;12152,906;  207,022;20544,334;58,73876
 926,47;12129,031;  201,147;20532,959;58,66611
 927,02;12096,156;  241,897;20449,959;58,66104
 927,57;12062,156;  225,772;20289,834;58,99296
 928,13;12068,031;  222,772;20254,584;59,13224
 928,68;12091,781;  213,022;20173,334;59,51189
 929,24;12011,281;  199,397;19971,834;59,73914
 929,79;11895,531;  207,522;19856,959;59,48267
 930,34;11905,656;  216,147;19728,459;59,90838
 930,90;11911,031;  205,647;19757,209;59,86930
 931,45;11978,656;  237,772;19578,834;60,70444
 932,01;11950,406;  228,272;19640,084;60,38660
 932,56;11881,781;  234,022;19455,459;60,59775
 933,11;11968,406;  235,772;19334,709;61,43082
 933,67;11820,656;  215,647;19160,834;61,25571
 934,22;11884,031;  216,772;19085,834;61,83275
 934,77;11853,406;  248,522;18974,334;61,97266
 935,33;11891,781;  228,397;18956,709;62,27675
 935,88;11857,781;  234,772;18826,709;62,51640
 936,43;11827,656;  200,647;18710,834;62,81411
 936,99;11802,531;  215,522;18576,959;63,10513
 937,54;11834,281;  198,647;18466,959;63,69299
 938,09;11834,781;  207,897;18400,209;63,91098
 938,65;11852,531;  210,272;18317,459;64,29634
 939,20;11788,406;  202,522;18263,959;64,14708
 939,75;11797,281;  207,272;18139,959;64,63063
 940,31;11741,281;  194,147;18032,584;64,73176
 940,86;11755,406;  207,397;18008,334;64,87304
 941,41;11852,406;  253,147;17864,709;65,86161
 941,96;11733,031;  198,022;17905,334;65,14263
 942,52;11723,906;  220,897;17687,584;65,85685
 943,07;11742,531;  189,772;17574,584;66,45317
 943,62;11642,406;  210,022;17599,334;65,74374
 944,18;11619,281;  194,897;17519,834;65,94185
 944,73;11557,031;  203,147;17382,209;66,09141
 945,28;11469,281;  168,522;17236,084;66,21191
 945,83;11529,031;  216,647;17201,959;66,60098
 946,39;11471,781;  213,022;17154,334;66,45742
 946,94;11430,781;  227,772;17045,584;66,61395
 947,49;11398,906;  204,272;16969,334;66,77359
 948,04;11439,531;  217,272;16936,834;67,12053
 948,59;11405,281;  223,897;16853,709;67,23698
 949,15;11374,531;  204,897;16784,209;67,37091
 949,70;11316,781;  213,647;16669,209;67,47344
 950,25;11358,656;  214,022;16527,334;68,31619
 950,80;11298,031;  176,772;16457,959;68,30742
 951,36;11220,906;  166,647;16458,709;67,85058
 951,91;11237,281;  231,397;16354,959;68,25963
 952,46;11077,781;  184,647;16232,584;67,87872
 953,01;11181,781;  216,897;16222,834;68,50511
 953,56;11051,406;  182,647;16112,209;68,23012
 954,11;11068,781;  210,397;16000,209;68,76829
 954,67;11032,281;  194,522;15983,959;68,63930
 955,22;10992,156;  186,897;15812,334;69,15172
 955,77;11046,156;  228,522;15775,459;69,58048
 956,32;10975,656;  237,022;15673,959;69,56454
 956,87;10967,781;  193,647;15575,334;70,04520
 957,42;10910,906;  203,772;15448,959;70,23288
 957,98;10925,281;  190,522;15384,334;70,65218
 958,53;10917,031;  219,397;15384,584;70,54073
 959,08;10828,031;  199,022;15220,209;70,76011
 959,63;10781,656;  189,647;15203,334;70,54902
 960,18;10879,781;  205,272;15059,709;71,86074
 960,73;10831,531;  203,647;15075,084;71,46508
 961,28;10754,656;  183,147;14963,334;71,52487
 961,83;10811,281;  229,897;14939,334;71,93602
 962,39;10774,656;  196,897;14815,584;72,35779
 962,94;10809,531;  213,647;14778,459;72,74989
 963,49;10714,656;  212,272;14666,709;72,65855
 964,04;10688,156;  231,397;14566,584;72,94470
 964,59;10662,781;  182,897;14460,584;73,40043
 965,14;10638,656;  222,022;14407,834;73,42995
 965,69;10627,906;  206,772;14288,209;74,00618
 966,24;10588,031;  200,272;14204,084;74,17808
 966,79;10498,031;  218,147;14146,084;73,80766
 967,34;10487,531;  183,772;14097,084;74,05684
 967,89;10453,656;  216,147;14001,959;74,26120
 968,44;10452,406;  214,022;13888,959;74,86970
 968,99;10499,656;  220,522;13840,959;75,46846
 969,55;10439,031;  219,022;13754,959;75,50278
 970,10;10379,656;  214,522;13705,834;75,34578
 970,65;10346,781;  218,522;13561,709;75,90585
 971,20;10261,406;  203,272;13435,459;76,01263
 971,75;10228,156;  181,397;13312,709;76,50994
 972,30;10157,281;  213,397;13295,084;76,01377
 972,85;10090,031;  191,897;13248,084;75,81183
 973,40;10072,031;  194,272;13105,459;76,50543
 973,95;10081,781;  215,647;12940,584;77,53385
 974,50; 9991,156;  216,772;12899,709;77,06720
 975,05; 9990,656;  218,522;12885,584;77,14602
 975,60; 9962,656;  232,147;12789,834;77,48647
 976,15; 9866,281;  205,272;12644,459;77,66592
 976,70; 9892,281;  217,772;12546,084;78,47391
 977,25; 9846,031;  210,272;12536,834;78,17069
 977,80; 9744,781;  202,647;12444,584;77,94628
 978,35; 9686,281;  214,397;12210,959;78,95499
 978,89; 9628,656;  201,647;12198,709;78,57765
 979,44; 9617,906;  211,522;12186,834;78,54813
 979,99; 9543,406;  203,897;11992,584;79,22434
 980,54; 9513,906;  233,897;11982,084;78,99099
 981,09; 9456,906;  227,272;11809,334;79,68904
 981,64; 9363,156;  209,647;11653,209;79,98828
 982,19; 9336,031;  243,522;11684,334;79,47433
 982,74; 9242,406;  223,522;11617,459;79,15512
 983,29; 9144,156;  195,772;11414,959;79,75965
 983,84; 9157,031;  230,647;11298,584;80,65084
 984,39; 9175,531;  250,647;11195,834;81,54163
 984,94; 9072,656;  199,647;11162,334;80,93827
 985,49; 8994,906;  246,397;11103,709;80,57712
 986,03; 8931,281;  240,272;11042,209;80,45788
 986,58; 8871,406;  245,897;10848,084;81,35594
 987,13; 8752,906;  216,522;10773,834;80,85755
 987,68; 8767,156;  232,272;10673,959;81,73855
 988,23; 8715,656;  231,772;10604,209;81,79258
 988,78; 8647,406;  218,022;10480,209;82,14023
 989,33; 8583,406;  215,897;10342,209;82,63136
 989,88; 8539,281;  233,647;10234,584;83,04856
 990,42; 8434,781;  207,647;10215,834;82,20404
 990,97; 8378,906;  212,147;10071,084;82,83610
 991,52; 8359,656;  235,147; 9989,209;83,29360
 992,07; 8347,156;  246,772; 9876,834;84,11560
 992,62; 8257,281;  219,772; 9786,084;84,01889
 993,17; 8230,531;  223,772; 9700,459;84,48901
 993,71; 8136,281;  228,022; 9622,084;84,18359
 994,26; 8027,156;  187,147; 9476,709;84,39589
 994,81; 8043,531;  245,772; 9394,334;85,23480
 995,36; 7921,031;  207,897; 9329,709;84,55704
 995,91; 7928,031;  221,647; 9250,959;85,34852
 996,45; 7834,906;  222,647; 9172,584;85,05377
 997,00; 7807,781;  219,147; 8976,834;86,65112
 997,55; 7730,656;  225,772; 8982,834;85,70093
 998,10; 7662,531;  244,397; 8873,334;85,96811
 998,65; 7621,281;  228,022; 8756,959;86,68441
 999,19; 7545,781;  237,897; 8633,334;87,04590
 999,74; 7489,156;  239,522; 8568,209;87,04414
1000,29; 7482,281;  235,397; 8497,084;87,71676
1000,84; 7302,281;  224,772; 8411,084;86,45540
1001,38; 7259,031;  220,147; 8316,959;86,93402
1001,93; 7243,906;  227,897; 8253,334;87,42214
1002,48; 7088,156;  202,397; 8117,834;86,99152
1003,03; 7107,781;  225,772; 8078,334;87,64030
1003,57; 6999,156;  233,522; 7930,334;87,90177
1004,12; 6911,656;  235,397; 7915,959;86,92409
1004,67; 6857,406;  217,897; 7763,709;87,98932
1005,22; 6737,156;  209,397; 7650,209;87,72912
1005,76; 6641,406;  205,522; 7540,459;87,74287
1006,31; 6587,906;  244,647; 7497,084;87,46383
1006,86; 6504,281;  211,522; 7323,334;88,48320
1007,40; 6391,531;  209,397; 7227,084;88,09361
1007,95; 6375,406;  216,522; 7204,709;88,13279
1008,50; 6311,406;  227,397; 7034,459;89,37790
1009,04; 6203,031;  232,272; 6943,334;88,96891
1009,59; 6100,156;  228,647; 6828,584;88,96311
1010,14; 6003,656;  206,022; 6734,709;88,80245
1010,68; 5989,281;  225,397; 6630,084;89,99478
1011,23; 5936,406;  212,147; 6544,959;90,39048
1011,78; 5856,906;  228,647; 6451,584;90,44377
1012,32; 5824,531;  219,397; 6317,084;91,92230
1012,87; 5791,781;  243,147; 6347,459;90,89696
1013,42; 5636,406;  205,147; 6236,209;90,05477
1013,96; 5716,156;  248,772; 6186,209;92,08323
1014,51; 5588,906;  172,897; 6127,209;90,95944
1015,06; 5639,281;  201,647; 6081,334;92,48169
1015,60; 5674,531;  260,897; 6193,209;91,25673
1016,15; 5656,781;  218,522; 6144,834;91,76464
1016,69; 5707,406;  213,397; 6149,834;92,54725
1017,24; 5694,781;  197,147; 6175,584;91,95771
1017,79; 5756,781;  237,647; 6213,959;92,35016
1018,33; 5782,781;  200,522; 6216,834;92,78540
1018,88; 5841,406;  233,647; 6250,334;93,20343
1019,42; 5806,906;  213,397; 6211,334;93,25721
1019,97; 5789,781;  205,147; 6211,084;92,98522
1020,51; 5903,656;  214,897; 6286,084;93,70093
1021,06; 5844,281;  183,147; 6306,959;92,44461
1021,61; 5821,281;  188,397; 6276,584;92,52153
1022,15; 5811,031;  156,897; 6195,709;93,62990
1022,70; 5836,531;  212,647; 6213,709;93,71481
1023,24; 5782,281;  212,022; 6153,584;93,75075
1023,79; 5787,031;  209,147; 6105,834;94,59352
1024,33; 5773,031;  212,272; 6004,209;96,00862
1024,88; 5679,906;  225,772; 5988,459;94,64567
1025,42; 5620,281;  219,772; 5922,584;94,69905
1025,97; 5589,406;  199,897; 5814,334;95,99375
1026,51; 5474,406;  177,772; 5700,209;95,91117
1027,06; 5420,406;  191,772; 5676,834;95,32497
1027,60; 5364,406;  209,397; 5550,709;96,51203
1028,15; 5309,906;  227,897; 5451,834;97,28312
1028,69; 5212,656;  184,772; 5357,959;97,19123
1029,24; 5191,031;  197,772; 5283,834;98,17534
1029,78; 5077,281;  194,647; 5201,084;97,52712
1030,33; 4961,656;  189,147; 5094,209;97,29763
1030,87; 4976,156;  203,022; 5062,959;98,21390
1031,42; 4860,406;  187,022; 4911,084;98,92723
1031,96; 4811,031;  211,397; 4902,959;98,04056
1032,51; 4758,031;  198,022; 4839,209;98,25092
1033,05; 4730,156;  217,272; 4751,834;99,52194
1033,60; 4570,281;  180,022; 4623,459;98,80322
1034,14; 4574,656;  209,272; 4589,334;99,66489
1034,69; 4563,281;  198,272; 4512,709;101,17215
1035,23; 4455,031;  197,897; 4445,209;100,23125
1035,77; 4419,531;  193,272; 4417,584;100,04609
1036,32; 4361,781;  190,147; 4352,209;100,22998
1036,86; 4317,906;  195,022; 4310,084;100,19008
1037,41; 4273,281;  210,397; 4217,709;101,38676
1037,95; 4194,156;  175,897; 4189,084;100,12638
1038,50; 4173,531;  186,522; 4116,209;101,45869
1039,04; 4120,656;  216,022; 4050,959;101,81742
1039,58; 4015,531;  197,022; 3977,084;101,01710
1040,13; 4036,531;  209,897; 3952,084;102,25662
1040,67; 3985,031;  230,272; 3881,334;102,84018
1041,21; 3941,406;  237,397; 3795,834;104,09089
1041,76; 3856,406;  186,772; 3728,709;103,60528
1042,30; 3834,531;  200,897; 3677,459;104,51802
1042,85; 3785,406;  211,272; 3635,334;104,38286
1043,39; 3709,406;  207,897; 3600,959;103,19614
1043,93; 3708,906;  218,272; 3553,209;104,66866
1044,48; 3645,656;  195,522; 3477,959;105,10891
1045,02; 3613,531;  191,272; 3456,709;104,80248
1045,56; 3544,281;  217,397; 3440,959;103,20521
1046,11; 3539,406;  207,272; 3359,834;105,69606
1046,65; 3474,406;  219,522; 3314,834;105,15528
1047,19; 3437,281;  186,397; 3271,459;105,37499
1047,74; 3339,906;  191,022; 3189,709;105,00875
1048,28; 3317,531;  226,647; 3138,709;106,14073
1048,82; 3320,156;  219,397; 3179,834;104,73990
1049,37; 3244,781;  214,147; 3110,834;104,62414
1049,91; 3225,406;  199,522; 3054,334;105,99240
1050,45; 3202,406;  228,522; 3025,084;106,34071
1050,99; 3156,656;  205,647; 2946,209;107,67897
1051,54; 3079,406;  195,147; 2910,959;106,20245
1052,08; 3106,531;  218,397; 2873,834;108,76303
1052,62; 3024,156;  216,022; 2846,334;106,76048
1053,16; 2992,656;  202,897; 2788,459;107,89758
1053,71; 2979,406;  215,397; 2736,834;109,62038
1054,25; 2921,531;  228,897; 2712,334;108,42368
1054,79; 2904,531;  215,647; 2690,209;108,66100
1055,33; 2812,781;  201,647; 2626,459;107,68397
1055,88; 2835,156;  210,897; 2605,959;109,56956
1056,42; 2784,031;  236,522; 2617,084;107,01292
1056,96; 2756,156;  228,147; 2561,209;108,35584
1057,50; 2695,906;  211,897; 2510,709;108,05620
1058,05; 2693,281;  209,022; 2403,084;113,22646
1058,59; 2645,156;  229,522; 2407,584;110,90749
1059,13; 2577,531;  192,522; 2366,209;109,72181
1059,67; 2578,531;  223,272; 2342,834;111,12007
1060,21; 2511,406;  204,897; 2264,334;111,99706
1060,76; 2514,656;  230,522; 2288,584;110,98469
1061,30; 2486,406;  234,397; 2277,834;110,20691
1061,84; 2427,656;  206,397; 2207,584;110,99706
1062,38; 2373,781;  202,897; 2156,209;111,13861
1062,92; 2378,906;  246,022; 2150,584;111,98815
1063,46; 2358,531;  231,647; 2133,334;111,84195
1064,01; 2283,156;  192,647; 2088,959;110,24076
1064,55; 2277,781;  218,647; 2059,084;111,88287
1065,09; 2228,781;  183,272; 2037,209;110,33324
1065,63; 2255,656;  241,022; 2018,459;113,34488
1066,17; 2219,406;  225,647; 2005,209;112,03649
1066,71; 2189,406;  232,772; 1964,459;112,99004
1067,25; 2157,156;  217,272; 1924,334;113,63874
1067,80; 2147,906;  227,272; 1927,084;112,99095
1068,34; 2132,281;  240,397; 1911,334;113,22293
1068,88; 2069,656;  207,272; 1840,459;114,03371
1069,42; 2093,281;  246,522; 1900,959;111,62461
1069,96; 2025,281;  217,772; 1820,709;112,76231
1070,50; 2038,531;  247,397; 1834,334;112,86735
1071,04; 1956,156;  207,147; 1765,959;112,20140
1071,58; 1955,031;  221,272; 1785,209;110,85861
1072,12; 1957,031;  213,897; 1749,959;113,48069
1072,66; 1936,406;  227,272; 1722,084;114,33771
1073,21; 1922,656;  235,897; 1719,959;113,65824
1073,75; 1905,031;  226,272; 1690,459;114,65467
1074,29; 1855,906;  228,147; 1655,334;114,05365
1074,83; 1879,531;  229,147; 1653,209;115,89269
1075,37; 1823,906;  225,022; 1633,709;113,50171
1075,91; 1821,656;  227,022; 1588,459;117,12872
1076,45; 1776,156;  231,397; 1595,209;113,26772
1076,99; 1783,031;  232,647; 1559,584;116,83929
1077,53; 1726,531;  215,647; 1523,209;115,54969
1078,07; 1724,656;  227,272; 1520,334;115,80139
1078,61; 1697,906;  217,772; 1533,709;112,47756
1079,15; 1690,281;  217,772; 1481,334;116,53633
1079,69; 1697,031;  228,147; 1464,834;118,77571
1080,23; 1679,156;  238,897; 1469,334;117,05262
1080,77; 1670,281;  255,522; 1440,334;119,40787
1081,31; 1631,656;  211,522; 1424,834;117,04605
1081,85; 1636,781;  234,147; 1415,084;118,77296
1082,39; 1584,156;  225,647; 1392,084;116,46654
1082,93; 1568,406;  225,897; 1380,209;116,30381
1083,47; 1516,031;  209,522; 1358,209;113,73932
1084,01; 1522,031;  236,522; 1359,834;114,43916
1084,55; 1506,531;  210,147; 1312,334;117,61922
1085,09; 1523,656;  230,647; 1335,459;117,03428
1085,63; 1503,531;  223,647; 1280,459;121,10799
1086,17; 1445,031;  217,647; 1301,959;113,19471
1086,71; 1435,406;  213,772; 1290,209;113,48865
1087,24; 1432,656;  247,022; 1269,209;115,98991
1087,78; 1437,031;  226,647; 1230,334;120,59375
1088,32; 1385,156;  216,522; 1228,459;115,48484
1088,86; 1408,656;  247,897; 1216,334;119,85899
1089,40; 1404,656;  230,647; 1210,459;119,81980
1089,94; 1328,531;  204,397; 1166,834;116,80077
1090,48; 1339,406;  233,147; 1177,834;117,10321
1091,02; 1342,781;  231,647; 1163,584;119,22842
1091,56; 1324,656;  226,647; 1158,209;117,86749
1092,10; 1302,031;  215,897; 1113,084;121,05991
1092,63; 1314,031;  243,272; 1153,459;117,64163
1093,17; 1262,156;  232,147; 1103,709;118,17963
1093,71; 1231,906;  220,772; 1078,459;117,89077
1094,25; 1271,406;  248,397; 1107,459;119,08439
1094,79; 1224,531;  225,647; 1062,084;119,42128
1095,33; 1243,281;  229,897; 1060,584;121,99345
1095,87; 1212,406;  222,147; 1027,959;122,88955
1096,40; 1179,406;  215,272; 1030,334;118,28963
1096,94; 1192,656;  228,147; 1026,959;120,74290
1097,48; 1188,781;  217,897; 1002,084;123,80768
1098,02; 1148,531;  223,272; 1016,584;116,63240
1098,56; 1113,031;  194,147;  960,709;119,87077
1099,10; 1115,906;  200,397;  966,959;119,43049
1099,63; 1119,781;  202,022;  958,084;121,38671
1100,17; 1133,031;  229,272;  955,709;124,40979
1100,71; 1136,031;  242,397;  960,334;124,47245

