
Integration time [ms]: 130,000
Averaging Nr. [scans]: 7
Smoothing Nr. [pixels]: 0
Data measured with spectrometer [name]: 2009305U1
Wave   ;Sample   ;Dark     ;Reference;Reflectance
[nm]   ;[counts] ;[counts] ;[counts] ;[%]

 175,72;  206,226;  192,986;  201,498;155,55545
 176,32;  223,574;  222,384;  221,717; 0,00000
 176,92;  247,794;  241,385;  235,854; 0,00000
 177,52;  274,214;  259,786;  258,523; 0,00000
 178,12;  237,180;  246,984;  204,441; 0,00000
 178,72;  271,051;  250,783;  241,274; 0,00000
 179,32;  245,701;  247,384;  249,069;-99,86514
 179,92;  254,916;  231,385;  239,762;280,89468
 180,52;  257,086;  244,988;  241,098; 0,00000
 181,12;  266,238;  248,385;  229,716; 0,00000
 181,73;  271,355;  272,585;  262,308; 0,00000
 182,33;  372,550;  306,387;  321,281;444,22880
 182,93;  283,864;  256,186;  256,932; 0,00000
 183,53;  243,501;  246,183;  223,624; 0,00000
 184,13;  254,574;  236,383;  230,131; 0,00000
 184,73;  284,493;  249,982;  256,507;528,94669
 185,33;  284,417;  234,768;  346,100;44,59526
 185,93;  284,958;  232,166;  351,877;44,09933
 186,53;  292,014;  241,967;  348,122;47,14527
 187,13;  327,731;  257,569;  394,908;51,08642
 187,73;  305,282;  220,566;  335,660;73,60569
 188,33;  285,875;  254,365;  362,824;29,05249
 188,93;  305,237;  244,562;  398,475;39,42137
 189,53;  308,856;  258,559;  392,476;37,55823
 190,13;  344,642;  283,155;  430,284;41,79128
 190,73;  292,220;  220,558;  363,114;50,26943
 191,34;  312,816;  253,561;  378,621;47,38140
 191,94;  287,466;  240,364;  345,758;44,69157
 192,54;  311,085;  245,370;  399,729;42,57282
 193,14;  306,678;  248,969;  381,307;43,60771
 193,74;  287,479;  249,968;  364,047;32,88146
 194,34;  292,055;  227,969;  353,891;50,89302
 194,94;  274,185;  218,569;  355,716;40,55250
 195,54;  232,721;  215,168;  334,977;14,65057
 196,14;  278,685;  221,569;  355,380;42,68347
 196,74;  269,773;  216,167;  336,993;44,36603
 197,34;  240,874;  188,971;  344,465;33,37938
 197,94;  264,542;  220,769;  365,195;30,30814
 198,54;  279,240;  238,769;  365,333;31,97647
 199,14;  267,224;  213,971;  370,842;33,94693
 199,74;  260,003;  202,971;  374,033;33,33974
 200,34;  247,311;  199,372;  356,968;30,41889
 200,94;  287,612;  232,170;  410,644;31,06444
 201,54;  260,771;  216,571;  406,478;23,27477
 202,14;  298,832;  231,172;  444,781;31,67454
 202,74;  288,969;  223,371;  453,508;28,50359
 203,34;  264,472;  184,573;  446,416;30,51403
 203,94;  226,582;  173,772;  465,735;18,08795
 204,54;  319,815;  229,569;  530,605;29,97854
 205,14;  283,351;  190,571;  533,994;27,01611
 205,74;  338,772;  239,373;  624,034;25,84056
 206,34;  294,466;  210,772;  632,343;19,85279
 206,94;  306,379;  212,972;  703,417;19,04541
 207,54;  299,003;  188,772;  726,418;20,50249
 208,14;  327,295;  196,172;  794,506;21,91460
 208,74;  336,031;  217,771;  891,670;17,54859
 209,34;  348,735;  210,171;  960,509;18,46684
 209,94;  388,876;  204,571; 1037,280;22,13314
 210,54;  379,112;  213,973; 1112,879;18,37110
 211,14;  408,747;  204,571; 1236,499;19,78588
 211,73;  404,498;  197,971; 1326,867;18,29458
 212,33;  432,548;  206,770; 1438,453;18,33081
 212,93;  430,616;  203,171; 1522,488;17,23962
 213,53;  416,952;  174,371; 1562,260;17,47843
 214,13;  438,076;  205,174; 1652,697;16,08968
 214,73;  433,832;  195,372; 1657,381;16,31041
 215,33;  423,590;  168,771; 1707,080;16,56487
 215,93;  481,039;  206,573; 1816,158;17,05200
 216,53;  444,043;  162,571; 1892,659;16,26922
 217,13;  523,160;  227,173; 2126,822;15,58115
 217,73;  535,597;  196,373; 2281,539;16,26842
 218,33;  542,780;  148,574; 2495,337;16,79786
 218,93;  602,685;  192,576; 2756,037;15,99828
 219,53;  648,844;  185,774; 3043,728;16,20286
 220,13;  679,013;  168,574; 3315,721;16,21910
 220,73;  753,290;  196,771; 3663,262;16,05425
 221,32;  853,602;  176,771; 4002,670;17,69078
 221,92;  933,661;  167,774; 4489,701;17,72096
 222,52;  971,774;  177,173; 4825,264;17,09521
 223,12; 1068,110;  176,973; 5207,436;17,71480
 223,72; 1161,174;  185,573; 5646,427;17,86536
 224,32; 1251,542;  194,973; 5979,694;18,26482
 224,92; 1301,796;  176,373; 6339,999;18,25910
 225,52; 1402,443;  191,372; 6688,408;18,64037
 226,12; 1484,079;  188,373; 6945,384;19,17574
 226,72; 1565,695;  156,572; 7238,269;19,89810
 227,31; 1661,806;  154,172; 7537,973;20,41812
 227,91; 1741,534;  179,172; 7960,806;20,07756
 228,51; 1858,791;  181,371; 8348,198;20,53944
 229,11; 1940,232;  177,972; 8762,344;20,52870
 229,71; 2040,948;  176,971; 9024,802;21,06705
 230,31; 2177,679;  169,774; 9523,192;21,46708
 230,91; 2319,745;  158,770; 9767,098;22,49064
 231,51; 2409,421;  158,573;10040,244;22,77802
 232,10; 2549,526;  173,574;10533,432;22,93422
 232,70; 2711,912;  168,769;10665,091;24,22889
 233,30; 2803,132;  186,173;11029,985;24,13320
 233,90; 2966,671;  172,773;11194,690;25,34857
 234,50; 3072,691;  170,773;11401,596;25,83887
 235,10; 3186,367;  166,173;11490,599;26,66973
 235,70; 3290,311;  186,972;11624,368;27,13326
 236,29; 3377,172;  179,571;11659,240;27,85447
 236,89; 3450,415;  160,370;11714,814;28,47428
 237,49; 3542,635;  180,372;11688,736;29,21581
 238,09; 3615,466;  182,372;11480,943;30,38520
 238,69; 3656,892;  195,970;11405,171;30,87573
 239,29; 3663,858;  172,372;11141,789;31,82928
 239,89; 3630,162;  182,770;10898,509;32,17129
 240,48; 3573,291;  159,372;10599,047;32,70139
 241,08; 3526,775;  180,972;10337,522;32,94233
 241,68; 3496,325;  189,772;10061,372;33,49561
 242,28; 3410,669;  164,373; 9819,061;33,62404
 242,88; 3393,854;  198,374; 9482,888;34,41732
 243,48; 3329,713;  203,372; 9250,746;34,55523
 244,07; 3249,502;  177,372; 9107,911;34,40028
 244,67; 3206,566;  195,772; 9009,487;34,16033
 245,27; 3130,355;  195,971; 8880,267;33,78954
 245,87; 3073,247;  209,373; 8777,534;33,42460
 246,47; 3035,530;  188,171; 8790,362;33,10039
 247,06; 3021,556;  173,372; 8816,141;32,95453
 247,66; 2992,691;  172,972; 8941,810;32,15613
 248,26; 2947,836;  208,171; 9026,468;31,06796
 248,86; 2920,087;  197,971; 9181,944;30,29969
 249,46; 2916,071;  165,373; 9444,253;29,64473
 250,05; 2932,733;  195,972; 9783,266;28,54571
 250,65; 2924,176;  149,571;10138,313;27,77732
 251,25; 2988,806;  171,372;10609,388;26,99204
 251,85; 3015,113;  159,770;11118,766;26,05479
 252,44; 3078,142;  132,971;11710,174;25,43939
 253,04; 3155,433;  197,371;12463,062;24,11655
 253,64; 3150,838;  163,171;13112,912;23,07125
 254,24; 3298,669;  193,572;13970,475;22,53842
 254,84; 3356,929;  183,973;14890,853;21,57463
 255,43; 3446,715;  191,571;15757,603;20,91184
 256,03; 3519,317;  183,971;16591,684;20,32791
 256,63; 3642,097;  198,570;17660,118;19,72063
 257,23; 3653,385;  169,170;18345,547;19,16892
 257,82; 3705,538;  190,769;19251,922;18,43943
 258,42; 3691,717;  152,769;19951,490;17,87463
 259,02; 3834,639;  194,171;20729,623;17,72772
 259,62; 3833,234;  163,369;21428,059;17,25802
 260,21; 3770,586;  194,771;21896,222;16,47731
 260,81; 3792,093;  172,972;22326,403;16,33662
 261,41; 3718,391;  167,369;22570,864;15,85030
 262,01; 3715,288;  206,768;23108,504;15,31989
 262,60; 3694,813;  168,170;23373,147;15,19779
 263,20; 3747,417;  156,371;23500,628;15,38300
 263,80; 3678,350;  205,368;23599,066;14,84580
 264,40; 3650,039;  160,968;23819,858;14,74740
 264,99; 3668,014;  182,368;23843,294;14,73166
 265,59; 3672,364;  167,567;24059,513;14,66937
 266,19; 3641,558;  146,568;24172,257;14,54689
 266,78; 3739,032;  210,768;24316,185;14,63681
 267,38; 3715,276;  183,967;24330,944;14,62423
 267,98; 3725,733;  157,568;24150,966;14,87144
 268,58; 3724,529;  184,567;24217,448;14,72966
 269,17; 3734,378;  164,966;24285,346;14,79832
 269,77; 3790,264;  198,370;24085,497;15,03695
 270,37; 3731,077;  147,368;23944,855;15,05919
 270,96; 3863,522;  207,769;23900,074;15,43012
 271,56; 3813,636;  182,770;23601,023;15,50443
 272,16; 3868,928;  177,569;23375,339;15,91256
 272,75; 3887,359;  187,969;23411,568;15,92944
 273,35; 3943,445;  190,969;23294,694;16,24186
 273,95; 3948,852;  185,769;23354,159;16,24231
 274,54; 4027,938;  158,572;23331,028;16,69813
 275,14; 4211,986;  192,569;23707,828;17,09280
 275,74; 4223,119;  153,369;23879,482;17,15304
 276,33; 4437,216;  203,970;24142,154;17,68407
 276,93; 4533,421;  188,772;24583,858;17,80953
 277,53; 4741,950;  192,571;25175,231;18,21015
 278,12; 4895,801;  166,570;25657,758;18,55242
 278,72; 5122,027;  205,171;26178,411;18,93047
 279,32; 5326,103;  164,571;26753,991;19,41198
 279,91; 5589,477;  171,371;27521,361;19,81027
 280,51; 5826,635;  184,971;28009,765;20,27567
 281,11; 6041,874;  196,371;28752,665;20,47010
 281,70; 6214,331;  168,771;29039,102;20,94039
 282,30; 6539,494;  164,370;29898,623;21,44034
 282,90; 6764,302;  162,570;30314,080;21,89520
 283,49; 6968,081;  190,569;30828,085;22,12161
 284,09; 7321,884;  203,370;31190,426;22,97254
 284,69; 7653,562;  185,371;31498,658;23,84991
 285,28; 7874,677;  210,370;31942,235;24,15334
 285,88; 8157,451;  227,969;32156,996;24,83471
 286,47; 8308,952;  177,970;32188,289;25,40113
 287,07; 8612,467;  194,771;32347,001;26,18076
 287,67; 8905,285;  195,172;32354,546;27,08421
 288,26; 9166,228;  184,971;32405,315;27,87449
 288,86; 9510,932;  186,570;32495,769;28,85977
 289,46; 9850,321;  186,371;32680,542;29,74056
 290,05;10209,741;  179,172;32626,997;30,91292
 290,65;10695,552;  185,370;32941,526;32,08613
 291,24;11079,121;  194,771;32878,468;33,30208
 291,84;11440,240;  202,970;33219,118;34,03568
 292,44;11901,256;  169,373;33300,709;35,41023
 293,03;12417,105;  246,171;33547,421;36,54798
 293,63;12709,699;  186,770;33615,584;37,46148
 294,22;13171,176;  208,371;33698,513;38,70633
 294,82;13522,866;  182,368;33743,792;39,74950
 295,41;13723,902;  156,771;33498,702;40,69090
 296,01;13948,051;  227,569;33383,433;41,38176
 296,61;14064,327;  194,371;33207,630;42,01329
 297,20;14250,403;  196,769;32826,653;43,06982
 297,80;14361,494;  204,972;32694,780;43,57219
 298,39;14347,256;  175,570;32287,366;44,13234
 298,99;14451,697;  191,569;32103,970;44,68522
 299,58;14536,788;  202,372;31960,897;45,13565
 300,18;14554,029;  209,372;31811,026;45,39211
 300,78;14593,319;  171,771;31484,299;46,05680
 301,37;14619,787;  207,968;31547,997;45,98534
 301,97;14705,717;  187,571;31411,847;46,49634
 302,56;14753,347;  182,570;31378,165;46,70780
 303,16;14856,990;  154,770;31499,886;46,90434
 303,75;14928,657;  174,571;31460,900;47,15825
 304,35;15123,458;  188,573;31471,397;47,74148
 304,94;15180,258;  194,771;31687,381;47,58414
 305,54;15229,174;  187,371;31750,070;47,65690
 306,13;15246,745;  151,573;31621,627;47,96678
 306,73;15181,351;  159,173;31458,566;47,99511
 307,33;15259,695;  198,772;31266,869;48,47713
 307,92;15273,709;  181,971;31330,916;48,45024
 308,52;15482,131;  169,770;31983,457;48,13136
 309,11;15777,540;  176,969;32351,365;48,48753
 309,71;15909,018;  152,968;32616,552;48,53454
 310,30;16119,278;  174,971;32954,887;48,64048
 310,90;16208,707;  185,971;33262,687;48,44113
 311,49;16327,244;  183,771;33381,562;48,62815
 312,09;16448,490;  151,372;33501,122;48,86729
 312,68;16613,524;  211,971;33895,860;48,69257
 313,28;16610,423;  158,371;34163,316;48,38135
 313,87;16671,007;  155,571;34084,705;48,67627
 314,47;16733,705;  180,169;34410,101;48,35983
 315,06;16678,361;  167,171;34623,354;47,91938
 315,66;16825,490;  175,372;34781,722;48,11290
 316,25;16722,882;  155,370;34635,211;48,04985
 316,85;16718,570;  151,972;34745,960;47,88866
 317,44;16627,701;  158,569;34808,042;47,53068
 318,04;16434,049;  154,570;34964,575;46,76667
 318,63;16442,510;  152,173;34926,013;46,84653
 319,22;16465,328;  179,570;35223,088;46,47296
 319,82;16444,723;  169,770;35286,149;46,34576
 320,41;16224,473;  180,770;35143,517;45,88799
 321,01;16197,105;  184,572;35123,206;45,83045
 321,60;16134,407;  168,770;35341,283;45,39237
 322,20;15922,964;  157,971;35299,850;44,86099
 322,79;15919,806;  208,771;35313,402;44,75488
 323,39;15735,486;  169,373;35372,034;44,21857
 323,98;15524,174;  144,771;35282,670;43,76870
 324,58;15449,433;  178,970;35129,905;43,69114
 325,17;15327,011;  196,170;35027,392;43,44045
 325,76;15102,910;  188,171;34881,219;42,99057
 326,36;14848,914;  149,972;34539,463;42,74254
 326,95;14556,409;  188,371;34192,512;42,25379
 327,55;14275,341;  153,970;33899,863;41,84619
 328,14;14048,989;  170,972;33373,200;41,79845
 328,74;13744,568;  209,170;33084,174;41,17231
 329,33;13464,103;  182,972;32760,777;40,76742
 329,92;13178,938;  158,569;31966,499;40,93435
 330,52;12767,150;  188,172;31457,277;40,22814
 331,11;12499,852;  179,770;31131,730;39,80388
 331,71;12054,620;  183,571;30498,361;39,15927
 332,30;11806,401;  180,371;29967,981;39,02975
 332,89;11516,498;  211,371;29360,253;38,78408
 333,49;11196,854;  177,171;28810,559;38,48543
 334,08;10880,325;  185,570;28460,415;37,82427
 334,68;10611,516;  184,370;28111,558;37,33690
 335,27;10298,250;  194,572;27666,421;36,77830
 335,86;10145,280;  225,970;27437,330;36,45283
 336,46; 9927,506;  194,772;27302,755;35,90357
 337,05; 9730,534;  170,170;27101,835;35,49860
 337,65; 9552,960;  161,970;26927,606;35,08600
 338,24; 9519,268;  230,171;26958,727;34,75346
 338,83; 9315,079;  214,371;26752,013;34,29358
 339,43; 9198,709;  166,370;26752,745;33,97356
 340,02; 9012,880;  181,970;26565,382;33,47145
 340,61; 8977,916;  175,971;26737,307;33,13819
 341,21; 8908,996;  207,170;26763,374;32,76758
 341,80; 8765,435;  187,370;26798,720;32,23461
 342,40; 8649,532;  194,772;26864,163;31,70211
 342,99; 8608,498;  180,971;26944,253;31,48914
 343,58; 8572,675;  176,772;27133,577;31,14576
 344,18; 8469,170;  180,572;27216,597;30,65761
 344,77; 8525,546;  173,570;27606,039;30,44559
 345,36; 8447,409;  160,371;27912,912;29,86047
 345,96; 8520,421;  210,972;28078,872;29,81728
 346,55; 8466,170;  176,173;28447,768;29,32271
 347,14; 8429,152;  160,972;28783,106;28,88736
 347,74; 8355,104;  139,974;29189,920;28,27933
 348,33; 8513,337;  191,974;29817,918;28,08809
 348,92; 8569,247;  183,775;30549,105;27,61528
 349,52; 8585,428;  156,174;30955,103;27,36866
 350,11; 8594,908;  162,170;31210,819;27,15976
 350,70; 8527,439;  172,171;31120,364;26,99760
 351,29; 8316,000;  152,368;30924,689;26,52914
 351,89; 8235,809;  179,969;30993,518;26,14383
 352,48; 8152,820;  148,171;30885,421;26,04218
 353,07; 8001,633;  183,172;30877,907;25,47167
 353,67; 7913,044;  190,175;30820,573;25,21309
 354,26; 7749,025;  178,172;30601,753;24,88482
 354,85; 7638,476;  177,172;30468,703;24,63165
 355,45; 7486,051;  147,370;30439,404;24,22644
 356,04; 7367,413;  173,573;30375,327;23,81928
 356,63; 7272,950;  206,771;30066,646;23,66447
 357,22; 7165,457;  184,368;29905,512;23,48863
 357,82; 6940,626;  187,968;29668,706;22,90532
 358,41; 6922,638;  199,771;29572,438;22,88818
 359,00; 6710,725;  163,770;29435,592;22,36607
 359,60; 6653,252;  185,571;29456,479;22,09594
 360,19; 6504,544;  182,373;29120,338;21,84733
 360,78; 6438,071;  182,770;29146,310;21,59716
 361,37; 6360,278;  189,170;28916,701;21,48151
 361,97; 6248,731;  182,971;28635,265;21,31905
 362,56; 6087,970;  167,969;28360,780;20,99826
 363,15; 6027,069;  215,170;28158,481;20,79889
 363,74; 5855,928;  172,569;27752,539;20,60683
 364,34; 5717,073;  182,370;27352,554;20,37050
 364,93; 5623,015;  175,169;26963,065;20,33697
 365,52; 5408,709;  145,370;26728,130;19,79982
 366,11; 5401,741;  181,770;26167,240;20,08804
 366,71; 5253,471;  159,970;26022,688;19,69438
 367,30; 5134,234;  174,170;25559,416;19,53916
 367,89; 5061,395;  206,172;25401,865;19,27005
 368,48; 4989,914;  166,169;25075,721;19,36504
 369,07; 4874,582;  183,571;24633,164;19,18646
 369,67; 4754,061;  191,769;24284,979;18,93601
 370,26; 4662,997;  168,771;24087,545;18,78953
 370,85; 4602,836;  186,170;23838,483;18,67329
 371,44; 4552,634;  177,571;23618,579;18,66414
 372,03; 4437,232;  168,370;23337,002;18,42518
 372,63; 4390,775;  147,771;23093,550;18,49144
 373,22; 4288,405;  167,171;22783,439;18,22243
 373,81; 4197,105;  147,170;22461,635;18,14937
 374,40; 4194,005;  169,372;22139,047;18,31904
 374,99; 4132,703;  165,970;21953,443;18,20648
 375,59; 4028,653;  156,172;21667,828;18,00178
 376,18; 4103,133;  191,770;21468,872;18,38297
 376,77; 4047,399;  203,371;21364,952;18,16513
 377,36; 4063,502;  199,370;21278,940;18,33117
 377,95; 3988,172;  176,570;20936,669;18,36023
 378,55; 3951,248;  175,772;20880,606;18,23476
 379,14; 3933,486;  198,770;20761,892;18,16220
 379,73; 3953,157;  184,170;20648,651;18,41722
 380,32; 3934,604;  202,171;20712,913;18,19746
 380,91; 3916,234;  151,769;20583,445;18,42465
 381,50; 3931,606;  179,570;20550,771;18,41834
 382,10; 3914,176;  162,771;20394,913;18,54181
 382,69; 3948,437;  160,970;20364,549;18,74651
 383,28; 3990,753;  192,770;20401,829;18,79347
 383,87; 3962,721;  157,570;20188,334;18,99653
 384,46; 3917,342;  162,369;20195,735;18,74360
 385,05; 3998,304;  202,570;20207,523;18,97397
 385,64; 4002,170;  171,770;20158,440;19,16477
 386,24; 3983,071;  156,168;20099,553;19,18883
 386,83; 4079,193;  192,168;20144,447;19,48161
 387,42; 4099,298;  200,570;20295,621;19,40144
 388,01; 4193,787;  177,767;20546,811;19,71629
 388,60; 4307,934;  179,569;20726,841;20,09204
 389,19; 4322,927;  159,766;21010,611;19,96639
 389,78; 4453,078;  180,366;21128,927;20,39621
 390,37; 4588,342;  208,568;21641,549;20,43474
 390,96; 4625,529;  186,168;21815,620;20,52461
 391,56; 4712,392;  182,966;21914,379;20,84276
 392,15; 4777,815;  157,167;22239,463;20,92467
 392,74; 4857,283;  149,764;22406,546;21,15094
 393,33; 4991,340;  154,165;22663,977;21,48918
 393,92; 5113,625;  188,363;23131,835;21,46694
 394,51; 5197,370;  163,965;23327,444;21,72992
 395,10; 5310,416;  194,760;23569,872;21,88505
 395,69; 5373,156;  182,161;23573,066;22,19237
 396,28; 5441,041;  182,959;23658,331;22,39829
 396,87; 5539,679;  201,757;23993,409;22,43611
 397,46; 5688,654;  181,955;24041,473;23,07967
 398,06; 5770,889;  204,753;24189,344;23,20713
 398,65; 5790,915;  197,949;24189,052;23,31267
 399,24; 5893,750;  180,348;24500,131;23,49282
 399,83; 5932,318;  163,741;24445,460;23,75687
 400,42; 6070,875;  206,135;24512,385;24,12853
 401,01; 6097,962;  170,928;24724,112;24,13958
 401,60; 6207,192;  181,918;24816,096;24,45900
 402,19; 6266,885;  194,110;24662,362;24,81900
 402,78; 6371,535;  219,099;24613,473;25,22072
 403,37; 6350,582;  196,288;24505,274;25,31695
 403,96; 6324,008;  187,674;24293,776;25,45552
 404,55; 6417,189;  192,660;24133,732;25,99938
 405,14; 6460,199;  184,247;24038,022;26,31010
 405,73; 6507,437;  197,631;23981,267;26,53003
 406,32; 6589,518;  191,621;24101,578;26,75829
 406,91; 6528,351;  187,609;23737,316;26,92493
 407,50; 6585,446;  185,002;23539,545;27,40556
 408,09; 6556,271;  152,198;23115,950;27,88775
 408,68; 6621,715;  182,995;23193,869;27,98121
 409,27; 6607,357;  154,999;22857,262;28,42165
 409,86; 6603,566;  157,808;22774,037;28,50059
 410,45; 6707,674;  211,416;22694,697;28,89373
 411,04; 6699,993;  212,624;22573,806;29,01174
 411,63; 6682,248;  196,235;22229,067;29,43795
 412,22; 6666,684;  191,644;22057,939;29,61196
 412,81; 6675,674;  201,048;21784,907;29,99754
 413,40; 6637,341;  210,252;21438,664;30,27588
 413,99; 6678,323;  258,651;21227,216;30,61570
 414,58; 6463,774;  187,452;20694,737;30,60533
 415,17; 6530,310;  175,248;20501,298;31,26560
 415,76; 6504,754;  180,244;20395,432;31,28593
 416,35; 6456,374;  174,846;20161,732;31,42825
 416,94; 6546,982;  222,045;20313,714;31,48040
 417,53; 6743,984;  177,648;20493,672;32,32097
 418,12; 6774,149;  174,049;20614,393;32,28958
 418,71; 6947,852;  197,252;20941,732;32,54167
 419,30; 7000,063;  181,049;21012,852;32,73367
 419,89; 7185,749;  185,050;21163,001;33,37170
 420,48; 7332,218;  199,052;21489,970;33,50333
 421,07; 7390,285;  204,653;21596,176;33,59103
 421,66; 7451,257;  164,255;21538,096;34,09309
 422,25; 7568,559;  185,259;21534,257;34,58383
 422,84; 7490,437;  208,860;21487,749;34,21972
 423,43; 7527,569;  195,258;21191,232;34,92246
 424,02; 7461,207;  218,859;20971,837;34,89788
 424,60; 7355,403;  191,663;20564,538;35,16313
 425,19; 7295,819;  209,061;20305,406;35,26392
 425,78; 7387,699;  205,261;20207,342;35,90845
 426,37; 7382,995;  206,063;20111,059;36,05593
 426,96; 7356,488;  205,863;19945,049;36,22553
 427,55; 7315,045;  188,865;19762,574;36,40690
 428,14; 7306,122;  183,867;19519,125;36,83558
 428,73; 7246,924;  208,464;19341,737;36,78649
 429,32; 7322,671;  205,063;19425,276;37,03189
 429,91; 7417,293;  228,464;19418,805;37,46066
 430,50; 7341,581;  205,466;19183,005;37,60295
 431,08; 7296,979;  226,467;18999,311;37,66351
 431,67; 7355,233;  268,868;19016,987;37,79774
 432,26; 7379,199;  281,070;18905,633;38,11165
 432,85; 7294,237;  281,869;18476,831;38,54016
 433,44; 7124,726;  293,471;18078,520;38,41010
 434,03; 7036,485;  304,473;17738,947;38,61322
 434,62; 6866,253;  268,471;17308,235;38,71992
 435,21; 6863,481;  309,069;17213,975;38,77224
 435,79; 6809,018;  281,872;16934,179;39,19665
 436,38; 6796,664;  278,275;16896,072;39,22535
 436,97; 6805,403;  274,475;16729,837;39,68875
 437,56; 6740,031;  266,478;16623,825;39,57581
 438,15; 6666,961;  255,878;16496,161;39,47642
 438,74; 6775,319;  252,078;16499,268;40,14996
 439,33; 6789,466;  229,677;16456,341;40,42598
 439,91; 6838,458;  196,479;16520,581;40,68817
 440,50; 6925,748;  232,479;16621,240;40,84060
 441,09; 6963,178;  254,681;16749,826;40,66953
 441,68; 7009,611;  232,283;16730,041;41,08030
 442,27; 7003,907;  209,882;16687,816;41,23105
 442,86; 7011,859;  206,287;16651,772;41,38262
 443,44; 7123,107;  203,886;16753,004;41,81021
 444,03; 7163,592;  273,887;16791,849;41,71038
 444,62; 7169,433;  204,087;16619,601;42,43148
 445,21; 7022,467;  219,286;16471,340;41,86044
 445,80; 7068,115;  221,889;16363,863;42,41257
 446,39; 7053,216;  255,888;16196,422;42,64178
 446,97; 6917,427;  209,491;15841,813;42,91068
 447,56; 6827,241;  201,493;15706,886;42,73189
 448,15; 6807,633;  204,091;15505,975;43,15509
 448,74; 6778,957;  230,291;15290,758;43,48249
 449,33; 6631,993;  211,892;15142,083;43,00079
 449,91; 6642,720;  223,095;14894,015;43,75748
 450,50; 6518,422;  196,694;14714,040;43,54603
 451,09; 6451,508;  211,295;14708,166;43,04525
 451,68; 6470,549;  235,696;14536,163;43,59895
 452,26; 6448,861;  227,697;14402,943;43,88752
 452,85; 6386,718;  211,896;14299,357;43,83204
 453,44; 6452,559;  219,299;14312,838;44,22779
 454,03; 6410,084;  191,497;14305,367;44,06011
 454,61; 6394,390;  207,099;14368,230;43,69207
 455,20; 6562,306;  220,300;14521,704;44,34534
 455,79; 6582,465;  222,498;14447,995;44,70822
 456,38; 6586,270;  223,302;14552,908;44,40435
 456,97; 6648,749;  213,701;14622,094;44,66180
 457,55; 6639,894;  212,703;14558,695;44,80130
 458,14; 6722,135;  229,501;14553,453;45,32711
 458,73; 6684,296;  214,503;14483,287;45,34229
 459,31; 6746,631;  232,705;14529,387;45,56250
 459,90; 6738,874;  247,904;14600,360;45,22550
 460,49; 6831,795;  283,703;14696,165;45,43354
 461,08; 6883,353;  207,506;14867,089;45,53913
 461,66; 6900,470;  224,505;14888,910;45,52496
 462,25; 6952,772;  226,907;14940,115;45,71311
 462,84; 7000,184;  251,506;15011,281;45,72345
 463,43; 6923,191;  194,909;14974,511;45,52410
 464,01; 6923,293;  218,710;14995,271;45,37310
 464,60; 6991,442;  257,108;14803,201;46,29651
 465,19; 6839,879;  185,910;14720,475;45,78031
 465,77; 6873,048;  217,911;14554,854;46,41950
 466,36; 6833,921;  245,309;14525,559;46,13793
 466,95; 6698,515;  200,709;14226,494;46,32757
 467,53; 6589,744;  204,512;13914,149;46,57477
 468,12; 6466,704;  249,513;13740,122;46,08533
 468,71; 6411,028;  230,310;13415,162;46,87741
 469,29; 6227,473;  191,513;13187,353;46,44532
 469,88; 6116,161;  227,514;12883,731;46,52771
 470,47; 6231,650;  255,916;12949,820;47,07563
 471,06; 6232,256;  220,316;13005,744;47,02181
 471,64; 6258,465;  220,515;13189,379;46,55728
 472,23; 6268,492;  196,519;13015,701;47,36631
 472,81; 6287,005;  188,917;13223,040;46,78556
 473,40; 6349,906;  191,319;13326,682;46,88555
 473,99; 6562,510;  285,319;13423,177;47,77941
 474,57; 6493,444;  209,519;13701,757;46,57437
 475,16; 6643,395;  222,117;13824,843;47,20582
 475,75; 6696,160;  225,720;13942,558;47,17151
 476,33; 6720,307;  231,721;14015,988;47,07241
 476,92; 6719,057;  233,519;13987,799;47,15287
 477,51; 6804,720;  229,721;14118,754;47,33950
 478,09; 6791,784;  232,321;14143,545;47,15231
 478,68; 6815,941;  216,521;14012,349;47,83634
 479,27; 6851,035;  233,520;14178,435;47,45468
 479,85; 6764,066;  218,121;14165,872;46,93190
 480,44; 6789,607;  207,122;14306,392;46,68671
 481,02; 7522,829;  229,523;16077,972;46,01905
 481,61; 8471,561;  254,923;17850,264;46,69781
 482,20; 9002,052;  254,723;19118,411;46,37126
 482,78; 9437,696;  260,922;19733,161;47,12747
 483,37; 9617,766;  262,525;19948,568;47,52220
 483,95; 9746,157;  295,325;20382,571;47,04892
 484,54; 9877,158;  297,122;20576,671;47,23989
 485,13; 9909,704;  258,327;20626,963;47,38352
 485,71; 9865,833;  265,126;20428,959;47,61350
 486,30; 9744,755;  288,926;20149,750;47,61045
 486,88; 9628,226;  315,727;19817,991;47,75086
 487,47; 9290,268;  305,527;19173,432;47,61917
 488,05; 8902,968;  304,528;18210,999;48,01862
 488,64; 8271,862;  297,729;16839,124;48,20713
 489,23; 7462,660;  293,128;14766,050;49,53756
 489,81; 6346,163;  292,329;12721,186;48,70789
 490,40; 6003,568;  236,929;12197,408;48,21411
 490,98; 5854,980;  233,530;11871,146;48,30414
 491,57; 5754,443;  277,529;11845,499;47,34551
 492,15; 5738,431;  261,530;11813,481;47,41105
 492,74; 5708,352;  257,928;11767,515;47,35552
 493,32; 5673,326;  259,930;11624,078;47,63575
 493,91; 5598,307;  231,331;11482,743;47,70046
 494,50; 5553,196;  245,333;11400,981;47,58005
 495,08; 5567,542;  225,733;11356,514;47,99133
 495,67; 5525,333;  241,930;11337,151;47,61872
 496,25; 5456,957;  210,132;11263,524;47,46801
 496,84; 5494,409;  202,730;11298,531;47,69082
 497,42; 5461,446;  197,532;11106,042;48,25511
 498,01; 5446,290;  219,131;11139,496;47,86616
 498,59; 5369,848;  203,133;11065,034;47,56732
 499,18; 5314,882;  202,331;11012,202;47,29521
 499,76; 5357,180;  205,132;10907,562;48,13905
 500,35; 5277,943;  203,734;10683,262;48,42020
 500,93; 5230,840;  187,332;10677,317;48,07926
 501,52; 5200,625;  200,133;10557,596;48,27912
 502,10; 5213,953;  208,535;10546,594;48,41739
 502,69; 5118,849;  196,336;10400,362;48,24089
 503,27; 4979,802;  190,133;10262,506;47,55254
 503,86; 4951,156;  209,735;10065,112;48,10999
 504,44; 4906,987;  182,936;10030,290;47,97280
 505,03; 4799,575;  162,736; 9694,137;48,64803
 505,61; 4770,772;  192,536; 9702,182;48,14308
 506,19; 4714,002;  204,136; 9472,108;48,66076
 506,78; 4588,161;  172,338; 9340,713;48,16364
 507,36; 4523,889;  183,936; 9137,175;48,47355
 507,95; 4450,103;  181,139; 9036,995;48,20498
 508,53; 4381,493;  187,138; 8897,027;48,15624
 509,12; 4305,000;  199,738; 8754,622;47,98735
 509,70; 4259,233;  204,739; 8637,406;48,08081
 510,29; 4203,050;  205,340; 8415,965;48,68948
 510,87; 4063,603;  174,738; 8270,731;48,03444
 511,46; 4014,328;  177,338; 8086,477;48,51337
 512,04; 3945,115;  186,939; 7957,770;48,36259
 512,62; 3816,821;  196,138; 7778,868;47,74906
 513,21; 3810,513;  171,140; 7678,090;48,48005
 513,79; 3749,174;  197,143; 7549,188;48,31351
 514,38; 3610,085;  181,142; 7320,047;48,03178
 514,96; 3600,477;  209,742; 7281,093;47,95032
 515,54; 3494,334;  181,542; 7104,679;47,85103
 516,13; 3489,419;  186,942; 7021,976;48,31691
 516,71; 3407,735;  192,944; 6926,813;47,74063
 517,30; 3351,206;  181,145; 6826,840;47,70097
 517,88; 3329,347;  188,345; 6746,811;47,89233
 518,46; 3282,313;  170,545; 6594,672;48,43876
 519,05; 3198,826;  179,746; 6495,754;47,80044
 519,63; 3217,323;  191,345; 6542,018;47,64814
 520,22; 3154,542;  217,947; 6442,155;47,18023
 520,80; 3110,134;  187,147; 6364,261;47,31962
 521,38; 3140,544;  210,146; 6401,013;47,33422
 521,97; 3086,219;  200,348; 6282,943;47,44472
 522,55; 3081,313;  199,748; 6282,800;47,37038
 523,13; 3082,790;  179,949; 6301,529;47,41980
 523,72; 3042,882;  168,345; 6249,243;47,27159
 524,30; 3118,191;  211,950; 6385,078;47,07891
 524,89; 3116,810;  176,548; 6358,449;47,56242
 525,47; 3174,136;  200,750; 6540,633;46,89971
 526,05; 3166,951;  161,550; 6521,777;47,25305
 526,64; 3244,885;  201,551; 6660,943;47,11487
 527,22; 3326,484;  202,350; 6749,594;47,71679
 527,80; 3381,406;  216,751; 6871,971;47,55148
 528,39; 3414,201;  197,351; 6962,595;47,54965
 528,97; 3474,112;  197,551; 7113,440;47,37730
 529,55; 3596,108;  203,749; 7325,624;47,63295
 530,14; 3656,483;  207,752; 7528,922;47,10628
 530,72; 3673,177;  185,551; 7652,030;46,71045
 531,30; 3747,646;  177,752; 7705,828;47,42106
 531,89; 3798,185;  197,552; 7831,933;47,16339
 532,47; 3872,276;  228,752; 7901,317;47,48768
 533,05; 3889,627;  233,151; 8000,980;47,07205
 533,63; 3934,139;  227,153; 8024,404;47,54221
 534,22; 3881,759;  184,953; 8097,148;46,72289
 534,80; 3957,441;  208,154; 8130,623;47,32472
 535,38; 4013,571;  261,952; 8300,477;46,67049
 535,97; 3957,515;  217,952; 8189,603;46,91077
 536,55; 3990,477;  239,754; 8349,577;46,24913
 537,13; 3941,881;  259,552; 8289,256;45,85884
 537,71; 3993,575;  298,752; 8354,350;45,86653
 538,30; 4040,865;  324,553; 8330,979;46,41662
 538,88; 4046,469;  370,155; 8471,232;45,38056
 539,46; 4156,821;  409,954; 8696,680;45,21529
 540,05; 4234,696;  418,554; 8885,743;45,06976
 540,63; 4275,238;  489,755; 8987,277;44,54808
 541,21; 4354,622;  514,355; 9101,578;44,72071
 541,79; 4387,876;  550,155; 9207,482;44,32916
 542,38; 4452,105;  583,154; 9437,837;43,69384
 542,96; 4527,013;  595,756; 9546,966;43,91871
 543,54; 4677,332;  618,955; 9809,719;44,15712
 544,12; 4706,723;  575,756; 9945,922;44,08638
 544,70; 4704,063;  567,556; 9959,138;44,04483
 545,29; 4776,042;  575,354;10202,475;43,63390
 545,87; 4803,876;  539,155;10182,482;44,22457
 546,45; 4788,531;  494,954;10226,408;44,12062
 547,03; 4857,992;  481,555;10286,689;44,63414
 547,62; 4896,133;  445,155;10398,845;44,71686
 548,20; 4993,580;  442,556;10554,508;45,00638
 548,78; 4992,025;  423,559;10673,898;44,56893
 549,36; 5041,860;  378,158;10871,763;44,44328
 549,94; 5103,173;  338,556;10875,057;45,22011
 550,53; 5233,246;  337,358;11173,922;45,17934
 551,11; 5269,482;  320,159;11369,121;44,79446
 551,69; 5405,874;  321,158;11645,981;44,89885
 552,27; 5416,375;  263,357;11964,718;44,03777
 552,85; 5617,275;  262,159;12227,130;44,75661
 553,44; 5750,079;  260,958;12593,143;44,51053
 554,02; 5915,836;  280,559;12963,584;44,43165
 554,60; 6005,343;  217,759;13196,779;44,59184
 555,18; 6175,256;  271,558;13667,468;44,07090
 555,76; 6343,138;  251,559;13974,632;44,38932
 556,34; 6487,923;  240,560;14358,681;44,25066
 556,93; 6664,274;  228,358;14680,944;44,53124
 557,51; 6836,591;  209,960;14982,768;44,85695
 558,09; 7014,798;  232,158;15343,801;44,88353
 558,67; 7092,436;  236,761;15780,364;44,10609
 559,25; 7215,027;  255,961;15964,284;44,30178
 559,83; 7373,007;  221,562;16289,350;44,50797
 560,41; 7489,343;  221,760;16657,165;44,21907
 561,00; 7624,754;  218,961;17034,859;44,04042
 561,58; 7732,325;  214,160;17279,088;44,05624
 562,16; 7813,673;  211,959;17477,464;44,02833
 562,74; 7932,598;  185,759;17965,327;43,57158
 563,32; 8156,372;  200,362;18437,359;43,62566
 563,90; 8246,309;  224,961;18787,212;43,21323
 564,48; 8449,335;  225,160;19233,648;43,26580
 565,06; 8685,591;  212,161;19645,953;43,60153
 565,65; 8940,323;  215,363;20566,587;42,87192
 566,23; 9242,088;  265,961;21284,202;42,70636
 566,81; 9478,534;  220,561;21811,894;42,87819
 567,39; 9859,967;  241,762;22814,523;42,60979
 567,97;10111,937;  243,961;23468,486;42,48946
 568,55;10440,528;  233,162;24299,977;42,41262
 569,13;10737,899;  208,961;24989,088;42,48944
 569,71;11074,466;  226,159;25929,073;42,20652
 570,29;11413,765;  262,958;26884,706;41,88608
 570,87;11745,031;  260,159;27621,986;41,97407
 571,45;12007,021;  260,561;28308,382;41,88012
 572,03;12086,593;  207,762;28687,954;41,70910
 572,61;12362,305;  205,562;29493,539;41,50762
 573,20;12576,005;  253,960;30196,149;41,15279
 573,78;12914,530;  237,562;30789,806;41,49276
 574,36;13098,649;  247,561;31220,242;41,49169
 574,94;13161,504;  271,162;31592,384;41,15530
 575,52;13276,847;  227,364;31876,615;41,23157
 576,10;13482,831;  291,163;32314,782;41,19356
 576,68;13671,830;  281,962;32978,611;40,95181
 577,26;13938,213;  282,765;33716,239;40,84364
 577,84;14136,144;  314,361;34175,662;40,81882
 578,42;14233,008;  332,563;34450,721;40,74207
 579,00;14270,547;  282,962;34449,854;40,93900
 579,58;14263,728;  314,963;34647,623;40,62827
 580,16;14162,299;  304,563;34683,208;40,30914
 580,74;14372,810;  320,163;35084,276;40,42286
 581,32;14292,082;  300,363;35042,672;40,27285
 581,90;14218,647;  308,963;35056,770;40,03039
 582,48;14312,030;  323,563;35155,656;40,15971
 583,06;14289,840;  327,563;35249,557;39,98133
 583,64;14213,044;  322,562;35423,889;39,57253
 584,22;14130,696;  320,164;35040,284;39,77674
 584,80;13988,533;  344,963;34743,607;39,66310
 585,38;13725,635;  333,160;34402,452;39,30952
 585,96;13663,124;  315,962;34409,142;39,14907
 586,54;13681,466;  351,964;34509,758;39,02331
 587,12;13714,134;  306,564;34596,659;39,10042
 587,70;13699,064;  333,362;34763,209;38,82010
 588,28;13681,499;  320,363;34823,468;38,72444
 588,86;13670,523;  312,964;35000,232;38,50853
 589,44;13559,851;  299,765;35002,445;38,21055
 590,02;13662,062;  311,965;35292,308;38,16457
 590,59;13565,100;  283,364;35307,920;37,92121
 591,17;13688,465;  275,567;35479,458;38,10061
 591,75;13722,169;  279,566;35627,726;38,02914
 592,33;13762,887;  292,366;35740,399;38,00076
 592,91;13737,851;  243,367;36020,216;37,71848
 593,49;13764,014;  253,767;36438,908;37,33645
 594,07;13901,791;  263,167;36604,270;37,52947
 594,65;13781,169;  294,964;36588,969;37,15822
 595,23;13945,235;  266,765;37001,975;37,23531
 595,81;13987,690;  254,965;37266,968;37,10344
 596,39;13993,455;  252,565;37293,740;37,09626
 596,97;13996,533;  251,967;37509,721;36,89049
 597,55;13830,909;  256,365;37318,563;36,62639
 598,12;13806,898;  237,968;37345,902;36,56612
 598,70;13845,097;  234,367;37422,990;36,59918
 599,28;13834,716;  257,567;37742,333;36,22045
 599,86;13831,079;  238,367;37792,313;36,19516
 600,44;13775,312;  205,967;37837,897;36,05806
 601,02;13740,298;  252,969;37871,236;35,85314
 601,60;13705,821;  247,766;38017,964;35,63141
 602,18;13589,419;  211,768;37952,129;35,44654
 602,75;13546,893;  231,365;37897,901;35,35108
 603,33;13576,034;  238,167;37944,028;35,37346
 603,91;13519,692;  235,169;37847,926;35,31920
 604,49;13501,322;  240,167;37988,858;35,13011
 605,07;13420,962;  267,166;37989,735;34,86983
 605,65;13466,936;  275,568;38103,299;34,87222
 606,23;13436,746;  313,964;38417,871;34,43947
 606,80;13421,861;  387,765;38345,005;34,33889
 607,38;13392,940;  416,568;38379,543;34,18165
 607,96;13365,495;  473,965;38471,967;33,92686
 608,54;13327,332;  556,368;38527,803;33,63308
 609,12;13302,624;  539,765;38612,748;33,52209
 609,70;13257,664;  566,567;38558,532;33,40469
 610,27;13203,634;  583,965;38723,908;33,08780
 610,85;13187,217;  613,567;38653,055;33,05421
 611,43;13098,366;  590,967;38701,742;32,81854
 612,01;12918,640;  553,366;38429,382;32,64671
 612,59;12856,362;  558,967;38572,284;32,35023
 613,16;12706,014;  545,364;38430,980;32,09833
 613,74;12664,797;  498,767;38313,171;32,17300
 614,32;12552,175;  441,568;38356,385;31,94162
 614,90;12482,493;  421,966;37970,909;32,11948
 615,48;12275,497;  377,365;37840,010;31,75999
 616,05;12185,517;  335,764;37790,131;31,63784
 616,63;12114,108;  347,564;37695,651;31,50508
 617,21;12072,046;  318,965;37566,661;31,55385
 617,79;11888,090;  321,566;37422,331;31,17597
 618,36;11828,644;  317,366;37454,440;30,99673
 618,94;11624,913;  270,365;37060,621;30,86292
 619,52;11468,875;  298,764;36965,252;30,46409
 620,10;11410,418;  269,565;36874,987;30,43498
 620,67;11423,014;  287,364;36807,394;30,49190
 621,25;11233,519;  299,566;36373,517;30,30983
 621,83;11169,929;  292,565;36417,269;30,11060
 622,41;11103,054;  318,765;36510,592;29,79758
 622,98;11001,456;  307,364;36334,213;29,68367
 623,56;10928,086;  305,963;36379,316;29,44590
 624,14;10792,911;  258,167;36056,749;29,42783
 624,72;10734,865;  273,565;36110,078;29,19174
 625,29;10695,849;  252,364;35955,259;29,25109
 625,87;10717,265;  300,966;36094,026;29,10145
 626,45;10545,746;  257,563;35941,085;28,83175
 627,02;10457,189;  266,766;35895,646;28,60158
 627,60;10454,946;  251,167;35822,259;28,68559
 628,18;10411,766;  244,365;35763,548;28,62510
 628,76;10359,253;  246,764;35870,280;28,38712
 629,33;10325,491;  269,364;35839,123;28,27156
 629,91;10236,561;  268,565;35889,587;27,98346
 630,49;10263,579;  276,764;35956,892;27,98985
 631,06;10262,495;  277,964;36097,795;27,87431
 631,64;10228,114;  279,563;36138,753;27,74338
 632,22;10094,812;  229,363;35886,519;27,66752
 632,79;10111,718;  236,363;36219,263;27,44458
 633,37;10103,022;  241,966;36164,868;27,45061
 633,95;10049,062;  254,963;36379,551;27,11200
 634,52;10096,070;  225,965;36519,239;27,19541
 635,10; 9996,414;  237,565;36531,728;26,88821
 635,68;10050,971;  223,963;36626,567;26,99534
 636,25; 9933,392;  227,562;36805,065;26,53497
 636,83; 9940,110;  202,364;36852,080;26,56977
 637,41; 9864,345;  232,762;36929,937;26,24612
 637,98; 9883,867;  240,162;37154,764;26,12436
 638,56; 9844,526;  226,961;37210,748;26,00481
 639,13; 9841,597;  212,564;37252,383;25,99644
 639,71; 9916,004;  266,964;37549,434;25,88090
 640,29; 9745,586;  211,964;37153,267;25,80749
 640,86; 9769,823;  230,164;37489,945;25,60310
 641,44; 9689,059;  211,764;37365,822;25,50810
 642,02; 9663,582;  241,964;37456,499;25,31704
 642,59; 9592,247;  209,564;37651,177;25,05950
 643,17; 9555,626;  215,764;37740,454;24,88991
 643,74; 9486,148;  227,564;37589,132;24,78104
 644,32; 9424,099;  243,964;37598,009;24,57601
 644,89; 9431,478;  239,564;37716,287;24,52700
 645,47; 9419,429;  269,364;37663,564;24,46921
 646,05; 9329,952;  235,364;37667,042;24,29650
 646,62; 9296,759;  229,765;37442,319;24,36542
 647,20; 9242,139;  230,965;37713,197;24,04119
 647,77; 9092,375;  203,765;37561,474;23,79324
 648,35; 9105,755;  205,965;37397,551;23,92958
 648,92; 8999,848;  236,965;37432,229;23,55914
 649,50; 8940,513;  176,965;37285,506;23,61599
 650,08; 8854,607;  196,965;37310,984;23,32715
 650,65; 8855,987;  230,365;37572,261;23,09905
 651,23; 8960,794;  196,765;38502,139;22,87937
 651,80; 9157,031;  199,965;39424,016;22,83565
 652,38; 9187,125;  218,965;39698,694;22,71586
 652,95; 9191,647;  196,765;40069,171;22,55916
 653,53; 9245,598;  228,165;40138,648;22,59415
 654,10; 9255,977;  242,565;40354,726;22,47052
 654,68; 9094,071;  202,165;40204,403;22,22852
 655,25; 9090,879;  199,965;40496,681;22,06362
 655,83; 9076,258;  194,965;40659,958;21,94809
 656,40; 9020,352;  233,765;40666,636;21,73129
 656,98; 8997,731;  210,165;40604,713;21,75434
 657,55; 8852,968;  205,566;40348,391;21,54159
 658,13; 8773,061;  202,366;39910,468;21,58425
 658,70; 8670,584;  218,366;39739,745;21,38644
 659,28; 8485,249;  193,166;38768,623;21,49575
 659,85; 8116,771;  213,366;37923,300;20,95842
 660,43; 8180,864;  231,366;38173,578;20,95160
 661,00; 8164,387;  213,166;38140,655;20,96427
 661,58; 8136,623;  198,966;38531,533;20,70735
 662,15; 8039,717;  183,366;38548,410;20,47789
 662,73; 8199,382;  245,966;39044,488;20,49928
 663,30; 8151,904;  215,566;39303,365;20,30388
 663,88; 8138,426;  199,966;39299,442;20,30324
 664,45; 8118,377;  196,766;39619,720;20,09391
 665,03; 8189,185;  215,166;40113,397;19,98590
 665,60; 8263,850;  260,566;40505,075;19,88665
 666,17; 8181,658;  214,766;40460,152;19,79579
 666,75; 8238,609;  216,166;40839,830;19,74820
 667,32; 8275,417;  225,566;41222,107;19,63544
 667,90; 8288,368;  198,766;41635,185;19,52293
 668,47; 8277,461;  224,966;41620,662;19,45249
 669,05; 8306,698;  212,167;42125,139;19,31271
 669,62; 8263,363;  187,567;42222,417;19,21215
 670,19; 8232,457;  195,967;42072,294;19,19101
 670,77; 8251,979;  204,767;42438,372;19,05405
 671,34; 8190,215;  229,567;42484,249;18,83968
 671,92; 8268,881;  188,167;42555,727;19,07288
 672,49; 8220,117;  215,167;42680,604;18,85051
 673,06; 8147,068;  169,967;42731,482;18,74252
 673,64; 8142,304;  192,567;42741,559;18,68373
 674,21; 8111,398;  189,767;42651,636;18,65587
 674,79; 8143,349;  192,567;42965,714;18,58826
 675,36; 8144,443;  223,767;42944,591;18,54055
 675,93; 8101,965;  207,967;42904,469;18,48863
 676,51; 8064,344;  215,567;43098,746;18,30269
 677,08; 8103,866;  210,967;43232,024;18,34660
 677,65; 8076,246;  210,167;43365,901;18,22719
 678,23; 8084,768;  209,567;43610,179;18,14537
 678,80; 8058,147;  194,967;43687,256;18,07948
 679,38; 8102,955;  185,567;43810,733;18,14867
 679,95; 8100,049;  198,368;44029,211;18,02767
 680,52; 8076,428;  200,968;44211,488;17,89450
 681,10; 8152,093;  216,968;44679,566;17,84674
 681,67; 8178,616;  212,368;45044,843;17,76892
 682,24; 8182,995;  185,368;45052,921;17,82497
 682,82; 8297,374;  196,768;45621,998;17,83284
 683,39; 8311,754;  218,368;46011,476;17,67381
 683,96; 8339,990;  206,168;46193,953;17,68692
 684,54; 8363,941;  177,968;46633,031;17,62127
 685,11; 8386,321;  224,968;46853,308;17,50299
 685,68; 8383,128;  212,968;47257,785;17,36676
 686,25; 8385,508;  195,768;47467,063;17,32497
 686,83; 8441,459;  179,168;47447,340;17,47961
 687,40; 8443,409;  184,368;47926,018;17,29945
 687,97; 8563,932;  218,968;48281,895;17,36258
 688,55; 8463,311;  181,568;48410,373;17,17178
 689,12; 8506,119;  182,368;48523,650;17,21872
 689,69; 8424,641;  186,168;48757,928;16,96145
 690,26; 8469,021;  185,168;48923,805;16,99648
 690,84; 8454,400;  188,968;49088,882;16,90275
 691,41; 8449,494;  214,969;49135,360;16,83250
 691,98; 8514,302;  204,769;49439,637;16,87733
 692,56; 8446,395;  184,969;49458,515;16,76645
 693,13; 8484,918;  246,969;49461,192;16,73896
 693,70; 8516,154;  210,369;49672,870;16,79209
 694,27; 8438,248;  192,969;49684,347;16,66003
 694,84; 8447,198;  193,369;49844,425;16,62367
 695,42; 8572,864;  228,769;49975,702;16,77308
 695,99; 8489,672;  186,569;50355,379;16,55033
 696,56; 8469,622;  186,569;50230,457;16,55158
 697,13; 8525,573;  202,169;50660,334;16,49565
 697,71; 8535,095;  171,569;50584,612;16,59000
 698,28; 8543,189;  200,969;50862,089;16,46671
 698,85; 8531,997;  175,969;51010,167;16,43781
 699,42; 8581,662;  166,369;51064,844;16,53349
 699,99; 8584,899;  192,769;51126,522;16,47656
 700,57; 8523,421;  195,769;51344,599;16,28122
 701,14; 8611,800;  183,769;51441,476;16,44247
 701,71; 8615,322;  224,169;51729,554;16,29180
 702,28; 8568,845;  189,369;51685,431;16,27207
 702,85; 8655,653;  216,570;51676,309;16,39939
 703,43; 8666,318;  194,770;51904,386;16,38293
 704,00; 8713,840;  223,770;52188,864;16,33803
 704,57; 8673,791;  222,170;51968,341;16,33284
 705,14; 8718,884;  238,970;52528,019;16,21738
 705,71; 8783,549;  238,970;52596,096;16,31980
 706,28; 8685,786;  219,770;52301,373;16,25529
 706,86; 8747,594;  235,370;52719,051;16,21880
 707,43; 8775,830;  258,170;52483,928;16,30931
 708,00; 8759,496;  238,970;52641,806;16,25967
 708,57; 8734,875;  204,170;52481,083;16,31830
 709,14; 8733,969;  241,770;52773,961;16,16570
 709,71; 8738,348;  210,770;52768,438;16,22518
 710,28; 8851,156;  213,970;53039,716;16,35033
 710,86; 8747,964;  222,570;53179,193;16,09882
 711,43; 8809,486;  231,170;53178,870;16,20149
 712,00; 8810,008;  219,770;53330,348;16,17425
 712,57; 8833,816;  233,170;53295,225;16,20866
 713,14; 8835,339;  208,370;53449,903;16,20346
 713,71; 8842,146;  228,371;53334,380;16,21996
 714,28; 8850,526;  208,371;53302,258;16,27712
 714,85; 8825,905;  200,171;53229,935;16,26584
 715,42; 8869,856;  204,171;53233,813;16,34121
 716,00; 9002,521;  274,371;53582,890;16,37290
 716,57; 8924,043;  210,171;53702,167;16,29005
 717,14; 8929,851;  188,971;53671,045;16,34357
 717,71; 8961,231;  183,971;53611,322;16,42840
 718,28; 9042,753;  216,971;53832,000;16,46140
 718,85; 8957,418;  186,571;53962,077;16,31012
 719,42; 9097,083;  223,771;53933,555;16,52085
 719,99; 8963,034;  191,771;53690,232;16,39536
 720,56; 9033,128;  211,371;54167,910;16,34974
 721,13; 9085,078;  210,571;54121,387;16,46146
 721,70; 9008,315;  202,171;54006,865;16,36687
 722,27; 9045,980;  217,171;54134,942;16,37458
 722,84; 9157,216;  252,771;54232,419;16,49593
 723,41; 9009,596;  188,571;54242,497;16,31893
 723,98; 9119,404;  198,571;54586,774;16,40215
 724,55; 9180,640;  230,371;54513,652;16,48808
 725,12; 9099,163;  168,372;54409,729;16,46491
 725,69; 9202,399;  190,572;54631,407;16,55343
 726,27; 9228,778;  208,772;54839,084;16,51099
 726,84; 9344,015;  204,172;55140,362;16,63720
 727,41; 9397,394;  217,172;54813,639;16,81468
 727,98; 9384,631;  222,372;55353,716;16,61897
 728,55; 9412,439;  250,572;55086,394;16,70781
 729,12; 9412,104;  200,972;55243,871;16,73446
 729,69; 9513,198;  219,772;55415,549;16,83720
 730,26; 9554,863;  217,372;55694,226;16,83133
 730,82; 9617,242;  209,772;55473,904;17,02274
 731,39; 9665,050;  220,972;55566,181;17,06395
 731,96; 9708,287;  181,972;55957,259;17,07981
 732,53; 9721,094;  212,972;56028,336;17,03496
 733,10; 9800,902;  208,972;56151,813;17,14595
 733,67; 9876,139;  200,972;56541,291;17,17272
 734,24; 9860,661;  206,972;55959,168;17,31535
 734,81; 9884,612;  234,372;56280,646;17,21834
 735,38; 9945,420;  216,372;56038,923;17,42853
 735,95; 9896,656;  206,573;55793,401;17,43234
 736,52; 9955,464;  239,973;56073,078;17,40095
 737,09; 9974,129;  218,973;55695,556;17,58428
 737,66;10113,509;  269,173;55913,033;17,69168
 738,23;10099,603;  195,373;56021,110;17,74133
 738,80;10241,125;  237,773;56286,188;17,84770
 739,37;10257,076;  237,573;56592,065;17,77942
 739,94;10260,741;  213,573;56504,343;17,84869
 740,51;10376,263;  286,973;56571,020;17,92567
 741,07;10307,499;  199,373;56462,298;17,96587
 741,64;10389,593;  251,573;56792,775;17,93032
 742,21;10442,401;  215,973;56653,853;18,11979
 742,78;10396,923;  194,973;56474,130;18,12740
 743,35;10503,160;  214,173;56710,607;18,21175
 743,92;10585,968;  247,373;56925,485;18,24089
 744,49;10630,204;  237,973;56769,762;18,38299
 745,06;10600,155;  200,573;56655,440;18,42105
 745,63;10613,677;  189,373;56752,117;18,42963
 746,19;10643,199;  204,773;56975,195;18,38709
 746,76;10642,150;  210,973;56909,872;18,39749
 747,33;10708,673;  217,174;56688,150;18,57857
 747,90;10880,909;  227,974;57094,427;18,73325
 748,47;10898,003;  228,174;56888,104;18,83135
 749,04;10832,096;  228,574;56982,582;18,68330
 749,61;10972,619;  209,974;56797,859;19,01934
 750,17;10949,712;  212,374;56931,137;18,93084
 750,74;11013,377;  228,374;56910,214;19,02726
 751,31;10966,328;  194,174;56734,292;19,05223
 751,88;11020,993;  193,774;56596,569;19,19625
 752,45;11095,230;  213,974;56822,247;19,22202
 753,02;11110,752;  209,374;56688,524;19,30160
 753,58;11186,131;  193,974;56519,402;19,51544
 754,15;11213,225;  223,774;56777,479;19,43189
 754,72;11220,033;  193,574;56506,156;19,58081
 755,29;11247,984;  183,774;56333,834;19,70472
 755,86;11317,935;  222,374;56512,111;19,71152
 756,42;11371,171;  221,574;56376,989;19,85489
 756,99;11398,979;  191,974;56591,266;19,87083
 757,56;11443,073;  209,774;56331,544;20,01594
 758,13;11505,595;  176,174;56219,621;20,21542
 758,70;11574,974;  204,975;56289,899;20,27283
 759,26;11586,068;  198,175;56434,776;20,24997
 759,83;11669,447;  207,175;56603,453;20,32452
 760,40;11753,112;  204,575;56281,331;20,59416
 760,97;11803,349;  203,775;56472,208;20,61471
 761,53;11746,443;  192,375;56080,686;20,67350
 762,10;11715,965;  174,575;56038,363;20,65988
 762,67;11787,201;  221,575;56070,641;20,70872
 763,24;11791,438;  164,375;55565,118;20,98720
 763,80;11844,532;  199,575;55610,596;21,01560
 764,37;11829,340;  181,175;55604,673;21,01665
 764,94;11847,147;  178,175;55208,350;21,20468
 765,50;11871,527;  168,575;55191,628;21,26918
 766,07;11983,478;  210,375;55220,505;21,40170
 766,64;11969,571;  191,575;54901,983;21,52789
 767,21;11922,665;  189,975;54870,260;21,45689
 767,77;11933,330;  206,375;54707,338;21,51697
 768,34;11961,709;  210,775;54664,215;21,57978
 768,91;12065,089;  190,175;54295,093;21,94794
 769,47;12046,468;  192,376;54498,370;21,82833
 770,04;12085,562;  209,976;54468,247;21,88714
 770,61;12081,798;  187,176;54240,525;22,00534
 771,18;12116,321;  188,776;54080,402;22,13246
 771,74;12177,986;  210,576;54206,080;22,16372
 772,31;12176,365;  211,576;54057,757;22,22031
 772,88;12072,459;  178,176;53704,835;22,22123
 773,44;12131,981;  191,776;53520,312;22,38990
 774,01;12199,789;  189,776;53690,790;22,44820
 774,58;12128,597;  171,776;53432,467;22,44962
 775,14;12262,262;  184,376;53531,344;22,64025
 775,71;12302,070;  191,776;53402,422;22,75916
 776,27;12423,449;  233,976;53302,099;22,96948
 776,84;12421,686;  246,976;53488,977;22,86674
 777,41;12396,208;  207,976;53298,054;22,95765
 777,97;12384,445;  183,976;52923,332;23,13352
 778,54;12374,252;  206,176;53016,409;23,04113
 779,11;12481,775;  215,176;53045,287;23,21895
 779,67;12563,726;  192,776;52911,764;23,46583
 780,24;12532,533;  214,176;52651,841;23,49143
 780,80;12614,341;  222,577;52697,919;23,61445
 781,37;12617,578;  205,977;52485,196;23,74098
 781,94;12635,243;  194,577;52362,074;23,84754
 782,50;12691,194;  214,977;52273,751;23,96564
 783,07;12766,145;  247,977;52383,429;24,01086
 783,63;12730,238;  190,177;52079,106;24,16712
 784,20;12809,189;  232,777;52057,584;24,26717
 784,77;12795,711;  208,577;51928,461;24,33713
 785,33;12725,376;  187,177;51681,938;24,34850
 785,90;12858,470;  208,577;51654,016;24,58895
 786,46;12927,135;  222,377;51544,293;24,75503
 787,03;12896,515;  205,377;51364,371;24,80725
 787,59;12903,608;  209,177;51383,648;24,80618
 788,16;12954,273;  217,777;51273,726;24,94616
 788,73;12960,081;  223,577;50943,603;25,11139
 789,29;12879,889;  206,777;50617,081;25,13992
 789,86;12977,554;  211,977;50367,758;25,45186
 790,42;12956,505;  215,377;50497,636;25,33921
 790,99;12950,456;  224,977;50039,713;25,54561
 791,55;12997,550;  205,378;50188,990;25,59273
 792,12;12997,929;  231,378;50020,068;25,64147
 792,68;12925,594;  215,378;49785,745;25,64075
 793,25;13040,831;  217,578;49649,623;25,94117
 793,81;13069,924;  253,778;49135,900;26,21847
 794,38;12938,018;  193,378;49037,778;26,09233
 794,94;12971,683;  206,978;48908,855;26,20988
 795,51;12961,777;  218,978;48653,933;26,30910
 796,07;12902,870;  222,978;48389,010;26,32538
 796,64;13039,964;  246,778;48626,887;26,44307
 797,20;12950,486;  225,178;48034,365;26,61687
 797,77;12943,866;  201,978;47678,042;26,83855
 798,33;12828,959;  205,178;47540,320;26,66894
 798,90;12994,910;  246,378;47325,597;27,07889
 799,46;12829,575;  218,778;46887,675;27,02185
 800,03;12859,383;  210,378;46838,352;27,12750
 800,59;13034,334;  237,178;46681,230;27,55392
 801,15;12895,428;  239,978;46431,307;27,39789
 801,72;12839,950;  199,378;46248,184;27,45038
 802,28;12943,043;  240,778;45773,462;27,89703
 802,85;12847,709;  219,979;45820,939;27,69181
 803,41;12831,088;  207,179;45618,217;27,79921
 803,98;12756,896;  212,779;45104,294;27,94318
 804,54;12810,418;  228,979;44858,572;28,19080
 805,11;12770,797;  234,979;44625,249;28,24001
 805,67;12787,891;  240,379;44560,527;28,31108
 806,23;12667,556;  225,379;44110,804;28,35150
 806,80;12807,793;  243,379;44193,281;28,58804
 807,36;12744,601;  261,579;44025,959;28,52325
 807,93;12799,123;  239,779;43749,036;28,86591
 808,49;12696,788;  227,379;43464,914;28,83932
 809,05;12631,453;  210,779;43106,391;28,95558
 809,62;12729,690;  235,179;43062,269;29,17432
 810,18;12698,355;  228,779;43010,346;29,14708
 810,74;12625,877;  197,379;42687,824;29,25010
 811,31;12729,971;  216,579;42482,301;29,60648
 811,87;12651,636;  224,179;42432,978;29,44281
 812,44;12709,872;  258,979;42405,656;29,54181
 813,00;12616,109;  191,779;42067,533;29,66951
 813,56;12742,345;  243,779;42111,011;29,85286
 814,13;12764,296;  227,980;42001,088;30,01049
 814,69;12782,247;  229,380;41872,566;30,14387
 815,25;12643,055;  197,380;41443,443;30,17421
 815,82;12756,577;  234,380;41434,921;30,39328
 816,38;12805,671;  256,580;41108,398;30,71856
 816,94;12670,050;  230,780;40893,875;30,59106
 817,51;12599,715;  199,980;40628,753;30,67057
 818,07;12588,523;  213,380;40369,030;30,81794
 818,63;12637,045;  234,580;40002,908;31,18679
 819,20;12584,139;  236,180;40120,585;30,95937
 819,76;12547,947;  228,580;39577,863;31,30773
 820,32;12614,612;  245,380;39498,140;31,51175
 820,89;12496,706;  250,180;39362,218;31,31140
 821,45;12469,228;  210,580;39112,895;31,51136
 822,01;12456,179;  235,980;38901,573;31,60484
 822,57;12468,987;  232,780;38683,250;31,82329
 823,14;12432,509;  218,780;38618,327;31,80696
 823,70;12334,460;  216,780;38358,405;31,77022
 824,26;12359,839;  231,180;38082,482;32,04291
 824,82;12540,361;  225,781;37968,360;32,62782
 825,39;12424,026;  213,381;37732,437;32,54518
 825,95;12420,120;  237,781;37849,115;32,39008
 826,51;12393,642;  231,581;37278,792;32,82855
 827,08;12494,593;  271,781;37273,070;33,03348
 827,64;12350,687;  239,381;37244,347;32,72887
 828,20;12346,352;  216,581;36980,024;32,99411
 828,76;12431,874;  240,981;36879,502;33,27343
 829,32;12355,825;  245,581;36649,979;33,26588
 829,89;12329,204;  202,181;36605,657;33,31282
 830,45;12295,869;  208,181;36540,734;33,26958
 831,01;12367,249;  230,381;36315,412;33,63408
 831,57;12344,485;  233,181;36207,689;33,66635
 832,14;12387,008;  217,381;36185,367;33,83461
 832,70;12301,244;  208,181;35880,844;33,90008
 833,26;12238,338;  188,981;35790,321;33,84523
 833,82;12355,431;  222,181;35743,999;34,15718
 834,38;12415,525;  205,981;35722,676;34,37691
 834,95;12390,333;  211,581;35525,354;34,48726
 835,51;12387,712;  186,381;35588,031;34,46543
 836,07;12461,377;  222,182;35633,309;34,56314
 836,63;12551,471;  240,182;35589,986;34,82704
 837,19;12558,565;  231,582;35327,064;35,12413
 837,75;12408,944;  191,982;35086,541;35,01108
 838,32;12537,466;  236,782;35301,018;35,08043
 838,88;12645,417;  240,382;35185,096;35,49903
 839,44;12605,082;  203,782;34997,573;35,64228
 840,00;12596,033;  211,782;35115,651;35,48103
 840,56;12598,270;  215,182;34777,128;35,82868
 841,12;12648,078;  210,582;34765,406;35,99351
 841,68;12548,885;  193,182;34493,283;36,02235
 842,25;12619,551;  212,582;34672,761;36,00378
 842,81;12611,930;  203,782;34322,238;36,36785
 843,37;12600,881;  186,982;34411,115;36,27235
 843,93;12710,832;  219,182;34236,393;36,72156
 844,49;12736,497;  223,782;34377,670;36,63628
 845,05;12734,590;  191,582;34056,748;37,03808
 845,61;12806,827;  241,182;34182,225;37,02198
 846,17;12847,492;  207,782;34017,703;37,38462
 846,73;12817,728;  222,383;34085,180;37,19523
 847,29;12789,251;  202,783;33852,658;37,40420
 847,86;12906,773;  196,783;33641,935;38,00249
 848,42;12841,295;  190,383;33540,812;37,93328
 848,98;12895,532;  214,383;33519,890;38,07523
 849,54;12894,768;  204,183;33526,567;38,08427
 850,10;12922,148;  228,383;33345,045;38,33045
 850,66;12901,527;  184,783;33153,522;38,57213
 851,22;12901,621;  182,983;33056,000;38,69021
 851,78;12977,857;  239,983;33111,277;38,75075
 852,34;12922,094;  200,783;32939,555;38,85702
 852,90;12865,902;  212,183;32850,032;38,77007
 853,46;12878,138;  197,383;32641,709;39,08466
 854,02;12959,803;  213,983;32643,387;39,30328
 854,58;12799,468;  203,183;32336,464;39,20012
 855,14;12926,133;  186,583;32268,742;39,70914
 855,70;12801,798;  169,983;32086,819;39,57728
 856,26;12834,035;  216,383;31989,697;39,71148
 856,82;12867,986;  205,783;31857,374;40,00495
 857,38;12813,508;  224,383;31752,252;39,93015
 857,94;12862,745;  204,184;31631,129;40,27932
 858,50;12845,552;  220,984;31515,207;40,34153
 859,06;12838,360;  224,584;31482,284;40,35414
 859,62;12811,168;  213,384;31318,161;40,50112
 860,18;12769,833;  208,784;31074,239;40,69614
 860,74;12725,070;  168,984;30912,316;40,84166
 861,30;12705,021;  173,784;30831,794;40,87427
 861,86;12789,972;  221,584;30929,071;40,92939
 862,42;12755,494;  205,384;30590,949;41,30287
 862,98;12814,730;  225,784;30679,826;41,33752
 863,54;12772,538;  213,784;30401,504;41,60220
 864,10;12816,346;  199,384;30453,381;41,70346
 864,66;12768,440;  204,984;30147,458;41,95864
 865,22;12720,819;  204,984;30039,336;41,95109
 865,78;12791,484;  211,984;30028,813;42,18926
 866,34;12753,578;  201,784;29892,091;42,27573
 866,90;12733,529;  221,984;29758,968;42,35891
 867,45;12699,480;  222,184;29624,646;42,43623
 868,01;12671,859;  222,584;29528,523;42,48038
 868,57;12701,381;  194,184;29270,201;43,01551
 869,13;12628,761;  189,785;29094,678;43,03415
 869,69;12623,854;  202,185;29107,755;42,97327
 870,25;12577,234;  189,185;29104,833;42,84202
 870,81;12641,613;  215,785;28973,910;43,20806
 871,37;12603,278;  209,585;28797,588;43,35278
 871,93;12577,229;  224,185;28614,065;43,51214
 872,49;12519,180;  221,585;28385,943;43,66368
 873,04;12425,131;  200,185;28223,620;43,62401
 873,60;12461,224;  190,585;28096,698;43,97115
 874,16;12440,461;  210,585;28100,175;43,85104
 874,72;12479,604;  199,385;28028,775;44,12680
 875,28;12452,604;  209,785;27963,375;44,11256
 875,84;12455,461;  186,785;27807,375;44,41859
 876,40;12474,032;  206,985;27740,175;44,55367
 876,95;12543,175;  221,385;27739,775;44,77657
 877,51;12542,604;  255,785;27750,375;44,68813
 878,07;12517,746;  239,585;27763,975;44,60830
 878,63;12673,746;  218,585;27739,975;45,25629
 879,19;12658,746;  223,985;27668,175;45,30927
 879,75;12734,318;  217,185;27709,175;45,53011
 880,30;12772,604;  205,385;27794,575;45,55124
 880,86;12852,746;  255,185;27824,575;45,69402
 881,42;12869,889;  190,185;27869,775;45,80886
 881,98;12972,032;  224,585;28080,175;45,76262
 882,54;13100,461;  217,985;28017,575;46,34052
 883,09;13173,746;  226,985;28170,175;46,33244
 883,65;13113,175;  215,585;28300,375;45,92375
 884,21;13476,032;  239,585;28441,775;46,93411
 884,77;13442,461;  217,985;28552,975;46,67189
 885,32;13554,461;  211,185;28662,975;46,89784
 885,88;13649,746;  240,985;28801,975;46,94782
 886,44;13789,318;  212,785;28912,775;47,30501
 887,00;13800,889;  229,785;28898,775;47,33722
 887,56;13937,604;  221,785;29149,775;47,41366
 888,11;13971,318;  217,985;29168,175;47,50688
 888,67;14054,746;  240,185;29323,575;47,49983
 889,23;14045,746;  227,385;29229,775;47,64560
 889,79;14092,889;  208,785;29260,375;47,79120
 890,34;14168,889;  208,785;29149,575;48,23678
 890,90;14264,318;  250,985;29173,175;48,45184
 891,46;14187,889;  217,585;29233,975;48,14625
 892,01;14247,461;  240,585;29083,775;48,56216
 892,57;14233,461;  245,785;29088,775;48,49593
 893,13;14148,604;  226,185;28995,775;48,39283
 893,69;14113,032;  207,585;28903,575;48,45781
 894,24;14158,604;  218,185;28830,175;48,72230
 894,80;14168,889;  225,785;28553,575;49,22059
 895,36;14135,604;  207,385;28458,575;49,30135
 895,91;14016,032;  213,985;28280,375;49,17642
 896,47;14046,461;  230,185;28094,775;49,58363
 897,03;13950,175;  210,385;27903,775;49,61397
 897,58;13929,318;  217,785;27717,175;49,86123
 898,14;13934,032;  233,985;27673,575;49,92803
 898,70;13898,604;  197,385;27601,175;49,99753
 899,25;13881,318;  209,185;27406,375;50,27039
 899,81;13875,889;  238,185;27203,575;50,57485
 900,37;13689,746;  190,985;27044,375;50,26837
 900,92;13773,604;  220,185;26966,575;50,67382
 901,48;13704,461;  204,185;26834,575;50,69500
 902,03;13641,889;  199,385;26749,975;50,62978
 902,59;13729,318;  219,585;26734,975;50,95053
 903,15;13643,175;  242,585;26494,775;51,04561
 903,70;13537,032;  228,985;26272,975;51,09834
 904,26;13522,889;  195,185;26118,375;51,41228
 904,82;13580,889;  217,385;26110,975;51,60931
 905,37;13534,461;  215,585;26019,975;51,61477
 905,93;13519,889;  211,185;25899,975;51,80744
 906,48;13588,318;  230,185;25755,975;52,33191
 907,04;13493,461;  248,585;25767,175;51,90285
 907,60;13416,032;  205,985;25499,175;52,22768
 908,15;13323,175;  208,785;25448,375;51,95960
 908,71;13389,032;  251,385;25480,975;52,07238
 909,26;13407,175;  211,185;25169,375;52,87238
 909,82;13369,889;  237,185;25158,575;52,69652
 910,37;13379,318;  250,785;24900,975;53,25936
 910,93;13218,175;  206,785;24712,775;53,09473
 911,48;13112,318;  209,585;24621,375;52,85451
 912,04;13141,889;  203,585;24537,375;53,17012
 912,60;13278,032;  240,185;24691,775;53,32106
 913,15;13105,461;  233,585;24388,775;53,28824
 913,71;13064,604;  208,985;24185,975;53,61648
 914,26;13075,032;  207,785;24091,775;53,87394
 914,82;13092,032;  223,985;24053,375;54,00074
 915,37;12999,032;  209,785;23898,375;53,98906
 915,93;13033,746;  278,185;23892,775;54,01560
 916,48;13034,461;  215,785;23672,775;54,64757
 917,04;12945,461;  232,185;23553,975;54,51244
 917,59;12927,175;  251,985;23506,375;54,50665
 918,15;12835,604;  172,985;23242,175;54,88974
 918,70;12845,461;  194,585;23323,175;54,69800
 919,26;12838,461;  225,985;23132,575;55,06047
 919,81;12741,032;  191,385;23044,175;54,91516
 920,37;12737,175;  209,585;22783,375;55,49617
 920,92;12733,032;  215,385;22795,975;55,43543
 921,48;12642,318;  200,185;22586,375;55,57950
 922,03;12635,889;  214,985;22528,375;55,66570
 922,59;12521,746;  224,785;22401,375;55,45019
 923,14;12580,746;  210,185;22325,175;55,93745
 923,69;12524,175;  224,585;22390,575;55,48857
 924,25;12546,318;  234,585;22114,975;56,26834
 924,80;12401,604;  219,585;21933,575;56,10217
 925,36;12378,604;  216,585;21980,375;55,88190
 925,91;12432,461;  213,985;21765,175;56,69513
 926,47;12360,175;  192,985;21704,975;56,56004
 927,02;12453,461;  246,185;21669,975;56,98000
 927,57;12410,175;  217,385;21431,775;57,47415
 928,13;12364,175;  215,385;21399,175;57,34946
 928,68;12369,318;  214,385;21298,775;57,64897
 929,24;12291,604;  194,985;21056,975;57,98401
 929,79;12216,032;  195,185;20994,175;57,79534
 930,34;12188,604;  220,985;20909,175;57,84759
 930,90;12270,032;  200,585;20822,575;58,52707
 931,45;12212,461;  208,985;20760,775;58,40599
 932,01;12146,604;  226,985;20826,175;57,86450
 932,56;12094,604;  236,785;20657,975;58,06625
 933,11;12117,461;  224,785;20495,575;58,66903
 933,67;12008,175;  218,985;20367,175;58,51240
 934,22;12045,889;  224,385;20302,375;58,87793
 934,77;11993,889;  223,585;20152,375;59,06181
 935,33;11856,746;  228,985;20031,775;58,71779
 935,88;11910,889;  228,585;20037,175;58,97595
 936,43;11825,175;  224,785;19867,775;59,05613
 936,99;11793,461;  203,985;19779,775;59,20311
 937,54;11679,604;  199,385;19705,575;58,85423
 938,09;11755,604;  214,385;19494,375;59,86112
 938,65;11657,746;  212,785;19343,175;59,82607
 939,20;11630,889;  194,585;19422,175;59,47862
 939,75;11543,461;  197,185;19246,375;59,56304
 940,31;11496,604;  193,785;19051,175;59,93840
 940,86;11564,746;  203,585;19200,975;59,80380
 941,41;11536,889;  264,985;19011,775;60,12712
 941,96;11513,318;  207,185;18855,975;60,62663
 942,52;11463,318;  216,385;18838,175;60,39663
 943,07;11336,461;  193,785;18730,975;60,10984
 943,62;11356,175;  201,585;18591,975;60,65445
 944,18;11384,032;  190,585;18531,975;61,02835
 944,73;11342,032;  216,785;18403,975;61,17079
 945,28;11228,746;  181,185;18284,575;61,02482
 945,83;11274,746;  223,385;18173,575;61,56682
 946,39;11281,318;  203,785;18154,575;61,71056
 946,94;11273,032;  234,985;18027,775;62,03663
 947,49;11237,175;  214,585;17934,375;62,20497
 948,04;11254,175;  227,185;17990,975;62,07566
 948,59;11250,175;  229,785;17823,975;62,63653
 949,15;11186,461;  196,785;17696,575;62,79890
 949,70;11101,032;  213,385;17583,375;62,68079
 950,25;11133,889;  231,785;17544,775;62,97066
 950,80;11019,175;  187,385;17522,775;62,48368
 951,36;11032,746;  180,985;17437,175;62,88620
 951,91;11055,889;  211,785;17414,175;63,03836
 952,46;11016,318;  181,585;17155,375;63,83214
 953,01;10999,318;  215,185;17166,975;63,61648
 953,56;10888,032;  186,385;17089,975;63,30991
 954,11;10883,889;  231,985;17015,775;63,46543
 954,67;10960,318;  204,985;16958,175;64,19872
 955,22;10743,318;  188,985;16687,775;63,97034
 955,77;10846,318;  234,585;16719,375;64,37287
 956,32;10712,746;  251,185;16646,375;63,80872
 956,87;10657,604;  206,385;16472,775;64,25039
 957,42;10676,032;  206,985;16494,775;64,27543
 957,98;10633,604;  201,785;16257,375;64,97313
 958,53;10651,032;  224,385;16301,175;64,85528
 959,08;10614,889;  190,785;16218,575;65,03769
 959,63;10449,889;  190,585;16122,175;64,39598
 960,18;10455,175;  217,185;16053,375;64,64933
 960,73;10497,746;  208,985;15932,375;65,43603
 961,28;10412,461;  200,785;15844,375;65,27706
 961,83;10371,746;  216,385;15855,775;64,93451
 962,39;10311,461;  200,185;15688,175;65,28462
 962,94;10220,461;  215,585;15571,575;65,15292
 963,49;10192,318;  209,785;15532,375;65,14912
 964,04;10194,889;  214,985;15423,175;65,62191
 964,59;10084,604;  203,585;15309,575;65,41126
 965,14;10093,746;  214,785;15274,375;65,59914
 965,69;10058,461;  195,585;15175,975;65,83858
 966,24; 9983,032;  189,785;15058,575;65,86445
 966,79; 9918,175;  215,585;14974,175;65,74198
 967,34; 9851,032;  191,185;14867,575;65,81896
 967,89; 9849,889;  211,985;14773,375;66,18808
 968,44; 9908,461;  219,585;14791,175;66,49155
 968,99; 9813,746;  226,785;14619,175;66,61132
 969,55; 9807,746;  220,985;14511,975;67,08256
 970,10; 9739,746;  214,385;14446,775;66,92735
 970,65; 9744,032;  227,385;14262,975;67,80368
 971,20; 9666,604;  199,185;14271,175;67,27846
 971,75; 9584,318;  188,185;14090,175;67,58840
 972,30; 9558,461;  217,785;14004,775;67,74993
 972,85; 9517,746;  203,585;14013,975;67,44315
 973,40; 9450,604;  203,185;13823,575;67,89393
 973,95; 9450,604;  220,985;13810,175;67,91883
 974,50; 9424,318;  241,385;13734,375;68,05706
 975,05; 9365,175;  215,785;13633,775;68,18749
 975,60; 9315,461;  241,185;13571,975;68,07005
 976,15; 9242,318;  211,385;13443,575;68,24972
 976,70; 9244,175;  222,185;13370,975;68,61460
 977,25; 9218,604;  211,985;13416,975;68,20617
 977,80; 9123,318;  195,985;13126,975;69,03828
 978,35; 9045,318;  211,985;13055,175;68,77834
 978,89; 9009,032;  199,385;12930,375;69,19845
 979,44; 9055,746;  217,785;12903,375;69,66930
 979,99; 8916,032;  201,985;12765,375;69,36064
 980,54; 8931,461;  228,185;12675,975;69,91824
 981,09; 8906,461;  222,585;12618,175;70,05617
 981,64; 8788,461;  221,585;12389,575;70,40502
 982,19; 8785,604;  242,985;12345,775;70,58388
 982,74; 8718,032;  231,185;12263,975;70,53100
 983,29; 8622,889;  192,785;12115,775;70,70462
 983,84; 8565,175;  227,985;12057,575;70,47742
 984,39; 8572,461;  249,385;11963,175;71,05365
 984,94; 8521,746;  200,585;11862,975;71,35040
 985,49; 8415,746;  232,385;11793,175;70,78549
 986,03; 8415,604;  233,785;11663,975;71,58077
 986,58; 8365,175;  268,785;11628,175;71,27487
 987,13; 8298,318;  207,985;11411,575;72,21197
 987,68; 8221,461;  235,985;11312,375;72,09457
 988,23; 8210,318;  226,985;11250,175;72,42307
 988,78; 8136,746;  223,785;11109,775;72,68941
 989,33; 8073,175;  220,985;10968,775;73,05865
 989,88; 8046,175;  251,985;10965,975;72,74778
 990,42; 7953,461;  223,185;10787,175;73,17572
 990,97; 7890,461;  223,185;10681,175;73,31500
 991,52; 7872,461;  235,185;10688,575;73,06028
 992,07; 7739,318;  244,585;10498,775;73,08947
 992,62; 7689,032;  228,185;10449,775;72,99106
 993,17; 7674,746;  230,185;10255,775;74,25559
 993,71; 7576,461;  236,585;10236,375;73,40030
 994,26; 7491,318;  218,185;10051,175;73,96665
 994,81; 7473,032;  239,985;10001,575;74,09702
 995,36; 7352,175;  208,985; 9878,775;73,87120
 995,91; 7315,604;  227,185; 9840,775;73,73331
 996,45; 7273,889;  223,185; 9708,175;74,33539
 997,00; 7182,604;  208,785; 9556,175;74,60712
 997,55; 7145,175;  226,185; 9570,575;74,04432
 998,10; 7054,604;  235,785; 9334,575;74,94204
 998,65; 7054,604;  207,185; 9332,975;75,03371
 999,19; 6961,461;  234,585; 9289,775;74,28752
 999,74; 6906,461;  237,185; 9119,375;75,08594
1000,29; 6866,318;  247,185; 9050,575;75,18845
1000,84; 6747,032;  226,385; 8927,975;74,93627
1001,38; 6741,746;  225,985; 8722,975;76,68317
1001,93; 6701,604;  227,185; 8819,575;75,35061
1002,48; 6543,032;  213,185; 8628,775;75,21573
1003,03; 6531,318;  222,785; 8504,975;76,16986
1003,57; 6468,604;  232,985; 8453,975;75,84997
1004,12; 6462,746;  233,185; 8326,175;76,97478
1004,67; 6340,318;  223,985; 8297,175;75,76104
1005,22; 6220,604;  214,785; 8139,375;75,78712
1005,76; 6146,318;  212,585; 7986,175;76,33195
1006,31; 6145,461;  234,985; 7930,775;76,80142
1006,86; 6062,032;  221,985; 7767,575;77,39683
1007,40; 5974,604;  198,185; 7624,975;77,77813
1007,95; 5914,032;  230,385; 7621,375;76,89967
1008,50; 5765,746;  234,185; 7447,975;76,68038
1009,04; 5761,604;  218,385; 7419,175;76,98070
1009,59; 5599,318;  221,585; 7293,975;76,03841
1010,14; 5580,175;  215,585; 7124,575;77,64652
1010,68; 5495,746;  223,785; 7028,975;77,46972
1011,23; 5413,746;  189,385; 6898,975;77,86409
1011,78; 5380,746;  238,385; 6909,775;77,08081
1012,32; 5301,746;  221,385; 6682,575;78,62888
1012,87; 5320,746;  239,585; 6755,175;77,98467
1013,42; 5194,461;  212,185; 6570,975;78,35258
1013,96; 5250,461;  242,985; 6621,575;78,50443
1014,51; 5177,175;  182,185; 6500,175;79,05980
1015,06; 5171,889;  191,385; 6547,775;78,35429
1015,60; 5262,175;  264,385; 6593,375;78,96663
1016,15; 5194,889;  213,785; 6555,575;78,54414
1016,69; 5246,461;  226,585; 6498,375;80,03896
1017,24; 5248,604;  203,185; 6530,775;79,73681
1017,79; 5322,175;  249,985; 6580,175;80,12698
1018,33; 5273,461;  211,185; 6584,175;79,43329
1018,88; 5351,175;  248,185; 6615,975;80,13754
1019,42; 5337,461;  230,585; 6633,375;79,76016
1019,97; 5322,318;  199,585; 6670,375;79,16704
1020,51; 5424,889;  232,385; 6724,975;79,97585
1021,06; 5390,461;  201,185; 6703,975;79,80076
1021,61; 5403,318;  183,385; 6564,775;81,79931
1022,15; 5336,746;  170,385; 6554,375;80,92684
1022,70; 5335,604;  221,985; 6591,975;80,27671
1023,24; 5329,032;  185,985; 6595,975;80,23487
1023,79; 5262,032;  206,185; 6495,775;80,38437
1024,33; 5253,746;  206,185; 6476,975;80,49323
1024,88; 5226,461;  211,185; 6419,975;80,77702
1025,42; 5163,175;  214,785; 6222,175;82,37171
1025,97; 5053,889;  211,785; 6173,175;81,22442
1026,51; 4936,461;  175,985; 6033,175;81,27576
1027,06; 4950,604;  206,185; 6053,375;81,14015
1027,60; 4817,461;  205,585; 5935,175;80,49225
1028,15; 4817,746;  230,585; 5842,775;81,73568
1028,69; 4669,461;  196,985; 5694,375;81,35635
1029,24; 4593,318;  211,385; 5638,775;80,73739
1029,78; 4589,889;  208,385; 5525,175;82,40883
1030,33; 4443,889;  185,985; 5398,775;81,68187
1030,87; 4410,032;  212,385; 5365,775;81,45409
1031,42; 4351,032;  194,385; 5274,975;81,81426
1031,96; 4314,604;  216,985; 5209,175;82,08058
1032,51; 4263,746;  198,785; 5159,575;81,94182
1033,05; 4176,461;  216,785; 5094,375;81,18099
1033,60; 4109,604;  166,785; 4986,175;81,81157
1034,14; 4077,318;  200,185; 4900,775;82,48183
1034,69; 4033,175;  210,185; 4821,375;82,90680
1035,23; 3962,318;  205,985; 4730,975;83,01306
1035,77; 3912,746;  193,585; 4674,375;83,00236
1036,32; 3839,318;  169,185; 4629,175;82,29016
1036,86; 3832,889;  202,185; 4530,575;83,88117
1037,41; 3748,318;  219,585; 4518,575;82,08283
1037,95; 3697,889;  182,985; 4436,375;82,63771
1038,50; 3665,461;  194,985; 4351,775;83,48932
1039,04; 3616,604;  216,385; 4251,375;84,26833
1039,58; 3575,889;  195,985; 4206,575;84,27449
1040,13; 3563,604;  193,185; 4211,375;83,87902
1040,67; 3537,746;  232,985; 4143,575;84,50800
1041,21; 3455,889;  234,385; 4054,975;84,31955
1041,76; 3356,175;  189,585; 3998,975;83,12591
1042,30; 3389,889;  207,185; 3960,575;84,79546
1042,85; 3309,889;  205,185; 3900,775;84,01106
1043,39; 3243,175;  196,585; 3840,775;83,60129
1043,93; 3209,318;  213,185; 3768,575;84,27016
1044,48; 3168,604;  221,785; 3745,575;83,62640
1045,02; 3139,746;  194,985; 3677,575;84,55665
1045,56; 3108,175;  226,785; 3593,175;85,59288
1046,11; 3044,746;  209,985; 3566,175;84,46368
1046,65; 3012,461;  219,985; 3509,575;84,88826
1047,19; 2983,889;  187,785; 3480,975;84,90565
1047,74; 2922,032;  191,985; 3379,375;85,65149
1048,28; 2902,461;  214,785; 3427,975;83,64509
1048,82; 2870,604;  220,785; 3358,975;84,43780
1049,37; 2805,318;  215,385; 3284,775;84,37940
1049,91; 2773,175;  197,185; 3303,375;82,93086
1050,45; 2786,318;  224,985; 3245,375;84,80140
1050,99; 2730,318;  202,985; 3149,375;85,77727
1051,54; 2672,889;  207,185; 3100,375;85,22442
1052,08; 2687,604;  228,785; 3086,975;86,02712
1052,62; 2628,318;  223,985; 3023,975;85,86934
1053,16; 2592,032;  206,585; 2934,575;87,44340
1053,71; 2580,318;  218,585; 2966,975;85,93150
1054,25; 2536,746;  217,185; 2879,175;87,13637
1054,79; 2509,175;  222,585; 2843,975;87,22815
1055,33; 2459,604;  199,185; 2783,975;87,45076
1055,88; 2459,746;  232,185; 2776,975;87,53419
1056,42; 2446,461;  227,185; 2762,175;87,54574
1056,96; 2400,318;  234,585; 2692,975;88,09558
1057,50; 2342,318;  224,185; 2648,775;87,36046
1058,05; 2319,032;  222,785; 2621,975;87,37312
1058,59; 2322,746;  233,985; 2547,775;90,27446
1059,13; 2267,175;  201,585; 2473,175;90,93146
1059,67; 2228,461;  228,185; 2524,575;87,10523
1060,21; 2194,318;  215,385; 2451,775;88,48782
1060,76; 2173,889;  235,185; 2440,975;87,89161
1061,30; 2170,461;  244,385; 2377,175;90,30780
1061,84; 2118,175;  210,185; 2358,375;88,81849
1062,38; 2089,461;  199,585; 2303,775;89,81488
1062,92; 2114,461;  260,985; 2322,375;89,91388
1063,46; 2038,889;  242,585; 2245,575;89,68114
1064,01; 2003,318;  204,785; 2226,575;88,95745
1064,55; 1984,032;  229,585; 2221,575;88,07510
1065,09; 1942,889;  198,385; 2126,375;90,48306
1065,63; 1930,461;  230,785; 2131,775;89,41003
1066,17; 1919,032;  245,785; 2102,975;90,09564
1066,71; 1920,889;  231,785; 2098,775;90,47206
1067,25; 1878,746;  237,185; 2061,175;89,99838
1067,80; 1854,746;  238,385; 2045,975;89,42080
1068,34; 1866,746;  250,385; 2047,175;89,95828
1068,88; 1785,032;  217,585; 1981,175;88,87821
1069,42; 1795,175;  258,185; 1998,375;88,32311
1069,96; 1758,318;  225,385; 1939,175;89,44695
1070,50; 1771,604;  251,585; 1942,975;89,86801
1071,04; 1719,175;  203,185; 1908,175;88,91489
1071,58; 1696,889;  218,385; 1881,175;88,91708
1072,12; 1695,604;  218,785; 1812,975;92,63755
1072,66; 1684,175;  232,985; 1827,175;91,02993
1073,21; 1682,032;  235,985; 1839,175;90,19811
1073,75; 1665,604;  235,385; 1805,975;91,06250
1074,29; 1638,746;  240,585; 1778,575;90,90836
1074,83; 1616,032;  249,585; 1748,175;91,18219
1075,37; 1617,032;  243,785; 1726,975;92,58741
1075,91; 1603,318;  232,185; 1720,975;92,09713
1076,45; 1589,318;  228,385; 1687,775;93,25354
1076,99; 1561,175;  254,785; 1650,975;93,56821
1077,53; 1519,746;  222,185; 1646,575;91,09594
1078,07; 1514,746;  241,185; 1615,975;92,63680
1078,61; 1492,889;  218,785; 1609,375;91,62329
1079,15; 1480,032;  222,985; 1585,575;92,25425
1079,69; 1474,032;  223,985; 1549,175;94,32965
1080,23; 1462,746;  244,385; 1572,175;91,75859
1080,77; 1473,746;  246,985; 1569,375;92,76850
1081,31; 1413,889;  203,985; 1501,375;93,25679
1081,85; 1432,746;  245,185; 1514,175;93,58320
1082,39; 1378,604;  215,385; 1467,975;92,86507
1082,93; 1386,889;  210,785; 1449,975;94,90912
1083,47; 1341,461;  214,785; 1425,775;93,03757
1084,01; 1371,175;  250,185; 1426,975;95,25829
1084,55; 1317,318;  212,385; 1393,175;93,57573
1085,09; 1335,746;  242,585; 1387,375;95,49013
1085,63; 1301,461;  223,185; 1392,375;92,22416
1086,17; 1293,746;  220,585; 1358,775;94,28667
1086,71; 1278,318;  236,585; 1333,575;94,96284
1087,24; 1273,746;  248,585; 1347,175;93,31611
1087,78; 1281,746;  222,985; 1311,775;97,24202
1088,32; 1203,604;  213,785; 1278,575;92,95904
1088,86; 1235,889;  242,385; 1315,375;92,59213
1089,40; 1188,461;  219,785; 1272,175;92,04532
1089,94; 1130,604;  196,585; 1241,175;89,41485
1090,48; 1180,318;  226,985; 1241,775;93,94386
1091,02; 1169,746;  233,785; 1239,175;93,09436
1091,56; 1168,175;  234,985; 1212,175;95,49729
1092,10; 1140,461;  217,785; 1190,975;94,80941
1092,63; 1146,318;  248,985; 1209,575;93,41476
1093,17; 1112,746;  230,985; 1195,975;91,37519
1093,71; 1066,889;  227,385; 1151,775;90,81711
1094,25; 1094,889;  249,785; 1176,375;91,20585
1094,79; 1080,175;  247,785; 1129,175;94,44060
1095,33; 1042,461;  232,585; 1100,975;93,26175
1095,87; 1059,175;  230,985; 1142,375;90,87109
1096,40; 1015,889;  206,985; 1087,375;91,88022
1096,94; 1024,604;  238,785; 1072,575;94,24658
1097,48; 1004,889;  235,185; 1090,775;89,96181
1098,02; 1014,746;  210,785; 1066,575;93,94377
1098,56;  959,746;  196,985;  999,175;95,08488
1099,10;  952,604;  211,585;  999,375;94,06296
1099,63;  940,318;  209,785; 1018,775;90,30184
1100,17;  960,175;  244,185; 1028,775;91,25658
1100,71;  957,604;  239,985; 1012,375;92,90884

