
Integration time [ms]: 140,000
Averaging Nr. [scans]: 13
Smoothing Nr. [pixels]: 0
Data measured with spectrometer [name]: 2009305U1
Wave   ;Sample   ;Dark     ;Reference;Reflectance
[nm]   ;[counts] ;[counts] ;[counts] ;[%]

 175,72;  210,665;  202,783;  223,076;38,84190
 176,32;  234,064;  235,325;  233,183; 0,00000
 176,92;  270,846;  268,169;  269,200;259,54262
 177,52;  268,583;  268,091;  262,076; 0,00000
 178,12;  252,328;  257,324;  243,700; 0,00000
 178,72;  265,225;  265,095;  258,217; 0,00000
 179,32;  263,054;  268,863;  252,136; 0,00000
 179,92;  266,556;  265,631;  267,970;39,53499
 180,52;  255,724;  242,858;  269,559;48,18425
 181,12;  268,834;  264,246;  270,140;77,83247
 181,73;  297,009;  278,015;  276,393; 0,00000
 182,33;  379,573;  376,706;  385,901;31,17756
 182,93;  276,697;  282,630;  284,119;-398,37820
 183,53;  254,485;  252,787;  239,042; 0,00000
 184,13;  251,272;  254,095;  245,230; 0,00000
 184,73;  296,737;  287,018;  290,658;267,07308
 185,33;  275,189;  245,652;  366,512;24,43893
 185,93;  274,422;  240,884;  362,674;27,53746
 186,53;  284,684;  262,499;  382,538;18,48141
 187,13;  314,611;  282,650;  413,897;24,35166
 187,73;  283,022;  248,500;  374,807;27,33208
 188,33;  286,951;  249,501;  377,832;29,18253
 188,93;  291,169;  266,120;  368,764;24,40416
 189,53;  297,879;  262,277;  393,555;27,11966
 190,13;  336,201;  296,435;  419,072;32,42572
 190,73;  275,717;  227,586;  359,537;36,47607
 191,34;  308,795;  271,352;  391,243;31,23066
 191,94;  286,636;  246,733;  373,358;31,51278
 192,54;  295,339;  264,572;  390,298;24,47157
 193,14;  299,861;  262,112;  410,063;25,51450
 193,74;  295,007;  267,728;  401,768;20,35134
 194,34;  293,749;  265,958;  394,183;21,67387
 194,94;  263,051;  225,420;  368,414;26,31705
 195,54;  236,135;  199,036;  342,674;25,82828
 196,14;  257,386;  234,957;  373,055;16,24140
 196,74;  255,324;  238,575;  362,324;13,53487
 197,34;  230,140;  200,263;  355,217;19,28093
 197,94;  266,441;  232,342;  391,563;21,41558
 198,54;  275,299;  239,265;  407,700;21,39356
 199,14;  256,049;  217,032;  395,974;21,80430
 199,74;  243,935;  208,186;  379,854;20,82482
 200,34;  228,063;  205,108;  400,093;11,77265
 200,94;  268,182;  241,418;  444,773;13,16153
 201,54;  254,676;  224,801;  446,157;13,49631
 202,14;  291,734;  252,185;  507,021;15,51959
 202,74;  254,517;  220,186;  489,414;12,75167
 203,34;  243,517;  206,876;  509,469;12,10886
 203,94;  221,705;  177,569;  523,345;12,76423
 204,54;  291,766;  251,804;  597,516;11,55923
 205,14;  241,962;  210,570;  593,619; 8,19518
 205,74;  315,744;  248,030;  688,863;15,36044
 206,34;  270,915;  218,877;  712,170;10,54901
 206,94;  282,439;  224,493;  773,666;10,55147
 207,54;  258,112;  194,262;  814,576;10,29313
 208,14;  280,306;  212,338;  885,999;10,08936
 208,74;  298,851;  216,647;  970,102;10,91025
 209,34;  297,651;  210,032; 1064,247;10,25732
 209,94;  319,484;  223,416; 1142,978;10,44709
 210,54;  318,408;  216,877; 1246,089; 9,86496
 211,14;  338,865;  209,955; 1381,448;11,00389
 211,73;  356,121;  219,109; 1508,743;10,62405
 212,33;  361,911;  231,956; 1610,123; 9,42956
 212,93;  349,694;  216,109; 1698,572; 9,01100
 213,53;  347,968;  181,647; 1761,367;10,52851
 214,13;  386,175;  222,952; 1870,209; 9,90875
 214,73;  367,657;  185,954; 1909,790;10,54064
 215,33;  345,176;  179,186; 1934,593; 9,45595
 215,93;  401,489;  211,184; 2074,162;10,21512
 216,53;  377,757;  162,801; 2134,072;10,90441
 217,13;  457,823;  225,953; 2347,307;10,93025
 217,73;  463,954;  204,338; 2559,692;11,02241
 218,33;  438,436;  161,336; 2756,969;10,67562
 218,93;  533,996;  202,873; 3086,277;11,48375
 219,53;  586,400;  209,336; 3414,311;11,76494
 220,13;  579,017;  170,028; 3703,166;11,57578
 220,73;  658,026;  187,878; 4085,892;12,06122
 221,32;  717,466;  195,109; 4505,948;12,11731
 221,92;  777,732;  192,721; 5000,632;12,16768
 222,52;  818,373;  178,184; 5377,901;12,31200
 223,12;  888,032;  189,030; 5845,465;12,35765
 223,72;  956,919;  197,260; 6327,192;12,39260
 224,32; 1015,752;  209,106; 6727,234;12,37541
 224,92; 1048,193;  182,568; 7030,294;12,64106
 225,52; 1130,940;  212,723; 7406,315;12,76437
 226,12; 1183,465;  189,953; 7683,610;13,25803
 226,72; 1184,775;  171,723; 8090,059;12,79375
 227,31; 1231,755;  166,338; 8448,196;12,86447
 227,91; 1321,575;  195,185; 8938,251;12,88324
 228,51; 1382,076;  182,417; 9244,174;13,23870
 229,11; 1429,511;  189,108; 9710,850;13,02706
 229,71; 1455,556;  184,032; 9960,751;13,00563
 230,31; 1491,195;  160,260;10437,610;12,95018
 230,91; 1553,037;  168,495;10697,503;13,14978
 231,51; 1575,165;  183,415;11064,521;12,79052
 232,10; 1661,918;  172,875;11342,525;13,33115
 232,70; 1701,364;  198,958;11545,952;13,24057
 233,30; 1743,061;  214,492;11780,828;13,21567
 233,90; 1726,041;  192,799;11954,734;13,03562
 234,50; 1780,463;  186,799;12056,551;13,42626
 235,10; 1780,732;  175,260;12065,525;13,50240
 235,70; 1801,448;  208,724;12036,862;13,46555
 236,29; 1778,607;  203,417;12020,602;13,32965
 236,89; 1737,649;  168,495;11895,824;13,38032
 237,49; 1743,378;  201,338;11816,486;13,27611
 238,09; 1719,068;  181,339;11438,324;13,66023
 238,69; 1717,580;  224,957;11167,550;13,64049
 239,29; 1615,713;  186,185;10841,999;13,41548
 239,89; 1584,516;  196,802;10545,226;13,40990
 240,48; 1501,433;  176,492;10114,692;13,33180
 241,08; 1465,495;  177,185; 9764,264;13,43799
 241,68; 1440,698;  213,415; 9396,209;13,36502
 242,28; 1356,104;  178,723; 8995,542;13,35381
 242,88; 1361,753;  219,721; 8679,166;13,50008
 243,48; 1333,107;  225,954; 8415,452;13,51918
 244,07; 1270,555;  209,339; 8129,234;13,39937
 244,67; 1276,002;  207,338; 7988,298;13,73435
 245,27; 1225,197;  208,109; 7823,974;13,35486
 245,87; 1251,706;  210,260; 7761,226;13,79222
 246,47; 1221,448;  196,109; 7668,914;13,72094
 247,06; 1220,011;  181,416; 7757,721;13,70846
 247,66; 1249,209;  185,646; 7774,213;14,01534
 248,26; 1311,409;  215,955; 7894,268;14,26685
 248,86; 1346,990;  207,725; 8133,290;14,37457
 249,46; 1341,356;  159,953; 8304,717;14,50505
 250,05; 1422,660;  204,262; 8681,392;14,37277
 250,65; 1472,381;  184,263; 9076,110;14,48650
 251,25; 1577,271;  178,031; 9575,474;14,88958
 251,85; 1694,178;  186,264;10085,469;15,23268
 252,44; 1785,831;  157,878;10815,700;15,27472
 253,04; 1942,026;  208,493;11581,892;15,24199
 253,64; 2064,939;  152,725;12308,123;15,73139
 254,24; 2243,774;  196,339;13277,281;15,65204
 254,84; 2436,663;  177,184;14242,179;16,06456
 255,43; 2634,537;  190,801;15248,200;16,22947
 256,03; 2854,290;  196,956;16293,995;16,50822
 256,63; 3066,860;  204,341;17391,115;16,65536
 257,23; 3227,643;  177,495;18380,307;16,75647
 257,82; 3432,436;  194,496;19349,209;16,90414
 258,42; 3599,153;  155,496;20233,042;17,15178
 259,02; 3839,206;  210,262;21264,273;17,23635
 259,62; 3963,236;  187,189;22043,709;17,27652
 260,21; 4114,303;  199,878;22644,055;17,44071
 260,81; 4230,076;  193,646;23073,388;17,64194
 261,41; 4366,870;  172,265;23729,055;17,80635
 262,01; 4538,130;  209,497;24161,474;18,07213
 262,60; 4582,797;  163,649;24635,307;18,05823
 263,20; 4669,147;  179,802;24886,046;18,17089
 263,80; 4773,388;  212,651;25112,931;18,31601
 264,40; 4799,255;  168,189;25329,644;18,40540
 264,99; 4853,421;  198,574;25487,905;18,40637
 265,59; 4931,339;  180,191;25693,956;18,62190
 266,19; 4952,351;  181,035;25895,888;18,55471
 266,78; 5051,730;  221,190;26007,807;18,73274
 267,38; 4996,949;  200,268;26049,674;18,55625
 267,98; 5015,810;  181,575;26073,568;18,67077
 268,58; 5007,467;  196,037;26109,273;18,56746
 269,17; 5002,544;  195,653;26127,166;18,53687
 269,77; 4970,825;  204,957;25881,747;18,56100
 270,37; 4941,755;  165,420;25820,286;18,61766
 270,96; 4916,579;  232,111;25659,008;18,42328
 271,56; 4866,455;  184,033;25321,482;18,62728
 272,16; 4816,990;  181,496;25124,230;18,58455
 272,75; 4766,696;  191,265;25101,268;18,36784
 273,35; 4726,787;  189,726;25037,080;18,25973
 273,95; 4728,351;  188,419;25027,841;18,27713
 274,54; 4676,994;  169,185;25041,157;18,12405
 275,14; 4780,704;  216,496;25396,256;18,12650
 275,74; 4709,405;  168,419;25453,756;17,95897
 276,33; 4848,180;  213,649;25923,068;18,02659
 276,93; 4909,912;  196,031;26222,952;18,11156
 277,53; 4978,955;  186,032;26759,098;18,03677
 278,12; 5042,276;  174,418;27305,491;17,94200
 278,72; 5219,362;  227,801;27881,948;18,04995
 279,32; 5264,154;  182,955;28489,106;17,95087
 279,91; 5403,006;  165,494;29258,003;18,00296
 280,51; 5543,102;  191,724;29692,657;18,13969
 281,11; 5706,371;  186,494;30550,063;18,17927
 281,70; 5752,440;  171,417;30892,465;18,16677
 282,30; 5930,378;  182,572;31552,097;18,32290
 282,90; 6006,348;  186,264;31954,418;18,32050
 283,49; 6178,827;  202,572;32544,115;18,47857
 284,09; 6345,647;  210,417;33120,456;18,64243
 284,69; 6428,699;  213,340;33350,085;18,75670
 285,28; 6596,607;  206,341;33762,422;19,04354
 285,88; 6712,190;  248,188;33983,397;19,16100
 286,47; 6730,693;  187,187;34005,615;19,34893
 287,07; 6847,729;  220,263;34062,995;19,58313
 287,67; 7000,876;  209,415;34281,991;19,93234
 288,26; 7076,131;  182,878;34188,713;20,27079
 288,86; 7249,139;  179,956;34213,674;20,77112
 289,46; 7416,779;  205,340;34318,149;21,13997
 290,05; 7529,154;  177,493;34392,670;21,48655
 290,65; 7748,608;  194,803;34598,709;21,95624
 291,24; 7986,717;  195,186;34663,653;22,60481
 291,84; 8229,860;  216,495;34767,653;23,19275
 292,44; 8433,114;  194,569;34984,204;23,68103
 293,03; 8642,322;  266,417;35057,914;24,07458
 293,63; 8793,790;  184,495;35259,170;24,54561
 294,22; 8993,227;  214,417;35324,264;25,00384
 294,82; 9133,787;  191,727;35373,820;25,41651
 295,41; 9172,363;  176,802;35114,234;25,74763
 296,01; 9270,875;  229,265;34972,568;26,02404
 296,61; 9301,743;  217,571;34673,495;26,36462
 297,20; 9242,852;  195,496;34283,409;26,54124
 297,80; 9255,369;  199,031;34159,264;26,66748
 298,39; 9125,024;  177,418;33729,931;26,66747
 298,99; 9193,907;  207,880;33549,640;26,95127
 299,58; 9085,501;  210,415;33295,880;26,82473
 300,18; 9059,552;  225,416;33137,170;26,84189
 300,78; 8986,326;  187,186;32737,294;27,03260
 301,37; 8968,574;  209,497;32747,285;26,91970
 301,97; 8993,913;  208,417;32702,747;27,03701
 302,56; 8892,120;  199,418;32668,944;26,77188
 303,16; 8884,962;  171,341;32483,179;26,96727
 303,75; 8876,230;  187,570;32527,127;26,86697
 304,35; 8872,213;  181,030;32758,768;26,67829
 304,94; 8802,599;  206,340;32808,922;26,36680
 305,54; 8797,313;  218,801;32760,717;26,36142
 306,13; 8709,995;  161,799;32549,192;26,39359
 306,73; 8633,007;  166,876;32358,217;26,29940
 307,33; 8548,929;  206,261;32238,521;26,04458
 307,92; 8497,496;  215,878;32305,469;25,80780
 308,52; 8638,487;  173,495;32763,140;25,97448
 309,11; 8719,888;  188,650;33278,833;25,78178
 309,71; 8716,679;  180,728;33595,521;25,54543
 310,30; 8712,636;  184,648;33756,969;25,40184
 310,90; 8800,328;  221,263;34201,739;25,24704
 311,49; 8758,295;  201,955;34294,529;25,09737
 312,09; 8793,265;  170,800;34375,033;25,20876
 312,68; 8866,353;  253,955;34837,982;24,90282
 313,28; 8810,650;  162,878;34973,469;24,84236
 313,87; 8729,555;  162,955;35103,286;24,51780
 314,47; 8804,863;  191,188;35314,764;24,52391
 315,06; 8756,085;  176,032;35427,858;24,33931
 315,66; 8729,495;  170,954;35644,803;24,12634
 316,25; 8668,611;  159,034;35543,003;24,04924
 316,85; 8600,392;  148,493;35519,422;23,89504
 317,44; 8577,297;  183,266;35761,610;23,59309
 318,04; 8539,522;  174,495;35684,512;23,55681
 318,63; 8461,171;  161,030;35697,110;23,35694
 319,22; 8472,789;  183,341;35919,858;23,19601
 319,82; 8373,316;  182,341;35890,217;22,93885
 320,41; 8316,264;  206,187;35837,512;22,76109
 321,01; 8234,729;  201,878;35853,636;22,53143
 321,60; 8209,771;  196,879;35932,315;22,42282
 322,20; 8090,720;  181,417;35834,568;22,18402
 322,79; 8117,249;  206,186;35983,059;22,11222
 323,39; 8037,744;  177,876;36015,401;21,93195
 323,98; 7951,082;  168,109;35860,333;21,80579
 324,58; 7930,805;  175,495;35863,803;21,73067
 325,17; 7823,230;  188,111;35597,918;21,56216
 325,76; 7756,418;  208,186;35442,927;21,42270
 326,36; 7565,468;  178,416;35062,418;21,17605
 326,95; 7507,323;  207,494;34654,585;21,19142
 327,55; 7369,332;  165,341;34435,627;21,02110
 328,14; 7222,115;  176,954;33976,875;20,84372
 328,74; 7125,003;  209,649;33581,833;20,72191
 329,33; 7004,177;  194,262;33143,444;20,66793
 329,92; 6819,728;  177,496;32534,162;20,52817
 330,52; 6683,524;  187,954;31833,499;20,52602
 331,11; 6552,627;  181,879;31384,670;20,41724
 331,71; 6411,698;  180,033;30840,773;20,32458
 332,30; 6322,906;  201,263;30513,538;20,19526
 332,89; 6241,681;  251,339;29853,004;20,23650
 333,49; 6045,718;  193,725;29360,170;20,06413
 334,08; 5928,092;  191,879;28852,042;20,01458
 334,68; 5798,814;  183,879;28470,875;19,84988
 335,27; 5769,381;  207,646;28061,551;19,96752
 335,86; 5717,550;  242,264;27758,670;19,89826
 336,46; 5571,066;  198,954;27412,880;19,74031
 337,05; 5526,761;  184,956;27302,884;19,69843
 337,65; 5456,363;  173,264;27034,230;19,66831
 338,24; 5503,975;  222,955;27085,038;19,65976
 338,83; 5456,343;  204,801;26985,781;19,60922
 339,43; 5403,989;  176,264;27007,948;19,48340
 340,02; 5378,982;  172,418;26819,350;19,53907
 340,61; 5429,305;  199,263;26869,734;19,60986
 341,21; 5434,541;  221,726;26907,986;19,53371
 341,80; 5376,148;  192,418;26842,333;19,45121
 342,40; 5434,276;  190,108;26908,012;19,62792
 342,99; 5413,835;  183,262;27124,927;19,41444
 343,58; 5453,331;  174,416;27215,521;19,52182
 344,18; 5519,462;  202,031;27425,670;19,53240
 344,77; 5549,798;  168,342;27631,055;19,59550
 345,36; 5613,708;  170,187;27880,046;19,64471
 345,96; 5727,120;  209,878;28225,999;19,69310
 346,55; 5740,430;  160,414;28529,653;19,66925
 347,14; 5816,230;  170,415;28847,768;19,68736
 347,74; 5911,651;  151,567;29286,025;19,77069
 348,33; 6096,671;  183,259;29809,653;19,95994
 348,92; 6211,674;  191,412;30461,670;19,88837
 349,52; 6285,020;  163,028;30981,773;19,86451
 350,11; 6360,513;  178,495;31156,136;19,95639
 350,70; 6401,429;  172,955;31370,055;19,96491
 351,29; 6398,940;  167,652;30998,482;20,21123
 351,89; 6416,186;  189,035;31043,016;20,18265
 352,48; 6449,783;  165,263;31080,991;20,32791
 353,07; 6439,902;  199,877;31018,525;20,24757
 353,67; 6475,507;  208,720;30924,636;20,40241
 354,26; 6454,163;  182,492;30742,969;20,52216
 354,85; 6475,114;  191,185;30553,794;20,69628
 355,45; 6432,690;  167,879;30387,704;20,73080
 356,04; 6433,341;  176,107;30300,521;20,77130
 356,63; 6483,009;  215,340;30143,683;20,94225
 357,22; 6444,802;  184,651;30004,914;20,99294
 357,82; 6430,188;  184,881;29789,615;21,09564
 358,41; 6497,184;  207,109;29677,551;21,34367
 359,00; 6421,615;  180,264;29523,687;21,27001
 359,60; 6471,349;  188,647;29385,452;21,51846
 360,19; 6439,820;  205,415;29244,627;21,46892
 360,78; 6473,189;  184,264;29115,982;21,73713
 361,37; 6436,537;  188,187;28952,632;21,72248
 361,97; 6448,986;  189,109;28871,525;21,82479
 362,56; 6440,848;  180,034;28572,824;22,05072
 363,15; 6454,406;  252,264;28254,174;22,14900
 363,74; 6395,374;  192,265;27927,153;22,36573
 364,34; 6371,026;  213,341;27511,914;22,55680
 364,93; 6291,389;  173,573;27122,042;22,70191
 365,52; 6215,396;  144,571;26657,209;22,89785
 366,11; 6196,625;  182,803;26510,580;22,84212
 366,71; 6161,943;  182,726;26033,397;23,12983
 367,30; 6117,918;  202,264;25600,875;23,29125
 367,89; 6158,910;  220,031;25410,251;23,57613
 368,48; 6087,609;  196,957;25136,221;23,61999
 369,07; 6014,429;  201,417;24677,978;23,74930
 369,67; 6034,021;  219,342;24411,221;24,03566
 370,26; 5961,433;  180,417;24057,200;24,21187
 370,85; 5955,463;  189,341;23916,469;24,30181
 371,44; 5949,464;  192,802;23630,935;24,56110
 372,03; 5917,651;  167,726;23441,884;24,70519
 372,63; 5871,604;  160,494;23097,204;24,89943
 373,22; 5851,626;  185,186;22806,076;25,04959
 373,81; 5813,838;  157,648;22493,499;25,32337
 374,40; 5785,971;  178,416;22326,768;25,31816
 374,99; 5766,202;  178,110;21951,247;25,66507
 375,59; 5704,610;  171,877;21685,465;25,71739
 376,18; 5764,215;  212,187;21588,978;25,97223
 376,77; 5754,354;  201,109;21345,961;26,26287
 377,36; 5773,433;  220,648;21386,559;26,23457
 377,95; 5727,331;  206,495;21008,080;26,54046
 378,55; 5699,498;  175,185;20865,482;26,70002
 379,14; 5762,500;  198,341;20764,435;27,05501
 379,73; 5782,950;  188,341;20679,533;27,30250
 380,32; 5816,227;  199,648;20785,187;27,28410
 380,91; 5806,104;  168,265;20505,662;27,72154
 381,50; 5827,196;  197,726;20493,781;27,73677
 382,10; 5841,304;  188,033;20415,495;27,94849
 382,69; 5850,316;  166,187;20415,140;28,07122
 383,28; 5903,838;  212,957;20278,243;28,36183
 383,87; 5848,972;  180,803;20158,687;28,37222
 384,46; 5914,279;  164,035;20098,191;28,84618
 385,05; 5971,724;  202,188;20130,657;28,95123
 385,64; 5971,086;  191,111;20107,273;29,02153
 386,24; 5967,275;  157,881;20034,508;29,22726
 386,83; 6056,622;  202,035;20097,307;29,42703
 387,42; 6119,782;  198,034;20214,495;29,58439
 388,01; 6241,628;  204,421;20376,102;29,92912
 388,60; 6361,393;  191,573;20645,700;30,16418
 389,19; 6443,570;  173,731;20876,619;30,28485
 389,78; 6564,086;  179,730;21079,542;30,54743
 390,37; 6766,872;  245,651;21567,854;30,58418
 390,96; 6816,512;  187,497;21720,102;30,78594
 391,56; 6932,979;  195,116;21867,529;31,08959
 392,15; 7045,137;  177,961;22123,550;31,29183
 392,74; 7110,561;  165,656;22259,956;31,43302
 393,33; 7292,845;  183,347;22620,311;31,68654
 393,92; 7463,832;  189,427;22947,576;31,96396
 394,51; 7537,082;  169,347;23210,674;31,97618
 395,10; 7696,073;  202,353;23428,230;32,26453
 395,69; 7731,151;  187,122;23572,315;32,25985
 396,28; 7850,791;  193,046;23641,657;32,65756
 396,87; 7913,217;  200,741;23763,072;32,73223
 397,46; 8019,261;  198,128;23866,734;33,04433
 398,06; 8107,765;  212,746;24134,695;33,00324
 398,65; 8155,740;  191,828;24181,618;33,19709
 399,24; 8273,436;  208,906;24321,503;33,44530
 399,83; 8257,944;  171,684;24319,059;33,48712
 400,42; 8380,569;  215,999;24455,828;33,68246
 401,01; 8506,558;  189,315;24579,165;34,10125
 401,60; 8501,534;  200,942;24618,383;33,99452
 402,19; 8545,535;  214,489;24606,438;34,15490
 402,78; 8597,465;  214,888;24515,643;34,49513
 403,37; 8579,552;  204,440;24392,169;34,62546
 403,96; 8591,234;  205,994;24258,463;34,86228
 404,55; 8576,692;  213,319;24201,147;34,86507
 405,14; 8579,433;  189,797;24097,719;35,09145
 405,73; 8549,316;  211,200;24017,330;35,02508
 406,32; 8593,383;  210,366;23847,172;35,46594
 406,91; 8505,750;  205,150;23610,749;35,46417
 407,50; 8508,355;  210,619;23473,501;35,66942
 408,09; 8427,947;  179,317;23120,120;35,95615
 408,68; 8404,229;  198,628;23067,402;35,88125
 409,27; 8358,984;  183,854;22837,885;36,08687
 409,86; 8315,054;  192,997;22744,676;36,01531
 410,45; 8399,683;  221,449;22600,509;36,54414
 411,04; 8362,534;  227,516;22570,531;36,40967
 411,63; 8277,358;  214,426;22318,946;36,47639
 412,22; 8230,121;  220,876;22082,741;36,63569
 412,81; 8144,264;  216,872;21846,497;36,65062
 413,40; 8034,314;  232,559;21486,489;36,70735
 413,99; 7987,476;  276,330;21131,343;36,97502
 414,58; 7818,165;  198,868;20717,382;37,13377
 415,17; 7725,151;  202,718;20540,377;36,98770
 415,76; 7737,103;  198,723;20346,860;37,41477
 416,35; 7669,739;  185,874;20116,937;37,54875
 416,94; 7742,434;  225,568;20175,971;37,67776
 417,53; 7796,098;  207,257;20432,621;37,52141
 418,12; 7866,403;  206,948;20476,583;37,78783
 418,71; 8039,763;  218,021;20830,454;37,94672
 419,30; 8068,718;  200,024;21000,647;37,82913
 419,89; 8182,671;  184,639;21139,429;38,16804
 420,48; 8328,121;  222,405;21442,613;38,19810
 421,07; 8406,582;  216,251;21448,407;38,57513
 421,66; 8384,195;  184,941;21541,095;38,39294
 422,25; 8412,033;  205,167;21438,937;38,65006
 422,84; 8462,246;  224,397;21543,476;38,64074
 423,43; 8356,825;  212,168;21238,301;38,73588
 424,02; 8314,902;  231,628;21043,172;38,84033
 424,60; 8052,732;  201,392;20533,831;38,61485
 425,19; 8048,736;  211,703;20236,510;39,13662
 425,78; 8007,787;  217,626;20175,442;39,03314
 426,37; 7994,055;  232,085;20050,925;39,16460
 426,96; 7952,557;  206,624;19918,959;39,29485
 427,55; 7886,573;  199,467;19767,762;39,28347
 428,14; 7829,103;  195,158;19549,673;39,44271
 428,73; 7737,887;  216,929;19338,557;39,33220
 429,32; 7775,147;  218,470;19324,100;39,55210
 429,91; 7813,336;  226,160;19366,831;39,63903
 430,50; 7744,933;  228,466;19204,852;39,60958
 431,08; 7686,510;  231,772;19005,087;39,70922
 431,67; 7681,919;  263,463;18962,207;39,67355
 432,26; 7625,084;  269,923;18770,057;39,75734
 432,85; 7509,200;  291,770;18411,160;39,83263
 433,44; 7398,357;  305,845;18063,668;39,94021
 434,03; 7241,142;  316,149;17727,545;39,77276
 434,62; 7038,200;  271,614;17264,989;39,81897
 435,21; 6965,211;  287,923;17079,211;39,76638
 435,79; 6946,674;  290,535;16870,613;40,14540
 436,38; 6885,235;  276,994;16773,698;40,05794
 436,97; 6881,299;  282,686;16719,515;40,14530
 437,56; 6770,420;  278,143;16522,498;39,96636
 438,15; 6750,085;  260,837;16400,241;40,20749
 438,74; 6775,873;  274,067;16463,122;40,16174
 439,33; 6770,031;  249,683;16410,092;40,34767
 439,91; 6807,429;  217,450;16527,489;40,40443
 440,50; 6840,379;  264,835;16518,258;40,45637
 441,09; 6861,768;  270,832;16642,156;40,25903
 441,68; 6840,094;  245,445;16657,322;40,18217
 442,27; 6832,809;  230,908;16633,609;40,24887
 442,86; 6837,244;  205,057;16680,985;40,25380
 443,44; 6885,853;  221,288;16739,976;40,34560
 444,03; 6915,806;  301,826;16785,378;40,12473
 444,62; 6847,258;  224,441;16606,793;40,42653
 445,21; 6811,500;  230,442;16478,895;40,50268
 445,80; 6795,459;  261,747;16379,635;40,53703
 446,39; 6732,909;  281,055;16095,117;40,79821
 446,97; 6574,067;  220,128;15973,656;40,33343
 447,56; 6530,670;  225,126;15675,759;40,81091
 448,15; 6397,632;  227,205;15514,190;40,36392
 448,74; 6336,924;  236,128;15319,861;40,44619
 449,33; 6241,324;  225,588;15159,938;40,28120
 449,91; 6175,396;  221,893;14881,259;40,61229
 450,50; 6104,160;  218,893;14701,182;40,63769
 451,09; 6088,483;  228,662;14577,224;40,83908
 451,68; 6051,272;  246,815;14526,502;40,64835
 452,26; 5986,912;  243,891;14416,541;40,52186
 452,85; 5941,428;  232,045;14236,357;40,76875
 453,44; 5955,145;  249,734;14298,998;40,61004
 454,03; 5952,138;  215,659;14234,959;40,91844
 454,61; 5914,859;  215,426;14233,712;40,65713
 455,20; 6030,057;  237,194;14401,613;40,89728
 455,79; 6017,922;  247,196;14396,801;40,78366
 456,38; 6013,769;  239,115;14480,917;40,54722
 456,97; 6070,944;  231,885;14521,528;40,86218
 457,55; 6031,388;  217,114;14533,011;40,61411
 458,14; 6060,779;  253,039;14534,934;40,66505
 458,73; 5990,947;  238,575;14474,263;40,40810
 459,31; 6043,429;  268,650;14548,340;40,44051
 459,90; 6097,472;  266,190;14576,024;40,75017
 460,49; 6137,259;  332,190;14714,566;40,36238
 461,08; 6117,430;  225,418;14821,831;40,36616
 461,66; 6123,482;  233,881;14804,485;40,42112
 462,25; 6196,560;  237,571;14858,391;40,75687
 462,84; 6176,681;  271,341;14942,699;40,25081
 463,43; 6152,274;  203,107;14914,396;40,43947
 464,01; 6167,475;  227,875;14922,900;40,41912
 464,60; 6219,910;  289,108;14916,310;40,54639
 465,19; 6046,340;  203,644;14633,323;40,49082
 465,77; 6052,287;  234,488;14644,208;40,37413
 466,36; 6002,361;  253,876;14500,596;40,34953
 466,95; 5883,412;  235,491;14160,297;40,56014
 467,53; 5767,846;  231,256;13904,259;40,49286
 468,12; 5680,794;  264,718;13623,195;40,54412
 468,71; 5513,150;  232,643;13386,361;40,14459
 469,29; 5389,558;  209,102;13108,374;40,16084
 469,88; 5309,063;  221,793;12873,810;40,20916
 470,47; 5367,835;  281,329;13000,088;39,99216
 471,06; 5318,177;  237,022;12947,067;39,97748
 471,64; 5390,208;  233,792;13032,571;40,28835
 472,23; 5341,630;  217,710;13049,729;39,93074
 472,81; 5389,256;  210,405;13158,182;39,99799
 473,40; 5434,095;  228,710;13282,644;39,87599
 473,99; 5529,808;  320,172;13507,891;39,50369
 474,57; 5552,907;  231,864;13569,434;39,89515
 475,16; 5598,986;  244,173;13707,849;39,77229
 475,75; 5628,966;  246,093;13878,533;39,48576
 476,33; 5672,885;  249,861;13953,439;39,57378
 476,92; 5708,381;  256,018;14004,336;39,65840
 477,51; 5680,544;  251,939;14140,131;39,08792
 478,09; 5702,661;  247,631;14150,857;39,23572
 478,68; 5638,988;  258,938;14016,819;39,10522
 479,27; 5683,682;  283,401;14136,618;38,98214
 479,85; 5625,118;  253,092;14043,426;38,95501
 480,44; 5641,211;  230,937;14183,015;38,77755
 481,02; 6142,447;  256,397;15469,503;38,69065
 481,61; 6882,140;  276,706;17579,866;38,17473
 482,20; 7321,189;  254,936;18794,122;38,11523
 482,78; 7645,986;  289,553;19617,836;38,06046
 483,37; 7871,411;  275,010;20203,289;38,11870
 483,95; 7966,987;  300,395;20526,956;37,90359
 484,54; 8022,812;  310,629;20749,998;37,73200
 485,13; 7951,451;  271,931;20638,075;37,70729
 485,71; 7846,894;  248,932;20437,114;37,63569
 486,30; 7786,550;  292,932;20118,225;37,79827
 486,88; 7609,331;  339,393;19756,357;37,44116
 487,47; 7365,804;  305,469;18999,951;37,76694
 488,05; 7003,291;  299,930;18136,204;37,58275
 488,64; 6533,769;  282,236;16822,511;37,79582
 489,23; 5852,263;  309,545;14968,763;37,81046
 489,81; 4959,525;  293,544;12807,451;37,28636
 490,40; 4665,252;  247,698;12153,204;37,10514
 490,98; 4571,880;  242,851;11883,187;37,18990
 491,57; 4526,100;  268,775;11811,644;36,88272
 492,15; 4487,470;  249,774;11741,426;36,87630
 492,74; 4419,366;  269,622;11602,755;36,61603
 493,32; 4396,970;  278,159;11485,375;36,75142
 493,91; 4346,054;  253,927;11425,618;36,62944
 494,50; 4285,934;  258,078;11390,601;36,18098
 495,08; 4273,485;  238,001;11299,943;36,48079
 495,67; 4280,264;  266,389;11347,058;36,22412
 496,25; 4185,905;  210,002;11181,105;36,23977
 496,84; 4179,518;  223,158;11147,524;36,21592
 497,42; 4123,248;  213,232;11127,631;35,82438
 498,01; 4145,121;  252,004;11103,571;35,87608
 498,59; 4051,346;  216,232;11009,652;35,53196
 499,18; 4035,005;  219,850;10958,695;35,52668
 499,76; 3998,263;  243,310;10887,110;35,27832
 500,35; 3919,130;  235,923;10681,110;35,26224
 500,93; 3908,138;  225,617;10649,729;35,32694
 501,52; 3835,142;  227,463;10557,033;34,92574
 502,10; 3835,759;  229,922;10562,332;34,89832
 502,69; 3744,074;  226,536;10390,879;34,60664
 503,27; 3646,891;  213,308;10160,811;34,51703
 503,86; 3632,718;  226,690;10117,319;34,43692
 504,44; 3588,761;  198,920; 9980,832;34,65418
 505,03; 3443,156;  189,612; 9763,187;33,98463
 505,61; 3420,666;  214,305; 9626,644;34,06551
 506,19; 3357,681;  228,305; 9506,148;33,72956
 506,78; 3262,066;  197,995; 9318,823;33,59422
 507,36; 3209,149;  202,305; 9169,435;33,53184
 507,95; 3126,705;  206,609; 8967,935;33,32938
 508,53; 3070,236;  200,457; 8839,080;33,22034
 509,12; 3027,603;  219,917; 8732,153;32,98412
 509,70; 3003,337;  233,301; 8577,503;33,19714
 510,29; 2932,000;  242,531; 8439,392;32,81096
 510,87; 2853,447;  205,533; 8183,986;33,18831
 511,46; 2795,285;  189,533; 8086,332;32,99757
 512,04; 2725,787;  205,686; 7932,627;32,61447
 512,62; 2693,940;  209,918; 7792,058;32,76150
 513,21; 2616,187;  196,454; 7627,370;32,56305
 513,79; 2567,152;  203,297; 7534,648;32,24310
 514,38; 2515,332;  191,990; 7356,845;32,42692
 514,96; 2500,592;  225,683; 7260,366;32,33847
 515,54; 2407,230;  189,990; 7101,935;32,07838
 516,13; 2388,538;  216,759; 7077,247;31,65634
 516,71; 2337,821;  199,219; 6900,285;31,91435
 517,30; 2284,316;  189,602; 6777,909;31,79442
 517,88; 2258,841;  217,833; 6696,640;31,50284
 518,46; 2192,060;  189,756; 6589,999;31,28482
 519,05; 2170,930;  202,139; 6529,725;31,11440
 519,63; 2128,437;  208,063; 6461,883;30,70721
 520,22; 2114,296;  236,291; 6396,901;30,48408
 520,80; 2056,641;  208,599; 6356,563;30,05942
 521,38; 2115,573;  249,677; 6324,495;30,71525
 521,97; 2032,511;  209,598; 6288,674;29,98668
 522,55; 2010,557;  221,444; 6249,687;29,67885
 523,13; 2010,072;  193,905; 6226,473;30,10603
 523,72; 1998,047;  201,756; 6181,499;30,03960
 524,30; 2023,025;  226,366; 6308,794;29,53852
 524,89; 1952,779;  189,905; 6273,875;28,97571
 525,47; 1983,668;  223,134; 6436,029;28,33677
 526,05; 1959,371;  185,826; 6496,311;28,10473
 526,64; 2019,647;  235,903; 6544,114;28,27655
 527,22; 2013,925;  223,904; 6686,717;27,69725
 527,80; 2064,680;  252,441; 6790,704;27,71744
 528,39; 2014,599;  215,440; 6899,738;26,91620
 528,97; 2063,802;  217,518; 7022,426;27,13165
 529,55; 2107,323;  229,520; 7231,490;26,81820
 530,14; 2141,364;  228,209; 7420,922;26,59851
 530,72; 2116,919;  213,672; 7478,076;26,19964
 531,30; 2100,709;  183,747; 7650,123;25,67459
 531,89; 2163,304;  206,363; 7726,644;26,02218
 532,47; 2186,577;  243,593; 7835,225;25,59375
 533,05; 2182,102;  239,903; 7874,131;25,44067
 533,63; 2168,618;  234,747; 7890,418;25,26064
 534,22; 2181,417;  205,131; 7928,713;25,58769
 534,80; 2197,288;  238,822; 8044,909;25,08896
 535,38; 2292,315;  320,516; 8141,619;25,21126
 535,97; 2166,791;  210,516; 8068,277;24,89609
 536,55; 2242,567;  273,514; 8157,157;24,97643
 537,13; 2201,204;  276,440; 8150,866;24,44322
 537,71; 2226,781;  310,132; 8166,896;24,39489
 538,30; 2238,777;  325,669; 8256,648;24,12196
 538,88; 2239,788;  354,052; 8327,755;23,64944
 539,46; 2265,950;  408,899; 8514,845;22,90974
 540,05; 2300,535;  403,975; 8620,114;23,08335
 540,63; 2354,836;  457,975; 8814,059;22,70036
 541,21; 2367,933;  482,589; 8956,486;22,24884
 541,79; 2388,836;  507,436; 9126,469;21,82844
 542,38; 2430,959;  539,360; 9204,913;21,82895
 542,96; 2458,532;  556,588; 9376,337;21,56460
 543,54; 2497,444;  570,282; 9579,255;21,39158
 544,12; 2507,175;  529,435; 9696,845;21,57359
 544,70; 2472,037;  511,204; 9855,285;20,98477
 545,29; 2536,933;  522,668; 9943,533;21,38089
 545,87; 2520,374;  520,743; 9958,777;21,18695
 546,45; 2464,792;  476,206; 9995,260;20,89058
 547,03; 2486,911;  450,282;10089,230;21,12916
 547,62; 2480,458;  417,974;10221,298;21,03862
 548,20; 2520,043;  428,819;10364,644;21,04731
 548,78; 2503,374;  388,124;10462,580;20,99617
 549,36; 2538,092;  369,740;10717,879;20,95403
 549,94; 2538,456;  330,820;10753,931;21,18021
 550,53; 2565,388;  327,432;11007,285;20,95493
 551,11; 2569,466;  309,508;11176,781;20,79600
 551,69; 2594,550;  320,355;11465,273;20,40567
 552,27; 2599,215;  271,818;11710,093;20,34745
 552,85; 2665,118;  280,585;12103,593;20,16858
 553,44; 2687,115;  286,663;12378,961;19,85108
 554,02; 2724,819;  300,124;12654,093;19,62685
 554,60; 2720,340;  233,585;12918,320;19,60431
 555,18; 2829,226;  265,355;13307,016;19,65908
 555,76; 2832,214;  260,893;13653,371;19,19974
 556,34; 2882,648;  275,430;13991,273;19,00881
 556,93; 2926,711;  262,201;14388,948;18,86146
 557,51; 2924,247;  232,891;14755,170;18,53260
 558,09; 3039,142;  265,740;15098,345;18,69801
 558,67; 3060,748;  261,429;15430,691;18,45389
 559,25; 3086,763;  270,968;15672,170;18,28296
 559,83; 3115,232;  237,582;16057,644;18,18988
 560,41; 3141,439;  243,199;16329,657;18,01664
 561,00; 3211,614;  255,967;16659,478;18,01838
 561,58; 3190,800;  238,584;16947,418;17,66859
 562,16; 3227,189;  242,969;17243,768;17,55341
 562,74; 3274,080;  223,508;17582,388;17,57355
 563,32; 3318,269;  210,043;18026,918;17,44540
 563,90; 3406,758;  249,583;18359,508;17,43340
 564,48; 3414,154;  249,200;18754,734;17,10274
 565,06; 3513,115;  242,506;19298,508;17,16315
 565,65; 3609,514;  246,888;19959,760;17,05802
 566,23; 3779,337;  296,736;20662,926;17,09991
 566,81; 3854,723;  245,660;21389,059;17,06945
 567,39; 3959,179;  256,197;22319,811;16,78321
 567,97; 4057,128;  266,198;22873,619;16,76852
 568,55; 4181,573;  280,582;23783,234;16,59809
 569,13; 4242,935;  243,813;24431,824;16,53349
 569,71; 4363,841;  243,893;25404,965;16,37429
 570,29; 4601,584;  278,893;26342,713;16,58502
 570,87; 4704,569;  285,354;27066,849;16,50100
 571,45; 4769,052;  267,198;27717,085;16,40026
 572,03; 4779,097;  235,274;28116,067;16,29732
 572,61; 4890,984;  222,274;28951,153;16,25093
 573,20; 4998,327;  257,430;29551,008;16,18408
 573,78; 5078,125;  243,890;30118,426;16,18179
 574,36; 5092,368;  262,505;30688,687;15,87403
 574,94; 5169,707;  321,427;31016,324;15,79507
 575,52; 5125,760;  249,810;31214,294;15,74691
 576,10; 5251,419;  303,887;31765,832;15,72545
 576,68; 5276,451;  298,581;32340,773;15,53536
 577,26; 5378,294;  307,963;33090,559;15,46653
 577,84; 5390,806;  313,198;33542,837;15,28036
 578,42; 5499,046;  358,965;33877,397;15,33509
 579,00; 5404,519;  313,197;33915,396;15,15175
 579,58; 5426,372;  358,042;34096,174;15,02256
 580,16; 5369,164;  308,195;34110,435;14,97229
 580,74; 5323,382;  316,195;34375,401;14,70142
 581,32; 5281,209;  322,273;34369,747;14,56477
 581,90; 5253,268;  329,272;34303,123;14,49349
 582,48; 5235,866;  328,272;34453,713;14,38104
 583,06; 5209,135;  318,273;34590,426;14,27066
 583,64; 5166,840;  324,889;34648,614;14,10672
 584,22; 5107,420;  342,040;34468,170;13,96402
 584,80; 4999,876;  336,965;34092,063;13,81395
 585,38; 4869,326;  355,353;33784,696;13,50303
 585,96; 4801,022;  315,735;33751,666;13,41457
 586,54; 4794,174;  348,733;33736,897;13,31442
 587,12; 4743,443;  309,118;33973,303;13,17223
 587,70; 4769,932;  337,812;34128,093;13,11655
 588,28; 4686,480;  313,272;34026,730;12,97170
 588,86; 4673,545;  321,502;34187,085;12,85093
 589,44; 4640,678;  299,423;34186,969;12,81077
 590,02; 4635,954;  309,347;34351,666;12,70950
 590,59; 4587,663;  284,964;34578,662;12,54662
 591,17; 4625,427;  303,729;34693,392;12,56685
 591,75; 4565,336;  278,884;34799,016;12,41725
 592,33; 4574,264;  308,962;35008,140;12,29223
 592,91; 4534,569;  255,499;35236,029;12,23272
 593,49; 4564,014;  267,883;35565,798;12,17106
 594,07; 4583,425;  287,883;35788,794;12,09981
 594,65; 4551,115;  300,271;35772,234;11,98367
 595,23; 4550,114;  283,270;36175,414;11,88796
 595,81; 4521,424;  296,116;36321,884;11,72857
 596,39; 4529,006;  287,423;36461,525;11,72547
 596,97; 4483,626;  275,576;36559,935;11,59742
 597,55; 4475,886;  274,194;36480,627;11,60482
 598,12; 4433,554;  245,497;36512,422;11,54787
 598,70; 4428,286;  245,191;36662,042;11,48670
 599,28; 4448,085;  283,268;36867,952;11,38405
 599,86; 4393,185;  254,499;36829,033;11,31576
 600,44; 4356,996;  241,883;36966,538;11,20532
 601,02; 4421,452;  294,496;36932,542;11,26413
 601,60; 4354,771;  272,500;36973,021;11,12320
 602,18; 4308,125;  247,113;36930,397;11,07047
 602,75; 4304,898;  250,654;37065,533;11,01251
 603,33; 4315,413;  264,960;37078,508;11,00262
 603,91; 4256,011;  243,035;37002,533;10,91684
 604,49; 4245,350;  282,883;37014,085;10,78774
 605,07; 4223,988;  284,884;37183,136;10,67558
 605,65; 4199,131;  295,267;37189,832;10,58114
 606,23; 4219,287;  350,041;37287,012;10,47527
 606,80; 4175,493;  384,885;37392,670;10,24273
 607,38; 4158,565;  421,958;37380,170;10,11036
 607,96; 4172,443;  461,808;37486,820;10,02197
 608,54; 4154,495;  524,959;37474,354; 9,82299
 609,12; 4180,908;  539,270;37559,580; 9,83687
 609,70; 4136,259;  571,960;37639,811; 9,61561
 610,27; 4112,416;  564,655;37785,358; 9,53169
 610,85; 4133,004;  585,114;37749,956; 9,54636
 611,43; 4098,584;  582,806;37736,841; 9,46271
 612,01; 4020,787;  548,577;37484,273; 9,40069
 612,59; 4041,479;  556,806;37576,841; 9,41294
 613,16; 3973,901;  524,194;37437,341; 9,34547
 613,74; 3964,213;  490,268;37386,495; 9,41545
 614,32; 3951,268;  458,882;37316,730; 9,47528
 614,90; 3911,397;  435,038;37231,995; 9,44741
 615,48; 3852,434;  373,040;36866,751; 9,53423
 616,05; 3787,141;  343,348;36856,845; 9,43156
 616,63; 3772,772;  365,733;36721,862; 9,37129
 617,21; 3744,636;  348,193;36611,311; 9,36611
 617,79; 3738,123;  343,885;36569,405; 9,36974
 618,36; 3703,660;  342,807;36469,119; 9,30306
 618,94; 3603,451;  295,886;36158,627; 9,22285
 619,52; 3633,522;  312,425;35846,388; 9,34626
 620,10; 3572,728;  292,039;35860,123; 9,22369
 620,67; 3573,879;  298,349;35807,388; 9,22450
 621,25; 3534,761;  324,807;35706,204; 9,07243
 621,83; 3518,385;  303,117;35599,982; 9,10922
 622,41; 3524,669;  359,501;35657,281; 8,96704
 622,98; 3475,721;  317,503;35302,550; 9,02734
 623,56; 3462,028;  318,272;35275,700; 8,99310
 624,14; 3453,044;  306,191;35161,063; 9,02844
 624,72; 3407,421;  301,424;35078,179; 8,93124
 625,29; 3401,289;  285,810;35174,072; 8,92988
 625,87; 3456,912;  332,731;35105,191; 8,98464
 626,45; 3347,726;  287,042;34915,213; 8,83871
 627,02; 3343,043;  292,346;34950,879; 8,80215
 627,60; 3344,023;  271,267;34878,764; 8,87887
 628,18; 3296,062;  258,270;34918,965; 8,76437
 628,76; 3302,247;  265,041;34954,439; 8,75543
 629,33; 3321,701;  292,963;34885,867; 8,75537
 629,91; 3282,574;  276,962;34917,431; 8,67659
 630,49; 3288,629;  291,117;35059,687; 8,62133
 631,06; 3289,167;  289,195;35196,452; 8,59412
 631,64; 3280,406;  288,888;35120,640; 8,58848
 632,22; 3231,527;  248,811;35036,563; 8,57404
 632,79; 3309,480;  282,427;35309,704; 8,64199
 633,37; 3262,847;  252,577;35401,709; 8,56428
 633,95; 3251,502;  262,657;35488,114; 8,48490
 634,52; 3224,679;  246,578;35618,944; 8,41929
 635,10; 3273,393;  264,039;35689,738; 8,49483
 635,68; 3262,691;  264,504;35817,610; 8,43298
 636,25; 3225,767;  248,351;35772,503; 8,38139
 636,83; 3230,862;  228,964;35999,593; 8,39208
 637,41; 3269,081;  249,273;36041,354; 8,43708
 637,98; 3271,730;  283,504;36243,636; 8,30983
 638,56; 3283,174;  264,044;36299,657; 8,37819
 639,13; 3247,554;  242,349;36295,589; 8,33546
 639,71; 3332,756;  312,810;36469,841; 8,35231
 640,29; 3204,225;  224,194;36269,643; 8,26742
 640,86; 3233,052;  241,348;36562,378; 8,23684
 641,44; 3234,880;  240,810;36416,421; 8,27649
 642,02; 3256,939;  268,117;36501,617; 8,24878
 642,59; 3245,382;  241,117;36507,968; 8,28378
 643,17; 3231,133;  242,656;36583,780; 8,22340
 643,74; 3217,653;  243,425;36595,976; 8,18162
 644,32; 3253,788;  270,809;36562,865; 8,21937
 644,89; 3235,693;  263,963;36575,523; 8,18398
 645,47; 3257,059;  266,886;36564,951; 8,23783
 646,05; 3273,503;  263,502;36439,147; 8,32052
 646,62; 3219,715;  248,117;36521,421; 8,19225
 647,20; 3215,697;  254,732;36625,464; 8,14106
 647,77; 3196,755;  233,271;36563,429; 8,15709
 648,35; 3208,891;  230,886;36454,011; 8,22128
 648,92; 3196,334;  254,040;36523,592; 8,11230
 649,50; 3194,931;  220,886;36442,327; 8,21073
 650,08; 3173,143;  220,886;36275,985; 8,18818
 650,65; 3209,817;  236,039;36535,335; 8,19238
 651,23; 3284,953;  213,193;37329,378; 8,27606
 651,80; 3364,858;  217,193;38230,959; 8,28033
 652,38; 3431,685;  230,809;38683,233; 8,32425
 652,95; 3515,052;  216,885;39039,891; 8,49539
 653,53; 3506,418;  243,116;39355,241; 8,34345
 654,10; 3563,169;  269,347;39470,284; 8,40241
 654,68; 3509,304;  215,885;39351,865; 8,41532
 655,25; 3495,440;  215,577;39531,139; 8,34240
 655,83; 3532,037;  211,654;39701,489; 8,40820
 656,40; 3562,403;  262,347;39471,994; 8,41644
 656,98; 3564,769;  218,116;39510,806; 8,51724
 657,55; 3495,290;  228,039;39312,694; 8,35942
 658,13; 3460,502;  223,423;38933,891; 8,36228
 658,70; 3433,945;  250,500;38701,780; 8,27917
 659,28; 3341,081;  231,192;37787,977; 8,28050
 659,85; 3264,985;  247,962;36911,327; 8,22899
 660,43; 3292,429;  245,577;37010,600; 8,28736
 661,00; 3280,256;  217,038;37113,336; 8,30224
 661,58; 3313,776;  226,808;37430,224; 8,29754
 662,15; 3307,527;  214,038;37623,575; 8,26925
 662,73; 3393,047;  296,269;37994,771; 8,21459
 663,30; 3386,644;  233,346;38122,814; 8,32236
 663,88; 3401,703;  238,115;38285,165; 8,31494
 664,45; 3410,223;  221,192;38475,515; 8,33639
 665,03; 3425,820;  225,192;38934,096; 8,26846
 665,60; 3558,110;  315,961;39296,524; 8,31735
 666,17; 3490,553;  231,730;39435,643; 8,31249
 666,75; 3553,765;  237,884;39837,917; 8,37343
 667,32; 3592,593;  257,422;40136,652; 8,36318
 667,90; 3605,267;  248,576;40373,925; 8,36551
 668,47; 3665,326;  254,268;40711,507; 8,43127
 669,05; 3692,999;  238,422;41041,319; 8,46650
 669,62; 3687,289;  215,268;41094,207; 8,49342
 670,19; 3682,040;  207,576;41221,096; 8,47151
 670,77; 3742,021;  225,191;41436,831; 8,53358
 671,34; 3716,695;  222,653;41280,489; 8,51005
 671,92; 3757,831;  223,268;41671,994; 8,52755
 672,49; 3788,120;  249,114;41653,036; 8,54751
 673,06; 3757,410;  180,576;41684,848; 8,61799
 673,64; 3788,622;  209,037;41721,814; 8,62285
 674,21; 3795,373;  198,806;41601,780; 8,68673
 674,79; 3827,893;  237,498;41879,361; 8,62208
 675,36; 3851,336;  243,345;41950,096; 8,65086
 675,93; 3797,318;  207,883;41798,447; 8,63041
 676,51; 3906,684;  233,883;41996,797; 8,79441
 677,08; 3914,050;  238,267;42145,609; 8,77121
 677,65; 3922,109;  227,344;42244,575; 8,79345
 678,23; 3972,014;  235,806;42378,002; 8,86572
 678,80; 3975,688;  226,344;42468,276; 8,87588
 679,38; 3990,438;  215,421;42651,934; 8,89568
 679,95; 4032,112;  226,498;42874,669; 8,92328
 680,52; 4061,325;  226,806;43211,404; 8,92068
 681,10; 4146,230;  242,344;43619,908; 8,99978
 681,67; 4172,980;  240,652;43908,336; 9,00512
 682,24; 4172,193;  205,882;43960,840; 9,06483
 682,82; 4252,790;  215,113;44518,267; 9,11375
 683,39; 4363,310;  261,805;44947,541; 9,17855
 683,96; 4365,446;  228,113;45163,353; 9,20732
 684,54; 4407,273;  214,882;45566,549; 9,24418
 685,11; 4507,024;  261,574;45995,977; 9,28284
 685,68; 4522,621;  220,343;46347,635; 9,32697
 686,25; 4515,218;  209,574;46329,678; 9,33572
 686,83; 4594,354;  224,266;46587,182; 9,42583
 687,40; 4641,489;  205,805;46909,071; 9,49759
 687,97; 4747,317;  262,882;47309,114; 9,53198
 688,55; 4716,914;  212,266;47325,926; 9,56124
 689,12; 4729,665;  191,728;47588,045; 9,57445
 689,69; 4770,416;  201,497;47694,703; 9,62015
 690,26; 4811,628;  218,035;47746,208; 9,66499
 690,84; 4839,302;  217,112;48066,327; 9,65991
 691,41; 4912,438;  228,343;48172,062; 9,76999
 691,98; 4949,650;  228,189;48503,951; 9,78019
 692,56; 4920,247;  220,650;48556,763; 9,72274
 693,13; 5009,075;  276,573;48519,652; 9,80970
 693,70; 4991,903;  239,343;48637,233; 9,81977
 694,27; 5017,500;  216,419;48796,430; 9,88283
 694,84; 5067,405;  213,189;48898,011; 9,97070
 695,42; 5119,155;  261,650;49019,361; 9,96254
 695,99; 5125,445;  217,727;49180,327;10,02340
 696,56; 5095,350;  216,496;49034,062; 9,99405
 697,13; 5211,408;  232,650;49420,720;10,12188
 697,71; 5191,774;  209,727;49394,686;10,12921
 698,28; 5272,218;  217,727;49714,037;10,21185
 698,85; 5250,584;  199,727;49725,003;10,19854
 699,42; 5283,566;  202,342;49934,584;10,21716
 699,99; 5368,086;  240,803;50030,319;10,29792
 700,57; 5397,067;  232,342;50115,362;10,35367
 701,14; 5418,972;  206,573;50235,712;10,41873
 701,71; 5474,338;  232,803;50426,062;10,44271
 702,28; 5485,628;  229,034;50475,259;10,46167
 702,85; 5499,609;  224,495;50574,686;10,47685
 703,43; 5573,206;  251,342;50838,037;10,52029
 704,00; 5639,650;  245,726;50977,849;10,63217
 704,57; 5645,247;  235,188;51011,738;10,65464
 705,14; 5690,228;  252,880;51250,088;10,66205
 705,71; 5726,133;  259,880;51277,054;10,71454
 706,28; 5728,422;  231,880;51163,327;10,79204
 706,86; 5768,865;  260,187;51476,755;10,75566
 707,43; 5812,924;  289,957;51421,721;10,80144
 708,00; 5823,598;  259,803;51456,071;10,86758
 708,57; 5854,349;  234,956;51246,421;11,01594
 709,14; 5885,331;  261,879;51501,926;10,97472
 709,71; 5886,928;  241,572;51586,738;10,99491
 710,28; 5943,371;  236,418;51710,165;11,08711
 710,86; 6005,199;  244,725;51954,054;11,14010
 711,43; 6092,642;  267,495;51845,866;11,29378
 712,00; 6092,085;  249,494;51973,447;11,29572
 712,57; 6177,144;  261,802;52051,182;11,42192
 713,14; 6174,741;  234,417;52193,994;11,43259
 713,71; 6189,568;  246,802;52137,652;11,45244
 714,28; 6187,858;  235,033;52217,926;11,45151
 714,85; 6211,455;  221,110;51842,968;11,60428
 715,42; 6266,821;  225,417;52187,396;11,62659
 716,00; 6359,726;  300,033;52292,977;11,65484
 716,57; 6363,092;  233,263;52374,943;11,75610
 717,14; 6376,304;  211,725;52272,447;11,84113
 717,71; 6357,748;  212,725;52283,874;11,80120
 718,28; 6434,037;  265,955;52493,917;11,80992
 718,85; 6428,480;  204,955;52412,575;11,92072
 719,42; 6467,231;  241,878;52662,080;11,87587
 719,99; 6458,213;  219,571;52385,892;11,95914
 720,56; 6542,041;  243,417;52752,242;11,99536
 721,13; 6527,176;  217,032;52790,823;12,00245
 721,70; 6587,696;  203,724;52633,174;12,17631
 722,27; 6586,216;  232,186;52831,601;12,08004
 722,84; 6706,275;  288,493;52843,721;12,21150
 723,41; 6656,872;  208,032;52888,686;12,24138
 723,98; 6700,623;  221,570;53198,268;12,23000
 724,55; 6802,451;  256,724;53259,772;12,34972
 725,12; 6803,586;  181,185;53261,738;12,47613
 725,69; 6867,491;  208,570;53273,627;12,54860
 726,27; 6903,395;  221,570;53351,208;12,57646
 726,84; 6946,223;  233,031;53717,558;12,55165
 727,41; 6994,897;  241,262;53692,986;12,63502
 727,98; 7057,648;  235,493;53909,259;12,71041
 728,55; 7148,322;  274,339;53881,456;12,82289
 729,12; 7096,919;  209,185;54031,575;12,79715
 729,69; 7132,516;  235,339;54118,464;12,80025
 730,26; 7187,267;  239,108;54533,507;12,79719
 730,82; 7215,941;  229,569;54254,781;12,93169
 731,39; 7246,307;  229,031;54317,746;12,97364
 731,96; 7343,520;  214,800;54680,251;13,08852
 732,53; 7416,271;  236,185;54873,678;13,14132
 733,10; 7450,637;  243,031;54889,028;13,18963
 733,67; 7489,849;  236,184;55261,302;13,18246
 734,24; 7426,831;  217,031;54871,499;13,19160
 734,81; 7547,736;  259,492;54910,464;13,33598
 735,38; 7524,563;  232,954;54665,661;13,39564
 735,95; 7548,545;  228,107;54563,473;13,47269
 736,52; 7617,219;  236,723;54779,823;13,53149
 737,09; 7569,201;  248,646;54388,712;13,52151
 737,66; 7672,567;  286,030;54600,140;13,59966
 738,23; 7632,626;  226,030;54758,721;13,58194
 738,80; 7780,915;  307,722;55002,148;13,66354
 739,37; 7828,358;  261,645;55128,652;13,79101
 739,94; 7816,571;  236,953;55163,387;13,79958
 740,51; 7977,937;  366,338;55300,507;13,85586
 741,07; 7907,842;  233,722;55208,781;13,95927
 741,64; 7953,669;  273,107;55394,054;13,93402
 742,21; 8000,420;  238,722;55571,558;14,02729
 742,78; 7936,710;  213,030;55299,755;14,02095
 743,35; 8059,307;  232,183;55646,105;14,12483
 743,92; 8155,827;  280,876;55889,379;14,16142
 744,49; 8185,424;  273,183;55738,191;14,26528
 745,06; 8149,867;  230,568;55709,695;14,27438
 745,63; 8142,387;  223,029;55595,276;14,30203
 746,19; 8225,523;  227,183;55560,858;14,45474
 746,76; 8200,273;  236,798;55580,516;14,38912
 747,33; 8300,717;  243,183;55549,020;14,56905
 747,90; 8423,775;  263,798;55781,140;14,69807
 748,47; 8372,526;  240,875;55719,336;14,65731
 749,04; 8365,123;  244,567;55769,148;14,62515
 749,61; 8413,566;  279,183;55687,729;14,68074
 750,17; 8529,779;  265,413;55746,234;14,89590
 750,74; 8467,991;  251,875;55801,200;14,79067
 751,31; 8493,434;  232,413;55590,319;14,92293
 751,88; 8527,724;  216,336;55543,208;15,02233
 752,45; 8548,090;  231,490;55604,251;15,01930
 753,02; 8597,225;  260,413;55423,140;15,11313
 753,58; 8647,899;  232,490;55410,875;15,25128
 754,15; 8632,650;  219,028;55610,918;15,18927
 754,72; 8652,863;  230,028;55382,806;15,27182
 755,29; 8687,767;  221,721;55210,541;15,39594
 755,86; 8787,211;  253,490;55419,430;15,46918
 756,42; 8854,885;  251,336;55133,781;15,67632
 756,99; 8798,097;  215,182;55231,285;15,60073
 757,56; 8837,540;  229,874;55230,405;15,65015
 758,13; 8828,214;  179,951;55113,447;15,74315
 758,70; 8923,042;  215,489;55279,875;15,81340
 759,26; 8960,793;  202,643;55239,687;15,91319
 759,83; 9035,236;  227,028;55372,883;15,97257
 760,40; 8993,525;  210,566;55218,311;15,96677
 760,97; 8992,815;  206,489;55244,353;15,96415
 761,53; 8987,489;  185,643;54956,396;16,07034
 762,10; 8985,547;  186,412;54850,362;16,09678
 762,67; 9053,837;  214,489;54907,097;16,16187
 763,24; 8972,741;  173,874;54437,601;16,21501
 763,80; 9060,569;  207,797;54611,798;16,27228
 764,37; 9057,782;  211,181;54580,148;16,27142
 764,94; 9032,302;  197,258;54198,499;16,36082
 765,50; 9018,514;  205,335;54206,695;16,32029
 766,07; 9086,957;  237,489;54177,507;16,40613
 766,64; 9075,093;  214,719;53884,319;16,50911
 767,21; 9048,998;  213,873;53796,977;16,48864
 767,77; 9052,364;  234,719;53682,943;16,49754
 768,34; 9117,269;  223,950;53621,448;16,65494
 768,91; 9059,558;  233,719;53493,260;16,57138
 769,47; 9107,924;  232,488;53468,072;16,67200
 770,04; 9052,598;  245,719;53389,037;16,57194
 770,61; 9044,118;  219,180;53037,695;16,70804
 771,18; 9089,023;  211,334;53017,969;16,81169
 771,74; 9127,851;  226,873;53148,935;16,81903
 772,31; 9115,217;  236,103;52924,131;16,85224
 772,88; 9052,122;  205,796;52656,174;16,86609
 773,44; 9094,027;  202,565;52564,832;16,98067
 774,01; 9126,624;  233,796;52605,952;16,98007
 774,58; 9095,067;  215,642;52376,456;17,02317
 775,14; 9090,279;  208,411;52458,191;16,99886
 775,71; 9116,722;  210,795;52348,926;17,08141
 776,27; 9233,319;  273,641;52254,661;17,23644
 776,84; 9279,070;  312,180;52286,243;17,25263
 777,41; 9193,667;  226,411;52017,901;17,31415
 777,97; 9245,034;  215,795;51779,713;17,51077
 778,54; 9209,554;  231,641;52002,294;17,34170
 779,11; 9267,381;  260,641;51813,490;17,47089
 779,67; 9283,440;  216,487;51780,072;17,58402
 780,24; 9269,652;  231,949;51504,576;17,62676
 780,80; 9347,711;  235,949;51658,234;17,71948
 781,37; 9296,462;  237,795;51581,200;17,64329
 781,94; 9238,136;  230,948;51445,858;17,58704
 782,50; 9350,579;  228,179;51259,670;17,87602
 783,07; 9368,176;  257,564;51261,097;17,86271
 783,63; 9353,081;  221,871;51107,909;17,94443
 784,20; 9385,139;  248,179;51014,798;17,99797
 784,77; 9379,198;  232,410;50773,302;18,09780
 785,33; 9353,564;  210,102;50667,037;18,12132
 785,90; 9387,931;  228,102;50623,926;18,17577
 786,46; 9337,374;  256,102;50497,815;18,07516
 787,03; 9318,509;  228,102;50236,243;18,17786
 787,59; 9398,337;  232,563;50226,978;18,33360
 788,16; 9398,396;  235,871;50217,020;18,33196
 788,73; 9335,685;  236,409;50094,217;18,25045
 789,29; 9294,744;  230,640;49793,875;18,28796
 789,86; 9360,033;  258,178;49607,226;18,44383
 790,42; 9351,784;  238,101;49520,038;18,49295
 790,99; 9299,381;  241,871;49234,388;18,48754
 791,55; 9304,209;  233,255;49198,969;18,52511
 792,12; 9310,036;  270,794;49232,320;18,46193
 792,68; 9352,249;  239,178;48915,901;18,72162
 793,25; 9309,461;  249,409;48664,020;18,71347
 793,81; 9410,520;  318,486;48265,909;18,96251
 794,38; 9218,348;  209,870;48136,952;18,79622
 794,94; 9274,945;  239,870;48136,610;18,86365
 795,51; 9267,542;  243,255;47862,730;18,95083
 796,07; 9260,523;  234,101;47650,696;19,03642
 796,64; 9263,890;  262,870;47746,046;18,95623
 797,20; 9204,871;  246,178;47193,089;19,08261
 797,77; 9154,238;  215,408;46881,670;19,15480
 798,33; 9169,681;  244,177;46734,251;19,19873
 798,90; 9201,739;  251,485;46698,063;19,27000
 799,46; 9175,029;  221,947;46181,798;19,48022
 800,03; 9122,087;  244,100;46101,918;19,35981
 800,59; 9150,607;  259,254;45974,191;19,44956
 801,15; 9154,512;  253,023;45733,850;19,57196
 801,72; 9086,725;  240,946;45340,585;19,61386
 802,28; 9037,860;  267,946;45057,089;19,58045
 802,85; 8995,919;  238,254;44917,132;19,60135
 803,41; 8965,593;  228,562;44717,636;19,63860
 803,98; 8942,267;  231,946;44265,909;19,78091
 804,54; 8945,017;  234,331;44154,568;19,83297
 805,11; 8959,845;  247,715;43862,841;19,97502
 805,67; 8946,750;  262,254;43846,653;19,92570
 806,23; 8914,193;  249,177;43371,003;20,09427
 806,80; 8947,867;  260,023;43244,277;20,21169
 807,36; 8932,541;  258,253;43238,243;20,18215
 807,93; 8924,446;  267,176;43079,055;20,22165
 808,49; 8878,889;  233,561;42628,559;20,39233
 809,05; 8889,563;  231,561;42517,909;20,47470
 809,62; 8893,545;  264,407;42372,183;20,49298
 810,18; 8907,526;  250,638;42348,149;20,56390
 810,74; 8813,816;  218,022;41992,576;20,57662
 811,31; 8848,182;  227,407;41870,234;20,70170
 811,87; 8851,856;  254,330;41773,046;20,70759
 812,44; 8873,991;  268,176;41687,781;20,77715
 813,00; 8804,665;  204,637;41421,439;20,86534
 813,56; 8892,416;  255,176;41486,559;20,94822
 814,13; 8856,552;  234,945;41479,140;20,90381
 814,69; 8863,687;  243,099;41172,414;21,06214
 815,25; 8796,823;  209,022;40779,533;21,16759
 815,82; 8832,035;  260,637;40770,038;21,15903
 816,38; 8814,094;  289,637;40586,696;21,15404
 816,94; 8749,768;  226,637;40272,969;21,28317
 817,51; 8723,288;  220,637;40085,166;21,32886
 818,07; 8706,039;  221,022;39734,670;21,47364
 818,63; 8692,943;  234,021;39568,482;21,50512
 819,20; 8662,617;  245,329;39580,525;21,39887
 819,76; 8615,214;  223,483;39195,260;21,53284
 820,32; 8624,811;  248,252;39074,764;21,57433
 820,89; 8575,024;  247,021;38918,807;21,53509
 821,45; 8527,082;  217,406;38530,927;21,68863
 822,01; 8515,526;  252,867;38313,739;21,70906
 822,57; 8505,892;  252,559;38158,628;21,77312
 823,14; 8438,643;  216,867;37916,132;21,80885
 823,70; 8451,701;  220,021;37639,482;21,99839
 824,26; 8403,760;  219,482;37478,602;21,96584
 824,82; 8451,049;  256,867;37394,875;22,06414
 825,39; 8357,415;  228,251;37042,534;22,08155
 825,95; 8396,474;  238,328;37083,730;22,14156
 826,51; 8339,610;  239,790;36697,234;22,21719
 827,08; 8353,207;  270,251;36758,662;22,15212
 827,64; 8335,573;  252,097;36598,781;22,23993
 828,20; 8247,939;  214,867;36265,901;22,28250
 828,76; 8315,228;  253,866;36258,636;22,38971
 829,32; 8310,749;  261,251;36200,987;22,39721
 829,89; 8229,115;  209,789;35935,106;22,44718
 830,45; 8259,404;  237,482;36000,687;22,43066
 831,01; 8227,001;  232,712;35591,269;22,60921
 831,57; 8255,060;  240,328;35661,388;22,62702
 832,14; 8248,503;  221,020;35632,585;22,66910
 832,70; 8213,100;  219,558;35308,551;22,78077
 833,26; 8176,774;  199,020;35184,824;22,80283
 833,82; 8144,140;  229,404;35104,636;22,69443
 834,38; 8198,891;  222,558;35095,140;22,87279
 834,95; 8148,488;  213,635;35052,260;22,77602
 835,51; 8144,470;  190,635;34868,072;22,93663
 836,07; 8164,836;  234,173;34910,423;22,87059
 836,63; 8232,125;  244,866;34946,158;23,01718
 837,19; 8170,415;  234,558;34790,893;22,96498
 837,75; 8153,627;  204,481;34431,166;23,22500
 838,32; 8183,455;  244,942;34548,901;23,14168
 838,88; 8198,283;  241,481;34645,175;23,12775
 839,44; 8228,957;  248,865;34467,987;23,32056
 840,00; 8211,092;  241,404;34451,337;23,29642
 840,56; 8165,920;  222,404;34168,149;23,40062
 841,12; 8145,056;  218,634;34182,961;23,33749
 841,68; 8117,499;  196,173;33923,004;23,48672
 842,25; 8099,865;  232,557;33917,970;23,35524
 842,81; 8107,077;  204,942;33732,782;23,56888
 843,37; 8062,751;  200,634;33731,594;23,44734
 843,93; 8120,041;  227,557;33568,329;23,67217
 844,49; 8147,253;  237,788;33657,910;23,66678
 845,05; 8096,927;  187,557;33455,260;23,77492
 845,61; 8169,370;  245,095;33466,918;23,85262
 846,17; 8109,660;  222,172;33305,653;23,84117
 846,73; 8135,872;  230,634;33273,542;23,92416
 847,29; 8099,085;  211,326;33127,123;23,96344
 847,86; 8066,066;  210,249;33033,859;23,93343
 848,42; 8083,125;  223,095;32902,594;24,05187
 848,98; 8044,876;  228,403;32852,098;23,95950
 849,54; 8073,396;  214,633;32873,756;24,06299
 850,10; 8053,685;  232,403;32833,183;23,99109
 850,66; 8038,590;  212,326;32636,534;24,13710
 851,22; 8001,802;  196,864;32571,269;24,10836
 851,78; 8098,861;  250,018;32602,235;24,26060
 852,34; 8028,304;  232,710;32403,047;24,23224
 852,90; 7998,055;  216,556;32242,782;24,29727
 853,46; 7970,729;  213,402;32069,671;24,35102
 854,02; 8058,634;  231,787;32082,329;24,57367
 854,58; 7918,077;  227,171;31738,910;24,40648
 855,14; 7985,289;  217,941;31687,953;24,68175
 855,70; 7939,348;  177,633;31580,226;24,71680
 856,26; 7924,637;  226,171;31551,500;24,57585
 856,82; 7921,311;  220,633;31325,773;24,75693
 857,38; 7921,524;  247,940;31349,508;24,67266
 857,94; 7922,890;  217,786;31077,320;24,96831
 858,50; 7946,179;  258,940;31058,594;24,95885
 859,06; 7894,315;  215,479;30823,713;25,08748
 859,62; 7919,758;  231,709;30848,525;25,11054
 860,18; 7842,047;  224,786;30541,876;25,12530
 860,74; 7813,721;  197,325;30524,072;25,11445
 861,30; 7798,934;  191,171;30301,807;25,26603
 861,86; 7889,915;  272,632;30376,235;25,30356
 862,42; 7842,897;  219,709;30222,431;25,40832
 862,98; 7880,417;  257,247;30116,705;25,53017
 863,54; 7813,629;  222,170;29941,901;25,54350
 864,10; 7845,073;  223,093;30022,636;25,57750
 864,66; 7740,285;  204,016;29791,295;25,47131
 865,22; 7812,267;  215,939;29593,491;25,85759
 865,78; 7800,556;  222,862;29471,842;25,90755
 866,34; 7711,384;  213,170;29417,038;25,67541
 866,90; 7727,596;  236,555;29302,158;25,77287
 867,45; 7732,193;  230,785;29035,970;26,04187
 868,01; 7702,098;  229,324;28878,936;26,08333
 868,57; 7675,541;  217,862;28688,363;26,19441
 869,13; 7620,138;  205,708;28673,560;26,04492
 869,69; 7662,966;  214,400;28441,756;26,38776
 870,25; 7558,332;  186,785;28315,337;26,20664
 870,81; 7597,160;  220,400;28380,765;26,19554
 871,37; 7650,373;  230,862;28330,577;26,40422
 871,93; 7628,200;  238,939;28173,081;26,45244
 872,49; 7599,105;  262,246;27799,893;26,64301
 873,04; 7525,625;  205,477;27732,782;26,59232
 873,60; 7502,068;  205,708;27540,440;26,69264
 874,16; 7526,358;  232,400;27473,483;26,77558
 874,72; 7517,050;  212,938;27433,175;26,83339
 875,28; 7525,050;  219,708;27361,713;26,91526
 875,84; 7521,281;  230,246;27350,483;26,88411
 876,40; 7472,204;  211,631;27344,867;26,75896
 876,95; 7507,281;  223,323;27303,098;26,89815
 877,51; 7571,127;  246,323;27297,637;27,07744
 878,07; 7567,973;  263,400;27292,483;27,02486
 878,63; 7558,665;  222,169;27272,867;27,12128
 879,19; 7596,435;  240,400;27318,867;27,16562
 879,75; 7601,973;  207,554;27394,790;27,19813
 880,30; 7678,588;  226,554;27456,252;27,36731
 880,86; 7717,050;  267,246;27557,790;27,29811
 881,42; 7733,819;  217,938;27581,175;27,46708
 881,98; 7757,665;  227,785;27704,867;27,40422
 882,54; 7826,512;  216,246;27817,637;27,57204
 883,09; 7888,742;  237,400;27976,790;27,58295
 883,65; 7956,050;  203,169;28121,944;27,76942
 884,21; 8061,742;  251,323;28417,021;27,73025
 884,77; 8057,973;  211,631;28439,637;27,79630
 885,32; 8140,512;  221,938;28643,483;27,86116
 885,88; 8211,127;  263,323;28852,944;27,79961
 886,44; 8300,512;  227,015;28875,021;28,18170
 887,00; 8339,050;  250,477;28933,944;28,19943
 887,56; 8358,819;  225,323;29002,329;28,26387
 888,11; 8408,819;  221,785;29072,483;28,37725
 888,67; 8470,127;  256,785;29292,867;28,28667
 889,23; 8503,050;  226,015;29292,867;28,47586
 889,79; 8474,665;  210,323;29163,252;28,54406
 890,34; 8499,204;  231,862;29147,252;28,59149
 890,90; 8628,204;  299,554;29313,098;28,70608
 891,46; 8524,742;  230,477;29165,790;28,66485
 892,01; 8588,665;  241,631;29178,713;28,84546
 892,57; 8593,665;  246,785;29092,252;28,93654
 893,13; 8531,435;  211,400;28971,021;28,92957
 893,69; 8505,127;  202,631;28899,713;28,93150
 894,24; 8485,127;  230,400;28829,175;28,86392
 894,80; 8472,742;  234,169;28582,867;29,06156
 895,36; 8436,973;  226,477;28442,175;29,09904
 895,91; 8354,588;  225,169;28280,560;28,97632
 896,47; 8376,204;  242,708;28191,329;29,10160
 897,03; 8300,358;  219,092;27945,252;29,14672
 897,58; 8315,742;  244,246;27851,483;29,23689
 898,14; 8248,358;  234,708;27640,483;29,24073
 898,70; 8256,588;  202,092;27523,637;29,48038
 899,25; 8335,512;  230,785;27537,021;29,68086
 899,81; 8211,588;  245,477;27311,175;29,43250
 900,37; 8138,665;  209,785;27044,790;29,54678
 900,92; 8164,204;  231,938;27062,560;29,56423
 901,48; 8120,435;  212,477;26888,790;29,64412
 902,03; 8137,281;  222,477;26758,098;29,82709
 902,59; 8110,819;  225,477;26678,944;29,80835
 903,15; 8126,435;  239,477;26485,560;30,05004
 903,70; 8025,204;  227,477;26196,021;30,02759
 904,26; 7958,281;  227,400;26080,175;29,90349
 904,82; 8020,896;  229,938;26143,560;30,06511
 905,37; 7984,127;  234,708;26013,175;30,06160
 905,93; 7923,127;  210,631;25805,867;30,13254
 906,48; 7904,281;  231,708;25697,175;30,12932
 907,04; 7927,819;  239,785;25643,637;30,26326
 907,60; 7838,665;  240,708;25437,021;30,15504
 908,15; 7827,665;  218,554;25329,021;30,30255
 908,71; 7806,435;  249,246;25351,021;30,10619
 909,26; 7748,512;  223,938;25228,867;30,09236
 909,82; 7773,665;  235,169;25071,637;30,35253
 910,37; 7788,819;  273,015;25014,175;30,37773
 910,93; 7727,512;  216,631;24674,021;30,71007
 911,48; 7675,050;  212,785;24616,867;30,57794
 912,04; 7670,050;  213,631;24466,637;30,74431
 912,60; 7731,050;  231,938;24515,560;30,88136
 913,15; 7638,127;  239,092;24347,329;30,69090
 913,71; 7588,127;  215,092;24093,252;30,87773
 914,26; 7566,204;  190,938;24063,406;30,89444
 914,82; 7574,204;  229,785;23958,329;30,95183
 915,37; 7556,665;  214,323;23861,329;31,04978
 915,93; 7628,588;  270,169;23812,637;31,25594
 916,48; 7517,358;  216,938;23582,560;31,24428
 917,04; 7515,742;  237,169;23521,021;31,26018
 917,59; 7500,204;  257,631;23477,713;31,19099
 918,15; 7411,204;  197,323;23245,021;31,29979
 918,70; 7404,819;  219,092;23222,175;31,23810
 919,26; 7401,742;  236,862;23058,560;31,39504
 919,81; 7390,204;  207,862;22928,175;31,61199
 920,37; 7322,358;  218,938;22839,483;31,40251
 920,92; 7320,050;  261,400;22781,021;31,34444
 921,48; 7271,896;  199,785;22525,637;31,67678
 922,03; 7279,435;  205,477;22530,098;31,68680
 922,59; 7258,896;  225,246;22402,483;31,71563
 923,14; 7224,435;  224,785;22233,406;31,80413
 923,69; 7218,512;  250,015;22170,252;31,79024
 924,25; 7255,588;  245,938;22132,098;32,02778
 924,80; 7168,819;  219,862;21961,790;31,96109
 925,36; 7136,665;  207,631;21846,406;32,02138
 925,91; 7132,127;  224,015;21753,175;32,08723
 926,47; 7081,512;  202,323;21673,637;32,03897
 927,02; 7104,896;  285,862;21626,944;31,95262
 927,57; 7014,588;  214,092;21334,329;32,19896
 928,13; 7003,819;  210,092;21322,713;32,17851
 928,68; 6974,588;  229,092;21243,560;32,09930
 929,24; 6926,665;  191,092;21028,867;32,32386
 929,79; 6948,742;  206,323;20950,252;32,50310
 930,34; 6870,050;  220,477;20785,021;32,33513
 930,90; 6912,973;  214,015;20762,790;32,60028
 931,45; 6896,665;  226,554;20754,021;32,49359
 932,01; 6866,742;  234,785;20661,098;32,46772
 932,56; 6834,973;  246,246;20478,175;32,56599
 933,11; 6841,127;  252,169;20502,867;32,53694
 933,67; 6762,819;  219,092;20311,867;32,56756
 934,22; 6792,050;  216,477;20255,790;32,81337
 934,77; 6708,742;  252,708;20143,560;32,45731
 935,33; 6700,588;  227,092;20010,944;32,72111
 935,88; 6696,973;  235,862;19929,021;32,80891
 936,43; 6640,435;  227,862;19856,175;32,67002
 936,99; 6577,973;  232,554;19695,560;32,60246
 937,54; 6546,819;  212,169;19608,867;32,65839
 938,09; 6537,512;  239,554;19555,637;32,60474
 938,65; 6543,358;  232,400;19423,175;32,88537
 939,20; 6469,973;  206,323;19300,175;32,80454
 939,75; 6496,973;  204,323;19170,329;33,17857
 940,31; 6416,512;  211,246;19116,713;32,82260
 940,86; 6407,896;  227,015;19065,944;32,80909
 941,41; 6464,742;  313,400;19135,406;32,68165
 941,96; 6330,050;  210,477;18889,329;32,76204
 942,52; 6309,050;  217,631;18806,790;32,76866
 943,07; 6296,665;  201,785;18710,637;32,92955
 943,62; 6300,742;  212,477;18644,637;33,03067
 944,18; 6278,896;  203,323;18555,406;33,10563
 944,73; 6219,435;  220,477;18409,175;32,98179
 945,28; 6189,588;  191,554;18242,944;33,22755
 945,83; 6178,896;  207,323;18343,175;32,92690
 946,39; 6220,204;  213,246;18264,790;33,27670
 946,94; 6189,358;  245,246;18136,175;33,22416
 947,49; 6139,512;  209,169;18047,329;33,24526
 948,04; 6172,665;  256,554;17943,329;33,44935
 948,59; 6106,050;  240,169;17960,867;33,10186
 949,15; 6109,281;  203,400;17842,867;33,48106
 949,70; 6087,588;  214,092;17716,252;33,55869
 950,25; 6026,665;  239,169;17592,329;33,35125
 950,80; 6023,742;  185,323;17440,483;33,83579
 951,36; 5980,281;  193,015;17370,175;33,69163
 951,91; 6038,281;  233,477;17399,098;33,81645
 952,46; 5953,665;  199,554;17230,098;33,78701
 953,01; 5996,588;  226,631;17255,406;33,88357
 953,56; 5914,281;  195,169;17099,021;33,83319
 954,11; 5920,973;  222,554;17028,406;33,90735
 954,67; 5923,512;  214,862;16967,560;34,07600
 955,22; 5842,127;  200,015;16814,560;33,95887
 955,77; 5875,204;  248,400;16765,560;34,06641
 956,32; 5882,512;  270,400;16704,406;34,14938
 956,87; 5807,896;  207,092;16558,944;34,25180
 957,42; 5768,896;  215,631;16537,944;34,02254
 957,98; 5785,281;  208,554;16381,713;34,48137
 958,53; 5788,358;  245,938;16348,790;34,41887
 959,08; 5778,896;  204,708;16229,175;34,78548
 959,63; 5690,358;  212,246;16089,483;34,50293
 960,18; 5694,665;  223,708;16043,560;34,58286
 960,73; 5726,588;  225,169;16017,560;34,83589
 961,28; 5630,127;  193,554;15881,175;34,65518
 961,83; 5627,588;  243,323;15852,098;34,49512
 962,39; 5636,050;  196,938;15762,329;34,94362
 962,94; 5592,665;  235,400;15630,944;34,79751
 963,49; 5553,819;  215,785;15523,713;34,87104
 964,04; 5556,588;  235,785;15473,329;34,91904
 964,59; 5518,742;  194,015;15376,175;35,07226
 965,14; 5557,742;  239,554;15334,713;35,23108
 965,69; 5481,127;  219,015;15295,098;34,90371
 966,24; 5457,204;  206,631;15172,560;35,08351
 966,79; 5462,665;  224,323;15031,790;35,37636
 967,34; 5397,896;  190,169;14944,867;35,29538
 967,89; 5423,973;  216,400;14881,867;35,50908
 968,44; 5397,358;  218,400;14821,252;35,46539
 968,99; 5366,742;  226,862;14712,790;35,48189
 969,55; 5334,204;  218,554;14667,406;35,40524
 970,10; 5291,742;  226,708;14514,637;35,44975
 970,65; 5306,819;  239,092;14459,329;35,63743
 971,20; 5245,281;  211,631;14306,867;35,71171
 971,75; 5192,358;  197,169;14216,021;35,63194
 972,30; 5167,742;  219,092;14145,175;35,53512
 972,85; 5186,819;  204,554;14088,021;35,88632
 973,40; 5123,050;  203,708;13950,560;35,78523
 973,95; 5124,665;  227,554;13891,406;35,83990
 974,50; 5122,742;  248,323;13904,406;35,69413
 975,05; 5063,665;  211,785;13704,483;35,95931
 975,60; 5054,281;  228,862;13682,175;35,86789
 976,15; 5024,435;  212,477;13600,944;35,94106
 976,70; 4984,281;  226,862;13493,637;35,85965
 977,25; 4940,896;  235,246;13457,867;35,58788
 977,80; 4881,358;  208,554;13293,098;35,71239
 978,35; 4884,358;  234,708;13092,175;36,16303
 978,89; 4808,819;  201,169;13054,560;35,84774
 979,44; 4841,896;  223,862;13040,021;36,03290
 979,99; 4756,819;  212,169;12829,867;36,01806
 980,54; 4805,665;  246,785;12840,637;36,19926
 981,09; 4791,819;  242,938;12647,713;36,67040
 981,64; 4746,742;  228,708;12520,406;36,75680
 982,19; 4748,127;  270,246;12500,713;36,61251
 982,74; 4699,204;  234,477;12373,713;36,77931
 983,29; 4632,973;  200,092;12258,944;36,76039
 983,84; 4583,742;  232,554;12145,329;36,52540
 984,39; 4623,742;  298,862;12130,406;36,55381
 984,94; 4519,127;  205,323;11949,867;36,73028
 985,49; 4543,819;  245,862;11916,483;36,82715
 986,03; 4526,204;  243,015;11837,252;36,94239
 986,58; 4470,742;  282,477;11682,944;36,73766
 987,13; 4444,512;  212,015;11573,252;37,25383
 987,68; 4392,588;  241,554;11430,098;37,10076
 988,23; 4395,742;  243,477;11445,406;37,06741
 988,78; 4342,665;  210,400;11289,560;37,29764
 989,33; 4294,665;  248,477;11125,483;37,19947
 989,88; 4309,435;  258,169;11165,790;37,14160
 990,42; 4216,588;  230,708;10973,713;37,10210
 990,97; 4179,973;  213,092;10828,329;37,36969
 991,52; 4198,435;  241,246;10779,329;37,55131
 992,07; 4210,512;  258,631;10725,790;37,75504
 992,62; 4125,819;  235,554;10580,175;37,60665
 993,17; 4099,050;  240,092;10459,483;37,76113
 993,71; 4057,973;  243,092;10406,483;37,53551
 994,26; 3969,742;  219,092;10208,944;37,54460
 994,81; 4029,588;  253,323;10201,021;37,96120
 995,36; 3941,512;  215,785;10082,483;37,76063
 995,91; 3931,358;  230,246; 9978,713;37,96609
 996,45; 3881,973;  232,631; 9855,867;37,92219
 997,00; 3804,512;  200,708; 9710,098;37,89732
 997,55; 3822,127;  244,938; 9694,021;37,85752
 998,10; 3791,588;  249,323; 9601,713;37,87551
 998,65; 3758,896;  228,323; 9486,098;38,13630
 999,19; 3737,665;  248,246; 9399,483;38,13058
 999,74; 3713,819;  259,708; 9297,560;38,21828
1000,29; 3687,819;  239,246; 9177,790;38,58093
1000,84; 3605,588;  226,938; 9035,790;38,35517
1001,38; 3585,050;  233,169; 8965,175;38,38615
1001,93; 3606,973;  245,554; 8920,790;38,74729
1002,48; 3489,973;  206,400; 8758,098;38,39674
1003,03; 3529,358;  239,938; 8675,252;38,99581
1003,57; 3479,358;  242,554; 8621,483;38,63028
1004,12; 3473,050;  260,631; 8573,406;38,64437
1004,67; 3407,127;  224,246; 8447,790;38,70449
1005,22; 3337,588;  221,400; 8250,406;38,81164
1005,76; 3270,281;  210,554; 8124,329;38,66330
1006,31; 3289,819;  243,938; 8095,790;38,79188
1006,86; 3216,896;  216,246; 7914,713;38,97724
1007,40; 3193,435;  211,246; 7821,021;39,18892
1007,95; 3171,512;  227,708; 7688,483;39,45708
1008,50; 3106,281;  238,323; 7620,637;38,84904
1009,04; 3068,127;  230,246; 7458,483;39,26104
1009,59; 3047,127;  232,015; 7371,252;39,43155
1010,14; 2982,127;  220,169; 7282,713;39,10712
1010,68; 2959,973;  233,708; 7158,560;39,36930
1011,23; 2921,281;  235,092; 7054,790;39,38867
1011,78; 2906,742;  253,246; 6960,713;39,56033
1012,32; 2864,050;  252,400; 6872,252;39,45179
1012,87; 2846,742;  257,246; 6859,790;39,21967
1013,42; 2779,127;  220,169; 6710,021;39,43014
1013,96; 2827,665;  254,708; 6728,944;39,74148
1014,51; 2742,127;  192,938; 6595,790;39,81333
1015,06; 2785,588;  199,938; 6633,406;40,19061
1015,60; 2859,819;  276,477; 6714,790;40,12452
1016,15; 2797,127;  222,631; 6685,406;39,83577
1016,69; 2825,204;  226,400; 6689,867;40,20758
1017,24; 2830,281;  203,554; 6703,637;40,41067
1017,79; 2886,050;  266,938; 6809,637;40,03106
1018,33; 2863,973;  225,323; 6806,406;40,09447
1018,88; 2930,588;  242,323; 6915,021;40,28753
1019,42; 2921,512;  235,708; 6899,560;40,30407
1019,97; 2922,050;  222,015; 6909,098;40,37687
1020,51; 2953,127;  259,400; 7042,944;39,70973
1021,06; 2933,973;  198,631; 6987,560;40,29122
1021,61; 2916,742;  185,938; 6998,406;40,08539
1022,15; 2925,281;  176,862; 6896,175;40,90327
1022,70; 2959,588;  222,323; 6941,560;40,73774
1023,24; 2917,127;  209,169; 6894,560;40,50560
1023,79; 2891,742;  234,246; 6823,175;40,33275
1024,33; 2886,281;  225,554; 6770,098;40,65565
1024,88; 2853,819;  233,477; 6724,021;40,37169
1025,42; 2806,588;  234,400; 6536,021;40,81788
1025,97; 2780,127;  214,400; 6473,713;40,99055
1026,51; 2713,127;  196,400; 6368,867;40,77343
1027,06; 2694,973;  216,631; 6318,252;40,61777
1027,60; 2673,896;  228,631; 6212,713;40,86283
1028,15; 2658,742;  241,785; 6148,329;40,92000
1028,69; 2541,973;  198,708; 5937,483;40,83215
1029,24; 2546,204;  219,323; 5908,329;40,90136
1029,78; 2524,050;  204,708; 5835,560;41,18990
1030,33; 2442,973;  197,323; 5678,790;40,96805
1030,87; 2412,665;  208,862; 5635,637;40,60983
1031,42; 2367,512;  192,862; 5513,867;40,86915
1031,96; 2414,435;  236,785; 5473,098;41,58746
1032,51; 2361,204;  203,938; 5401,867;41,50240
1033,05; 2330,358;  216,400; 5335,790;41,29315
1033,60; 2271,973;  198,938; 5221,406;41,27522
1034,14; 2234,050;  221,400; 5148,098;40,85190
1034,69; 2238,435;  213,785; 5084,867;41,56468
1035,23; 2200,435;  214,708; 5009,944;41,41041
1035,77; 2190,665;  220,092; 4922,944;41,90166
1036,32; 2121,665;  197,477; 4838,790;41,45784
1036,86; 2147,204;  223,169; 4806,021;41,98335
1037,41; 2098,435;  232,400; 4710,483;41,67039
1037,95; 2039,435;  191,092; 4640,175;41,54435
1038,50; 2023,973;  209,323; 4594,790;41,37871
1039,04; 2025,665;  231,246; 4555,713;41,49457
1039,58; 1978,281;  200,477; 4461,252;41,72489
1040,13; 1957,665;  210,246; 4394,790;41,75889
1040,67; 1957,665;  244,323; 4399,637;41,23256
1041,21; 1918,358;  247,554; 4267,867;41,55904
1041,76; 1867,512;  202,554; 4193,175;41,72177
1042,30; 1861,819;  207,631; 4173,713;41,70837
1042,85; 1827,896;  215,323; 4094,175;41,57346
1043,39; 1787,050;  195,323; 3985,944;41,99119
1043,93; 1809,512;  242,015; 3993,637;41,78183
1044,48; 1785,512;  227,015; 3932,483;42,05937
1045,02; 1739,204;  211,785; 3880,021;41,63906
1045,56; 1762,512;  240,708; 3851,021;42,15157
1046,11; 1704,127;  227,554; 3785,406;41,50181
1046,65; 1683,204;  229,477; 3706,406;41,81066
1047,19; 1670,512;  212,938; 3668,637;42,17883
1047,74; 1618,973;  195,862; 3568,944;42,19024
1048,28; 1642,973;  224,400; 3561,252;42,51232
1048,82; 1660,512;  249,938; 3558,790;42,63029
1049,37; 1622,896;  236,400; 3450,867;43,13300
1049,91; 1581,512;  225,092; 3414,560;42,52808
1050,45; 1578,358;  239,169; 3391,637;42,48065
1050,99; 1551,742;  219,246; 3353,483;42,51422
1051,54; 1510,588;  213,169; 3251,175;42,70628
1052,08; 1546,973;  249,938; 3258,098;43,11721
1052,62; 1501,127;  241,323; 3228,790;42,16963
1053,16; 1441,512;  220,554; 3136,867;41,86648
1053,71; 1455,896;  226,092; 3101,252;42,77341
1054,25; 1433,588;  244,169; 3059,867;42,24243
1054,79; 1421,127;  237,246; 3008,252;42,72387
1055,33; 1365,896;  200,092; 2939,637;42,55466
1055,88; 1379,435;  239,400; 2941,098;42,19697
1056,42; 1379,973;  237,477; 2872,252;43,36219
1056,96; 1346,050;  247,015; 2844,483;42,31178
1057,50; 1334,742;  230,477; 2794,098;43,07444
1058,05; 1312,050;  230,015; 2762,252;42,73039
1058,59; 1311,896;  247,938; 2739,252;42,70670
1059,13; 1267,896;  213,708; 2670,175;42,91482
1059,67; 1269,973;  235,015; 2639,175;43,04863
1060,21; 1239,204;  232,092; 2573,098;43,02046
1060,76; 1231,435;  239,554; 2571,329;42,53758
1061,30; 1247,358;  259,400; 2576,329;42,64083
1061,84; 1200,742;  232,938; 2493,406;42,81433
1062,38; 1157,281;  217,477; 2432,329;42,43190
1062,92; 1189,665;  267,708; 2475,637;41,75668
1063,46; 1162,973;  250,323; 2372,560;43,00416
1064,01; 1137,588;  219,169; 2363,944;42,82124
1064,55; 1138,973;  244,477; 2310,790;43,28947
1065,09; 1102,358;  210,400; 2239,329;43,96200
1065,63; 1139,896;  252,554; 2300,790;43,32226
1066,17; 1126,973;  258,323; 2235,637;43,93082
1066,71; 1094,281;  252,015; 2232,252;42,53357
1067,25; 1064,665;  233,169; 2154,790;43,27056
1067,80; 1069,281;  250,554; 2176,867;42,50227
1068,34; 1074,281;  262,323; 2144,560;43,13792
1068,88; 1010,512;  220,246; 2092,483;42,20970
1069,42; 1052,281;  250,246; 2101,252;43,32967
1069,96; 1003,204;  231,092; 2018,713;43,19212
1070,50; 1050,665;  260,092; 2062,713;43,85686
1071,04;  985,819;  223,169; 1975,252;43,52820
1071,58;  974,742;  233,092; 1960,560;42,93280
1072,12;  964,281;  234,554; 1946,560;42,62409
1072,66;  978,973;  241,785; 1936,021;43,51154
1073,21;  980,204;  253,246; 1939,098;43,12109
1073,75;  958,819;  239,862; 1893,790;43,46969
1074,29;  940,973;  239,708; 1876,637;42,84031
1074,83;  949,742;  262,092; 1872,329;42,70491
1075,37;  947,512;  259,631; 1832,483;43,73462
1075,91;  920,050;  247,631; 1794,790;43,46153
1076,45;  894,588;  247,785; 1770,790;42,46890
1076,99;  910,512;  258,938; 1749,483;43,71377
1077,53;  880,665;  231,323; 1710,790;43,89028
1078,07;  880,819;  243,477; 1723,560;43,06126
1078,61;  867,973;  241,400; 1669,637;43,87040
1079,15;  855,127;  234,246; 1688,867;42,68333
1079,69;  847,281;  240,785; 1637,944;43,40922
1080,23;  863,742;  253,323; 1646,867;43,80336
1080,77;  908,512;  301,938; 1673,175;44,23548
1081,31;  812,742;  230,092; 1598,175;42,58880
1081,85;  853,281;  247,323; 1598,560;44,84468
1082,39;  819,435;  235,631; 1560,329;44,07071
1082,93;  827,588;  250,554; 1558,867;44,10523
1083,47;  778,050;  225,938; 1506,867;43,10244
1084,01;  813,204;  253,938; 1542,560;43,40030
1084,55;  783,204;  232,554; 1488,713;43,83599
1085,09;  788,896;  255,938; 1486,175;43,32156
1085,63;  772,281;  252,477; 1455,944;43,19219
1086,17;  748,358;  235,708; 1415,021;43,47021
1086,71;  750,050;  219,246; 1411,175;44,53318
1087,24;  765,204;  262,938; 1429,406;43,05868
1087,78;  777,588;  251,092; 1379,944;46,63997
1088,32;  716,127;  232,554; 1339,021;43,70424
1088,86;  745,819;  253,554; 1374,944;43,89777
1089,40;  718,512;  249,477; 1351,944;42,54408
1089,94;  703,512;  218,092; 1316,560;44,19059
1090,48;  715,204;  249,631; 1314,713;43,71239
1091,02;  720,819;  255,015; 1325,867;43,49844
1091,56;  701,588;  245,400; 1297,560;43,35734
1092,10;  671,665;  220,785; 1261,329;43,33124
1092,63;  718,204;  260,862; 1278,713;44,93211
1093,17;  687,665;  253,246; 1245,252;43,79201
1093,71;  663,281;  226,246; 1209,637;44,44162
1094,25;  699,588;  260,092; 1220,021;45,78424
1094,79;  655,665;  245,631; 1188,944;43,46748
1095,33;  664,973;  252,246; 1185,790;44,21075
1095,87;  653,050;  239,631; 1191,252;43,44368
1096,40;  621,050;  224,862; 1149,944;42,82736
1096,94;  639,358;  245,169; 1150,021;43,56386
1097,48;  654,358;  254,169; 1153,483;44,49933
1098,02;  632,742;  244,477; 1105,483;45,09440
1098,56;  606,896;  217,862; 1080,021;45,12327
1099,10;  588,050;  213,938; 1066,790;43,86594
1099,63;  588,819;  221,323; 1071,175;43,24237
1100,17;  612,588;  239,708; 1075,329;44,62318
1100,71;  625,281;  261,169; 1095,329;43,65010

