
Integration time [ms]: 160,000
Averaging Nr. [scans]: 13
Smoothing Nr. [pixels]: 0
Data measured with spectrometer [name]: 2009305U1
Wave   ;Sample   ;Dark     ;Reference;Reflectance
[nm]   ;[counts] ;[counts] ;[counts] ;[%]

 175,72;  214,241;  192,833;  205,653;166,98213
 176,32;  242,251;  215,986;  216,813; 0,00000
 176,92;  284,965;  247,602;  254,971;507,01706
 177,52;  273,423;  255,679;  265,678;177,45947
 178,12;  240,601;  239,756;  224,864; 0,00000
 178,72;  280,434;  257,525;  250,340; 0,00000
 179,32;  280,163;  248,909;  241,998; 0,00000
 179,92;  270,063;  247,063;  242,319; 0,00000
 180,52;  251,422;  235,064;  254,068;86,07367
 181,12;  282,973;  243,833;  252,404;456,61697
 181,73;  300,398;  258,371;  266,338;527,55560
 182,33;  405,018;  327,141;  336,927;795,80893
 182,93;  282,841;  265,064;  266,645;1123,96082
 183,53;  252,351;  233,755;  224,030; 0,00000
 184,13;  251,786;  236,909;  229,431; 0,00000
 184,73;  307,729;  266,448;  273,739;566,19568
 185,33;  288,741;  232,445;  341,197;51,76545
 185,93;  277,577;  226,213;  348,375;42,04545
 186,53;  296,389;  244,675;  370,650;41,05062
 187,13;  324,496;  273,291;  414,063;36,37429
 187,73;  291,354;  243,598;  361,495;40,50652
 188,33;  292,498;  237,983;  370,649;41,09263
 188,93;  306,188;  250,059;  374,130;45,23923
 189,53;  295,901;  248,981;  393,125;32,55039
 190,13;  340,391;  274,058;  409,924;48,82250
 190,73;  272,236;  218,289;  365,019;36,76583
 191,34;  306,035;  256,905;  385,888;38,09041
 191,94;  289,853;  235,829;  359,614;43,64348
 192,54;  297,203;  240,984;  391,391;37,37798
 193,14;  314,267;  258,291;  390,009;42,49736
 193,74;  314,613;  260,214;  377,424;46,41131
 194,34;  316,734;  241,445;  388,106;51,33581
 194,94;  275,532;  209,983;  342,899;49,31565
 195,54;  244,388;  190,137;  332,970;37,98207
 196,14;  283,257;  225,291;  354,341;44,91723
 196,74;  270,844;  223,445;  343,719;39,40943
 197,34;  244,967;  197,522;  345,903;31,97477
 197,94;  271,638;  232,368;  373,573;27,81067
 198,54;  291,400;  228,599;  383,909;40,43557
 199,14;  255,936;  215,368;  380,241;24,60556
 199,74;  257,288;  190,292;  370,197;37,23961
 200,34;  236,592;  195,061;  379,885;22,47070
 200,94;  290,751;  233,599;  425,936;29,71439
 201,54;  267,380;  216,753;  432,596;23,45553
 202,14;  305,849;  230,061;  474,093;31,05665
 202,74;  278,322;  213,907;  473,146;24,84764
 203,34;  264,861;  180,907;  480,577;28,01536
 203,94;  240,221;  170,753;  486,255;22,01804
 204,54;  317,977;  238,445;  563,211;24,48900
 205,14;  270,772;  203,984;  571,733;18,16122
 205,74;  328,389;  236,907;  659,589;21,64321
 206,34;  292,026;  200,215;  679,015;19,17522
 206,94;  316,601;  210,138;  728,140;20,55259
 207,54;  295,983;  191,907;  773,579;17,89253
 208,14;  313,507;  194,522;  845,836;18,26844
 208,74;  333,344;  198,907;  918,683;18,67768
 209,34;  339,704;  202,215;  992,970;17,38709
 209,94;  361,529;  202,753; 1089,013;17,91531
 210,54;  371,559;  195,292; 1187,450;17,76601
 211,14;  392,673;  194,368; 1267,179;18,48458
 211,73;  409,964;  197,830; 1399,958;17,64658
 212,33;  430,323;  214,830; 1495,442;16,82733
 212,93;  422,950;  201,830; 1569,925;16,16258
 213,53;  388,003;  168,522; 1613,023;15,19424
 214,13;  443,578;  193,369; 1705,053;16,55168
 214,73;  420,003;  179,907; 1721,786;15,57166
 215,33;  395,452;  163,830; 1742,628;14,67080
 215,93;  452,127;  194,523; 1862,662;15,44259
 216,53;  436,929;  157,753; 1944,199;15,62743
 217,13;  502,130;  209,061; 2159,512;15,02569
 217,73;  499,291;  196,599; 2334,342;14,15937
 218,33;  479,938;  149,754; 2512,186;13,97645
 218,93;  555,518;  177,292; 2802,474;14,40760
 219,53;  595,520;  179,830; 3052,680;14,46958
 220,13;  609,943;  166,677; 3342,899;13,95577
 220,73;  679,770;  178,292; 3659,770;14,40418
 221,32;  740,883;  192,215; 4073,836;14,13502
 221,92;  808,032;  184,984; 4477,909;14,51337
 222,52;  838,718;  163,446; 4867,162;14,35614
 223,12;  943,541;  187,984; 5286,413;14,81940
 223,72; 1003,892;  189,369; 5644,061;14,93252
 224,32; 1071,352;  186,830; 5997,482;15,22242
 224,92; 1131,561;  168,830; 6323,312;15,64276
 225,52; 1210,106;  197,753; 6670,557;15,64009
 226,12; 1265,921;  180,753; 6972,357;15,97809
 226,72; 1319,604;  160,753; 7292,274;16,24971
 227,31; 1389,121;  151,984; 7646,565;16,50709
 227,91; 1507,954;  194,138; 8071,656;16,67805
 228,51; 1571,891;  165,984; 8435,636;17,00081
 229,11; 1657,485;  184,907; 8840,069;17,01387
 229,71; 1730,269;  170,830; 9126,800;17,41228
 230,31; 1857,138;  168,369; 9555,531;17,99020
 230,91; 1924,646;  158,599; 9813,841;18,29107
 231,51; 2038,269;  163,753;10061,634;18,93855
 232,10; 2118,421;  164,907;10384,972;19,11449
 232,70; 2216,042;  181,445;10581,029;19,56422
 233,30; 2324,381;  195,753;10813,411;20,04799
 233,90; 2365,205;  167,984;10937,933;20,40140
 234,50; 2437,566;  169,984;11059,818;20,82292
 235,10; 2497,022;  171,292;10974,158;21,52883
 235,70; 2609,900;  182,907;11013,347;22,40900
 236,29; 2611,400;  178,907;10902,340;22,68390
 236,89; 2615,809;  160,907;10792,462;23,09072
 237,49; 2649,449;  183,907;10632,310;23,59731
 238,09; 2650,641;  172,753;10341,707;24,36719
 238,69; 2662,762;  207,676;10098,604;24,82159
 239,29; 2592,347;  164,138; 9734,699;25,37165
 239,89; 2553,138;  172,907; 9401,017;25,79327
 240,48; 2451,158;  167,215; 8971,537;25,94116
 241,08; 2390,887;  164,522; 8611,278;26,35763
 241,68; 2368,816;  188,215; 8278,664;26,95278
 242,28; 2282,799;  156,215; 7940,130;27,32024
 242,88; 2255,545;  197,061; 7665,624;27,56198
 243,48; 2171,944;  202,138; 7348,585;27,56343
 244,07; 2083,317;  196,215; 7158,640;27,10409
 244,67; 2028,133;  189,599; 6950,593;27,19324
 245,27; 1993,810;  189,214; 6813,419;27,24245
 245,87; 1967,019;  193,677; 6751,769;27,04053
 246,47; 1937,294;  180,522; 6743,128;26,76942
 247,06; 1900,182;  173,599; 6743,421;26,28051
 247,66; 1895,178;  171,676; 6819,743;25,92485
 248,26; 1896,424;  200,830; 7000,936;24,93481
 248,86; 1901,227;  197,445; 7154,654;24,48944
 249,46; 1861,610;  145,599; 7378,217;23,72599
 250,05; 1953,609;  199,830; 7771,472;23,16247
 250,65; 1925,208;  152,599; 8058,257;22,42203
 251,25; 2004,580;  170,984; 8552,490;21,87669
 251,85; 2064,952;  170,830; 9127,877;21,14673
 252,44; 2123,784;  137,061; 9680,974;20,81665
 253,04; 2220,155;  188,215;10445,847;19,80906
 253,64; 2244,057;  136,830;11140,049;19,15100
 254,24; 2388,719;  193,061;12050,132;18,51772
 254,84; 2456,841;  169,830;13024,525;17,79125
 255,43; 2562,190;  179,676;13965,778;17,28200
 256,03; 2634,880;  176,907;14933,069;16,65726
 256,63; 2740,787;  184,599;15959,061;16,20460
 257,23; 2831,962;  171,753;16835,711;15,96385
 257,82; 2887,753;  182,599;17818,426;15,33897
 258,42; 2894,352;  143,753;18720,590;14,80661
 259,02; 3026,485;  189,522;19585,306;14,62670
 259,62; 3028,795;  171,445;20283,193;14,20737
 260,21; 3040,795;  174,291;20811,251;13,89014
 260,81; 3018,450;  185,907;21379,753;13,36493
 261,41; 3020,557;  151,137;21814,664;13,24540
 262,01; 3083,349;  198,214;22356,130;13,02079
 262,60; 3017,808;  159,060;22637,173;12,71792
 263,20; 3025,833;  176,445;23055,648;12,45405
 263,80; 3074,756;  194,906;23123,820;12,55991
 264,40; 2987,490;  149,752;23365,215;12,22348
 264,99; 3001,856;  181,983;23636,262;12,02285
 265,59; 3001,509;  166,214;23828,529;11,98233
 266,19; 3001,492;  157,752;24024,776;11,91493
 266,78; 3053,962;  197,445;24085,499;11,95793
 267,38; 3022,220;  186,368;24190,233;11,81415
 267,98; 3031,818;  170,906;24143,256;11,93422
 268,58; 3040,429;  186,137;24183,756;11,89407
 269,17; 3050,111;  173,752;24133,851;12,00479
 269,77; 3058,340;  192,522;23966,940;12,05421
 270,37; 3040,802;  161,368;23855,106;12,15272
 270,96; 3114,127;  214,830;23796,071;12,29493
 271,56; 3077,535;  179,676;23480,276;12,43684
 272,16; 3091,284;  169,060;23368,768;12,59595
 272,75; 3121,536;  169,522;23244,494;12,79314
 273,35; 3163,345;  186,753;23207,061;12,93029
 273,95; 3198,810;  180,291;23273,296;13,07114
 274,54; 3217,093;  158,061;23319,855;13,20723
 275,14; 3357,498;  185,830;23690,387;13,49385
 275,74; 3383,701;  157,830;23677,369;13,71571
 276,33; 3506,231;  197,983;24100,569;13,84054
 276,93; 3635,958;  184,138;24473,251;14,21139
 277,53; 3789,982;  181,984;25015,911;14,52850
 278,12; 3898,916;  152,830;25597,349;14,72257
 278,72; 4073,456;  215,676;26084,768;14,91270
 279,32; 4229,776;  184,830;26655,470;15,28088
 279,91; 4357,219;  151,984;27296,689;15,49192
 280,51; 4550,904;  164,061;27885,853;15,82453
 281,11; 4741,813;  165,368;28515,442;16,14262
 281,70; 4902,793;  153,676;28993,081;16,46746
 282,30; 5149,227;  163,599;29674,353;16,89428
 282,90; 5263,348;  168,753;30003,444;17,07608
 283,49; 5532,466;  190,983;30517,786;17,61307
 284,09; 5757,684;  200,214;30896,231;18,10486
 284,69; 5946,008;  194,907;31311,375;18,48250
 285,28; 6120,563;  181,907;31608,199;18,89710
 285,88; 6399,097;  231,060;31904,705;19,47372
 286,47; 6491,459;  181,137;31901,565;19,89356
 287,07; 6697,348;  202,984;31975,438;20,44024
 287,67; 6911,175;  185,830;32122,739;21,05822
 288,26; 7072,898;  169,599;32037,774;21,66205
 288,86; 7336,870;  168,676;32056,294;22,47955
 289,46; 7600,999;  193,984;32185,292;23,15321
 290,05; 7866,921;  172,368;32376,766;23,89286
 290,65; 8200,515;  173,907;32494,359;24,83446
 291,24; 8490,116;  178,138;32665,551;25,58523
 291,84; 8827,403;  184,830;32740,907;26,54673
 292,44; 9133,195;  179,061;33002,715;27,27952
 293,03; 9470,413;  246,907;32988,735;28,17041
 293,63; 9727,173;  176,599;33084,504;29,02213
 294,22;10063,901;  190,753;33347,104;29,77755
 294,82;10320,258;  182,060;33256,310;30,65284
 295,41;10437,408;  155,291;33060,774;31,24743
 296,01;10657,154;  208,214;33008,575;31,85617
 296,61;10725,677;  182,753;32641,087;32,48141
 297,20;10792,219;  186,522;32323,950;33,00107
 297,80;10916,082;  194,984;32156,885;33,54337
 298,39;10886,952;  164,060;31774,877;33,92159
 298,99;11000,072;  189,214;31656,241;34,35614
 299,58;11094,628;  192,292;31571,638;34,74367
 300,18;11098,711;  209,445;31366,877;34,94918
 300,78;11051,981;  177,599;30948,409;35,33993
 301,37;11174,299;  193,291;30891,191;35,77120
 301,97;11216,900;  188,061;30939,660;35,86428
 302,56;11218,493;  187,137;30906,361;35,91027
 303,16;11315,386;  173,753;30840,917;36,33082
 303,75;11292,132;  174,368;30857,002;36,23471
 304,35;11392,717;  166,830;31103,257;36,28695
 304,94;11468,284;  179,138;31040,448;36,58026
 305,54;11448,113;  201,215;31020,913;36,49257
 306,13;11468,353;  164,984;31012,753;36,64242
 306,73;11440,624;  168,138;30770,960;36,83479
 307,33;11472,989;  192,369;30714,351;36,95900
 307,92;11464,357;  185,061;30785,136;36,86036
 308,52;11640,981;  165,830;31199,806;36,97609
 309,11;11860,925;  172,137;31705,231;37,06832
 309,71;11951,745;  168,599;31935,792;37,09218
 310,30;12019,029;  160,061;32195,179;37,01865
 310,90;12203,490;  198,061;32541,025;37,11914
 311,49;12248,140;  179,214;32617,051;37,20632
 312,09;12301,733;  152,599;32789,355;37,22531
 312,68;12479,772;  218,291;33185,330;37,19315
 313,28;12479,819;  159,907;33317,674;37,15543
 313,87;12464,942;  153,830;33457,421;36,96632
 314,47;12524,537;  169,214;33719,073;36,82675
 315,06;12520,258;  155,291;33846,369;36,70101
 315,66;12588,348;  156,061;33991,278;36,74363
 316,25;12436,044;  145,291;34000,199;36,30420
 316,85;12456,633;  140,215;34012,972;36,36084
 317,44;12470,726;  163,445;34187,697;36,17208
 318,04;12355,447;  154,368;34156,383;35,88340
 318,63;12287,558;  146,292;34237,622;35,61394
 319,22;12342,153;  171,445;34452,357;35,50287
 319,82;12250,806;  162,137;34418,304;35,28903
 320,41;12133,405;  181,214;34371,699;34,95765
 321,01;12119,570;  184,907;34386,656;34,89489
 321,60;12087,267;  176,214;34477,630;34,72467
 322,20;11918,280;  164,599;34382,000;34,35001
 322,79;11953,807;  198,368;34501,800;34,26899
 323,39;11844,543;  170,907;34565,974;33,93986
 323,98;11685,267;  149,522;34508,529;33,57415
 324,58;11644,684;  154,368;34408,391;33,54443
 325,17;11488,439;  176,599;34190,879;33,25615
 325,76;11395,338;  187,830;34036,681;33,11045
 326,36;11147,537;  143,368;33626,517;32,86480
 326,95;11011,134;  193,753;33357,126;32,61846
 327,55;10843,202;  148,676;32972,948;32,58115
 328,14;10676,070;  161,292;32580,644;32,43365
 328,74;10445,295;  189,830;32167,636;32,07057
 329,33;10252,318;  178,907;31731,391;31,92589
 329,92; 9965,924;  156,214;31253,788;31,54494
 330,52; 9727,333;  173,753;30573,956;31,42604
 331,11; 9509,124;  171,445;30177,215;31,11961
 331,71; 9214,911;  165,522;29557,766;30,78836
 332,30; 9043,284;  177,445;29149,371;30,60148
 332,89; 8887,506;  213,984;28628,725;30,52473
 333,49; 8564,145;  187,907;28086,942;30,02340
 334,08; 8378,653;  175,368;27697,286;29,80637
 334,68; 8186,839;  180,907;27293,964;29,52796
 335,27; 8026,671;  186,215;26952,612;29,29216
 335,86; 7921,201;  224,753;26641,446;29,13479
 336,46; 7693,285;  181,061;26461,399;28,58496
 337,05; 7591,410;  171,599;26265,353;28,43520
 337,65; 7470,773;  153,291;26054,626;28,25137
 338,24; 7446,773;  213,907;26069,851;27,97371
 338,83; 7320,300;  192,984;25957,438;27,66337
 339,43; 7199,967;  167,984;25897,909;27,32998
 340,02; 7145,639;  162,291;25866,857;27,16773
 340,61; 7088,093;  170,138;25836,938;26,95293
 341,21; 7069,911;  208,137;25858,636;26,75103
 341,80; 6993,016;  175,368;25826,808;26,57803
 342,40; 6929,398;  170,292;25890,158;26,27971
 342,99; 6875,429;  165,445;25947,187;26,02611
 343,58; 6847,856;  177,368;26189,622;25,64364
 344,18; 6819,152;  195,522;26373,073;25,30271
 344,77; 6815,222;  164,599;26529,948;25,22486
 345,36; 6826,595;  148,676;26879,818;24,98180
 345,96; 6916,647;  201,984;27219,638;24,85287
 346,55; 6846,542;  151,369;27427,300;24,54609
 347,14; 6896,969;  152,907;27772,144;24,41799
 347,74; 6867,407;  143,292;28192,844;23,97227
 348,33; 7000,025;  164,677;28854,944;23,82462
 348,92; 7049,179;  178,061;29402,688;23,51140
 349,52; 7088,646;  140,215;29849,887;23,38777
 350,11; 7147,234;  175,907;30115,958;23,28429
 350,70; 7048,291;  167,061;30103,798;22,98591
 351,29; 6935,710;  160,291;29828,098;22,83761
 351,89; 6897,914;  176,983;29840,031;22,65759
 352,48; 6858,105;  155,215;29908,351;22,52835
 353,07; 6767,043;  174,599;29796,583;22,25524
 353,67; 6689,562;  189,215;29796,109;21,95552
 354,26; 6597,903;  164,676;29465,729;21,95562
 354,85; 6510,820;  173,907;29381,496;21,69612
 355,45; 6413,237;  158,830;29187,341;21,54574
 356,04; 6354,569;  168,753;29179,958;21,32216
 356,63; 6288,133;  200,676;28979,836;21,15231
 357,22; 6192,154;  176,675;28835,197;20,99019
 357,82; 6069,885;  173,829;28527,954;20,79435
 358,41; 6051,866;  190,291;28522,847;20,68848
 359,00; 5952,516;  155,907;28267,802;20,61977
 359,60; 5881,070;  174,676;28241,266;20,33163
 360,19; 5807,139;  174,292;28045,826;20,21004
 360,78; 5737,521;  177,984;27864,379;20,08039
 361,37; 5682,026;  169,061;27730,181;20,00269
 361,97; 5642,351;  169,676;27624,442;19,93343
 362,56; 5527,718;  167,753;27299,264;19,75550
 363,15; 5534,192;  202,830;27001,114;19,89442
 363,74; 5406,976;  174,291;26660,845;19,75601
 364,34; 5281,077;  194,291;26339,415;19,45596
 364,93; 5181,632;  163,291;25935,873;19,47163
 365,52; 5057,508;  141,445;25588,830;19,31854
 366,11; 5010,988;  173,599;25238,079;19,29978
 366,71; 4909,384;  160,907;24896,203;19,19717
 367,30; 4836,497;  173,522;24575,417;19,10907
 367,89; 4802,304;  207,215;24348,725;19,03398
 368,48; 4751,371;  182,291;24090,525;19,11090
 369,07; 4650,753;  178,138;23657,413;19,04920
 369,67; 4584,259;  203,291;23383,363;18,89972
 370,26; 4481,455;  163,445;23103,863;18,82272
 370,85; 4460,651;  177,137;22920,245;18,83434
 371,44; 4417,824;  163,214;22611,778;18,95271
 372,03; 4376,857;  151,907;22418,770;18,97416
 372,63; 4285,880;  141,984;22051,743;18,91347
 373,22; 4286,172;  162,368;21824,363;19,03704
 373,81; 4184,486;  140,907;21614,122;18,83081
 374,40; 4197,235;  153,522;21310,691;19,11273
 374,99; 4144,445;  157,753;21122,573;19,01611
 375,59; 4066,939;  163,061;20765,855;18,94830
 376,18; 4079,005;  191,522;20688,377;18,96624
 376,77; 4094,493;  184,368;20538,952;19,21005
 377,36; 4093,080;  194,599;20427,029;19,26848
 377,95; 4043,548;  181,291;20167,268;19,32483
 378,55; 4010,646;  164,907;19976,041;19,41201
 379,14; 4022,223;  177,522;19901,675;19,49235
 379,73; 4022,250;  165,676;19853,332;19,58879
 380,32; 4057,362;  183,984;19873,181;19,67261
 380,91; 3994,414;  159,676;19667,575;19,65736
 381,50; 4030,300;  181,137;19730,834;19,68912
 382,10; 4046,285;  165,599;19588,104;19,98036
 382,69; 4040,652;  153,061;19536,843;20,05590
 383,28; 4064,650;  185,214;19485,519;20,10038
 383,87; 4032,320;  170,599;19354,118;20,13041
 384,46; 4051,675;  156,599;19303,219;20,34342
 385,05; 4144,828;  194,368;19336,249;20,63778
 385,64; 4137,527;  173,984;19253,926;20,77335
 386,24; 4172,665;  151,214;19260,693;21,04428
 386,83; 4218,766;  185,676;19307,347;21,09173
 387,42; 4258,460;  185,907;19437,221;21,15468
 388,01; 4360,219;  175,906;19692,501;21,43977
 388,60; 4445,113;  180,060;19935,642;21,58910
 389,19; 4530,422;  162,521;20071,470;21,93939
 389,78; 4594,814;  163,137;20300,531;22,00720
 390,37; 4782,442;  226,829;20795,837;22,14794
 390,96; 4806,128;  171,983;20851,213;22,40966
 391,56; 4900,868;  182,136;20980,634;22,68785
 392,15; 5013,503;  156,367;21348,835;22,91916
 392,74; 5078,747;  147,059;21537,383;23,05570
 393,33; 5177,101;  167,290;21800,272;23,15821
 393,92; 5359,242;  173,905;22148,280;23,59720
 394,51; 5412,178;  169,367;22328,946;23,65934
 395,10; 5537,935;  191,212;22592,145;23,86830
 395,69; 5613,281;  172,828;22659,440;24,19419
 396,28; 5651,178;  187,828;22780,161;24,18232
 396,87; 5757,384;  175,366;22794,544;24,67826
 397,46; 5843,899;  191,750;22963,056;24,82136
 398,06; 5956,990;  198,596;23203,119;25,03157
 398,65; 5998,081;  184,672;23227,508;25,22871
 399,24; 6115,389;  204,056;23470,283;25,40735
 399,83; 6151,180;  175,516;23419,733;25,70817
 400,42; 6291,390;  203,053;23563,588;26,06249
 401,01; 6302,876;  185,975;23697,214;26,01692
 401,60; 6373,196;  194,281;23692,232;26,29555
 402,19; 6489,491;  220,049;23599,757;26,81574
 402,78; 6523,257;  222,354;23670,337;26,87183
 403,37; 6536,003;  208,967;23485,360;27,18220
 403,96; 6578,939;  200,734;23392,403;27,50214
 404,55; 6599,894;  220,577;23298,760;27,64220
 405,14; 6578,491;  199,113;23194,704;27,74174
 405,73; 6610,556;  215,417;23072,266;27,97909
 406,32; 6676,580;  222,569;22959,260;28,38588
 406,91; 6689,601;  202,028;22680,458;28,86133
 407,50; 6695,790;  215,873;22530,604;29,03874
 408,09; 6658,131;  186,103;22248,987;29,33446
 408,68; 6692,050;  196,641;22130,582;29,61351
 409,27; 6712,098;  186,488;21935,551;30,00410
 409,86; 6755,803;  200,644;21860,399;30,26423
 410,45; 6839,548;  232,645;21774,441;30,67016
 411,04; 6859,687;  236,801;21640,738;30,94237
 411,63; 6809,640;  213,187;21399,610;31,13528
 412,22; 6791,595;  217,574;21270,990;31,22544
 412,81; 6770,124;  222,959;20933,498;31,61272
 413,40; 6750,267;  249,652;20594,959;31,95142
 413,99; 6725,767;  267,960;20389,882;32,09339
 414,58; 6608,690;  208,498;19983,338;32,36533
 415,17; 6607,091;  208,267;19843,761;32,58805
 415,76; 6576,391;  205,343;19646,204;32,77143
 416,35; 6575,125;  194,882;19356,030;33,29781
 416,94; 6618,106;  229,805;19554,581;33,05757
 417,53; 6724,757;  215,190;19687,836;33,42929
 418,12; 6853,296;  206,036;19787,445;33,94679
 418,71; 7053,496;  232,114;20191,765;34,17586
 419,30; 7099,489;  216,652;20276,876;34,31087
 419,89; 7210,820;  203,267;20467,311;34,58122
 420,48; 7397,012;  235,114;20775,844;34,86681
 421,07; 7469,156;  229,729;20800,062;35,19353
 421,66; 7482,186;  200,037;20766,724;35,40749
 422,25; 7591,138;  203,115;20757,681;35,94346
 422,84; 7605,502;  231,500;20748,871;35,94028
 423,43; 7540,391;  220,500;20404,088;36,26655
 424,02; 7561,689;  234,961;20179,384;36,73572
 424,60; 7431,170;  206,578;19787,501;36,89607
 425,19; 7349,035;  222,654;19548,224;36,87540
 425,78; 7406,724;  240,654;19501,989;37,20443
 426,37; 7392,835;  236,039;19304,849;37,53142
 426,96; 7398,571;  219,193;19247,266;37,73045
 427,55; 7360,439;  211,116;19035,553;37,97895
 428,14; 7360,227;  206,501;18860,636;38,34928
 428,73; 7322,199;  228,501;18686,169;38,43226
 429,32; 7369,212;  231,962;18637,883;38,77692
 429,91; 7428,198;  247,116;18703,205;38,90901
 430,50; 7426,148;  239,732;18496,159;39,36376
 431,08; 7396,076;  252,117;18415,557;39,33153
 431,67; 7381,907;  296,502;18284,691;39,38921
 432,26; 7363,024;  305,502;18077,559;39,71134
 432,85; 7274,106;  340,656;17763,604;39,79493
 433,44; 7188,039;  336,118;17385,023;40,18981
 434,03; 7107,965;  348,349;17082,008;40,39533
 434,62; 6964,741;  307,425;16701,952;40,60694
 435,21; 6915,982;  328,040;16469,644;40,81343
 435,79; 6859,416;  331,041;16336,814;40,78763
 436,38; 6834,958;  313,734;16279,858;40,84413
 436,97; 6850,668;  312,041;16185,273;41,19279
 437,56; 6783,262;  311,273;15964,310;41,34654
 438,15; 6785,845;  279,273;15853,253;41,77848
 438,74; 6840,818;  296,965;15926,346;41,86892
 439,33; 6863,088;  265,965;15886,494;42,23367
 439,91; 6921,167;  228,581;15945,350;42,58246
 440,50; 6961,747;  284,196;16038,265;42,38620
 441,09; 7063,239;  278,197;16137,216;42,78349
 441,68; 7073,444;  268,735;16097,048;42,99074
 442,27; 7100,081;  249,658;16117,378;43,17207
 442,86; 7099,301;  232,505;16092,763;43,29561
 443,44; 7170,675;  240,351;16162,261;43,52696
 444,03; 7307,333;  298,198;16223,997;44,01120
 444,62; 7222,014;  244,351;16069,566;44,09206
 445,21; 7168,746;  251,659;15914,696;44,16185
 445,80; 7178,925;  284,890;15782,390;44,48482
 446,39; 7134,644;  290,429;15504,817;44,98515
 446,97; 6963,434;  245,814;15352,756;44,46711
 447,56; 6942,684;  247,583;15120,833;45,01437
 448,15; 6892,918;  243,660;14991,139;45,08742
 448,74; 6795,465;  266,429;14672,104;45,32266
 449,33; 6762,842;  235,276;14587,031;45,48270
 449,91; 6682,516;  246,815;14400,616;45,46977
 450,50; 6646,236;  242,430;14179,487;45,94805
 451,09; 6588,046;  255,276;14091,361;45,76995
 451,68; 6552,770;  268,969;13991,513;45,79181
 452,26; 6555,965;  267,507;13882,268;46,18853
 452,85; 6533,347;  251,199;13837,578;46,23857
 453,44; 6527,044;  267,277;13788,136;46,29711
 454,03; 6547,638;  239,354;13776,037;46,60140
 454,61; 6544,008;  236,662;13755,146;46,65720
 455,20; 6617,995;  273,816;13940,687;46,42013
 455,79; 6665,381;  268,662;13927,663;46,83153
 456,38; 6775,479;  268,739;14007,442;47,36065
 456,97; 6775,529;  252,124;14070,310;47,20884
 457,55; 6796,479;  250,047;14089,802;47,30165
 458,14; 6807,556;  276,585;14042,968;47,44145
 458,73; 6749,905;  255,355;14008,120;47,22360
 459,31; 6820,409;  288,278;14014,715;47,58795
 459,90; 6886,433;  290,509;14131,760;47,65410
 460,49; 6993,550;  334,432;14244,717;47,87190
 461,08; 7011,726;  264,971;14325,004;47,98534
 461,66; 7025,377;  267,586;14367,019;47,92952
 462,25; 7134,858;  270,971;14422,905;48,50141
 462,84; 7154,690;  297,202;14494,938;48,29988
 463,43; 7075,996;  226,971;14407,032;48,30039
 464,01; 7126,820;  261,125;14470,259;48,31888
 464,60; 7198,181;  299,894;14402,292;48,91571
 465,19; 7099,428;  242,972;14172,423;49,22273
 465,77; 7055,086;  269,972;14117,024;49,00042
 466,36; 7039,392;  281,433;13996,694;49,27328
 466,95; 6896,312;  256,356;13737,152;49,25493
 467,53; 6797,291;  275,203;13416,862;49,62910
 468,12; 6605,880;  284,434;13175,399;49,03781
 468,71; 6550,261;  266,895;12915,296;49,67716
 469,29; 6430,745;  249,511;12695,642;49,66390
 469,88; 6327,636;  266,357;12500,496;49,54397
 470,47; 6398,954;  329,280;12548,915;49,67148
 471,06; 6367,381;  272,819;12534,273;49,70506
 471,64; 6426,443;  281,280;12691,803;49,51574
 472,23; 6402,112;  242,896;12681,781;49,51582
 472,81; 6514,276;  253,050;12749,243;50,10507
 473,40; 6555,584;  261,127;13004,846;49,39262
 473,99; 6789,221;  346,281;13160,323;50,28031
 474,57; 6711,618;  259,742;13250,487;49,66517
 475,16; 6811,964;  274,742;13372,506;49,91098
 475,75; 6902,491;  290,281;13477,287;50,14186
 476,33; 6937,232;  292,666;13553,813;50,10551
 476,92; 6992,129;  300,973;13603,829;50,29864
 477,51; 7032,064;  285,666;13671,153;50,40084
 478,09; 7058,569;  272,974;13702,109;50,52891
 478,68; 7068,870;  289,666;13595,350;50,94968
 479,27; 7062,985;  311,435;13701,522;50,42200
 479,85; 7032,222;  287,281;13703,038;50,27626
 480,44; 7071,148;  276,974;13868,131;49,98967
 481,02; 7709,957;  281,051;15608,402;48,46829
 481,61; 8747,062;  310,897;17388,639;49,39860
 482,20; 9382,396;  305,436;18436,789;50,06223
 482,78; 9839,360;  331,512;19187,657;50,42307
 483,37;10118,789;  327,205;19643,013;50,69208
 483,95;10286,323;  357,975;20013,353;50,51212
 484,54;10346,867;  370,974;20144,321;50,45121
 485,13;10292,699;  337,667;20034,163;50,54215
 485,71;10211,168;  317,975;19790,230;50,80661
 486,30;10076,057;  351,898;19542,570;50,67128
 486,88; 9985,030;  393,436;19107,604;51,25311
 487,47; 9573,541;  376,898;18360,869;51,13800
 488,05; 9132,247;  358,129;17495,548;51,19860
 488,64; 8516,317;  349,283;16059,475;51,98558
 489,23; 7617,945;  355,591;14183,165;52,52082
 489,81; 6527,709;  354,283;12316,831;51,60628
 490,40; 6134,156;  320,822;11823,952;50,53698
 490,98; 6013,148;  299,745;11561,827;50,73132
 491,57; 5980,339;  322,129;11500,035;50,61958
 492,15; 5905,607;  309,822;11427,977;50,33016
 492,74; 5883,718;  312,667;11319,477;50,61458
 493,32; 5831,227;  325,514;11206,867;50,59768
 493,91; 5781,872;  296,591;11161,517;50,48613
 494,50; 5734,522;  317,207;11123,602;50,13064
 495,08; 5695,369;  292,822;11050,719;50,21936
 495,67; 5740,600;  317,283;11013,507;50,70310
 496,25; 5658,604;  255,130;10847,096;51,01484
 496,84; 5626,843;  280,283;10870,055;50,48796
 497,42; 5594,070;  264,899;10808,134;50,54588
 498,01; 5603,015;  278,206;10786,547;50,67221
 498,59; 5558,111;  246,668;10711,606;50,75466
 499,18; 5545,068;  249,899;10642,047;50,95356
 499,76; 5548,889;  282,437;10534,406;51,37015
 500,35; 5395,008;  272,361;10382,539;50,66822
 500,93; 5395,643;  245,361;10380,776;50,81471
 501,52; 5309,519;  261,284;10274,065;50,41791
 502,10; 5319,885;  270,438;10250,171;50,59702
 502,69; 5250,511;  255,900;10120,749;50,63039
 503,27; 5162,180;  234,207; 9897,576;50,99643
 503,86; 5098,044;  250,669; 9860,824;50,44013
 504,44; 5038,626;  227,438; 9778,525;50,37320
 505,03; 4892,253;  219,361; 9540,802;50,13057
 505,61; 4852,884;  238,515; 9417,662;50,27012
 506,19; 4798,462;  256,054; 9241,075;50,55534
 506,78; 4693,329;  230,362; 9085,577;50,39930
 507,36; 4628,540;  229,361; 8926,057;50,58448
 507,95; 4534,505;  234,900; 8738,415;50,56267
 508,53; 4477,033;  237,516; 8704,375;50,07190
 509,12; 4431,992;  247,054; 8504,879;50,67845
 509,70; 4311,382;  262,439; 8391,822;49,80628
 510,29; 4285,667;  257,670; 8187,741;50,79396
 510,87; 4113,011;  233,131; 8085,205;49,41217
 511,46; 4080,193;  226,131; 7883,685;50,33019
 512,04; 4001,708;  242,285; 7748,083;50,08691
 512,62; 3933,775;  245,054; 7648,102;49,82705
 513,21; 3829,172;  224,208; 7429,407;50,03281
 513,79; 3758,707;  227,824; 7325,385;49,74783
 514,38; 3665,950;  210,747; 7153,170;49,76941
 514,96; 3652,579;  253,824; 7072,624;49,84388
 515,54; 3538,966;  221,670; 6956,391;49,25662
 516,13; 3510,986;  246,824; 6858,308;49,37109
 516,71; 3460,993;  240,901; 6759,824;49,39606
 517,30; 3382,122;  215,132; 6655,856;49,17133
 517,88; 3366,794;  245,978; 6549,899;49,50594
 518,46; 3262,139;  216,825; 6445,769;48,88973
 519,05; 3251,930;  222,517; 6391,915;49,10387
 519,63; 3246,474;  237,056; 6323,787;49,44227
 520,22; 3199,034;  249,979; 6288,022;48,84124
 520,80; 3139,472;  242,287; 6198,368;48,64247
 521,38; 3163,511;  262,748; 6200,291;48,85459
 521,97; 3115,110;  221,595; 6142,052;48,87316
 522,55; 3099,385;  241,133; 6160,067;48,28998
 523,13; 3079,728;  231,441; 6158,127;48,05868
 523,72; 3061,271;  233,517; 6114,658;48,08173
 524,30; 3132,367;  254,210; 6244,255;48,04900
 524,89; 3108,778;  228,672; 6275,014;47,63386
 525,47; 3179,582;  241,826; 6379,471;47,86455
 526,05; 3143,766;  217,210; 6445,512;46,98802
 526,64; 3250,551;  246,672; 6579,212;47,43561
 527,22; 3309,297;  241,133; 6699,623;47,50589
 527,80; 3358,497;  272,749; 6847,730;46,93166
 528,39; 3379,862;  234,364; 6929,961;46,97860
 528,97; 3495,801;  245,057; 7088,668;47,50042
 529,55; 3552,365;  251,749; 7287,682;46,91086
 530,14; 3628,900;  262,288; 7408,121;47,11295
 530,72; 3647,383;  245,518; 7543,700;46,61250
 531,30; 3666,107;  228,134; 7703,083;45,99327
 531,89; 3727,162;  237,903; 7794,836;46,17296
 532,47; 3775,398;  267,442; 7893,471;45,99978
 533,05; 3786,146;  268,595; 7934,621;45,88493
 533,63; 3823,769;  278,595; 7979,036;46,03858
 534,22; 3771,955;  250,365; 7972,022;45,60667
 534,80; 3837,863;  262,442; 8099,771;45,62040
 535,38; 3930,423;  341,672; 8203,953;45,64516
 535,97; 3806,310;  266,903; 8173,981;44,76251
 536,55; 3831,850;  305,211; 8254,394;44,36479
 537,13; 3792,823;  323,441; 8215,447;43,96070
 537,71; 3856,231;  373,903; 8254,101;44,19088
 538,30; 3834,202;  386,826; 8350,242;43,29017
 538,88; 3886,157;  432,134; 8478,329;42,92740
 539,46; 4012,369;  498,826; 8667,939;43,01009
 540,05; 4017,327;  527,519; 8820,864;42,07962
 540,63; 4066,941;  572,519; 8990,574;41,51104
 541,21; 4131,646;  614,673; 9193,347;40,99670
 541,79; 4215,855;  671,058; 9311,562;41,02535
 542,38; 4268,274;  689,519; 9445,133;40,87383
 542,96; 4332,106;  693,058; 9619,609;40,76657
 543,54; 4390,373;  719,596; 9836,509;40,26338
 544,12; 4444,522;  681,058; 9928,388;40,69785
 544,70; 4459,390;  661,365;10039,321;40,49950
 545,29; 4516,944;  673,673;10246,750;40,14666
 545,87; 4517,624;  633,596;10184,716;40,66568
 546,45; 4497,022;  591,365;10217,022;40,57549
 547,03; 4473,201;  572,981;10300,497;40,09472
 547,62; 4514,721;  518,211;10439,230;40,28326
 548,20; 4532,218;  521,442;10550,924;39,98986
 548,78; 4585,933;  485,058;10661,424;40,29803
 549,36; 4586,475;  440,827;10878,890;39,71664
 549,94; 4633,289;  396,904;10967,230;40,07809
 550,53; 4696,579;  394,597;11243,548;39,65344
 551,11; 4737,301;  366,597;11426,754;39,51756
 551,69; 4856,849;  372,443;11750,056;39,41430
 552,27; 4921,278;  335,750;11965,538;39,42917
 552,85; 5080,719;  339,828;12399,722;39,31122
 553,44; 5151,180;  327,827;12632,746;39,19857
 554,02; 5281,691;  348,520;12991,011;39,02056
 554,60; 5364,881;  283,751;13303,900;39,02513
 555,18; 5500,761;  337,674;13660,566;38,75350
 555,76; 5595,240;  296,751;14025,058;38,59536
 556,34; 5740,891;  319,982;14440,574;38,39010
 556,93; 5849,100;  292,827;14817,570;38,25385
 557,51; 5932,033;  272,828;15124,930;38,10373
 558,09; 6068,452;  311,674;15550,738;37,77646
 558,67; 6174,144;  301,982;15980,181;37,45432
 559,25; 6271,271;  313,905;16151,376;37,61564
 559,83; 6347,609;  293,366;16481,564;37,39912
 560,41; 6472,577;  286,058;16862,821;37,32042
 561,00; 6541,320;  297,982;17133,505;37,08431
 561,58; 6608,237;  280,597;17395,894;36,97067
 562,16; 6689,718;  271,904;17779,125;36,65810
 562,74; 6768,493;  263,827;18061,689;36,54745
 563,32; 6911,719;  258,366;18555,839;36,36214
 563,90; 7004,540;  285,982;18895,612;36,10259
 564,48; 7119,339;  285,751;19333,837;35,87546
 565,06; 7295,652;  280,289;19947,851;35,66971
 565,65; 7466,308;  292,059;20622,618;35,28801
 566,23; 7743,814;  322,520;21339,029;35,31174
 566,81; 7913,920;  278,059;22097,728;34,99531
 567,39; 8179,045;  294,136;22907,408;34,86850
 567,97; 8390,653;  308,982;23588,507;34,71579
 568,55; 8621,863;  321,982;24428,159;34,43052
 569,13; 8797,726;  289,366;25136,232;34,24319
 569,71; 9077,059;  276,135;26086,631;34,09824
 570,29; 9426,200;  326,443;27122,260;33,95962
 570,87; 9638,612;  312,058;27695,989;34,05849
 571,45; 9801,750;  314,443;28347,347;33,84347
 572,03; 9847,525;  282,828;28732,112;33,62017
 572,61;10011,116;  274,520;29528,849;33,28258
 573,20;10236,043;  299,828;30153,456;33,28311
 573,78;10335,884;  293,828;30820,809;32,89567
 574,36;10426,943;  312,213;31253,624;32,68995
 574,94;10552,159;  364,213;31533,971;32,68536
 575,52;10475,974;  308,213;31827,474;32,25888
 576,10;10643,114;  363,367;32450,122;32,03735
 576,68;10726,031;  358,290;33028,049;31,73498
 577,26;10894,032;  367,521;33736,551;31,54575
 577,84;11037,469;  385,059;34142,922;31,55535
 578,42;11122,923;  422,905;34469,867;31,42723
 579,00;11056,741;  361,905;34548,932;31,28332
 579,58;11049,752;  415,982;34727,896;30,99148
 580,16;10983,217;  384,905;34758,278;30,83291
 580,74;10985,830;  384,213;34964,545;30,65794
 581,32;10895,222;  389,059;35108,920;30,25981
 581,90;10883,624;  427,444;35079,815;30,17450
 582,48;10877,381;  405,982;35241,094;30,05990
 583,06;10838,597;  412,982;35258,837;29,91924
 583,64;10859,907;  409,520;35402,877;29,86391
 584,22;10762,201;  424,675;35244,258;29,68883
 584,80;10606,834;  423,982;34992,377;29,45712
 585,38;10427,793;  435,443;34555,309;29,28602
 585,96;10339,650;  392,059;34740,574;28,96076
 586,54;10376,853;  421,829;34710,153;29,03328
 587,12;10324,223;  387,290;34850,896;28,83312
 587,70;10319,264;  416,751;35114,610;28,53926
 588,28;10261,948;  390,290;35095,402;28,44439
 588,86;10297,428;  391,059;35225,047;28,43880
 589,44;10180,945;  386,290;35307,462;28,04790
 590,02;10166,335;  375,059;35498,642;27,87664
 590,59;10200,106;  368,367;35700,997;27,82623
 591,17;10198,309;  359,291;35892,185;27,68989
 591,75;10125,432;  353,983;35999,092;27,41315
 592,33;10150,470;  364,675;36339,778;27,20158
 592,91;10113,798;  315,906;36533,304;27,05300
 593,49;10162,469;  327,598;36828,725;26,94402
 594,07;10197,953;  342,521;37042,569;26,85400
 594,65;10151,192;  354,598;37044,483;26,70108
 595,23;10228,567;  339,367;37404,855;26,68034
 595,81;10206,913;  345,060;37547,997;26,50827
 596,39;10120,582;  324,598;37683,478;26,22130
 596,97;10150,160;  328,598;37855,211;26,17226
 597,55;10044,538;  325,213;37711,778;25,99684
 598,12;10006,354;  314,291;37800,790;25,85481
 598,70; 9905,464;  310,214;38006,764;25,45392
 599,28; 9925,420;  331,137;38069,134;25,42340
 599,86; 9894,740;  315,598;38174,991;25,30189
 600,44; 9810,361;  282,906;38262,318;25,08584
 601,02; 9755,457;  340,368;38274,454;24,81960
 601,60; 9704,409;  310,598;38211,478;24,78521
 602,18; 9650,377;  296,983;38197,924;24,67853
 602,75; 9542,453;  294,983;38376,806;24,28316
 603,33; 9479,365;  306,598;38291,535;24,14843
 603,91; 9418,334;  300,445;38330,559;23,97545
 604,49; 9435,616;  326,521;38431,723;23,90512
 605,07; 9384,157;  334,060;38389,059;23,78163
 605,65; 9338,051;  364,983;38516,296;23,51968
 606,23; 9331,251;  413,675;38688,742;23,29866
 606,80; 9315,355;  480,983;38775,483;23,06956
 607,38; 9244,096;  527,522;38761,132;22,79820
 607,96; 9227,608;  578,444;38960,250;22,53454
 608,54; 9218,183;  643,829;38955,049;22,38079
 609,12; 9172,003;  664,521;39056,084;22,15977
 609,70; 9104,653;  711,598;39105,464;21,86041
 610,27; 9047,951;  707,752;39194,796;21,67015
 610,85; 8995,544;  728,060;39233,460;21,47097
 611,43; 8975,838;  725,060;39176,948;21,45741
 612,01; 8885,786;  691,367;38928,974;21,43026
 612,59; 8786,181;  683,675;38959,187;21,16890
 613,16; 8682,915;  643,213;38847,966;21,04372
 613,74; 8628,244;  613,137;38764,905;21,00848
 614,32; 8540,578;  549,214;38724,268;20,93347
 614,90; 8461,747;  499,829;38549,519;20,92505
 615,48; 8368,011;  453,290;38134,209;21,00458
 616,05; 8267,753;  407,290;38243,788;20,77482
 616,63; 8203,572;  421,982;37956,906;20,73160
 617,21; 8111,786;  411,290;37898,211;20,54182
 617,79; 8044,472;  385,213;37770,203;20,48752
 618,36; 7970,136;  404,137;37711,889;20,27996
 618,94; 7835,580;  337,213;37384,847;20,23980
 619,52; 7695,492;  370,367;37017,883;19,98805
 620,10; 7654,519;  356,290;37089,547;19,86818
 620,67; 7617,450;  358,982;36973,199;19,82418
 621,25; 7605,706;  374,137;36797,816;19,85403
 621,83; 7453,899;  358,444;36743,509;19,50101
 622,41; 7481,251;  398,136;36802,043;19,45702
 622,98; 7324,133;  365,675;36487,673;19,26377
 623,56; 7307,036;  363,444;36488,987;19,22073
 624,14; 7223,876;  337,675;36356,652;19,11826
 624,72; 7133,240;  335,675;36237,323;18,93385
 625,29; 7092,223;  327,521;36403,126;18,75146
 625,87; 7069,725;  367,752;36321,989;18,64029
 626,45; 6987,710;  319,674;36112,744;18,62940
 627,02; 6892,558;  316,983;36082,363;18,38531
 627,60; 6873,537;  314,829;36020,701;18,36871
 628,18; 6808,618;  303,752;36171,391;18,13575
 628,76; 6769,746;  305,675;36192,786;18,01224
 629,33; 6732,332;  340,059;36113,721;17,86866
 629,91; 6688,288;  325,598;36022,547;17,82418
 630,49; 6730,006;  328,444;36232,402;17,82968
 631,06; 6704,833;  326,675;36390,638;17,68568
 631,64; 6623,247;  319,059;36324,626;17,50892
 632,22; 6581,387;  274,597;36382,197;17,46665
 632,79; 6573,419;  322,059;36485,337;17,28649
 633,37; 6560,928;  297,675;36621,177;17,24298
 633,95; 6540,403;  288,136;36675,495;17,18253
 634,52; 6478,724;  276,675;36730,705;17,01334
 635,10; 6470,938;  289,367;36741,786;16,95792
 635,68; 6535,551;  286,828;36947,244;17,04488
 636,25; 6438,157;  276,905;36915,262;16,81640
 636,83; 6401,131;  262,213;37121,017;16,65523
 637,41; 6426,456;  274,674;37206,001;16,65735
 637,98; 6411,710;  306,444;37369,365;16,47271
 638,56; 6371,842;  293,213;37423,894;16,37091
 639,13; 6336,035;  268,982;37536,408;16,27977
 639,71; 6367,964;  313,367;37616,102;16,23097
 640,29; 6234,818;  249,290;37483,827;16,07520
 640,86; 6233,035;  263,829;37608,175;15,98423
 641,44; 6190,944;  257,059;37643,369;15,87181
 642,02; 6173,469;  290,675;37552,947;15,78754
 642,59; 6194,148;  267,752;37784,833;15,79653
 643,17; 6110,134;  268,213;37738,797;15,59069
 643,74; 6087,582;  268,521;37719,375;15,53786
 644,32; 6046,261;  289,675;37727,185;15,37652
 644,89; 6042,709;  287,444;37749,917;15,36275
 645,47; 5999,849;  293,136;37742,649;15,23842
 646,05; 6015,374;  283,444;37635,997;15,34548
 646,62; 5860,668;  279,444;37705,499;14,91267
 647,20; 5852,808;  280,829;37790,001;14,85498
 647,77; 5781,025;  255,598;37644,271;14,77835
 648,35; 5764,396;  250,906;37527,465;14,79077
 648,92; 5713,229;  279,367;37684,429;14,52708
 649,50; 5668,677;  250,906;37519,623;14,53705
 650,08; 5643,817;  245,444;37436,201;14,51536
 650,65; 5626,572;  250,059;37720,164;14,34881
 651,23; 5636,174;  235,367;38578,204;14,08557
 651,80; 5771,084;  252,213;39453,014;14,07846
 652,38; 5783,685;  268,521;39722,439;13,97875
 652,95; 5811,518;  226,752;40098,709;14,00675
 653,53; 5859,581;  258,290;40364,211;13,96624
 654,10; 5895,875;  281,444;40538,482;13,94646
 654,68; 5809,554;  244,675;40444,676;13,84298
 655,25; 5776,079;  239,213;40461,716;13,76559
 655,83; 5780,527;  228,136;40508,141;13,78448
 656,40; 5764,282;  271,598;40445,104;13,67240
 656,98; 5710,653;  254,136;40318,683;13,61931
 657,55; 5682,409;  246,829;40238,184;13,59189
 658,13; 5593,857;  248,060;39854,147;13,49741
 658,70; 5581,228;  253,521;39571,803;13,55020
 659,28; 5409,675;  246,060;38705,305;13,42620
 659,85; 5295,816;  262,675;37995,652;13,33884
 660,43; 5304,571;  272,213;38124,539;13,29471
 661,00; 5255,481;  257,675;38183,887;13,17771
 661,58; 5275,775;  241,060;38596,927;13,12632
 662,15; 5246,915;  242,598;38731,659;13,00192
 662,73; 5312,440;  301,983;39005,930;12,94560
 663,30; 5331,965;  253,367;39203,816;13,03861
 663,88; 5305,105;  256,060;39421,702;12,89152
 664,45; 5313,707;  244,367;39620,666;12,87409
 665,03; 5293,462;  254,521;39985,937;12,68251
 665,60; 5443,449;  316,214;40520,746;12,75288
 666,17; 5320,204;  254,598;40428,017;12,60935
 666,75; 5356,421;  242,214;40843,288;12,59624
 667,32; 5390,485;  267,829;41217,482;12,50964
 667,90; 5402,702;  245,598;41383,445;12,53615
 668,47; 5410,765;  271,367;41710,177;12,40238
 669,05; 5414,751;  246,675;41959,987;12,38951
 669,62; 5383,430;  232,675;42068,334;12,31188
 670,19; 5397,263;  233,983;42169,990;12,31228
 670,77; 5401,634;  254,214;42304,492;12,24111
 671,34; 5344,235;  242,829;42208,070;12,15627
 671,92; 5392,222;  232,214;42635,572;12,16887
 672,49; 5387,131;  258,368;42667,920;12,09342
 673,06; 5339,502;  202,444;42635,114;12,10637
 673,64; 5349,104;  231,368;42700,461;12,05050
 674,21; 5304,706;  228,137;42609,886;11,97820
 674,79; 5359,769;  249,060;42890,311;11,98536
 675,36; 5340,601;  255,906;42975,966;11,90236
 675,93; 5289,742;  214,368;42917,237;11,88532
 676,51; 5278,728;  257,060;43025,124;11,74163
 677,08; 5292,330;  251,983;43040,702;11,77962
 677,65; 5264,316;  256,752;43272,204;11,64131
 678,23; 5300,302;  252,675;43462,936;11,68155
 678,80; 5286,520;  246,137;43560,438;11,63676
 679,38; 5257,198;  238,214;43675,940;11,55444
 679,95; 5347,185;  255,983;43972,518;11,64594
 680,52; 5351,017;  243,522;44151,789;11,63220
 681,10; 5393,080;  266,445;44679,675;11,54304
 681,67; 5413,528;  258,752;44925,254;11,54059
 682,24; 5359,745;  222,214;44956,371;11,48458
 682,82; 5411,732;  236,829;45528,796;11,42565
 683,39; 5502,334;  280,214;45801,605;11,47179
 683,96; 5477,243;  252,060;46075,414;11,40288
 684,54; 5491,922;  225,060;46441,070;11,39618
 685,11; 5556,831;  270,675;46745,956;11,37412
 685,68; 5545,894;  238,906;47180,458;11,30552
 686,25; 5524,188;  222,445;47207,498;11,28389
 686,83; 5544,636;  225,829;47329,000;11,29182
 687,40; 5582,930;  224,522;47665,886;11,29480
 687,97; 5641,609;  266,599;48162,003;11,22239
 688,55; 5585,365;  221,214;48141,505;11,19390
 689,12; 5595,351;  205,291;48464,929;11,16888
 689,69; 5619,107;  221,676;48479,431;11,18459
 690,26; 5623,555;  241,676;48570,240;11,13602
 690,84; 5630,618;  231,368;48818,896;11,11242
 691,41; 5677,912;  239,599;48830,320;11,19208
 691,98; 5687,898;  240,752;49118,591;11,14441
 692,56; 5672,269;  229,214;49195,785;11,11586
 693,13; 5725,486;  281,137;49234,749;11,12145
 693,70; 5673,704;  247,522;49411,558;11,03689
 694,27; 5658,382;  224,676;49584,367;11,00839
 694,84; 5725,138;  226,599;49660,792;11,12295
 695,42; 5726,816;  276,291;49738,524;11,01957
 695,99; 5705,341;  240,599;50041,565;10,97317
 696,56; 5707,789;  230,983;49822,989;11,04373
 697,13; 5741,314;  251,522;50241,106;10,98187
 697,71; 5718,300;  224,214;50276,993;10,97659
 698,28; 5724,825;  233,368;50717,956;10,87749
 698,85; 5712,812;  210,676;50624,227;10,91400
 699,42; 5716,875;  210,137;50795,728;10,88598
 699,99; 5762,323;  266,753;50976,999;10,83720
 700,57; 5773,694;  247,906;50926,347;10,90363
 701,14; 5778,603;  226,060;51028,464;10,92969
 701,71; 5791,128;  245,445;51214,043;10,88059
 702,28; 5799,653;  243,445;51274,390;10,88792
 702,85; 5800,562;  254,676;51489,815;10,82438
 703,43; 5842,472;  256,291;51675,163;10,86407
 704,00; 5883,304;  276,907;51821,280;10,87684
 704,57; 5842,291;  255,599;51809,012;10,83671
 705,14; 5841,662;  290,830;52136,437;10,70647
 705,71; 5857,648;  281,599;52095,785;10,76163
 706,28; 5858,404;  260,676;52033,056;10,81219
 706,86; 5897,082;  285,368;52219,096;10,80553
 707,43; 5923,607;  317,060;52161,136;10,81425
 708,00; 5912,670;  284,368;52207,869;10,83960
 708,57; 5893,657;  261,984;52063,293;10,87168
 709,14; 5900,028;  291,830;52260,256;10,79155
 709,71; 5937,322;  259,137;52303,527;10,91027
 710,28; 5966,308;  265,676;52506,952;10,91212
 710,86; 5971,987;  276,137;52649,685;10,87543
 711,43; 6001,742;  282,445;52711,955;10,90855
 712,00; 6006,575;  261,984;52665,534;10,96222
 712,57; 6077,100;  282,214;52900,113;11,01314
 713,14; 6058,086;  260,061;52861,153;11,02263
 713,71; 6074,534;  263,522;52892,808;11,04140
 714,28; 6058,597;  250,599;52935,079;11,02412
 714,85; 6038,891;  243,907;52642,965;11,05933
 715,42; 6079,724;  241,753;52961,775;11,07354
 716,00; 6185,787;  301,061;53003,353;11,16598
 716,57; 6130,312;  241,061;53124,316;11,13633
 717,14; 6100,144;  236,368;53061,972;11,10025
 717,71; 6139,515;  220,138;53154,935;11,18239
 718,28; 6216,733;  271,522;53179,821;11,23682
 718,85; 6133,950;  234,830;53209,631;11,13571
 719,42; 6230,244;  237,522;53375,440;11,27767
 719,99; 6195,461;  220,907;53217,326;11,27351
 720,56; 6262,909;  245,753;53485,367;11,30203
 721,13; 6236,203;  226,830;53548,253;11,27009
 721,70; 6258,112;  214,522;53383,601;11,36674
 722,27; 6304,560;  254,984;53449,179;11,37263
 722,84; 6370,777;  290,368;53625,296;11,40043
 723,41; 6297,841;  219,292;53601,952;11,38675
 723,98; 6364,212;  237,984;53809,223;11,43567
 724,55; 6418,890;  271,753;53838,109;11,47574
 725,12; 6335,954;  194,138;53899,611;11,43611
 725,69; 6427,863;  222,599;53996,343;11,53958
 726,27; 6464,311;  238,676;54020,691;11,57568
 726,84; 6475,759;  237,215;54352,962;11,52815
 727,41; 6505,130;  247,599;54325,310;11,57137
 727,98; 6585,424;  253,522;54627,042;11,64519
 728,55; 6625,179;  270,369;54566,774;11,70393
 729,12; 6600,089;  219,830;54591,199;11,73459
 729,69; 6686,075;  273,292;54819,855;11,75653
 730,26; 6715,908;  249,599;54991,972;11,81225
 730,82; 6658,202;  246,676;54801,858;11,75237
 731,39; 6701,496;  243,445;54894,283;11,81693
 731,96; 6807,405;  232,984;55116,169;11,97894
 732,53; 6824,084;  244,215;55468,824;11,91474
 733,10; 6853,609;  258,984;55492,711;11,93949
 733,67; 6914,672;  244,599;55699,751;12,02787
 734,24; 6865,582;  243,676;55432,099;11,99872
 734,81; 6924,645;  270,369;55555,754;12,03623
 735,38; 6902,862;  249,599;55315,256;12,08242
 735,95; 6899,925;  240,676;55056,219;12,14847
 736,52; 6969,142;  263,676;55354,336;12,17169
 737,09; 6933,513;  261,599;54997,838;12,18921
 737,66; 7010,038;  299,369;55233,109;12,21593
 738,23; 7032,563;  250,215;55200,072;12,34279
 738,80; 7159,472;  305,599;55528,573;12,41127
 739,37; 7113,767;  286,523;55690,383;12,32269
 739,94; 7115,138;  251,830;55706,423;12,37645
 740,51; 7260,585;  352,753;55704,078;12,47998
 741,07; 7188,341;  256,292;55709,349;12,50075
 741,64; 7252,250;  285,215;55927,697;12,52107
 742,21; 7277,237;  260,753;55903,353;12,60991
 742,78; 7237,685;  224,523;55704,931;12,64079
 743,35; 7313,594;  256,446;56020,510;12,65537
 743,92; 7396,196;  292,984;56187,781;12,70818
 744,49; 7435,105;  282,984;56069,821;12,82045
 745,06; 7356,938;  246,984;56056,707;12,73963
 745,63; 7397,847;  240,984;56037,055;12,82682
 746,19; 7439,988;  236,753;56016,326;12,91375
 746,76; 7457,205;  263,677;56017,520;12,90230
 747,33; 7474,345;  245,907;56044,021;12,95463
 747,90; 7551,254;  276,446;56258,908;12,99480
 748,47; 7565,933;  260,292;56098,563;13,08357
 749,04; 7578,765;  267,369;56140,065;13,08581
 749,61; 7645,906;  277,446;56087,874;13,20266
 750,17; 7683,431;  273,677;56126,453;13,26658
 750,74; 7736,186;  266,754;56050,339;13,39002
 751,31; 7662,634;  242,677;56038,379;13,29844
 751,88; 7690,159;  237,215;55875,804;13,39528
 752,45; 7744,761;  254,292;55955,306;13,44763
 753,02; 7781,516;  267,523;55796,423;13,53168
 753,58; 7775,195;  245,523;55712,924;13,57495
 754,15; 7799,335;  249,600;55850,580;13,57842
 754,72; 7801,860;  253,907;55587,620;13,64078
 755,29; 7796,000;  225,215;55477,429;13,70223
 755,86; 7829,602;  243,600;55599,392;13,70408
 756,42; 7943,896;  254,446;55484,202;13,92266
 756,99; 7855,190;  215,600;55437,396;13,83437
 757,56; 7910,561;  226,908;55457,897;13,91185
 758,13; 7924,470;  191,446;55448,784;13,99457
 758,70; 8047,611;  208,754;55384,285;14,20713
 759,26; 8065,520;  206,600;55497,633;14,21373
 759,83; 8098,891;  215,138;55651,904;14,22116
 760,40; 8115,262;  207,292;55360,559;14,33817
 760,97; 8140,018;  192,677;55437,446;14,38569
 761,53; 8076,081;  189,677;54953,794;14,40068
 762,10; 8118,837;  179,523;55044,218;14,47071
 762,67; 8183,592;  222,215;55154,181;14,49316
 763,24; 8130,348;  166,523;54675,760;14,61005
 763,80; 8221,411;  201,754;54842,877;14,67696
 764,37; 8171,782;  204,061;54755,379;14,60592
 764,94; 8140,307;  199,600;54295,573;14,67892
 765,50; 8182,985;  197,369;54383,382;14,73741
 766,07; 8269,203;  246,215;54367,653;14,82405
 766,64; 8201,420;  210,138;54001,770;14,85599
 767,21; 8223,252;  223,831;53891,656;14,90543
 767,77; 8273,469;  239,754;53840,927;14,98795
 768,34; 8276,840;  242,215;53776,737;15,00831
 768,91; 8296,057;  242,292;53575,084;15,10096
 769,47; 8368,813;  247,215;53579,817;15,22820
 770,04; 8337,876;  232,600;53440,011;15,23336
 770,61; 8304,170;  225,215;53255,435;15,23462
 771,18; 8321,772;  208,446;53085,091;15,34387
 771,74; 8408,066;  235,292;53323,285;15,39477
 772,31; 8413,899;  230,215;53058,940;15,49097
 772,88; 8391,808;  214,446;52707,750;15,57791
 773,44; 8404,102;  218,446;52618,482;15,62147
 774,01; 8473,781;  234,446;52727,599;15,69602
 774,58; 8462,690;  223,216;52399,947;15,79147
 775,14; 8527,061;  211,600;52576,064;15,87997
 775,71; 8521,355;  215,985;52494,797;15,88669
 776,27; 8590,342;  268,600;52398,067;15,96360
 776,84; 8733,251;  295,139;52499,492;16,16362
 777,41; 8590,315;  235,139;52180,071;16,08468
 777,97; 8607,685;  231,985;51969,342;16,18888
 778,54; 8654,672;  238,369;51924,766;16,28340
 779,11; 8725,351;  260,293;51930,191;16,38296
 779,67; 8734,106;  214,677;51953,308;16,46628
 780,24; 8704,939;  238,523;51668,887;16,46190
 780,80; 8769,387;  249,523;51699,773;16,55942
 781,37; 8760,373;  243,293;51610,659;16,58072
 781,94; 8768,359;  234,908;51420,238;16,67167
 782,50; 8811,961;  240,293;51404,739;16,75317
 783,07; 8844,794;  254,677;51467,472;16,77338
 783,63; 8845,703;  221,908;51216,358;16,91124
 784,20; 8894,997;  253,523;51172,475;16,97104
 784,77; 8895,214;  231,062;50910,054;17,09614
 785,33; 8866,662;  212,985;50735,940;17,12821
 785,90; 8944,879;  234,600;50656,749;17,27471
 786,46; 8955,712;  250,446;50620,020;17,28279
 787,03; 8923,390;  221,446;50350,599;17,35905
 787,59; 8957,223;  236,600;50371,947;17,39416
 788,16; 9004,055;  240,985;50292,141;17,50823
 788,73; 8989,119;  244,062;50144,565;17,52499
 789,29; 8957,567;  228,677;49801,529;17,60821
 789,86; 9059,476;  253,677;49716,876;17,80273
 790,42; 9032,078;  235,908;49448,378;17,87386
 790,99; 9026,987;  250,831;49178,649;17,93695
 791,55; 9034,974;  224,447;49200,535;17,98945
 792,12; 9105,037;  259,216;49231,883;18,06277
 792,68; 9114,331;  242,216;48849,846;18,25252
 793,25; 9025,548;  241,293;48615,886;18,15882
 793,81; 9123,227;  295,600;48344,542;18,37216
 794,38; 8998,905;  207,370;48147,736;18,33848
 794,94; 9021,200;  218,985;47935,007;18,44708
 795,51; 9050,494;  247,447;47653,431;18,56948
 796,07; 9008,403;  240,139;47466,087;18,56662
 796,64; 9057,082;  244,216;47469,204;18,66145
 797,20; 9049,299;  241,677;47105,552;18,79405
 797,77; 8958,208;  215,908;46680,823;18,81484
 798,33; 8993,195;  226,370;46547,632;18,92614
 798,90; 9044,335;  256,524;46521,903;18,99436
 799,46; 9003,860;  225,601;45897,789;19,22014
 800,03; 9012,000;  238,831;45879,368;19,22232
 800,59; 9008,525;  250,601;45703,177;19,26827
 801,15; 9033,973;  252,985;45521,910;19,39738
 801,72; 8936,959;  240,293;45155,334;19,36248
 802,28; 8921,791;  265,370;44877,221;19,40386
 802,85; 8846,316;  236,524;44621,338;19,39806
 803,41; 8917,149;  237,447;44556,762;19,58447
 803,98; 8890,981;  235,293;44047,418;19,75638
 804,54; 8861,737;  233,524;43920,766;19,74996
 805,11; 8880,954;  241,139;43638,113;19,90880
 805,67; 8889,940;  261,216;43593,461;19,91294
 806,23; 8849,158;  241,216;43168,732;20,05227
 806,80; 8845,913;  247,985;43040,695;20,09204
 807,36; 8902,592;  257,447;43046,812;20,20396
 807,93; 8893,347;  278,985;42722,237;20,29619
 808,49; 8830,103;  222,216;42402,585;20,40733
 809,05; 8758,551;  207,601;42154,087;20,38538
 809,62; 8841,383;  251,524;42141,511;20,50576
 810,18; 8846,293;  246,755;42042,551;20,57513
 810,74; 8789,587;  216,985;41760,822;20,63507
 811,31; 8808,419;  210,601;41524,709;20,81085
 811,87; 8860,944;  234,524;41277,903;21,01781
 812,44; 8878,777;  254,524;41479,250;20,92010
 813,00; 8775,302;  192,293;41034,598;21,01500
 813,56; 8886,211;  243,139;41162,484;21,12221
 814,13; 8888,197;  233,985;41008,448;21,22459
 814,69; 8826,415;  236,062;40900,949;21,12474
 815,25; 8784,632;  207,139;40381,066;21,35089
 815,82; 8757,772;  240,755;40351,491;21,23376
 816,38; 8851,604;  268,601;40127,762;21,53333
 816,94; 8742,206;  215,062;39958,802;21,45531
 817,51; 8729,423;  212,524;39646,535;21,59785
 818,07; 8661,871;  218,909;39392,882;21,55248
 818,63; 8723,011;  231,755;39210,307;21,78443
 819,20; 8735,690;  227,524;39112,270;21,88047
 819,76; 8651,600;  214,909;38788,849;21,87148
 820,32; 8698,432;  256,139;38646,966;21,99039
 820,89; 8646,495;  247,370;38460,391;21,97975
 821,45; 8634,020;  214,986;38189,431;22,17026
 822,01; 8645,083;  233,216;37871,086;22,34948
 822,57; 8640,224;  241,063;37855,280;22,32975
 823,14; 8576,825;  211,293;37486,167;22,44282
 823,70; 8580,581;  219,293;37306,745;22,54479
 824,26; 8534,721;  214,139;37121,939;22,54424
 824,82; 8587,323;  236,524;37027,441;22,69799
 825,39; 8546,156;  214,370;36749,481;22,80487
 825,95; 8580,142;  244,063;36730,752;22,84691
 826,51; 8554,051;  232,755;36361,330;23,03245
 827,08; 8598,422;  261,986;36483,217;23,01533
 827,64; 8548,716;  243,140;36268,334;23,05491
 828,20; 8525,318;  212,370;35898,143;23,29485
 828,76; 8590,381;  253,986;35886,029;23,39578
 829,32; 8593,752;  257,370;35756,454;23,48337
 829,89; 8532,816;  214,293;35706,186;23,43781
 830,45; 8607,802;  239,140;35627,303;23,64820
 831,01; 8601,019;  225,370;35479,190;23,75813
 831,57; 8541,467;  229,986;35345,230;23,66915
 832,14; 8637,146;  211,140;35348,655;23,98009
 832,70; 8595,824;  210,447;35060,695;24,06117
 833,26; 8574,195;  206,678;34902,889;24,11652
 833,82; 8617,259;  235,063;34895,467;24,18378
 834,38; 8630,476;  209,909;34862,200;24,30017
 834,95; 8638,693;  208,063;34716,471;24,43066
 835,51; 8623,987;  186,217;34589,818;24,52583
 836,07; 8695,050;  221,370;34684,397;24,58774
 836,63; 8755,806;  247,909;34621,206;24,75147
 837,19; 8672,792;  234,524;34434,862;24,67305
 837,75; 8663,009;  190,217;34086,287;24,99639
 838,32; 8743,227;  249,371;34296,327;24,94748
 838,88; 8743,982;  242,447;34342,905;24,93085
 839,44; 8770,045;  229,217;34228,561;25,12057
 840,00; 8772,416;  220,217;34125,293;25,22395
 840,56; 8695,480;  212,294;33756,487;25,28958
 841,12; 8687,928;  207,601;33786,296;25,25508
 841,68; 8673,837;  198,140;33638,490;25,34572
 842,25; 8739,439;  209,371;33518,838;25,60854
 842,81; 8707,271;  211,678;33322,032;25,65842
 843,37; 8767,335;  207,601;33416,226;25,77563
 843,93; 8779,090;  215,140;33342,497;25,85160
 844,49; 8848,923;  230,678;33339,999;26,02966
 845,05; 8721,986;  189,140;33131,347;25,90247
 845,61; 8842,742;  237,524;33205,002;26,10214
 846,17; 8814,189;  208,294;33015,658;26,23160
 846,73; 8774,945;  217,217;33016,775;26,09099
 847,29; 8778,393;  200,525;32860,661;26,26403
 847,86; 8831,302;  207,217;32722,009;26,52358
 848,42; 8776,443;  196,140;32543,203;26,52576
 848,98; 8797,814;  216,678;32561,858;26,52987
 849,54; 8816,954;  199,755;32552,283;26,63532
 850,10; 8854,325;  224,755;32341,708;26,86920
 850,66; 8769,850;  201,063;32299,517;26,69532
 851,22; 8788,759;  193,832;32128,403;26,91418
 851,78; 8833,745;  247,832;32229,674;26,84621
 852,34; 8835,347;  222,755;31870,637;27,21380
 852,90; 8854,334;  213,602;31847,831;27,31450
 853,46; 8796,935;  204,294;31624,410;27,34758
 854,02; 8817,614;  213,678;31638,450;27,37947
 854,58; 8771,600;  204,678;31429,105;27,43660
 855,14; 8784,894;  201,986;31338,761;27,56518
 855,70; 8738,958;  176,755;31218,416;27,58294
 856,26; 8791,790;  235,371;31233,534;27,60299
 856,82; 8770,007;  203,371;30950,574;27,86151
 857,38; 8775,224;  242,217;30908,614;27,82527
 857,94; 8749,980;  209,986;30828,577;27,89153
 858,50; 8761,966;  226,294;30618,617;28,08496
 859,06; 8680,337;  202,448;30493,426;27,98817
 859,62; 8770,939;  218,602;30468,390;28,27239
 860,18; 8668,925;  212,986;30324,584;28,08200
 860,74; 8631,220;  181,909;30105,547;28,23624
 861,30; 8635,821;  194,217;29888,125;28,42874
 861,86; 8719,500;  241,679;30023,935;28,46601
 862,42; 8669,948;  212,679;29767,821;28,61522
 862,98; 8734,780;  233,679;29734,476;28,81651
 863,54; 8648,767;  222,756;29541,209;28,73962
 864,10; 8679,061;  220,525;29542,249;28,84733
 864,66; 8636,586;  201,140;29320,905;28,96811
 865,22; 8626,264;  212,602;29224,714;29,00052
 865,78; 8627,789;  228,217;29105,677;29,08695
 866,34; 8610,929;  205,140;29035,333;29,15620
 866,90; 8584,608;  218,679;28876,911;29,19206
 867,45; 8572,133;  216,525;28690,105;29,34513
 868,01; 8555,273;  223,756;28554,145;29,40841
 868,57; 8555,259;  204,910;28341,955;29,67742
 869,13; 8504,246;  194,525;28286,995;29,57989
 869,69; 8487,001;  204,294;28199,343;29,58633
 870,25; 8468,219;  197,602;28030,152;29,71563
 870,81; 8512,205;  210,525;27974,346;29,90107
 871,37; 8499,730;  215,679;27896,617;29,92692
 871,93; 8463,485;  229,910;27765,580;29,90149
 872,49; 8495,241;  239,987;27545,697;30,23270
 873,04; 8334,304;  197,833;27359,506;29,95571
 873,60; 8380,983;  200,602;27265,546;30,22501
 874,16; 8397,969;  224,910;27204,048;30,29400
 874,72; 8402,738;  203,910;27066,048;30,52188
 875,28; 8420,815;  218,910;27009,971;30,61434
 875,84; 8424,969;  216,833;26925,510;30,73210
 876,40; 8372,969;  209,756;26853,587;30,63829
 876,95; 8447,200;  219,833;26916,356;30,81812
 877,51; 8447,815;  234,833;26936,817;30,75795
 878,07; 8487,200;  242,833;26841,817;30,99505
 878,63; 8474,969;  211,910;26853,587;31,01554
 879,19; 8558,508;  230,448;26860,279;31,27342
 879,75; 8539,892;  209,910;26893,740;31,21734
 880,30; 8596,354;  209,756;26889,971;31,43377
 880,86; 8690,508;  243,833;27000,202;31,56884
 881,42; 8662,123;  192,525;27050,202;31,53511
 881,98; 8720,200;  226,756;27168,048;31,52575
 882,54; 8769,277;  211,525;27217,663;31,68817
 883,09; 8768,585;  227,756;27339,279;31,50258
 883,65; 8828,123;  197,602;27335,202;31,80282
 884,21; 8951,431;  238,987;27546,587;31,90483
 884,77; 8908,892;  211,217;27684,202;31,65901
 885,32; 9004,431;  213,756;27806,202;31,85899
 885,88; 9107,508;  241,679;27903,587;32,05068
 886,44; 9146,123;  225,140;27971,202;32,15225
 887,00; 9198,969;  228,140;27985,048;32,31927
 887,56; 9252,585;  213,910;28107,048;32,40465
 888,11; 9279,815;  212,602;28153,740;32,45112
 888,67; 9384,738;  250,371;28319,202;32,54274
 889,23; 9383,662;  220,987;28304,202;32,62687
 889,79; 9334,277;  195,294;28167,279;32,67191
 890,34; 9355,354;  221,448;28126,510;32,73208
 890,90; 9493,662;  274,448;28239,510;32,96690
 891,46; 9466,431;  206,756;28133,894;33,15655
 892,01; 9499,969;  235,910;28142,202;33,19703
 892,57; 9448,969;  242,525;28027,433;33,13469
 893,13; 9422,508;  214,371;27874,510;33,29028
 893,69; 9421,508;  206,679;27834,433;33,35352
 894,24; 9422,200;  209,833;27745,433;33,45621
 894,80; 9471,738;  209,756;27656,048;33,74584
 895,36; 9464,508;  214,679;27516,279;33,88017
 895,91; 9387,046;  217,833;27286,202;33,87427
 896,47; 9384,815;  232,140;27175,510;33,97005
 897,03; 9280,200;  213,679;26974,740;33,87953
 897,58; 9275,585;  228,679;26837,587;33,99954
 898,14; 9263,046;  227,679;26705,740;34,12398
 898,70; 9198,508;  196,140;26521,433;34,19665
 899,25; 9225,508;  210,294;26541,740;34,23744
 899,81; 9240,354;  217,371;26378,202;34,49043
 900,37; 9159,431;  187,525;26079,894;34,65077
 900,92; 9153,662;  213,525;26093,048;34,54521
 901,48; 9169,431;  209,602;26053,279;34,66933
 902,03; 9084,662;  210,140;25818,740;34,65446
 902,59; 9135,123;  213,602;25710,510;34,99060
 903,15; 9170,046;  228,140;25576,202;35,27649
 903,70; 9036,815;  220,602;25382,587;35,03783
 904,26; 8993,892;  197,756;25265,356;35,08966
 904,82; 9052,738;  209,371;25302,202;35,24261
 905,37; 9042,585;  222,140;25079,510;35,48422
 905,93; 9008,046;  211,448;24944,971;35,56549
 906,48; 9011,585;  218,140;24824,279;35,73679
 907,04; 9058,815;  226,833;24824,740;35,90542
 907,60; 8952,892;  205,448;24573,356;35,89740
 908,15; 8963,354;  193,294;24495,202;36,08795
 908,71; 8962,508;  234,140;24481,587;35,99706
 909,26; 8964,354;  212,602;24315,048;36,31064
 909,82; 8944,277;  227,217;24178,433;36,39506
 910,37; 9003,354;  248,217;24143,433;36,63971
 910,93; 8839,277;  211,140;23932,356;36,37308
 911,48; 8789,354;  195,987;23748,740;36,48562
 912,04; 8787,815;  204,371;23688,894;36,54937
 912,60; 8860,969;  218,063;23709,663;36,79147
 913,15; 8769,431;  212,217;23494,202;36,75466
 913,71; 8684,200;  200,602;23282,587;36,75420
 914,26; 8730,200;  192,525;23220,817;37,07472
 914,82; 8743,815;  218,602;23132,510;37,20541
 915,37; 8726,815;  197,217;23068,587;37,29378
 915,93; 8710,815;  254,371;23015,663;37,15274
 916,48; 8679,277;  202,217;22835,894;37,45330
 917,04; 8669,046;  227,910;22721,510;37,52684
 917,59; 8665,815;  232,525;22648,433;37,62190
 918,15; 8590,508;  183,910;22479,740;37,70480
 918,70; 8631,046;  201,294;22344,510;38,06923
 919,26; 8591,508;  216,756;22277,663;37,96196
 919,81; 8534,277;  195,448;22119,125;38,03572
 920,37; 8535,815;  191,063;21986,587;38,28654
 920,92; 8499,738;  227,987;22000,202;37,99224
 921,48; 8453,969;  192,294;21781,971;38,26678
 922,03; 8441,585;  203,063;21755,202;38,22600
 922,59; 8465,508;  198,910;21551,356;38,71499
 923,14; 8442,662;  200,294;21536,971;38,63004
 923,69; 8467,738;  228,987;21373,510;38,96400
 924,25; 8474,969;  231,294;21373,279;38,99196
 924,80; 8434,815;  210,833;21137,125;39,29976
 925,36; 8397,815;  205,371;21097,433;39,21319
 925,91; 8339,815;  207,987;20935,202;39,23262
 926,47; 8312,815;  187,910;20840,663;39,34054
 927,02; 8410,431;  253,063;20835,817;39,63205
 927,57; 8266,046;  199,602;20660,740;39,42324
 928,13; 8234,508;  186,371;20612,663;39,40087
 928,68; 8272,277;  202,448;20522,587;39,71345
 929,24; 8178,892;  168,448;20419,663;39,55538
 929,79; 8146,277;  192,987;20219,971;39,71287
 930,34; 8128,046;  203,910;20070,894;39,88595
 930,90; 8114,969;  199,140;20103,587;39,76915
 931,45; 8202,662;  208,448;20063,971;40,26191
 932,01; 8089,200;  207,294;19824,894;40,17773
 932,56; 8098,200;  221,987;19795,894;40,23833
 933,11; 8106,585;  226,833;19744,663;40,37207
 933,67; 7996,815;  195,833;19569,740;40,26541
 934,22; 8047,662;  203,294;19479,663;40,69422
 934,77; 7947,662;  232,217;19436,202;40,17627
 935,33; 7971,200;  214,525;19295,279;40,65183
 935,88; 7919,277;  217,063;19181,510;40,61396
 936,43; 7877,508;  193,371;19164,663;40,50402
 936,99; 7911,431;  211,063;19027,510;40,92360
 937,54; 7827,662;  184,140;18841,894;40,96700
 938,09; 7826,738;  208,602;18791,740;40,99489
 938,65; 7827,277;  209,294;18645,817;41,32006
 939,20; 7741,123;  183,294;18601,740;41,03402
 939,75; 7739,815;  189,525;18505,356;41,22276
 940,31; 7696,969;  185,448;18393,971;41,25278
 940,86; 7725,892;  209,756;18389,048;41,34449
 941,41; 7781,354;  261,063;18269,817;41,75908
 941,96; 7666,738;  201,910;18149,433;41,59253
 942,52; 7615,508;  202,294;18048,125;41,54031
 943,07; 7598,123;  182,910;17949,125;41,73772
 943,62; 7577,969;  199,525;17862,740;41,77294
 944,18; 7557,508;  198,987;17755,663;41,91295
 944,73; 7551,431;  209,371;17721,510;41,92555
 945,28; 7478,738;  172,910;17468,510;42,24097
 945,83; 7499,354;  192,910;17503,740;42,20736
 946,39; 7473,969;  190,910;17489,740;42,10146
 946,94; 7488,969;  218,063;17365,510;42,40227
 947,49; 7431,969;  202,756;17228,740;42,45988
 948,04; 7424,738;  222,756;17257,663;42,27779
 948,59; 7454,815;  224,448;17127,510;42,77549
 949,15; 7426,431;  181,987;17016,356;43,03365
 949,70; 7419,200;  203,602;16957,587;43,06795
 950,25; 7437,431;  216,063;16872,894;43,35379
 950,80; 7411,431;  170,140;16704,125;43,79640
 951,36; 7338,431;  166,602;16642,279;43,52980
 951,91; 7396,662;  215,756;16653,279;43,68606
 952,46; 7299,738;  188,217;16474,125;43,66672
 953,01; 7391,585;  211,756;16479,279;44,13597
 953,56; 7354,662;  182,217;16339,663;44,39095
 954,11; 7323,200;  208,217;16342,971;44,09725
 954,67; 7298,123;  186,602;16240,433;44,29797
 955,22; 7218,508;  165,140;16065,125;44,36084
 955,77; 7266,815;  227,371;16076,510;44,41531
 956,32; 7252,200;  233,525;15970,125;44,60096
 956,87; 7184,431;  188,217;15816,356;44,76677
 957,42; 7197,892;  199,448;15744,202;45,02126
 957,98; 7184,200;  195,525;15677,125;45,14181
 958,53; 7204,738;  216,679;15685,894;45,17398
 959,08; 7128,277;  190,756;15538,048;45,20355
 959,63; 7084,815;  185,140;15422,356;45,28173
 960,18; 7123,123;  204,063;15400,817;45,52985
 960,73; 7102,508;  202,756;15353,048;45,54204
 961,28; 7058,969;  188,371;15228,510;45,68175
 961,83; 7087,892;  205,525;15224,510;45,82445
 962,39; 6958,815;  184,602;15026,894;45,64129
 962,94; 7009,200;  217,756;14998,510;45,94789
 963,49; 6925,738;  202,756;14846,048;45,91169
 964,04; 6972,200;  212,063;14804,971;46,32481
 964,59; 6896,046;  170,140;14735,356;46,17787
 965,14; 6923,662;  214,140;14637,740;46,51766
 965,69; 6863,431;  204,525;14532,356;46,47532
 966,24; 6819,046;  189,910;14443,894;46,50725
 966,79; 6801,046;  215,217;14397,125;46,43824
 967,34; 6754,200;  169,448;14195,587;46,94629
 967,89; 6780,123;  195,679;14179,048;47,08768
 968,44; 6755,354;  205,294;14128,740;47,04338
 968,99; 6806,123;  210,679;14066,740;47,59970
 969,55; 6730,662;  202,910;13953,817;47,47143
 970,10; 6657,892;  205,756;13867,587;47,22747
 970,65; 6661,892;  216,217;13742,587;47,65266
 971,20; 6597,662;  194,140;13683,510;47,47087
 971,75; 6546,354;  175,833;13469,356;47,92199
 972,30; 6505,200;  200,525;13451,663;47,57836
 972,85; 6470,738;  191,756;13365,125;47,66421
 973,40; 6389,123;  191,756;13249,663;47,46065
 973,95; 6400,969;  202,140;13220,740;47,61517
 974,50; 6418,662;  223,448;13146,894;47,93778
 975,05; 6365,508;  201,756;13000,279;48,15987
 975,60; 6356,662;  215,140;12978,894;48,11689
 976,15; 6284,662;  191,833;12840,663;48,16911
 976,70; 6266,123;  203,063;12794,356;48,15280
 977,25; 6326,123;  212,833;12717,817;48,88683
 977,80; 6193,738;  194,679;12616,433;48,29479
 978,35; 6153,200;  218,448;12468,048;48,44854
 978,89; 6121,585;  186,679;12345,510;48,81148
 979,44; 6156,508;  197,756;12355,971;49,01009
 979,99; 6074,046;  186,910;12160,510;49,16764
 980,54; 6040,969;  227,987;12152,356;48,74876
 981,09; 6029,969;  219,140;12073,433;49,01877
 981,64; 6004,431;  206,833;11907,663;49,54860
 982,19; 6000,892;  235,910;11902,510;49,41442
 982,74; 5936,431;  214,987;11733,971;49,66969
 983,29; 5863,508;  191,756;11599,356;49,71906
 983,84; 5860,662;  209,525;11474,202;50,16688
 984,39; 5884,738;  262,833;11432,587;50,33151
 984,94; 5726,969;  178,294;11322,971;49,78767
 985,49; 5746,815;  231,679;11240,587;50,09704
 986,03; 5739,508;  225,217;11184,587;50,31576
 986,58; 5708,123;  245,448;11041,740;50,59769
 987,13; 5607,200;  207,910;10894,587;50,52357
 987,68; 5580,969;  222,140;10822,125;50,55506
 988,23; 5599,431;  221,063;10802,048;50,83050
 988,78; 5500,969;  193,063;10655,433;50,73331
 989,33; 5451,815;  216,833;10548,125;50,67113
 989,88; 5460,046;  224,756;10489,740;51,00144
 990,42; 5395,431;  210,679;10372,433;51,02222
 990,97; 5365,969;  210,833;10237,356;51,41500
 991,52; 5313,585;  229,140;10154,125;51,22874
 992,07; 5313,354;  237,910;10121,663;51,35138
 992,62; 5230,508;  222,448; 9972,356;51,36520
 993,17; 5156,585;  221,448; 9894,663;51,01857
 993,71; 5177,815;  222,756; 9765,433;51,92526
 994,26; 5044,892;  201,371; 9678,125;51,10950
 994,81; 5084,969;  221,140; 9602,510;51,84562
 995,36; 5009,585;  204,371; 9478,894;51,81090
 995,91; 4981,200;  217,679; 9431,356;51,70054
 996,45; 4949,585;  205,140; 9270,279;52,33725
 997,00; 4848,431;  189,987; 9123,740;52,14431
 997,55; 4864,354;  216,987; 9109,587;52,26106
 998,10; 4818,969;  242,756; 8988,433;52,32543
 998,65; 4793,508;  204,140; 8947,356;52,49061
 999,19; 4735,662;  221,371; 8811,663;52,55107
 999,74; 4725,046;  236,987; 8739,510;52,78503
1000,29; 4645,662;  226,294; 8655,202;52,43108
1000,84; 4602,123;  201,679; 8495,894;53,05438
1001,38; 4567,354;  213,217; 8413,971;53,09434
1001,93; 4516,969;  229,910; 8355,356;52,76091
1002,48; 4489,738;  204,448; 8209,125;53,53483
1003,03; 4507,277;  223,910; 8186,894;53,79098
1003,57; 4433,738;  227,833; 8108,663;53,36881
1004,12; 4405,815;  256,371; 7949,048;53,94019
1004,67; 4324,277;  210,602; 7886,356;53,59311
1005,22; 4259,200;  205,448; 7729,125;53,87993
1005,76; 4223,892;  197,833; 7624,356;54,21190
1006,31; 4229,815;  228,217; 7583,894;54,40149
1006,86; 4143,969;  215,140; 7489,663;54,00806
1007,40; 4087,815;  202,602; 7323,587;54,56006
1007,95; 4046,046;  223,910; 7254,587;54,36371
1008,50; 3990,662;  215,910; 7108,048;54,76895
1009,04; 3938,738;  211,987; 7077,894;54,27909
1009,59; 3891,662;  215,525; 6945,279;54,62513
1010,14; 3859,123;  191,063; 6864,587;54,96437
1010,68; 3764,815;  202,217; 6776,971;54,18603
1011,23; 3745,046;  211,987; 6622,356;55,11476
1011,78; 3749,200;  223,525; 6594,279;55,34157
1012,32; 3699,585;  225,910; 6476,740;55,57141
1012,87; 3678,815;  240,063; 6461,279;55,27460
1013,42; 3560,508;  198,602; 6310,740;55,00376
1013,96; 3638,277;  235,063; 6342,587;55,72166
1014,51; 3543,508;  176,679; 6239,510;55,53229
1015,06; 3514,892;  194,294; 6241,663;54,90980
1015,60; 3593,277;  250,756; 6316,817;55,10200
1016,15; 3538,123;  204,140; 6243,894;55,20064
1016,69; 3548,892;  205,371; 6311,587;54,75603
1017,24; 3577,046;  193,371; 6283,202;55,56271
1017,79; 3638,431;  236,756; 6368,663;55,47499
1018,33; 3607,123;  201,063; 6299,663;55,84986
1018,88; 3640,508;  222,679; 6390,048;55,41794
1019,42; 3621,354;  206,987; 6383,202;55,28252
1019,97; 3605,815;  202,525; 6343,279;55,42138
1020,51; 3689,815;  224,679; 6435,125;55,79529
1021,06; 3665,431;  196,679; 6409,048;55,83622
1021,61; 3626,431;  177,525; 6367,587;55,71683
1022,15; 3614,200;  168,140; 6285,279;56,33450
1022,70; 3620,585;  201,987; 6293,663;56,11916
1023,24; 3610,354;  194,217; 6266,125;56,26134
1023,79; 3581,354;  207,602; 6194,279;56,35433
1024,33; 3550,969;  189,140; 6167,740;56,23104
1024,88; 3544,585;  221,371; 6046,740;57,04726
1025,42; 3492,431;  211,140; 5985,356;56,82660
1025,97; 3449,662;  199,833; 5905,663;56,95628
1026,51; 3350,892;  176,063; 5792,817;56,52427
1027,06; 3349,815;  192,217; 5716,433;57,15921
1027,60; 3314,431;  216,217; 5660,356;56,90916
1028,15; 3270,969;  214,910; 5538,048;57,41086
1028,69; 3162,354;  173,602; 5427,894;56,88210
1029,24; 3153,046;  187,294; 5382,663;57,08453
1029,78; 3102,508;  189,910; 5295,048;57,05228
1030,33; 3042,431;  178,679; 5186,817;57,18196
1030,87; 3035,815;  195,679; 5110,356;57,78888
1031,42; 2982,354;  175,833; 5040,510;57,69183
1031,96; 2952,431;  207,525; 4971,587;57,61693
1032,51; 2900,277;  184,833; 4889,202;57,72175
1033,05; 2885,969;  204,679; 4859,971;57,59661
1033,60; 2807,123;  165,525; 4725,971;57,92412
1034,14; 2810,277;  191,679; 4665,971;58,52541
1034,69; 2782,277;  202,140; 4596,433;58,71563
1035,23; 2758,892;  195,987; 4562,356;58,69650
1035,77; 2715,508;  190,448; 4520,048;58,32085
1036,32; 2653,815;  169,525; 4409,433;58,59303
1036,86; 2654,892;  201,679; 4379,817;58,71547
1037,41; 2612,969;  205,756; 4278,279;59,10865
1037,95; 2547,200;  181,679; 4218,971;58,59177
1038,50; 2527,585;  187,217; 4162,510;58,87284
1039,04; 2539,738;  213,910; 4120,587;59,53471
1039,58; 2477,585;  186,140; 4047,740;59,33924
1040,13; 2457,969;  197,525; 3989,048;59,61837
1040,67; 2469,046;  229,448; 3970,817;59,86039
1041,21; 2437,738;  213,140; 3912,740;60,13077
1041,76; 2365,277;  179,679; 3816,356;60,09877
1042,30; 2337,046;  204,063; 3788,125;59,51300
1042,85; 2314,508;  200,448; 3725,971;59,96442
1043,39; 2273,277;  166,910; 3647,125;60,52405
1043,93; 2284,508;  211,217; 3640,894;60,45148
1044,48; 2249,892;  215,679; 3562,663;60,77750
1045,02; 2217,200;  197,525; 3481,279;61,50507
1045,56; 2237,815;  215,294; 3502,971;61,51825
1046,11; 2154,200;  206,756; 3442,894;60,17803
1046,65; 2146,046;  208,448; 3371,663;61,25407
1047,19; 2093,046;  188,063; 3327,279;60,68340
1047,74; 2055,431;  184,833; 3238,510;61,25724
1048,28; 2045,892;  201,910; 3227,279;60,95067
1048,82; 2052,815;  212,833; 3210,510;61,38029
1049,37; 2014,123;  214,602; 3148,048;61,34495
1049,91; 1998,046;  197,756; 3114,433;61,72402
1050,45; 1977,046;  219,140; 3066,971;61,72789
1050,99; 1963,123;  201,294; 3028,587;62,31506
1051,54; 1885,815;  197,756; 2964,587;61,01058
1052,08; 1919,662;  220,217; 2919,125;62,96785
1052,62; 1870,738;  211,756; 2906,356;61,56694
1053,16; 1849,123;  191,525; 2845,894;62,44791
1053,71; 1842,585;  203,756; 2818,202;62,68360
1054,25; 1833,892;  216,371; 2767,125;63,41346
1054,79; 1787,277;  212,910; 2723,048;62,72034
1055,33; 1728,662;  177,602; 2670,279;62,22465
1055,88; 1729,354;  215,371; 2668,587;61,71422
1056,42; 1736,508;  222,987; 2646,817;62,44335
1056,96; 1710,431;  217,140; 2583,048;63,11702
1057,50; 1693,200;  211,371; 2545,433;63,48714
1058,05; 1653,738;  200,987; 2502,356;63,12555
1058,59; 1645,969;  229,294; 2489,279;62,68516
1059,13; 1564,662;  186,525; 2424,894;61,56878
1059,67; 1592,354;  224,448; 2421,433;62,26287
1060,21; 1559,585;  213,063; 2344,817;63,16495
1060,76; 1562,585;  221,602; 2316,433;64,01389
1061,30; 1544,585;  226,910; 2312,279;63,18665
1061,84; 1516,662;  213,448; 2244,202;64,17388
1062,38; 1446,738;  192,063; 2193,048;62,70288
1062,92; 1511,508;  240,910; 2237,279;63,64544
1063,46; 1462,738;  224,679; 2158,433;64,02364
1064,01; 1427,738;  204,217; 2134,894;63,37265
1064,55; 1426,123;  213,140; 2102,048;64,21609
1065,09; 1372,585;  185,063; 2060,048;63,33498
1065,63; 1414,969;  239,140; 2071,202;64,18064
1066,17; 1394,123;  242,217; 2045,971;63,86158
1066,71; 1357,738;  226,217; 2023,587;62,95430
1067,25; 1321,815;  211,294; 1967,433;63,23654
1067,80; 1331,046;  219,679; 1961,433;63,80737
1068,34; 1323,585;  242,756; 1928,971;64,09791
1068,88; 1275,662;  201,448; 1891,510;63,56061
1069,42; 1284,969;  241,294; 1921,433;62,11839
1069,96; 1254,969;  200,217; 1850,279;63,92197
1070,50; 1288,354;  241,910; 1861,433;64,61435
1071,04; 1212,123;  192,756; 1814,817;62,84394
1071,58; 1208,508;  210,602; 1809,510;62,41172
1072,12; 1218,738;  207,987; 1767,971;64,79243
1072,66; 1206,892;  205,602; 1757,356;64,52637
1073,21; 1213,815;  228,371; 1752,202;64,66888
1073,75; 1175,123;  226,602; 1707,202;64,06330
1074,29; 1168,508;  218,371; 1684,433;64,80878
1074,83; 1177,738;  233,140; 1701,125;64,34659
1075,37; 1158,277;  230,525; 1658,202;64,98332
1075,91; 1146,431;  224,987; 1647,663;64,76834
1076,45; 1130,046;  217,063; 1628,894;64,66658
1076,99; 1125,431;  236,756; 1589,125;65,71245
1077,53; 1086,200;  206,525; 1573,971;64,32977
1078,07; 1107,431;  222,525; 1573,433;65,50453
1078,61; 1064,123;  217,833; 1538,894;64,06139
1079,15; 1052,892;  212,525; 1524,663;64,04563
1079,69; 1059,277;  216,140; 1491,433;66,11320
1080,23; 1075,892;  233,833; 1482,587;67,43199
1080,77; 1116,354;  267,910; 1506,048;68,52580
1081,31; 1022,892;  213,679; 1440,894;65,93899
1081,85; 1032,508;  224,602; 1452,048;65,82006
1082,39;  993,662;  209,294; 1414,663;65,07278
1082,93; 1018,277;  221,063; 1410,894;67,00226
1083,47;  970,354;  196,140; 1361,971;66,40873
1084,01;  991,662;  236,140; 1391,587;65,38783
1084,55;  965,738;  209,987; 1330,510;67,44635
1085,09;  980,892;  230,448; 1354,202;66,78013
1085,63;  946,738;  214,371; 1322,894;66,06694
1086,17;  940,738;  212,679; 1282,433;68,05861
1086,71;  906,738;  213,910; 1289,356;64,42246
1087,24;  956,431;  232,140; 1300,663;67,78425
1087,78;  944,585;  224,833; 1273,817;68,61415
1088,32;  886,354;  215,217; 1228,202;66,25338
1088,86;  917,815;  241,987; 1251,202;66,96577
1089,40;  892,585;  217,602; 1222,433;67,17377
1089,94;  864,815;  195,833; 1181,433;67,87568
1090,48;  872,431;  226,833; 1185,279;67,35883
1091,02;  876,585;  232,833; 1181,587;67,85237
1091,56;  854,508;  218,756; 1171,971;66,69552
1092,10;  821,969;  200,217; 1147,971;65,60268
1092,63;  852,585;  234,987; 1154,740;67,14819
1093,17;  852,892;  233,294; 1125,587;69,43891
1093,71;  819,738;  209,294; 1113,279;67,52817
1094,25;  843,508;  235,448; 1131,817;67,83584
1094,79;  806,508;  218,371; 1087,048;67,70487
1095,33;  814,969;  220,679; 1067,279;70,19731
1095,87;  789,277;  228,448; 1063,817;67,13544
1096,40;  757,969;  198,679; 1024,663;67,71196
1096,94;  781,969;  216,987; 1045,894;68,15990
1097,48;  775,123;  219,833; 1024,048;69,04747
1098,02;  751,508;  211,371; 1015,894;67,13748
1098,56;  720,200;  189,679;  980,048;67,12320
1099,10;  717,277;  185,833;  971,894;67,60848
1099,63;  712,969;  200,987;  948,587;68,48351
1100,17;  747,815;  222,602;  979,433;69,39642
1100,71;  772,969;  243,140;  987,433;71,18559

