
Integration time [ms]: 160,000
Averaging Nr. [scans]: 13
Smoothing Nr. [pixels]: 0
Data measured with spectrometer [name]: 2009305U1
Wave   ;Sample   ;Dark     ;Reference;Reflectance
[nm]   ;[counts] ;[counts] ;[counts] ;[%]

 175,72;  208,098;  192,833;  205,653;119,07140
 176,32;  234,366;  215,986;  216,813; 0,00000
 176,92;  264,647;  247,602;  254,971;231,30440
 177,52;  256,589;  255,679;  265,678; 9,09776
 178,12;  243,133;  239,756;  224,864; 0,00000
 178,72;  283,126;  257,525;  250,340; 0,00000
 179,32;  257,199;  248,909;  241,998; 0,00000
 179,92;  260,721;  247,063;  242,319; 0,00000
 180,52;  253,477;  235,064;  254,068;96,88666
 181,12;  256,841;  243,833;  252,404;151,76066
 181,73;  287,338;  258,371;  266,338;363,60959
 182,33;  374,727;  327,141;  336,927;486,27239
 182,93;  277,149;  265,064;  266,645;764,12041
 183,53;  245,152;  233,755;  224,030; 0,00000
 184,13;  244,162;  236,909;  229,431; 0,00000
 184,73;  288,735;  266,448;  273,739;305,68801
 185,33;  257,979;  232,445;  341,197;23,47968
 185,93;  264,616;  226,213;  348,375;31,43595
 186,53;  282,817;  244,675;  370,650;30,27706
 187,13;  310,399;  273,291;  414,063;26,36055
 187,73;  273,245;  243,598;  361,495;25,14617
 188,33;  261,758;  237,983;  370,649;17,92153
 188,93;  269,712;  250,059;  374,130;15,84042
 189,53;  269,090;  248,981;  393,125;13,95042
 190,13;  313,670;  274,058;  409,924;29,15516
 190,73;  257,396;  218,289;  365,019;26,65217
 191,34;  287,336;  256,905;  385,888;23,59302
 191,94;  258,610;  235,829;  359,614;18,40416
 192,54;  275,033;  240,984;  391,391;22,63792
 193,14;  283,342;  258,291;  390,009;19,01886
 193,74;  289,961;  260,214;  377,424;25,37953
 194,34;  282,259;  241,445;  388,106;27,82858
 194,94;  241,672;  209,983;  342,899;23,84111
 195,54;  230,270;  190,137;  332,970;28,09803
 196,14;  243,532;  225,291;  354,341;14,13486
 196,74;  242,739;  223,445;  343,719;16,04160
 197,34;  223,858;  197,522;  345,903;17,74911
 197,94;  247,789;  232,368;  373,573;10,92123
 198,54;  266,211;  228,599;  383,909;24,21720
 199,14;  228,118;  215,368;  380,241; 7,73276
 199,74;  239,096;  190,292;  370,197;27,12765
 200,34;  210,326;  195,061;  379,885; 8,25913
 200,94;  255,469;  233,599;  425,936;11,37078
 201,54;  235,995;  216,753;  432,596; 8,91480
 202,14;  281,135;  230,061;  474,093;20,92908
 202,74;  242,637;  213,907;  473,146;11,08249
 203,34;  234,487;  180,907;  480,577;17,87954
 203,94;  207,178;  170,753;  486,255;11,54506
 204,54;  264,792;  238,445;  563,211; 8,11253
 205,14;  236,027;  203,984;  571,733; 8,71333
 205,74;  277,300;  236,907;  659,589; 9,55635
 206,34;  256,451;  200,215;  679,015;11,74520
 206,94;  266,858;  210,138;  728,140;10,94982
 207,54;  245,146;  191,907;  773,579; 9,15275
 208,14;  259,747;  194,522;  845,836;10,01431
 208,74;  259,953;  198,907;  918,683; 8,48129
 209,34;  262,310;  202,215;  992,970; 7,59970
 209,94;  278,263;  202,753; 1089,013; 8,52009
 210,54;  280,276;  195,292; 1187,450; 8,56564
 211,14;  300,538;  194,368; 1267,179; 9,89640
 211,73;  301,377;  197,830; 1399,958; 8,61367
 212,33;  325,645;  214,830; 1495,442; 8,65331
 212,93;  320,151;  201,830; 1569,925; 8,64860
 213,53;  296,316;  168,522; 1613,023; 8,84689
 214,13;  325,565;  193,369; 1705,053; 8,74494
 214,73;  302,827;  179,907; 1721,786; 7,97209
 215,33;  304,494;  163,830; 1742,628; 8,90956
 215,93;  347,240;  194,523; 1862,662; 9,15495
 216,53;  316,105;  157,753; 1944,199; 8,86406
 217,13;  369,010;  209,061; 2159,512; 8,20061
 217,73;  364,350;  196,599; 2334,342; 7,84707
 218,33;  351,614;  149,754; 2512,186; 8,54458
 218,93;  395,268;  177,292; 2802,474; 8,30325
 219,53;  405,976;  179,830; 3052,680; 7,87182
 220,13;  406,453;  166,677; 3342,899; 7,54910
 220,73;  468,911;  178,292; 3659,770; 8,34760
 221,32;  475,953;  192,215; 4073,836; 7,30979
 221,92;  518,967;  184,984; 4477,909; 7,77984
 222,52;  533,270;  163,446; 4867,162; 7,86238
 223,12;  560,050;  187,984; 5286,413; 7,29765
 223,72;  598,258;  189,369; 5644,061; 7,49611
 224,32;  630,758;  186,830; 5997,482; 7,63990
 224,92;  620,346;  168,830; 6323,312; 7,33637
 225,52;  677,067;  197,753; 6670,557; 7,40504
 226,12;  671,326;  180,753; 6972,357; 7,22322
 226,72;  667,428;  160,753; 7292,274; 7,10472
 227,31;  658,554;  151,984; 7646,565; 6,75916
 227,91;  747,625;  194,138; 8071,656; 7,02616
 228,51;  738,743;  165,984; 8435,636; 6,92604
 229,11;  769,277;  184,907; 8840,069; 6,75169
 229,71;  770,223;  170,830; 9126,800; 6,69266
 230,31;  790,054;  168,369; 9555,531; 6,62271
 230,91;  813,314;  158,599; 9813,841; 6,78093
 231,51;  818,476;  163,753;10061,634; 6,61478
 232,10;  848,718;  164,907;10384,972; 6,69086
 232,70;  853,412;  181,445;10581,029; 6,46148
 233,30;  914,845;  195,753;10813,411; 6,77260
 233,90;  867,279;  167,984;10937,933; 6,49302
 234,50;  887,155;  169,984;11059,818; 6,58569
 235,10;  900,038;  171,292;10974,158; 6,74586
 235,70;  920,403;  182,907;11013,347; 6,80947
 236,29;  904,599;  178,907;10902,340; 6,76735
 236,89;  897,596;  160,907;10792,462; 6,92927
 237,49;  933,005;  183,907;10632,310; 7,16949
 238,09;  891,374;  172,753;10341,707; 7,06681
 238,69;  922,972;  207,676;10098,604; 7,23184
 239,29;  903,792;  164,138; 9734,699; 7,72843
 239,89;  885,393;  172,907; 9401,017; 7,72083
 240,48;  888,116;  167,215; 8971,537; 8,18803
 241,08;  882,138;  164,522; 8611,278; 8,49576
 241,68;  886,036;  188,215; 8278,664; 8,62524
 242,28;  887,540;  156,215; 7940,130; 9,39534
 242,88;  927,773;  197,061; 7665,624; 9,78384
 243,48;  940,565;  202,138; 7348,585;10,33279
 244,07;  909,905;  196,215; 7158,640;10,25060
 244,67;  967,472;  189,599; 6950,593;11,50530
 245,27;  984,916;  189,214; 6813,419;12,01203
 245,87;  999,884;  193,677; 6751,769;12,29332
 246,47; 1022,482;  180,522; 6743,128;12,82965
 247,06; 1051,547;  173,599; 6743,421;13,36335
 247,66; 1090,566;  171,676; 6819,743;13,82190
 248,26; 1160,973;  200,830; 7000,936;14,11953
 248,86; 1218,591;  197,445; 7154,654;14,67752
 249,46; 1258,498;  145,599; 7378,217;15,38722
 250,05; 1357,852;  199,830; 7771,472;15,29420
 250,65; 1422,334;  152,599; 8058,257;16,06109
 251,25; 1541,735;  170,984; 8552,490;16,35447
 251,85; 1642,813;  170,830; 9127,877;16,43380
 252,44; 1754,233;  137,061; 9680,974;16,94454
 253,04; 1935,988;  188,215;10445,847;17,03876
 253,64; 2041,661;  136,830;11140,049;17,31158
 254,24; 2245,490;  193,061;12050,132;17,30974
 254,84; 2422,960;  169,830;13024,525;17,52768
 255,43; 2616,203;  179,676;13965,778;17,67379
 256,03; 2810,826;  176,907;14933,069;17,84962
 256,63; 2998,261;  184,599;15959,061;17,83682
 257,23; 3129,077;  171,753;16835,711;17,74683
 257,82; 3332,285;  182,599;17818,426;17,85959
 258,42; 3476,971;  143,753;18720,590;17,94287
 259,02; 3699,227;  189,522;19585,306;18,09520
 259,62; 3762,328;  171,445;20283,193;17,85466
 260,21; 3897,709;  174,291;20811,251;18,04247
 260,81; 3960,447;  185,907;21379,753;17,80960
 261,41; 4026,808;  151,137;21814,664;17,89030
 262,01; 4089,535;  198,214;22356,130;17,56177
 262,60; 4100,846;  159,060;22637,173;17,53611
 263,20; 4172,078;  176,445;23055,648;17,46404
 263,80; 4162,928;  194,906;23123,820;17,30576
 264,40; 4148,810;  149,752;23365,215;17,22583
 264,99; 4151,456;  181,983;23636,262;16,92430
 265,59; 4120,564;  166,214;23828,529;16,71159
 266,19; 4089,368;  157,752;24024,776;16,47300
 266,78; 4137,235;  197,445;24085,499;16,49272
 267,38; 4049,052;  186,368;24190,233;16,09193
 267,98; 4001,653;  170,906;24143,256;15,97985
 268,58; 3986,871;  186,137;24183,756;15,83796
 269,17; 3880,788;  173,752;24133,851;15,47171
 269,77; 3828,333;  192,522;23966,940;15,29296
 270,37; 3750,234;  161,368;23855,106;15,14690
 270,96; 3718,425;  214,830;23796,071;14,85755
 271,56; 3582,311;  179,676;23480,276;14,60321
 272,16; 3506,657;  169,060;23368,768;14,38637
 272,75; 3462,165;  169,522;23244,494;14,26933
 273,35; 3424,527;  186,753;23207,061;14,06486
 273,95; 3363,297;  180,291;23273,296;13,78342
 274,54; 3329,476;  158,061;23319,855;13,69244
 275,14; 3344,930;  185,830;23690,387;13,44038
 275,74; 3284,698;  157,830;23677,369;13,29477
 276,33; 3342,523;  197,983;24100,569;13,15565
 276,93; 3320,349;  184,138;24473,251;12,91200
 277,53; 3355,346;  181,984;25015,911;12,77833
 278,12; 3373,695;  152,830;25597,349;12,65838
 278,72; 3456,629;  215,676;26084,768;12,52828
 279,32; 3479,605;  184,830;26655,470;12,44690
 279,91; 3515,886;  151,984;27296,689;12,39248
 280,51; 3562,827;  164,061;27885,853;12,26027
 281,11; 3667,705;  165,368;28515,442;12,35389
 281,70; 3656,562;  153,676;28993,081;12,14618
 282,30; 3746,157;  163,599;29674,353;12,13984
 282,90; 3787,731;  168,753;30003,444;12,13010
 283,49; 3882,505;  190,983;30517,786;12,17247
 284,09; 3980,425;  200,214;30896,231;12,31499
 284,69; 4011,278;  194,907;31311,375;12,26480
 285,28; 4068,139;  181,907;31608,199;12,36618
 285,88; 4171,616;  231,060;31904,705;12,44112
 286,47; 4150,830;  181,137;31901,565;12,51463
 287,07; 4221,781;  202,984;31975,438;12,64868
 287,67; 4292,642;  185,830;32122,739;12,85914
 288,26; 4342,314;  169,599;32037,774;13,09367
 288,86; 4450,005;  168,676;32056,294;13,42630
 289,46; 4572,611;  193,984;32185,292;13,68693
 290,05; 4649,834;  172,368;32376,766;13,90327
 290,65; 4778,611;  173,907;32494,359;14,24703
 291,24; 4943,511;  178,138;32665,551;14,66837
 291,84; 5047,953;  184,830;32740,907;14,93768
 292,44; 5196,246;  179,061;33002,715;15,28527
 293,03; 5379,728;  246,907;32988,735;15,67665
 293,63; 5438,319;  176,599;33084,504;15,98923
 294,22; 5581,026;  190,753;33347,104;16,25714
 294,82; 5636,136;  182,060;33256,310;16,49040
 295,41; 5655,101;  155,291;33060,774;16,71396
 296,01; 5772,858;  208,214;33008,575;16,96519
 296,61; 5742,289;  182,753;32641,087;17,12822
 297,20; 5736,036;  186,522;32323,950;17,26807
 297,80; 5723,924;  194,984;32156,885;17,29853
 298,39; 5657,583;  164,060;31774,877;17,37861
 298,99; 5701,145;  189,214;31656,241;17,51653
 299,58; 5684,033;  192,292;31571,638;17,50113
 300,18; 5609,649;  209,445;31366,877;17,33199
 300,78; 5559,000;  177,599;30948,409;17,48865
 301,37; 5567,218;  193,291;30891,191;17,50585
 301,97; 5600,122;  188,061;30939,660;17,59928
 302,56; 5517,295;  187,137;30906,361;17,35121
 303,16; 5498,946;  173,753;30840,917;17,36448
 303,75; 5515,288;  174,368;30857,002;17,40698
 304,35; 5516,135;  166,830;31103,257;17,29128
 304,94; 5481,756;  179,138;31040,448;17,18209
 305,54; 5538,568;  201,215;31020,913;17,31800
 306,13; 5465,566;  164,984;31012,753;17,18303
 306,73; 5402,974;  168,138;30770,960;17,10573
 307,33; 5437,043;  192,369;30714,351;17,18327
 307,92; 5426,525;  185,061;30785,136;17,12893
 308,52; 5467,823;  165,830;31199,806;17,08448
 309,11; 5551,358;  172,137;31705,231;17,05897
 309,71; 5561,242;  168,599;31935,792;16,97551
 310,30; 5571,017;  160,061;32195,179;16,89070
 310,90; 5665,555;  198,061;32541,025;16,90474
 311,49; 5672,251;  179,214;32617,051;16,93404
 312,09; 5671,754;  152,599;32789,355;16,91086
 312,68; 5803,931;  218,291;33185,330;16,94310
 313,28; 5750,833;  159,907;33317,674;16,86159
 313,87; 5755,446;  153,830;33457,421;16,81986
 314,47; 5772,819;  169,214;33719,073;16,70232
 315,06; 5804,132;  155,291;33846,369;16,76658
 315,66; 5821,292;  156,061;33991,278;16,74359
 316,25; 5750,790;  145,291;34000,199;16,55742
 316,85; 5785,515;  140,215;34012,972;16,66620
 317,44; 5841,034;  163,445;34187,697;16,68689
 318,04; 5783,143;  154,368;34156,383;16,55424
 318,63; 5797,142;  146,292;34237,622;16,57562
 319,22; 5772,465;  171,445;34452,357;16,33860
 319,82; 5835,980;  162,137;34418,304;16,56298
 320,41; 5821,819;  181,214;34371,699;16,49759
 321,01; 5806,317;  184,907;34386,656;16,43603
 321,60; 5830,692;  176,214;34477,630;16,48468
 322,20; 5808,775;  164,599;34382,000;16,49504
 322,79; 5848,069;  198,368;34501,800;16,46978
 323,39; 5851,531;  170,907;34565,974;16,51581
 323,98; 5818,568;  149,522;34508,529;16,49945
 324,58; 5791,683;  154,368;34408,391;16,45738
 325,17; 5794,745;  176,599;34190,879;16,51702
 325,76; 5791,133;  187,830;34036,681;16,55389
 326,36; 5710,276;  143,368;33626,517;16,62600
 326,95; 5716,046;  193,753;33357,126;16,65178
 327,55; 5656,129;  148,676;32972,948;16,77860
 328,14; 5571,871;  161,292;32580,644;16,68935
 328,74; 5537,701;  189,830;32167,636;16,72370
 329,33; 5479,963;  178,907;31731,391;16,80076
 329,92; 5394,916;  156,214;31253,788;16,84601
 330,52; 5326,931;  173,753;30573,956;16,95113
 331,11; 5280,398;  171,445;30177,215;17,02657
 331,71; 5157,271;  165,522;29557,766;16,98322
 332,30; 5114,910;  177,445;29149,371;17,04224
 332,89; 5098,120;  213,984;28628,725;17,18874
 333,49; 4983,367;  187,907;28086,942;17,18862
 334,08; 4907,038;  175,368;27697,286;17,19237
 334,68; 4854,695;  180,907;27293,964;17,23814
 335,27; 4819,876;  186,215;26952,612;17,31149
 335,86; 4864,244;  224,753;26641,446;17,56272
 336,46; 4787,895;  181,061;26461,399;17,52958
 337,05; 4747,678;  171,599;26265,353;17,53707
 337,65; 4732,093;  153,291;26054,626;17,67786
 338,24; 4809,758;  213,907;26069,851;17,77483
 338,83; 4794,225;  192,984;25957,438;17,85887
 339,43; 4796,963;  167,984;25897,909;17,99064
 340,02; 4804,205;  162,291;25866,857;18,05871
 340,61; 4827,888;  170,138;25836,938;18,14698
 341,21; 4869,086;  208,137;25858,636;18,17099
 341,80; 4854,626;  175,368;25826,808;18,24170
 342,40; 4935,014;  170,292;25890,158;18,52545
 342,99; 4990,582;  165,445;25947,187;18,71532
 343,58; 5042,194;  177,368;26189,622;18,70205
 344,18; 5083,834;  195,522;26373,073;18,67368
 344,77; 5169,548;  164,599;26529,948;18,98306
 345,36; 5273,815;  148,676;26879,818;19,17291
 345,96; 5386,144;  201,984;27219,638;19,18805
 346,55; 5465,165;  151,369;27427,300;19,48163
 347,14; 5537,978;  152,907;27772,144;19,49754
 347,74; 5640,473;  143,292;28192,844;19,59810
 348,33; 5816,492;  164,677;28854,944;19,69942
 348,92; 6019,139;  178,061;29402,688;19,98683
 349,52; 6114,409;  140,215;29849,887;20,10858
 350,11; 6245,370;  175,907;30115,958;20,27205
 350,70; 6280,000;  167,061;30103,798;20,41953
 351,29; 6278,131;  160,291;29828,098;20,62114
 351,89; 6288,421;  176,983;29840,031;20,60287
 352,48; 6374,113;  155,215;29908,351;20,90166
 353,07; 6398,035;  174,599;29796,583;21,00952
 353,67; 6397,484;  189,215;29796,109;20,96900
 354,26; 6398,145;  164,676;29465,729;21,27387
 354,85; 6410,863;  173,907;29381,496;21,35389
 355,45; 6375,805;  158,830;29187,341;21,41679
 356,04; 6445,136;  168,753;29179,958;21,63434
 356,63; 6464,296;  200,676;28979,836;21,76443
 357,22; 6479,347;  176,675;28835,197;21,99231
 357,82; 6454,823;  173,829;28527,954;22,15196
 358,41; 6473,792;  190,291;28522,847;22,17767
 359,00; 6447,745;  155,907;28267,802;22,38141
 359,60; 6524,052;  174,676;28241,266;22,62254
 360,19; 6498,600;  174,292;28045,826;22,69092
 360,78; 6533,450;  177,984;27864,379;22,95520
 361,37; 6487,351;  169,061;27730,181;22,92465
 361,97; 6545,012;  169,676;27624,442;23,22124
 362,56; 6539,840;  167,753;27299,264;23,48593
 363,15; 6562,557;  202,830;27001,114;23,73185
 363,74; 6466,657;  174,291;26660,845;23,75683
 364,34; 6431,523;  194,291;26339,415;23,85620
 364,93; 6385,865;  163,291;25935,873;24,14416
 365,52; 6321,475;  141,445;25588,830;24,28552
 366,11; 6287,451;  173,599;25238,079;24,39250
 366,71; 6237,542;  160,907;24896,203;24,56666
 367,30; 6198,172;  173,522;24575,417;24,68927
 367,89; 6230,718;  207,215;24348,725;24,95081
 368,48; 6167,690;  182,291;24090,525;25,03488
 369,07; 6059,308;  178,138;23657,413;25,04835
 369,67; 6033,321;  203,291;23383,363;25,15104
 370,26; 6025,879;  163,445;23103,863;25,55504
 370,85; 5993,384;  177,137;22920,245;25,57367
 371,44; 5970,930;  163,214;22611,778;25,87121
 372,03; 5885,921;  151,907;22418,770;25,75134
 372,63; 5840,114;  141,984;22051,743;26,00727
 373,22; 5860,619;  162,368;21824,363;26,30529
 373,81; 5761,909;  140,907;21614,122;26,17681
 374,40; 5740,654;  153,522;21310,691;26,40775
 374,99; 5702,797;  157,753;21122,573;26,44928
 375,59; 5688,630;  163,061;20765,855;26,81951
 376,18; 5706,151;  191,522;20688,377;26,90476
 376,77; 5681,325;  184,368;20538,952;27,00599
 377,36; 5708,189;  194,599;20427,029;27,25125
 377,95; 5641,806;  181,291;20167,268;27,32173
 378,55; 5580,702;  164,907;19976,041;27,33713
 379,14; 5629,714;  177,522;19901,675;27,64221
 379,73; 5633,069;  165,676;19853,332;27,77067
 380,32; 5673,257;  183,984;19873,181;27,87962
 380,91; 5610,994;  159,676;19667,575;27,94416
 381,50; 5674,664;  181,137;19730,834;28,10032
 382,10; 5633,795;  165,599;19588,104;28,15392
 382,69; 5646,365;  153,061;19536,843;28,33969
 383,28; 5643,988;  185,214;19485,519;28,28335
 383,87; 5627,960;  170,599;19354,118;28,44818
 384,46; 5696,639;  156,599;19303,219;28,93482
 385,05; 5693,266;  194,368;19336,249;28,72705
 385,64; 5714,451;  173,984;19253,926;29,03818
 386,24; 5732,606;  151,214;19260,693;29,20745
 386,83; 5791,884;  185,676;19307,347;29,31861
 387,42; 5840,946;  185,907;19437,221;29,37482
 388,01; 5918,552;  175,906;19692,501;29,42443
 388,60; 5997,207;  180,060;19935,642;29,44559
 389,19; 6088,943;  162,521;20071,470;29,76763
 389,78; 6193,129;  163,137;20300,531;29,94425
 390,37; 6388,127;  226,829;20795,837;29,95428
 390,96; 6386,357;  171,983;20851,213;30,05128
 391,56; 6436,474;  182,136;20980,634;30,07110
 392,15; 6537,359;  156,367;21348,835;30,10972
 392,74; 6609,551;  147,059;21537,383;30,21222
 393,33; 6750,340;  167,290;21800,272;30,43062
 393,92; 6852,985;  173,905;22148,280;30,39485
 394,51; 6951,552;  169,367;22328,946;30,60611
 395,10; 7064,681;  191,212;22592,145;30,68385
 395,69; 7123,927;  172,828;22659,440;30,91217
 396,28; 7139,530;  187,828;22780,161;30,77018
 396,87; 7242,353;  175,366;22794,544;31,24334
 397,46; 7252,052;  191,750;22963,056;31,00526
 398,06; 7309,351;  198,596;23203,119;30,91025
 398,65; 7389,501;  184,672;23227,508;31,26711
 399,24; 7449,682;  204,056;23470,283;31,14225
 399,83; 7394,388;  175,516;23419,733;31,05664
 400,42; 7508,763;  203,053;23563,588;31,27372
 401,01; 7555,488;  185,975;23697,214;31,34464
 401,60; 7597,550;  194,281;23692,232;31,50602
 402,19; 7597,376;  220,049;23599,757;31,55441
 402,78; 7608,024;  222,354;23670,337;31,49811
 403,37; 7580,695;  208,967;23485,360;31,67041
 403,96; 7560,328;  200,734;23392,403;31,73378
 404,55; 7540,099;  220,577;23298,760;31,71620
 405,14; 7484,267;  199,113;23194,704;31,68066
 405,73; 7454,472;  215,417;23072,266;31,67127
 406,32; 7482,268;  222,569;22959,260;31,92944
 406,91; 7401,386;  202,028;22680,458;32,02785
 407,50; 7362,887;  215,873;22530,604;32,02823
 408,09; 7227,967;  186,103;22248,987;31,91724
 408,68; 7255,498;  196,641;22130,582;32,18235
 409,27; 7192,149;  186,488;21935,551;32,21132
 409,86; 7185,730;  200,644;21860,399;32,24915
 410,45; 7151,497;  232,645;21774,441;32,11827
 411,04; 7154,950;  236,801;21640,738;32,32185
 411,63; 7052,396;  213,187;21399,610;32,28109
 412,22; 7013,215;  217,574;21270,990;32,27810
 412,81; 6984,517;  222,959;20933,498;32,64791
 413,40; 6854,906;  249,652;20594,959;32,46574
 413,99; 6816,975;  267,960;20389,882;32,54667
 414,58; 6620,948;  208,498;19983,338;32,42732
 415,17; 6566,725;  208,267;19843,761;32,38247
 415,76; 6519,975;  205,343;19646,204;32,48123
 416,35; 6395,090;  194,882;19356,030;32,35823
 416,94; 6474,648;  229,805;19554,581;32,31522
 417,53; 6535,024;  215,190;19687,836;32,45493
 418,12; 6560,612;  206,036;19787,445;32,45209
 418,71; 6662,252;  232,114;20191,765;32,21568
 419,30; 6722,455;  216,652;20276,876;32,43136
 419,89; 6750,648;  203,267;20467,311;32,31033
 420,48; 6875,397;  235,114;20775,844;32,32740
 421,07; 6888,010;  229,729;20800,062;32,36837
 421,66; 6868,766;  200,037;20766,724;32,42490
 422,25; 6856,159;  203,115;20757,681;32,36772
 422,84; 6881,778;  231,500;20748,871;32,41291
 423,43; 6798,983;  220,500;20404,088;32,59323
 424,02; 6706,827;  234,961;20179,384;32,44950
 424,60; 6544,084;  206,578;19787,501;32,36572
 425,19; 6503,346;  222,654;19548,224;32,49939
 425,78; 6457,038;  240,654;19501,989;32,27390
 426,37; 6416,140;  236,039;19304,849;32,40947
 426,96; 6353,272;  219,193;19247,266;32,23700
 427,55; 6316,430;  211,116;19035,553;32,43291
 428,14; 6185,583;  206,501;18860,636;32,05231
 428,73; 6160,097;  228,501;18686,169;32,13622
 429,32; 6174,896;  231,962;18637,883;32,28817
 429,91; 6198,982;  247,116;18703,205;32,24879
 430,50; 6097,206;  239,732;18496,159;32,08445
 431,08; 6049,941;  252,117;18415,557;31,92030
 431,67; 6025,476;  296,502;18284,691;31,84854
 432,26; 5969,119;  305,502;18077,559;31,86810
 432,85; 5903,005;  340,656;17763,604;31,92542
 433,44; 5778,656;  336,118;17385,023;31,92310
 434,03; 5642,268;  348,349;17082,008;31,63635
 434,62; 5476,939;  307,425;16701,952;31,53195
 435,21; 5443,334;  328,040;16469,644;31,69012
 435,79; 5380,204;  331,041;16336,814;31,54589
 436,38; 5338,720;  313,734;16279,858;31,47280
 436,97; 5306,227;  312,041;16185,273;31,46294
 437,56; 5201,245;  311,273;15964,310;31,23977
 438,15; 5201,924;  279,273;15853,253;31,60817
 438,74; 5202,164;  296,965;15926,346;31,38448
 439,33; 5204,899;  265,965;15886,494;31,61823
 439,91; 5155,172;  228,581;15945,350;31,34608
 440,50; 5231,727;  284,196;16038,265;31,40478
 441,09; 5266,232;  278,197;16137,216;31,45236
 441,68; 5221,092;  268,735;16097,048;31,28796
 442,27; 5201,993;  249,658;16117,378;31,21012
 442,86; 5142,074;  232,505;16092,763;30,95517
 443,44; 5164,396;  240,351;16162,261;30,92622
 444,03; 5225,212;  298,198;16223,997;30,93731
 444,62; 5133,044;  244,351;16069,566;30,89179
 445,21; 5074,837;  251,659;15914,696;30,79337
 445,80; 5070,783;  284,890;15782,390;30,88171
 446,39; 5013,908;  290,429;15504,817;31,04613
 446,97; 4867,412;  245,814;15352,756;30,59254
 447,56; 4815,923;  247,583;15120,833;30,71514
 448,15; 4735,420;  243,660;14991,139;30,45782
 448,74; 4675,279;  266,429;14672,104;30,60495
 449,33; 4616,116;  235,276;14587,031;30,52477
 449,91; 4555,316;  246,815;14400,616;30,44059
 450,50; 4471,267;  242,430;14179,487;30,34240
 451,09; 4430,552;  255,276;14091,361;30,17672
 451,68; 4417,508;  268,969;13991,513;30,23156
 452,26; 4340,036;  267,507;13882,268;29,91260
 452,85; 4301,139;  251,199;13837,578;29,80883
 453,44; 4292,147;  267,277;13788,136;29,76786
 454,03; 4284,540;  239,354;13776,037;29,88314
 454,61; 4246,028;  236,662;13755,146;29,65840
 455,20; 4324,352;  273,816;13940,687;29,63763
 455,79; 4285,907;  268,662;13927,663;29,41098
 456,38; 4335,614;  268,739;14007,442;29,60159
 456,97; 4317,882;  252,124;14070,310;29,42324
 457,55; 4319,260;  250,047;14089,802;29,40235
 458,14; 4335,468;  276,585;14042,968;29,48402
 458,73; 4284,526;  255,355;14008,120;29,29717
 459,31; 4286,180;  288,278;14014,715;29,12556
 459,90; 4326,332;  290,509;14131,760;29,15793
 460,49; 4409,336;  334,432;14244,717;29,29418
 461,08; 4340,109;  264,971;14325,004;28,98385
 461,66; 4335,428;  267,586;14367,019;28,85110
 462,25; 4373,901;  270,971;14422,905;28,99201
 462,84; 4335,144;  297,202;14494,938;28,44075
 463,43; 4285,409;  226,971;14407,032;28,62073
 464,01; 4322,450;  261,125;14470,259;28,58249
 464,60; 4326,592;  299,894;14402,292;28,55329
 465,19; 4177,775;  242,972;14172,423;28,24809
 465,77; 4188,611;  269,972;14117,024;28,29944
 466,36; 4192,345;  281,433;13996,694;28,51504
 466,95; 4055,960;  256,356;13737,152;28,18531
 467,53; 3968,113;  275,203;13416,862;28,10079
 468,12; 3872,181;  284,434;13175,399;27,83149
 468,71; 3835,300;  266,895;12915,296;28,21230
 469,29; 3714,900;  249,511;12695,642;27,84310
 469,88; 3618,755;  266,357;12500,496;27,40199
 470,47; 3701,560;  329,280;12548,915;27,59722
 471,06; 3649,557;  272,819;12534,273;27,53946
 471,64; 3644,608;  281,280;12691,803;27,10061
 472,23; 3637,953;  242,896;12681,781;27,29390
 472,81; 3620,347;  253,050;12749,243;26,94659
 473,40; 3688,986;  261,127;13004,846;26,89842
 473,99; 3818,167;  346,281;13160,323;27,09438
 474,57; 3742,989;  259,742;13250,487;26,81329
 475,16; 3785,693;  274,742;13372,506;26,80572
 475,75; 3811,982;  290,281;13477,287;26,70584
 476,33; 3812,176;  292,666;13553,813;26,54001
 476,92; 3828,479;  300,973;13603,829;26,51691
 477,51; 3830,035;  285,666;13671,153;26,47919
 478,09; 3838,628;  272,974;13702,109;26,55163
 478,68; 3803,108;  289,666;13595,350;26,40557
 479,27; 3822,042;  311,435;13701,522;26,21796
 479,85; 3770,586;  287,281;13703,038;25,96428
 480,44; 3800,194;  276,974;13868,131;25,92288
 481,02; 4143,009;  281,051;15608,402;25,19651
 481,61; 4666,019;  310,897;17388,639;25,50174
 482,20; 4953,001;  305,436;18436,789;25,63275
 482,78; 5181,552;  331,512;19187,657;25,72127
 483,37; 5264,921;  327,205;19643,013;25,56308
 483,95; 5343,805;  357,975;20013,353;25,36624
 484,54; 5388,984;  370,974;20144,321;25,37764
 485,13; 5326,834;  337,667;20034,163;25,33022
 485,71; 5245,585;  317,975;19790,230;25,30580
 486,30; 5209,409;  351,898;19542,570;25,31184
 486,88; 5134,285;  393,436;19107,604;25,33294
 487,47; 4888,929;  376,898;18360,869;25,08918
 488,05; 4632,320;  358,129;17495,548;24,94069
 488,64; 4299,926;  349,283;16059,475;25,14701
 489,23; 3830,833;  355,591;14183,165;25,13269
 489,81; 3303,197;  354,283;12316,831;24,65122
 490,40; 3116,509;  320,822;11823,952;24,30371
 490,98; 3026,008;  299,745;11561,827;24,20745
 491,57; 2986,519;  322,129;11500,035;23,83622
 492,15; 2974,238;  309,822;11427,977;23,96455
 492,74; 2945,833;  312,667;11319,477;23,92306
 493,32; 2923,046;  325,514;11206,867;23,87141
 493,91; 2861,194;  296,591;11161,517;23,60443
 494,50; 2859,962;  317,207;11123,602;23,53010
 495,08; 2821,309;  292,822;11050,719;23,50354
 495,67; 2825,544;  317,283;11013,507;23,44996
 496,25; 2749,856;  255,130;10847,096;23,55300
 496,84; 2716,596;  280,283;10870,055;23,00629
 497,42; 2716,484;  264,899;10808,134;23,25268
 498,01; 2717,027;  278,206;10786,547;23,20843
 498,59; 2660,596;  246,668;10711,606;23,06681
 499,18; 2619,672;  249,899;10642,047;22,80350
 499,76; 2641,694;  282,437;10534,406;23,01272
 500,35; 2573,348;  272,361;10382,539;22,75911
 500,93; 2558,717;  245,361;10380,776;22,82449
 501,52; 2540,912;  261,284;10274,065;22,76718
 502,10; 2539,938;  270,438;10250,171;22,74109
 502,69; 2463,310;  255,900;10120,749;22,37652
 503,27; 2393,882;  234,207; 9897,576;22,34909
 503,86; 2405,105;  250,669; 9860,824;22,41832
 504,44; 2341,036;  227,438; 9778,525;22,12940
 505,03; 2286,512;  219,361; 9540,802;22,17630
 505,61; 2244,488;  238,515; 9417,662;21,85358
 506,19; 2242,157;  256,054; 9241,075;22,10461
 506,78; 2185,553;  230,362; 9085,577;22,07955
 507,36; 2128,754;  229,361; 8926,057;21,84039
 507,95; 2097,842;  234,900; 8738,415;21,90790
 508,53; 2068,779;  237,516; 8704,375;21,62860
 509,12; 2017,082;  247,054; 8504,879;21,43455
 509,70; 2011,691;  262,439; 8391,822;21,51765
 510,29; 1963,809;  257,670; 8187,741;21,51480
 510,87; 1867,290;  233,131; 8085,205;20,81181
 511,46; 1853,599;  226,131; 7883,685;21,25311
 512,04; 1824,583;  242,285; 7748,083;21,08100
 512,62; 1764,192;  245,054; 7648,102;20,52045
 513,21; 1729,498;  224,208; 7429,407;20,89172
 513,79; 1712,186;  227,824; 7325,385;20,91368
 514,38; 1660,265;  210,747; 7153,170;20,87914
 514,96; 1670,914;  253,824; 7072,624;20,78210
 515,54; 1579,503;  221,670; 6956,391;20,16168
 516,13; 1596,588;  246,824; 6858,308;20,41544
 516,71; 1546,516;  240,901; 6759,824;20,02807
 517,30; 1527,672;  215,132; 6655,856;20,37876
 517,88; 1512,010;  245,978; 6549,899;20,08325
 518,46; 1495,987;  216,825; 6445,769;20,53578
 519,05; 1457,122;  222,517; 6391,915;20,01176
 519,63; 1441,450;  237,056; 6323,787;19,78721
 520,22; 1437,577;  249,979; 6288,022;19,66859
 520,80; 1408,299;  242,287; 6198,368;19,57684
 521,38; 1447,292;  262,748; 6200,291;19,95007
 521,97; 1377,050;  221,595; 6142,052;19,51631
 522,55; 1394,316;  241,133; 6160,067;19,48296
 523,13; 1360,792;  231,441; 6158,127;19,05536
 523,72; 1373,940;  233,517; 6114,658;19,39119
 524,30; 1425,062;  254,210; 6244,255;19,54663
 524,89; 1373,618;  228,672; 6275,014;18,93618
 525,47; 1412,624;  241,826; 6379,471;19,07570
 526,05; 1415,877;  217,210; 6445,512;19,24548
 526,64; 1448,672;  246,672; 6579,212;18,98132
 527,22; 1479,248;  241,133; 6699,623;19,17035
 527,80; 1497,046;  272,749; 6847,730;18,62054
 528,39; 1506,703;  234,364; 6929,961;19,00262
 528,97; 1529,910;  245,057; 7088,668;18,77450
 529,55; 1560,512;  251,749; 7287,682;18,60114
 530,14; 1604,892;  262,288; 7408,121;18,78863
 530,72; 1583,811;  245,518; 7543,700;18,33735
 531,30; 1616,229;  228,134; 7703,083;18,56996
 531,89; 1667,894;  237,903; 7794,836;18,92290
 532,47; 1688,041;  267,442; 7893,471;18,62830
 533,05; 1663,529;  268,595; 7934,621;18,19632
 533,63; 1666,488;  278,595; 7979,036;18,02355
 534,22; 1646,452;  250,365; 7972,022;18,08016
 534,80; 1695,834;  262,442; 8099,771;18,28929
 535,38; 1774,300;  341,672; 8203,953;18,22153
 535,97; 1635,893;  266,903; 8173,981;17,31347
 536,55; 1688,569;  305,211; 8254,394;17,40252
 537,13; 1683,757;  323,441; 8215,447;17,23663
 537,71; 1737,573;  373,903; 8254,101;17,30503
 538,30; 1730,383;  386,826; 8350,242;16,87161
 538,88; 1743,561;  432,134; 8478,329;16,29872
 539,46; 1819,793;  498,826; 8667,939;16,17025
 540,05; 1817,519;  527,519; 8820,864;15,55464
 540,63; 1892,230;  572,519; 8990,574;15,67715
 541,21; 1894,794;  614,673; 9193,347;14,92213
 541,79; 1897,689;  671,058; 9311,562;14,19630
 542,38; 1939,797;  689,519; 9445,133;14,27973
 542,96; 1971,728;  693,058; 9619,609;14,32435
 543,54; 2044,624;  719,596; 9836,509;14,53373
 544,12; 2005,277;  681,058; 9928,388;14,32002
 544,70; 2001,508;  661,365;10039,321;14,29035
 545,29; 2055,634;  673,673;10246,750;14,43592
 545,87; 2068,843;  633,596;10184,716;15,02701
 546,45; 2008,596;  591,365;10217,022;14,72348
 547,03; 2021,290;  572,981;10300,497;14,88878
 547,62; 2031,832;  518,211;10439,230;15,25671
 548,20; 2079,020;  521,442;10550,924;15,52999
 548,78; 2043,389;  485,058;10661,424;15,31323
 549,36; 2074,620;  440,827;10878,890;15,65226
 549,94; 2076,430;  396,904;10967,230;15,88907
 550,53; 2098,207;  394,597;11243,548;15,70299
 551,11; 2117,374;  366,597;11426,754;15,82959
 551,69; 2158,357;  372,443;11750,056;15,69674
 552,27; 2183,497;  335,750;11965,538;15,88805
 552,85; 2246,088;  339,828;12399,722;15,80661
 553,44; 2293,058;  327,827;12632,746;15,97109
 554,02; 2349,394;  348,520;12991,011;15,82658
 554,60; 2348,159;  283,751;13303,900;15,85549
 555,18; 2450,208;  337,674;13660,566;15,85643
 555,76; 2483,408;  296,751;14025,058;15,92809
 556,34; 2564,319;  319,982;14440,574;15,89407
 556,93; 2617,730;  292,827;14817,570;16,00650
 557,51; 2636,863;  272,828;15124,930;15,91717
 558,09; 2695,227;  311,674;15550,738;15,64108
 558,67; 2782,531;  301,982;15980,181;15,82164
 559,25; 2819,433;  313,905;16151,376;15,82026
 559,83; 2856,120;  293,366;16481,564;15,83100
 560,41; 2901,748;  286,058;16862,821;15,77926
 561,00; 2960,558;  297,982;17133,505;15,81523
 561,58; 2976,457;  280,597;17395,894;15,75117
 562,16; 3005,338;  271,904;17779,125;15,61318
 562,74; 3041,128;  263,827;18061,689;15,60469
 563,32; 3103,834;  258,366;18555,839;15,55115
 563,90; 3142,852;  285,982;18895,612;15,35157
 564,48; 3214,101;  285,751;19333,837;15,37346
 565,06; 3285,913;  280,289;19947,851;15,28214
 565,65; 3409,894;  292,059;20622,618;15,33571
 566,23; 3526,830;  322,520;21339,029;15,24663
 566,81; 3551,763;  278,059;22097,728;15,00346
 567,39; 3686,726;  294,136;22907,408;15,00265
 567,97; 3832,260;  308,982;23588,507;15,13466
 568,55; 3963,109;  321,982;24428,159;15,10454
 569,13; 3990,682;  289,366;25136,232;14,89651
 569,71; 4153,129;  276,135;26086,631;15,02100
 570,29; 4256,892;  326,443;27122,260;14,66815
 570,87; 4362,913;  312,058;27695,989;14,79282
 571,45; 4437,421;  314,443;28347,347;14,70764
 572,03; 4479,599;  282,828;28732,112;14,75176
 572,61; 4548,733;  274,520;29528,849;14,61053
 573,20; 4659,741;  299,828;30153,456;14,60430
 573,78; 4705,463;  293,828;30820,809;14,45159
 574,36; 4805,187;  312,213;31253,624;14,52091
 574,94; 4860,856;  364,213;31533,971;14,42630
 575,52; 4809,415;  308,213;31827,474;14,28080
 576,10; 4953,966;  363,367;32450,122;14,30684
 576,68; 4991,865;  358,290;33028,049;14,18307
 577,26; 5091,073;  367,521;33736,551;14,15550
 577,84; 5138,442;  385,059;34142,922;14,08082
 578,42; 5202,836;  422,905;34469,867;14,03923
 579,00; 5157,323;  361,905;34548,932;14,02701
 579,58; 5188,848;  415,982;34727,896;13,91023
 580,16; 5164,899;  384,905;34758,278;13,90609
 580,74; 5179,398;  384,213;34964,545;13,86680
 581,32; 5170,534;  389,059;35108,920;13,77159
 581,90; 5167,522;  427,444;35079,815;13,67894
 582,48; 5197,989;  405,982;35241,094;13,75626
 583,06; 5180,175;  412,982;35258,837;13,68080
 583,64; 5195,060;  409,520;35402,877;13,67557
 584,22; 5194,895;  424,675;35244,258;13,69982
 584,80; 5087,611;  423,982;34992,377;13,49102
 585,38; 5062,118;  435,443;34555,309;13,56006
 585,96; 5077,539;  392,059;34740,574;13,64100
 586,54; 5065,687;  421,829;34710,153;13,54356
 587,12; 5068,027;  387,290;34850,896;13,58168
 587,70; 5119,270;  416,751;35114,610;13,55276
 588,28; 5092,126;  390,290;35095,402;13,54796
 588,86; 5065,941;  391,059;35225,047;13,42046
 589,44; 5095,763;  386,290;35307,462;13,48601
 590,02; 5130,707;  375,059;35498,642;13,53975
 590,59; 5118,926;  368,367;35700,997;13,44525
 591,17; 5150,124;  359,291;35892,185;13,48281
 591,75; 5156,072;  353,983;35999,092;13,47194
 592,33; 5208,499;  364,675;36339,778;13,46438
 592,91; 5199,633;  315,906;36533,304;13,48448
 593,49; 5232,560;  327,598;36828,725;13,43783
 594,07; 5293,260;  342,521;37042,569;13,48973
 594,65; 5267,536;  354,598;37044,483;13,39044
 595,23; 5324,764;  339,367;37404,855;13,45024
 595,81; 5322,472;  345,060;37547,997;13,37908
 596,39; 5307,021;  324,598;37683,478;13,33665
 596,97; 5354,144;  328,598;37855,211;13,39195
 597,55; 5327,397;  325,213;37711,778;13,37963
 598,12; 5332,190;  314,291;37800,790;13,38588
 598,70; 5328,624;  310,214;38006,764;13,31265
 599,28; 5407,819;  331,137;38069,134;13,45244
 599,86; 5347,025;  315,598;38174,991;13,28977
 600,44; 5351,250;  282,906;38262,318;13,34498
 601,02; 5411,511;  340,368;38274,454;13,36830
 601,60; 5346,371;  310,598;38211,478;13,28669
 602,18; 5297,949;  296,983;38197,924;13,19483
 602,75; 5330,895;  294,983;38376,806;13,22393
 603,33; 5327,077;  306,598;38291,535;13,21703
 603,91; 5309,386;  300,445;38330,559;13,17099
 604,49; 5357,355;  326,521;38431,723;13,20248
 605,07; 5371,401;  334,060;38389,059;13,23700
 605,65; 5343,230;  364,983;38516,296;13,04869
 606,23; 5383,778;  413,675;38688,742;12,98523
 606,80; 5383,099;  480,983;38775,483;12,80110
 607,38; 5379,296;  527,522;38761,132;12,68982
 607,96; 5406,338;  578,444;38960,250;12,57860
 608,54; 5416,895;  643,829;38955,049;12,45866
 609,12; 5409,371;  664,521;39056,084;12,35909
 609,70; 5441,608;  711,598;39105,464;12,31970
 610,27; 5433,707;  707,752;39194,796;12,27934
 610,85; 5482,933;  728,060;39233,460;12,34859
 611,43; 5458,072;  725,060;39176,948;12,30892
 612,01; 5406,281;  691,367;38928,974;12,33057
 612,59; 5404,364;  683,675;38959,187;12,33344
 613,16; 5320,846;  643,213;38847,966;12,24359
 613,74; 5361,888;  613,137;38764,905;12,44700
 614,32; 5347,543;  549,214;38724,268;12,56928
 614,90; 5300,931;  499,829;38549,519;12,61798
 615,48; 5251,795;  453,290;38134,209;12,73458
 616,05; 5239,929;  407,290;38243,788;12,77243
 616,63; 5233,216;  421,982;37956,906;12,81802
 617,21; 5189,308;  411,290;37898,211;12,74583
 617,79; 5186,076;  385,213;37770,203;12,84169
 618,36; 5183,605;  404,137;37711,889;12,81092
 618,94; 5112,029;  337,213;37384,847;12,88831
 619,52; 5061,350;  370,367;37017,883;12,80027
 620,10; 5080,747;  356,290;37089,547;12,86152
 620,67; 5039,949;  358,982;36973,199;12,78456
 621,25; 5085,434;  374,137;36797,816;12,93471
 621,83; 5053,504;  358,444;36743,509;12,90381
 622,41; 5071,828;  398,136;36802,043;12,83844
 622,98; 5007,455;  365,675;36487,673;12,85029
 623,56; 4978,601;  363,444;36488,987;12,77533
 624,14; 4993,826;  337,675;36356,652;12,92694
 624,72; 4978,141;  335,675;36237,323;12,93107
 625,29; 4954,873;  327,521;36403,126;12,82682
 625,87; 5010,334;  367,752;36321,989;12,91248
 626,45; 4943,805;  319,674;36112,744;12,91907
 627,02; 4929,820;  316,983;36082,363;12,89749
 627,60; 4935,566;  314,829;36020,701;12,94111
 628,18; 4969,525;  303,752;36171,391;13,00831
 628,76; 4925,262;  305,675;36192,786;12,87255
 629,33; 4982,733;  340,059;36113,721;12,97791
 629,91; 4958,362;  325,598;36022,547;12,97804
 630,49; 4993,091;  328,444;36232,402;12,99201
 631,06; 5045,160;  326,675;36390,638;13,08366
 631,64; 5003,305;  319,059;36324,626;13,00978
 632,22; 4959,317;  274,597;36382,197;12,97433
 632,79; 5037,435;  322,059;36485,337;13,03913
 633,37; 5066,594;  297,675;36621,177;13,12902
 633,95; 5073,324;  288,136;36675,495;13,15069
 634,52; 5094,380;  276,675;36730,705;13,21584
 635,10; 5110,039;  289,367;36741,786;13,22456
 635,68; 5136,177;  286,828;36947,244;13,22775
 636,25; 5146,172;  276,905;36915,262;13,29008
 636,83; 5174,647;  262,213;37121,017;13,32771
 637,41; 5224,150;  274,674;37206,001;13,40184
 637,98; 5244,755;  306,444;37369,365;13,32413
 638,56; 5283,293;  293,213;37423,894;13,43924
 639,13; 5278,408;  268,982;37536,408;13,44184
 639,71; 5355,921;  313,367;37616,102;13,51792
 640,29; 5289,084;  249,290;37483,827;13,53527
 640,86; 5320,626;  263,829;37608,175;13,54100
 641,44; 5324,936;  257,059;37643,369;13,55544
 642,02; 5364,554;  290,675;37552,947;13,61667
 642,59; 5394,019;  267,752;37784,833;13,66382
 643,17; 5388,483;  268,213;37738,797;13,66477
 643,74; 5365,640;  268,521;37719,375;13,61015
 644,32; 5407,797;  289,675;37727,185;13,67111
 644,89; 5423,569;  287,444;37749,917;13,71005
 645,47; 5427,033;  293,136;37742,649;13,70885
 646,05; 5469,728;  283,444;37635,997;13,88468
 646,62; 5444,347;  279,444;37705,499;13,80029
 647,20; 5437,888;  280,829;37790,001;13,74880
 647,77; 5456,045;  255,598;37644,271;13,90915
 648,35; 5484,971;  250,906;37527,465;14,04117
 648,92; 5479,743;  279,367;37684,429;13,90287
 649,50; 5441,515;  250,906;37519,623;13,92752
 650,08; 5446,056;  245,444;37436,201;13,98361
 650,65; 5517,905;  250,059;37720,164;14,05880
 651,23; 5611,369;  235,367;38578,204;14,02088
 651,80; 5714,372;  252,213;39453,014;13,93379
 652,38; 5809,683;  268,521;39722,439;14,04464
 652,95; 5898,378;  226,752;40098,709;14,22460
 653,53; 5943,227;  258,290;40364,211;14,17481
 654,10; 6038,153;  281,444;40538,482;14,29988
 654,68; 5969,540;  244,675;40444,676;14,24096
 655,25; 5977,236;  239,213;40461,716;14,26570
 655,83; 6009,931;  228,136;40508,141;14,35401
 656,40; 6053,395;  271,598;40445,104;14,39207
 656,98; 6058,167;  254,136;40318,683;14,48670
 657,55; 6051,401;  246,829;40238,184;14,51457
 658,13; 6012,711;  248,060;39854,147;14,55496
 658,70; 6005,637;  253,521;39571,803;14,62962
 659,28; 5893,179;  246,060;38705,305;14,68339
 659,85; 5805,335;  262,675;37995,652;14,68917
 660,43; 5829,338;  272,213;38124,539;14,68107
 661,00; 5851,572;  257,675;38183,887;14,74942
 661,58; 5903,959;  241,060;38596,927;14,76410
 662,15; 5913,501;  242,598;38731,659;14,73380
 662,73; 6097,965;  301,983;39005,930;14,97517
 663,30; 6088,045;  253,367;39203,816;14,97974
 663,88; 6071,817;  256,060;39421,702;14,84913
 664,45; 6122,666;  244,367;39620,666;14,92852
 665,03; 6240,515;  254,521;39985,937;15,06615
 665,60; 6378,595;  316,214;40520,746;15,07885
 666,17; 6381,905;  254,598;40428,017;15,25214
 666,75; 6436,523;  242,214;40843,288;15,25652
 667,32; 6534,065;  267,829;41217,482;15,30229
 667,90; 6527,298;  245,598;41383,445;15,26988
 668,47; 6647,455;  271,367;41710,177;15,38675
 669,05; 6673,150;  246,675;41959,987;15,40629
 669,62; 6682,153;  232,675;42068,334;15,41622
 670,19; 6723,387;  233,983;42169,990;15,47454
 670,77; 6833,159;  254,214;42304,492;15,64543
 671,34; 6814,162;  242,829;42208,070;15,65899
 671,92; 6921,318;  232,214;42635,572;15,77494
 672,49; 6907,475;  258,368;42667,920;15,67833
 673,06; 6950,632;  202,444;42635,114;15,90328
 673,64; 6922,942;  231,368;42700,461;15,75634
 674,21; 6960,945;  228,137;42609,886;15,88610
 674,79; 7080,102;  249,060;42890,311;16,01980
 675,36; 7122,566;  255,906;42975,966;16,07362
 675,93; 7091,262;  214,368;42917,237;16,10406
 676,51; 7136,187;  257,060;43025,124;16,08473
 677,08; 7192,036;  251,983;43040,702;16,21935
 677,65; 7251,578;  256,752;43272,204;16,26119
 678,23; 7287,811;  252,675;43462,936;16,28117
 678,80; 7352,507;  246,137;43560,438;16,40652
 679,38; 7381,048;  238,214;43675,940;16,44385
 679,95; 7481,358;  255,983;43972,518;16,52779
 680,52; 7543,669;  243,522;44151,789;16,62591
 681,10; 7642,980;  266,445;44679,675;16,60887
 681,67; 7674,905;  258,752;44925,254;16,60339
 682,24; 7704,293;  222,214;44956,371;16,72565
 682,82; 7861,911;  236,829;45528,796;16,83540
 683,39; 8006,222;  280,214;45801,605;16,97226
 683,96; 8035,378;  252,060;46075,414;16,98548
 684,54; 8100,458;  225,060;46441,070;17,04041
 685,11; 8229,384;  270,675;46745,956;17,12461
 685,68; 8308,233;  238,906;47180,458;17,19016
 686,25; 8312,390;  222,445;47207,498;17,21812
 686,83; 8332,777;  225,829;47329,000;17,21105
 687,40; 8440,703;  224,522;47665,886;17,31860
 687,97; 8552,168;  266,599;48162,003;17,29930
 688,55; 8564,017;  221,214;48141,505;17,40975
 689,12; 8634,789;  205,291;48464,929;17,46697
 689,69; 8721,484;  221,676;48479,431;17,61335
 690,26; 8734,718;  241,676;48570,240;17,57354
 690,84; 8724,567;  231,368;48818,896;17,48020
 691,41; 8840,262;  239,599;48830,320;17,70022
 691,98; 8893,034;  240,752;49118,591;17,70185
 692,56; 8893,344;  229,214;49195,785;17,69397
 693,13; 9043,809;  281,137;49234,749;17,89995
 693,70; 9084,965;  247,522;49411,558;17,97542
 694,27; 9112,199;  224,676;49584,367;18,00563
 694,84; 9161,048;  226,599;49660,792;18,07342
 695,42; 9220,974;  276,291;49738,524;18,08386
 695,99; 9290,362;  240,599;50041,565;18,17186
 696,56; 9302,672;  230,983;49822,989;18,29264
 697,13; 9419,906;  251,522;50241,106;18,34059
 697,71; 9418,293;  224,214;50276,993;18,36877
 698,28; 9513,758;  233,368;50717,956;18,38262
 698,85; 9556,299;  210,676;50624,227;18,53792
 699,42; 9638,763;  210,137;50795,728;18,63896
 699,99; 9656,997;  266,753;50976,999;18,51745
 700,57; 9737,461;  247,906;50926,347;18,72503
 701,14; 9751,156;  226,060;51028,464;18,74930
 701,71; 9853,313;  245,445;51214,043;18,85056
 702,28; 9880,162;  243,445;51274,390;18,88407
 702,85; 9949,780;  254,676;51489,815;18,92276
 703,43;10030,168;  256,291;51675,163;19,00835
 704,00;10142,632;  276,907;51821,280;19,14026
 704,57;10122,558;  255,599;51809,012;19,13929
 705,14;10246,792;  290,830;52136,437;19,20310
 705,71;10306,256;  281,599;52095,785;19,34732
 706,28;10248,259;  260,676;52033,056;19,29133
 706,86;10382,954;  285,368;52219,096;19,44321
 707,43;10416,649;  317,060;52161,136;19,48070
 708,00;10435,652;  284,368;52207,869;19,55046
 708,57;10372,347;  261,984;52063,293;19,51758
 709,14;10503,735;  291,830;52260,256;19,65021
 709,71;10526,045;  259,137;52303,527;19,72721
 710,28;10561,741;  265,676;52506,952;19,70868
 710,86;10602,359;  276,137;52649,685;19,71648
 711,43;10738,208;  282,445;52711,955;19,94251
 712,00;10703,595;  261,984;52665,534;19,92539
 712,57;10814,752;  282,214;52900,113;20,01702
 713,14;10825,063;  260,061;52861,153;20,08514
 713,71;10852,835;  263,522;52892,808;20,12057
 714,28;10928,530;  250,599;52935,079;20,26770
 714,85;10864,379;  243,907;52642,965;20,26844
 715,42;10916,536;  241,753;52961,775;20,24806
 716,00;11063,615;  301,061;53003,353;20,42142
 716,57;11009,003;  241,061;53124,316;20,36172
 717,14;11000,621;  236,368;53061,972;20,37696
 717,71;11078,393;  220,138;53154,935;20,51251
 718,28;11189,934;  271,522;53179,821;20,63648
 718,85;11220,553;  234,830;53209,631;20,73764
 719,42;11321,556;  237,522;53375,440;20,85899
 719,99;11290,174;  220,907;53217,326;20,88682
 720,56;11374,946;  245,753;53485,367;20,90397
 721,13;11351,026;  226,830;53548,253;20,86253
 721,70;11474,952;  214,522;53383,601;21,17853
 722,27;11506,954;  254,984;53449,179;21,15263
 722,84;11588,188;  290,368;53625,296;21,18278
 723,41;11550,114;  219,292;53601,952;21,22566
 723,98;11656,194;  237,984;53809,223;21,31407
 724,55;11741,812;  271,753;53838,109;21,41280
 725,12;11700,276;  194,138;53899,611;21,42452
 725,69;11824,510;  222,599;53996,343;21,57542
 726,27;11890,974;  238,676;54020,691;21,66579
 726,84;11953,593;  237,215;54352,962;21,65059
 727,41;12010,749;  247,599;54325,310;21,75231
 727,98;12101,829;  253,522;54627,042;21,79058
 728,55;12132,371;  270,369;54566,774;21,84675
 729,12;12188,143;  219,830;54591,199;22,01216
 729,69;12313,838;  273,292;54819,855;22,07389
 730,26;12322,610;  249,599;54991,972;22,05423
 730,82;12296,843;  246,676;54801,858;22,08803
 731,39;12427,616;  243,445;54894,283;22,29457
 731,96;12456,618;  232,984;55116,169;22,27209
 732,53;12585,006;  244,215;55468,824;22,34654
 733,10;12659,393;  258,984;55492,711;22,45079
 733,67;12747,627;  244,599;55699,751;22,54620
 734,24;12666,245;  243,676;55432,099;22,50937
 734,81;12806,325;  270,369;55555,754;22,67499
 735,38;12718,174;  249,599;55315,256;22,64311
 735,95;12727,331;  240,676;55056,219;22,77940
 736,52;12801,334;  263,676;55354,336;22,75823
 737,09;12690,413;  261,599;54997,838;22,70674
 737,66;12801,032;  299,369;55233,109;22,75771
 738,23;12822,496;  250,215;55200,072;22,87955
 738,80;12950,191;  305,599;55528,573;22,89734
 739,37;12969,656;  286,523;55690,383;22,89215
 739,94;12978,505;  251,830;55706,423;22,94972
 740,51;13081,815;  352,753;55704,078;22,99685
 741,07;13013,818;  256,292;55709,349;23,00599
 741,64;13140,052;  285,215;55927,697;23,10256
 742,21;13167,362;  260,753;55903,353;23,19555
 742,78;13110,442;  224,523;55704,931;23,22607
 743,35;13239,137;  256,446;56020,510;23,28147
 743,92;13258,140;  292,984;56187,781;23,19564
 744,49;13360,912;  282,984;56069,821;23,44268
 745,06;13298,223;  246,984;56056,707;23,38524
 745,63;13364,841;  240,984;56037,055;23,52111
 746,19;13338,305;  236,753;56016,326;23,48808
 746,76;13331,077;  263,677;56017,520;23,43767
 747,33;13430,696;  245,907;56044,021;23,62945
 747,90;13557,006;  276,446;56258,908;23,72272
 748,47;13520,240;  260,292;56098,563;23,74706
 749,04;13610,704;  267,369;56140,065;23,88167
 749,61;13619,861;  277,446;56087,874;23,90667
 750,17;13622,787;  273,677;56126,453;23,90053
 750,74;13690,174;  266,754;56050,339;24,06339
 751,31;13658,408;  242,677;56038,379;24,04438
 751,88;13684,718;  237,215;55875,804;24,16938
 752,45;13717,567;  254,292;55955,306;24,17061
 753,02;13785,878;  267,523;55796,423;24,34472
 753,58;13830,342;  245,523;55712,924;24,49154
 754,15;13865,653;  249,600;55850,580;24,48887
 754,72;13796,502;  253,907;55587,620;24,47440
 755,29;13751,659;  225,215;55477,429;24,48127
 755,86;13828,200;  243,600;55599,392;24,54052
 756,42;13906,895;  254,446;55484,202;24,71937
 756,99;13803,744;  215,600;55437,396;24,60649
 757,56;13895,516;  226,908;55457,897;24,74808
 758,13;13859,981;  191,446;55448,784;24,73614
 758,70;13992,445;  208,754;55384,285;24,98153
 759,26;13973,063;  206,600;55497,633;24,89818
 759,83;13988,451;  215,138;55651,904;24,84509
 760,40;14015,684;  207,292;55360,559;25,03640
 760,97;14020,226;  192,677;55437,446;25,02961
 761,53;14015,152;  189,677;54953,794;25,24550
 762,10;14021,001;  179,523;55044,218;25,22839
 762,67;14058,157;  222,215;55154,181;25,18741
 763,24;13886,853;  166,523;54675,760;25,17065
 763,80;14018,471;  201,754;54842,877;25,28630
 764,37;13953,474;  204,061;54755,379;25,20455
 764,94;13895,938;  199,600;54295,573;25,31859
 765,50;13930,710;  197,369;54383,382;25,34481
 766,07;13954,021;  246,215;54367,653;25,32787
 766,64;13876,870;  210,138;54001,770;25,40680
 767,21;13854,257;  223,831;53891,656;25,39776
 767,77;13950,414;  239,754;53840,927;25,57903
 768,34;13934,186;  242,215;53776,737;25,57597
 768,91;13932,112;  242,292;53575,084;25,66867
 769,47;13980,192;  247,215;53579,817;25,74968
 770,04;13975,656;  232,600;53440,011;25,82921
 770,61;13882,428;  225,215;53255,435;25,75364
 771,18;13822,431;  208,446;53085,091;25,74669
 771,74;13958,742;  235,292;53323,285;25,85038
 772,31;13900,667;  230,215;53058,940;25,87693
 772,88;13816,901;  214,446;52707,750;25,91274
 773,44;13804,442;  218,446;52618,482;25,92746
 774,01;13925,138;  234,446;52727,599;26,08091
 774,58;13809,833;  223,216;52399,947;26,03961
 775,14;13863,297;  211,600;52576,064;26,07054
 775,71;13928,069;  215,985;52494,797;26,22876
 776,27;13978,226;  268,600;52398,067;26,29919
 776,84;13993,690;  295,139;52499,492;26,24025
 777,41;14003,385;  235,139;52180,071;26,50547
 777,97;13923,696;  231,985;51969,342;26,46388
 778,54;13935,468;  238,369;51924,766;26,50039
 779,11;13971,471;  260,293;51930,191;26,53610
 779,67;13957,243;  214,677;51953,308;26,56152
 780,24;13913,707;  238,523;51668,887;26,58971
 780,80;13995,941;  249,523;51699,773;26,71788
 781,37;13985,021;  243,293;51610,659;26,75186
 781,94;13878,870;  234,908;51420,238;26,65600
 782,50;13946,334;  240,293;51404,739;26,78821
 783,07;13936,337;  254,677;51467,472;26,71532
 783,63;13942,955;  221,908;51216,358;26,90694
 784,20;13956,651;  253,523;51172,475;26,91164
 784,77;13899,576;  231,062;50910,054;26,97077
 785,33;13927,733;  212,985;50735,940;27,14558
 785,90;13909,198;  234,600;50656,749;27,12022
 786,46;13914,662;  250,446;50620,020;27,12792
 787,03;13874,434;  221,446;50350,599;27,23562
 787,59;13911,975;  236,600;50371,947;27,27691
 788,16;13849,209;  240,985;50292,141;27,18863
 788,73;13817,212;  244,062;50144,565;27,20043
 789,29;13718,830;  228,677;49801,529;27,21278
 789,86;13781,064;  253,677;49716,876;27,34839
 790,42;13791,759;  235,908;49448,378;27,54556
 790,99;13706,608;  250,831;49178,649;27,50128
 791,55;13676,380;  224,447;49200,535;27,46633
 792,12;13727,921;  259,216;49231,883;27,50250
 792,68;13657,001;  242,216;48849,846;27,59811
 793,25;13617,312;  241,293;48615,886;27,65092
 793,81;13641,007;  295,600;48344,542;27,77461
 794,38;13471,087;  207,370;48147,736;27,66712
 794,94;13500,243;  218,985;47935,007;27,83396
 795,51;13502,323;  247,447;47653,431;27,96034
 796,07;13346,403;  240,139;47466,087;27,75225
 796,64;13444,252;  244,216;47469,204;27,95138
 797,20;13351,255;  241,677;47105,552;27,97374
 797,77;13255,181;  215,908;46680,823;28,06262
 798,33;13157,645;  226,370;46547,632;27,91650
 798,90;13189,648;  256,524;46521,903;27,95422
 799,46;13104,420;  225,601;45897,789;28,19838
 800,03;13093,346;  238,831;45879,368;28,16469
 800,59;13103,503;  250,601;45703,177;28,27761
 801,15;13074,429;  252,985;45521,910;28,32284
 801,72;12985,047;  240,293;45155,334;28,37525
 802,28;12946,434;  265,370;44877,221;28,42533
 802,85;12861,053;  236,524;44621,338;28,44335
 803,41;12862,055;  237,447;44556,762;28,48557
 803,98;12761,674;  235,293;44047,418;28,59113
 804,54;12713,676;  233,524;43920,766;28,56704
 805,11;12625,679;  241,139;43638,113;28,53780
 805,67;12687,528;  261,216;43593,461;28,67683
 806,23;12497,916;  241,216;43168,732;28,55208
 806,80;12511,457;  247,985;43040,695;28,65785
 807,36;12567,614;  257,447;43046,812;28,76922
 807,93;12487,309;  278,985;42722,237;28,76387
 808,49;12378,004;  222,216;42402,585;28,81859
 809,05;12251,545;  207,601;42154,087;28,71264
 809,62;12359,164;  251,524;42141,511;28,90342
 810,18;12285,244;  246,755;42042,551;28,80311
 810,74;12200,554;  216,985;41760,822;28,84560
 811,31;12159,326;  210,601;41524,709;28,92166
 811,87;12156,714;  234,524;41277,903;29,04778
 812,44;12154,178;  254,524;41479,250;28,86533
 813,00;11994,258;  192,293;41034,598;28,89642
 813,56;12170,184;  243,139;41162,484;29,14769
 814,13;12107,956;  233,985;41008,448;29,12110
 814,69;12056,343;  236,062;40900,949;29,06754
 815,25;11987,038;  207,139;40381,066;29,32225
 815,82;12015,657;  240,755;40351,491;29,35599
 816,38;12032,429;  268,601;40127,762;29,51349
 816,94;11852,816;  215,062;39958,802;29,28198
 817,51;11824,050;  212,524;39646,535;29,44546
 818,07;11804,053;  218,909;39392,882;29,57357
 818,63;11769,133;  231,755;39210,307;29,59930
 819,20;11815,520;  227,524;39112,270;29,80088
 819,76;11647,754;  214,909;38788,849;29,63878
 820,32;11657,141;  256,139;38646,966;29,69720
 820,89;11645,605;  247,370;38460,391;29,82815
 821,45;11487,224;  214,986;38189,431;29,68375
 822,01;11464,304;  233,216;37871,086;29,83986
 822,57;11472,076;  241,063;37855,280;29,85843
 823,14;11403,155;  211,293;37486,167;30,02522
 823,70;11365,774;  219,293;37306,745;30,05459
 824,26;11262,084;  214,139;37121,939;29,93390
 824,82;11339,241;  236,524;37027,441;30,17787
 825,39;11217,090;  214,370;36749,481;30,11547
 825,95;11280,477;  244,063;36730,752;30,24778
 826,51;11170,711;  232,755;36361,330;30,27508
 827,08;11162,175;  261,986;36483,217;30,09337
 827,64;11171,024;  243,140;36268,334;30,33401
 828,20;11031,181;  212,370;35898,143;30,31687
 828,76;11107,799;  253,986;35886,029;30,46082
 829,32;11092,956;  257,370;35756,454;30,52356
 829,89;10978,728;  214,293;35706,186;30,32928
 830,45;11028,654;  239,140;35627,303;30,48905
 831,01;11051,888;  225,370;35479,190;30,71020
 831,57;11054,044;  229,986;35345,230;30,82439
 832,14;10972,816;  211,140;35348,655;30,62731
 832,70;10969,050;  210,447;35060,695;30,87095
 833,26;10922,438;  206,678;34902,889;30,88452
 833,82;10944,210;  235,063;34895,467;30,89735
 834,38;10931,828;  209,909;34862,200;30,94144
 834,95;10944,138;  208,063;34716,471;31,11148
 835,51;10868,295;  186,217;34589,818;31,04930
 836,07;10913,144;  221,370;34684,397;31,02390
 836,63;10922,685;  247,909;34621,206;31,05543
 837,19;10892,996;  234,524;34434,862;31,16481
 837,75;10750,153;  190,217;34086,287;31,15387
 838,32;10873,002;  249,371;34296,327;31,20288
 838,88;10847,235;  242,447;34342,905;31,09867
 839,44;10822,931;  229,217;34228,561;31,15858
 840,00;10812,626;  220,217;34125,293;31,24137
 840,56;10745,244;  212,294;33756,487;31,40022
 841,12;10720,478;  207,601;33786,296;31,30817
 841,68;10656,865;  198,140;33638,490;31,27576
 842,25;10761,176;  209,371;33518,838;31,67810
 842,81;10629,178;  211,678;33322,032;31,46297
 843,37;10685,643;  207,601;33416,226;31,55217
 843,93;10600,261;  215,140;33342,497;31,34908
 844,49;10717,341;  230,678;33339,999;31,67284
 845,05;10618,421;  189,140;33131,347;31,65933
 845,61;10695,116;  237,524;33205,002;31,72093
 846,17;10682,657;  208,294;33015,658;31,92687
 846,73;10699,506;  217,217;33016,775;31,95863
 847,29;10602,663;  200,525;32860,661;31,84965
 847,86;10624,512;  207,217;32722,009;32,03863
 848,42;10597,669;  196,140;32543,203;32,15602
 848,98;10606,210;  216,678;32561,858;32,12080
 849,54;10603,367;  199,755;32552,283;32,15703
 850,10;10567,908;  224,755;32341,708;32,20465
 850,66;10503,142;  201,063;32299,517;32,09525
 851,22;10534,067;  193,832;32128,403;32,37944
 851,78;10534,686;  247,832;32229,674;32,16467
 852,34;10496,996;  222,755;31870,637;32,46423
 852,90;10443,922;  213,602;31847,831;32,33940
 853,46;10438,464;  204,294;31624,410;32,57203
 854,02;10392,774;  213,678;31638,450;32,39195
 854,58;10324,085;  204,678;31429,105;32,40862
 855,14;10278,164;  201,986;31338,761;32,36102
 855,70;10264,936;  176,755;31218,416;32,49884
 856,26;10241,632;  235,371;31233,534;32,28017
 856,82;10223,250;  203,371;30950,574;32,58794
 857,38;10237,637;  242,217;30908,614;32,59405
 857,94;10167,948;  209,986;30828,577;32,52260
 858,50;10162,951;  226,294;30618,617;32,69463
 859,06;10140,800;  202,448;30493,426;32,80961
 859,62;10059,803;  218,602;30468,390;32,53312
 860,18;10025,267;  212,986;30324,584;32,58638
 860,74; 9957,655;  181,909;30105,547;32,66897
 861,30; 9942,965;  194,217;29888,125;32,83080
 861,86;10051,583;  241,679;30023,935;32,93876
 862,42; 9908,278;  212,679;29767,821;32,80512
 862,98; 9959,204;  233,679;29734,476;32,96699
 863,54; 9819,823;  222,756;29541,209;32,73388
 864,10; 9887,210;  220,525;29542,249;32,96766
 864,66; 9830,982;  201,140;29320,905;33,06978
 865,22; 9794,908;  212,602;29224,714;33,02864
 865,78; 9782,757;  228,217;29105,677;33,08650
 866,34; 9715,145;  205,140;29035,333;32,98627
 866,90; 9720,532;  218,679;28876,911;33,15576
 867,45; 9656,920;  216,525;28690,105;33,15493
 868,01; 9626,076;  223,756;28554,145;33,18811
 868,57; 9642,310;  204,910;28341,955;33,54084
 869,13; 9596,236;  194,525;28286,995;33,46701
 869,69; 9567,008;  204,294;28199,343;33,44418
 870,25; 9577,472;  197,602;28030,152;33,70108
 870,81; 9536,783;  210,525;27974,346;33,59141
 871,37; 9539,247;  215,679;27896,617;33,68227
 871,93; 9507,558;  229,910;27765,580;33,69320
 872,49; 9468,561;  239,987;27545,697;33,79723
 873,04; 9332,564;  197,833;27359,506;33,63096
 873,60; 9323,874;  200,602;27265,546;33,70882
 874,16; 9272,031;  224,910;27204,048;33,53377
 874,72; 9278,338;  203,910;27066,048;33,78148
 875,28; 9254,108;  218,910;27009,971;33,72467
 875,84; 9240,569;  216,833;26925,510;33,78579
 876,40; 9210,954;  209,756;26853,587;33,78342
 876,95; 9239,646;  219,833;26916,356;33,78647
 877,51; 9283,569;  234,833;26936,817;33,88788
 878,07; 9254,954;  242,833;26841,817;33,88145
 878,63; 9205,415;  211,910;26853,587;33,75728
 879,19; 9292,108;  230,448;26860,279;34,02823
 879,75; 9276,338;  209,910;26893,740;33,97724
 880,30; 9290,185;  209,756;26889,971;34,03432
 880,86; 9415,492;  243,833;27000,202;34,27842
 881,42; 9432,723;  192,525;27050,202;34,40431
 881,98; 9451,877;  226,756;27168,048;34,24157
 882,54; 9550,262;  211,525;27217,663;34,58005
 883,09; 9542,877;  227,756;27339,279;34,35853
 883,65; 9571,338;  197,602;27335,202;34,54151
 884,21; 9682,108;  238,987;27546,587;34,58056
 884,77; 9711,800;  211,217;27684,202;34,58155
 885,32; 9776,723;  213,756;27806,202;34,65792
 885,88; 9883,877;  241,679;27903,587;34,85731
 886,44; 9934,108;  225,140;27971,202;34,99224
 887,00; 9965,415;  228,140;27985,048;35,08055
 887,56; 9955,185;  213,910;28107,048;34,92355
 888,11;10018,800;  212,602;28153,740;35,09591
 888,67;10079,338;  250,371;28319,202;35,01737
 889,23;10089,800;  220,987;28304,202;35,14132
 889,79;10031,415;  195,294;28167,279;35,16419
 890,34;10080,569;  221,448;28126,510;35,33094
 890,90;10159,415;  274,448;28239,510;35,34756
 891,46;10076,338;  206,756;28133,894;35,34047
 892,01;10103,185;  235,910;28142,202;35,35860
 892,57;10108,569;  242,525;28027,433;35,50864
 893,13; 9991,338;  214,371;27874,510;35,34678
 893,69;10000,031;  206,679;27834,433;35,44751
 894,24; 9998,108;  209,833;27745,433;35,54771
 894,80;10074,262;  209,756;27656,048;35,94112
 895,36; 9965,646;  214,679;27516,279;35,71574
 895,91; 9866,492;  217,833;27286,202;35,64552
 896,47; 9856,415;  232,140;27175,510;35,72038
 897,03; 9777,646;  213,679;26974,740;35,73837
 897,58; 9735,646;  228,679;26837,587;35,72851
 898,14; 9666,185;  227,679;26705,740;35,64651
 898,70; 9652,569;  196,140;26521,433;35,92146
 899,25; 9722,646;  210,294;26541,740;36,12544
 899,81; 9650,492;  217,371;26378,202;36,05819
 900,37; 9567,108;  187,525;26079,894;36,22528
 900,92; 9598,031;  213,525;26093,048;36,26228
 901,48; 9591,492;  209,602;26053,279;36,30246
 902,03; 9504,262;  210,140;25818,740;36,29297
 902,59; 9453,338;  213,602;25710,510;36,23866
 903,15; 9474,646;  228,140;25576,202;36,47816
 903,70; 9350,108;  220,602;25382,587;36,28293
 904,26; 9259,492;  197,756;25265,356;36,14920
 904,82; 9287,262;  209,371;25302,202;36,17723
 905,37; 9257,262;  222,140;25079,510;36,34786
 905,93; 9250,338;  211,448;24944,971;36,54510
 906,48; 9230,877;  218,140;24824,279;36,62800
 907,04; 9239,031;  226,833;24824,740;36,63807
 907,60; 9164,031;  205,448;24573,356;36,76386
 908,15; 9131,877;  193,294;24495,202;36,78140
 908,71; 9118,569;  234,140;24481,587;36,64068
 909,26; 9079,031;  212,602;24315,048;36,78643
 909,82; 9068,185;  227,217;24178,433;36,91240
 910,37; 9050,954;  248,217;24143,433;36,83891
 910,93; 8920,108;  211,140;23932,356;36,71383
 911,48; 8906,646;  195,987;23748,740;36,98361
 912,04; 8928,723;  204,371;23688,894;37,14937
 912,60; 8917,723;  218,063;23709,663;37,03307
 913,15; 8855,185;  212,217;23494,202;37,12298
 913,71; 8774,031;  200,602;23282,587;37,14338
 914,26; 8748,031;  192,525;23220,817;37,15215
 914,82; 8764,338;  218,602;23132,510;37,29498
 915,37; 8794,185;  197,217;23068,587;37,58834
 915,93; 8741,800;  254,371;23015,663;37,28887
 916,48; 8678,723;  202,217;22835,894;37,45086
 917,04; 8628,262;  227,910;22721,510;37,34552
 917,59; 8626,338;  232,525;22648,433;37,44579
 918,15; 8497,262;  183,910;22479,740;37,28658
 918,70; 8507,877;  201,294;22344,510;37,51299
 919,26; 8478,646;  216,756;22277,663;37,45036
 919,81; 8391,954;  195,448;22119,125;37,38655
 920,37; 8405,569;  191,063;21986,587;37,68896
 920,92; 8373,800;  227,987;22000,202;37,41380
 921,48; 8301,262;  192,294;21781,971;37,55947
 922,03; 8294,262;  203,063;21755,202;37,54244
 922,59; 8257,415;  198,910;21551,356;37,74043
 923,14; 8215,185;  200,294;21536,971;37,56391
 923,69; 8250,723;  228,987;21373,510;37,93766
 924,25; 8243,415;  231,294;21373,279;37,89673
 924,80; 8132,338;  210,833;21137,125;37,85432
 925,36; 8155,262;  205,371;21097,433;38,05221
 925,91; 8150,954;  207,987;20935,202;38,32144
 926,47; 8106,723;  187,910;20840,663;38,34265
 927,02; 8129,569;  253,063;20835,817;38,26750
 927,57; 8037,800;  199,602;20660,740;38,30773
 928,13; 8013,262;  186,371;20612,663;38,31772
 928,68; 7975,723;  202,448;20522,587;38,25405
 929,24; 7922,646;  168,448;20419,663;38,29004
 929,79; 7850,954;  192,987;20219,971;38,23824
 930,34; 7864,185;  203,910;20070,894;38,55781
 930,90; 7786,492;  199,140;20103,587;38,11888
 931,45; 7819,185;  208,448;20063,971;38,33058
 932,01; 7850,492;  207,294;19824,894;38,96092
 932,56; 7777,646;  221,987;19795,894;38,60067
 933,11; 7784,185;  226,833;19744,663;38,72025
 933,67; 7675,262;  195,833;19569,740;38,60568
 934,22; 7684,185;  203,294;19479,663;38,80861
 934,77; 7646,492;  232,217;19436,202;38,60800
 935,33; 7589,108;  214,525;19295,279;38,64933
 935,88; 7595,800;  217,063;19181,510;38,90826
 936,43; 7581,646;  193,371;19164,663;38,94450
 936,99; 7552,338;  211,063;19027,510;39,01520
 937,54; 7473,415;  184,140;18841,894;39,06834
 938,09; 7526,569;  208,602;18791,740;39,37961
 938,65; 7445,262;  209,294;18645,817;39,24800
 939,20; 7468,108;  183,294;18601,740;39,55173
 939,75; 7445,262;  189,525;18505,356;39,61456
 940,31; 7409,415;  185,448;18393,971;39,67355
 940,86; 7394,569;  209,756;18389,048;39,52196
 941,41; 7437,262;  261,063;18269,817;39,84839
 941,96; 7338,415;  201,910;18149,433;39,76318
 942,52; 7315,800;  202,294;18048,125;39,86088
 943,07; 7279,954;  182,910;17949,125;39,94685
 943,62; 7275,723;  199,525;17862,740;40,06178
 944,18; 7254,569;  198,987;17755,663;40,18746
 944,73; 7272,185;  209,371;17721,510;40,33096
 945,28; 7175,262;  172,910;17468,510;40,48632
 945,83; 7223,800;  192,910;17503,740;40,61556
 946,39; 7226,492;  190,910;17489,740;40,67086
 946,94; 7201,185;  218,063;17365,510;40,72397
 947,49; 7115,031;  202,756;17228,740;40,59839
 948,04; 7174,492;  222,756;17257,663;40,80877
 948,59; 7121,723;  224,448;17127,510;40,80489
 949,15; 7063,338;  181,987;17016,356;40,87680
 949,70; 7059,262;  203,602;16957,587;40,91958
 950,25; 7047,185;  216,063;16872,894;41,01093
 950,80; 6998,723;  170,140;16704,125;41,30028
 951,36; 6948,954;  166,602;16642,279;41,16585
 951,91; 7012,800;  215,756;16653,279;41,35078
 952,46; 6883,954;  188,217;16474,125;41,11368
 953,01; 6959,031;  211,756;16479,279;41,47697
 953,56; 6845,954;  182,217;16339,663;41,24251
 954,11; 6852,954;  208,217;16342,971;41,18276
 954,67; 6837,954;  186,602;16240,433;41,43156
 955,22; 6768,338;  165,140;16065,125;41,52959
 955,77; 6806,954;  227,371;16076,510;41,51382
 956,32; 6730,877;  233,525;15970,125;41,28816
 956,87; 6747,723;  188,217;15816,356;41,97241
 957,42; 6694,723;  199,448;15744,202;41,78435
 957,98; 6653,954;  195,525;15677,125;41,71680
 958,53; 6643,185;  216,679;15685,894;41,54384
 959,08; 6607,108;  190,756;15538,048;41,80771
 959,63; 6642,569;  185,140;15422,356;42,37932
 960,18; 6609,800;  204,063;15400,817;42,15201
 960,73; 6558,338;  202,756;15353,048;41,95023
 961,28; 6521,338;  188,371;15228,510;42,10711
 961,83; 6586,108;  205,525;15224,510;42,48345
 962,39; 6492,646;  184,602;15026,894;42,50047
 962,94; 6475,031;  217,756;14998,510;42,33394
 963,49; 6410,415;  202,756;14846,048;42,39251
 964,04; 6439,262;  212,063;14804,971;42,67277
 964,59; 6385,800;  170,140;14735,356;42,67468
 965,14; 6392,031;  214,140;14637,740;42,83182
 965,69; 6343,108;  204,525;14532,356;42,84377
 966,24; 6330,338;  189,910;14443,894;43,07868
 966,79; 6317,338;  215,217;14397,125;43,02751
 967,34; 6196,800;  169,448;14195,587;42,97228
 967,89; 6189,338;  195,679;14179,048;42,86277
 968,44; 6228,262;  205,294;14128,740;43,25773
 968,99; 6195,492;  210,679;14066,740;43,19275
 969,55; 6124,031;  202,910;13953,817;43,05986
 970,10; 6125,031;  205,756;13867,587;43,32710
 970,65; 6103,569;  216,217;13742,587;43,52500
 971,20; 6022,031;  194,140;13683,510;43,20358
 971,75; 5949,338;  175,833;13469,356;43,43097
 972,30; 5951,031;  200,525;13451,663;43,39631
 972,85; 5924,415;  191,756;13365,125;43,51703
 973,40; 5857,338;  191,756;13249,663;43,38814
 973,95; 5879,031;  202,140;13220,740;43,60600
 974,50; 5884,262;  223,448;13146,894;43,80266
 975,05; 5835,492;  201,756;13000,279;44,01865
 975,60; 5803,031;  215,140;12978,894;43,77937
 976,15; 5743,800;  191,833;12840,663;43,89313
 976,70; 5728,569;  203,063;12794,356;43,88355
 977,25; 5694,185;  212,833;12717,817;43,83334
 977,80; 5580,415;  194,679;12616,433;43,35730
 978,35; 5565,723;  218,448;12468,048;43,65265
 978,89; 5532,031;  186,679;12345,510;43,96271
 979,44; 5504,415;  197,756;12355,971;43,64670
 979,99; 5411,415;  186,910;12160,510;43,63354
 980,54; 5397,185;  227,987;12152,356;43,34987
 981,09; 5388,185;  219,140;12073,433;43,60483
 981,64; 5335,262;  206,833;11907,663;43,82961
 982,19; 5353,954;  235,910;11902,510;43,86920
 982,74; 5293,108;  214,987;11733,971;44,08480
 983,29; 5213,185;  191,756;11599,356;44,01828
 983,84; 5170,723;  209,525;11474,202;44,04208
 984,39; 5240,492;  262,833;11432,587;44,56374
 984,94; 5064,492;  178,294;11322,971;43,84334
 985,49; 5074,415;  231,679;11240,587;43,98926
 986,03; 5038,415;  225,217;11184,587;43,91857
 986,58; 5027,800;  245,448;11041,740;44,29624
 987,13; 4922,108;  207,910;10894,587;44,11285
 987,68; 4881,185;  222,140;10822,125;43,95331
 988,23; 4848,723;  221,063;10802,048;43,73562
 988,78; 4800,877;  193,063;10655,433;44,04178
 989,33; 4805,569;  216,833;10548,125;44,41590
 989,88; 4757,954;  224,756;10489,740;44,16176
 990,42; 4716,338;  210,679;10372,433;44,33939
 990,97; 4659,492;  210,833;10237,356;44,36892
 991,52; 4656,723;  229,140;10154,125;44,61047
 992,07; 4647,031;  237,910;10121,663;44,60978
 992,62; 4568,954;  222,448; 9972,356;44,57997
 993,17; 4556,031;  221,448; 9894,663;44,81015
 993,71; 4567,492;  222,756; 9765,433;45,52954
 994,26; 4441,031;  201,371; 9678,125;44,73747
 994,81; 4471,800;  221,140; 9602,510;45,30959
 995,36; 4384,492;  204,371; 9478,894;45,07101
 995,91; 4357,954;  217,679; 9431,356;44,93619
 996,45; 4333,646;  205,140; 9270,279;45,54267
 997,00; 4277,108;  189,987; 9123,740;45,74920
 997,55; 4309,185;  216,987; 9109,587;46,01802
 998,10; 4229,723;  242,756; 8988,433;45,58786
 998,65; 4224,954;  204,140; 8947,356;45,98781
 999,19; 4204,877;  221,371; 8811,663;46,37218
 999,74; 4160,569;  236,987; 8739,510;46,14610
1000,29; 4092,108;  226,294; 8655,202;45,86375
1000,84; 4049,185;  201,679; 8495,894;46,38782
1001,38; 3988,800;  213,217; 8413,971;46,03946
1001,93; 3969,338;  229,910; 8355,356;46,02121
1002,48; 3913,415;  204,448; 8209,125;46,33500
1003,03; 3912,954;  223,910; 8186,894;46,32741
1003,57; 3869,185;  227,833; 8108,663;46,20518
1004,12; 3850,954;  256,371; 7949,048;46,72733
1004,67; 3772,646;  210,602; 7886,356;46,40644
1005,22; 3742,185;  205,448; 7729,125;47,00809
1005,76; 3639,800;  197,833; 7624,356;46,34695
1006,31; 3683,415;  228,217; 7583,894;46,97322
1006,86; 3613,262;  215,140; 7489,663;46,71263
1007,40; 3541,415;  202,602; 7323,587;46,88696
1007,95; 3549,954;  223,910; 7254,587;47,30760
1008,50; 3479,338;  215,910; 7108,048;47,35002
1009,04; 3439,185;  211,987; 7077,894;47,00323
1009,59; 3375,031;  215,525; 6945,279;46,94831
1010,14; 3320,646;  191,063; 6864,587;46,89551
1010,68; 3313,492;  202,217; 6776,971;47,32154
1011,23; 3214,877;  211,987; 6622,356;46,84427
1011,78; 3225,877;  223,525; 6594,279;47,12711
1012,32; 3188,185;  225,910; 6476,740;47,39010
1012,87; 3186,415;  240,063; 6461,279;47,35975
1013,42; 3081,108;  198,602; 6310,740;47,16035
1013,96; 3131,800;  235,063; 6342,587;47,42899
1014,51; 3064,492;  176,679; 6239,510;47,63144
1015,06; 3072,877;  194,294; 6241,663;47,60058
1015,60; 3126,569;  250,756; 6316,817;47,40825
1016,15; 3057,954;  204,140; 6243,894;47,25049
1016,69; 3090,569;  205,371; 6311,587;47,25019
1017,24; 3079,415;  193,371; 6283,202;47,39121
1017,79; 3117,569;  236,756; 6368,663;46,98070
1018,33; 3122,415;  201,063; 6299,663;47,90201
1018,88; 3175,185;  222,679; 6390,048;47,87302
1019,42; 3148,338;  206,987; 6383,202;47,62386
1019,97; 3132,954;  202,525; 6343,279;47,72100
1020,51; 3207,262;  224,679; 6435,125;48,02526
1021,06; 3181,723;  196,679; 6409,048;48,05001
1021,61; 3151,492;  177,525; 6367,587;48,04423
1022,15; 3121,415;  168,140; 6285,279;48,27870
1022,70; 3124,415;  201,987; 6293,663;47,97413
1023,24; 3154,723;  194,217; 6266,125;48,75742
1023,79; 3136,569;  207,602; 6194,279;48,92476
1024,33; 3077,569;  189,140; 6167,740;48,31280
1024,88; 3046,877;  221,371; 6046,740;48,50346
1025,42; 3056,415;  211,140; 5985,356;49,27553
1025,97; 2968,185;  199,833; 5905,663;48,51795
1026,51; 2893,415;  176,063; 5792,817;48,37940
1027,06; 2917,415;  192,217; 5716,433;49,33186
1027,60; 2866,415;  216,217; 5660,356;48,67984
1028,15; 2841,108;  214,910; 5538,048;49,33552
1028,69; 2742,108;  173,602; 5427,894;48,88395
1029,24; 2740,492;  187,294; 5382,663;49,14373
1029,78; 2678,646;  189,910; 5295,048;48,74964
1030,33; 2615,492;  178,679; 5186,817;48,65707
1030,87; 2643,108;  195,679; 5110,356;49,79837
1031,42; 2572,262;  175,833; 5040,510;49,26183
1031,96; 2576,031;  207,525; 4971,587;49,71610
1032,51; 2527,262;  184,833; 4889,202;49,79262
1033,05; 2496,108;  204,679; 4859,971;49,22202
1033,60; 2421,108;  165,525; 4725,971;49,45969
1034,14; 2404,108;  191,679; 4665,971;49,44757
1034,69; 2382,646;  202,140; 4596,433;49,62132
1035,23; 2365,031;  195,987; 4562,356;49,67615
1035,77; 2364,800;  190,448; 4520,048;50,22062
1036,32; 2300,800;  169,525; 4409,433;50,26701
1036,86; 2289,800;  201,679; 4379,817;49,97731
1037,41; 2259,800;  205,756; 4278,279;50,43665
1037,95; 2195,800;  181,679; 4218,971;49,88792
1038,50; 2193,569;  187,217; 4162,510;50,47055
1039,04; 2204,031;  213,910; 4120,587;50,94153
1039,58; 2112,954;  186,140; 4047,740;49,89676
1040,13; 2131,338;  197,525; 3989,048;51,00361
1040,67; 2138,338;  229,448; 3970,817;51,02117
1041,21; 2097,262;  213,140; 3912,740;50,92770
1041,76; 2039,185;  179,679; 3816,356;51,13200
1042,30; 2019,492;  204,063; 3788,125;50,65284
1042,85; 1988,262;  200,448; 3725,971;50,71059
1043,39; 1982,492;  166,910; 3647,125;52,16869
1043,93; 1969,262;  211,217; 3640,894;51,25976
1044,48; 1899,954;  215,679; 3562,663;50,32216
1045,02; 1894,877;  197,525; 3481,279;51,68938
1045,56; 1901,954;  215,294; 3502,971;51,30247
1046,11; 1836,338;  206,756; 3442,894;50,35578
1046,65; 1803,877;  208,448; 3371,663;50,43693
1047,19; 1792,338;  188,063; 3327,279;51,10433
1047,74; 1768,338;  184,833; 3238,510;51,85571
1048,28; 1753,185;  201,910; 3227,279;51,27556
1048,82; 1772,723;  212,833; 3210,510;52,03664
1049,37; 1730,031;  214,602; 3148,048;51,66036
1049,91; 1707,723;  197,756; 3114,433;51,77013
1050,45; 1687,108;  219,140; 3066,971;51,54686
1050,99; 1670,646;  201,294; 3028,587;51,97029
1051,54; 1619,877;  197,756; 2964,587;51,39892
1052,08; 1624,492;  220,217; 2919,125;52,03123
1052,62; 1591,800;  211,756; 2906,356;51,21518
1053,16; 1575,954;  191,525; 2845,894;52,15660
1053,71; 1547,954;  203,756; 2818,202;51,41426
1054,25; 1559,262;  216,371; 2767,125;52,64680
1054,79; 1518,800;  212,910; 2723,048;52,02464
1055,33; 1473,569;  177,602; 2670,279;51,99099
1055,88; 1480,954;  215,371; 2668,587;51,58873
1056,42; 1473,338;  222,987; 2646,817;51,58578
1056,96; 1468,185;  217,140; 2583,048;52,87798
1057,50; 1428,492;  211,371; 2545,433;52,14606
1058,05; 1404,954;  200,987; 2502,356;52,31526
1058,59; 1409,415;  229,294; 2489,279;52,21811
1059,13; 1328,338;  186,525; 2424,894;51,01095
1059,67; 1371,492;  224,448; 2421,433;52,20993
1060,21; 1327,262;  213,063; 2344,817;52,26673
1060,76; 1338,338;  221,602; 2316,433;53,30915
1061,30; 1349,031;  226,910; 2312,279;53,80923
1061,84; 1288,338;  213,448; 2244,202;52,93061
1062,38; 1250,492;  192,063; 2193,048;52,89540
1062,92; 1287,954;  240,910; 2237,279;52,44742
1063,46; 1256,723;  224,679; 2158,433;53,36999
1064,01; 1223,800;  204,217; 2134,894;52,80960
1064,55; 1235,569;  213,140; 2102,048;54,12805
1065,09; 1174,646;  185,063; 2060,048;52,77818
1065,63; 1216,800;  239,140; 2071,202;53,36391
1066,17; 1206,338;  242,217; 2045,971;53,45082
1066,71; 1187,723;  226,217; 2023,587;53,49517
1067,25; 1148,954;  211,294; 1967,433;53,39326
1067,80; 1163,492;  219,679; 1961,433;54,18753
1068,34; 1165,415;  242,756; 1928,971;54,71778
1068,88; 1089,800;  201,448; 1891,510;52,56329
1069,42; 1127,492;  241,294; 1921,433;52,74554
1069,96; 1065,877;  200,217; 1850,279;52,46226
1070,50; 1112,569;  241,910; 1861,433;53,76025
1071,04; 1042,877;  192,756; 1814,817;52,40992
1071,58; 1059,415;  210,602; 1809,510;53,08708
1072,12; 1033,800;  207,987; 1767,971;52,93728
1072,66; 1023,031;  205,602; 1757,356;52,67774
1073,21; 1036,723;  228,371; 1752,202;53,04736
1073,75; 1012,415;  226,602; 1707,202;53,07399
1074,29; 1007,646;  218,371; 1684,433;53,83642
1074,83; 1015,338;  233,140; 1701,125;53,28381
1075,37; 1010,031;  230,525; 1658,202;54,59959
1075,91;  978,185;  224,987; 1647,663;52,94231
1076,45;  962,185;  217,063; 1628,894;52,77695
1076,99;  952,492;  236,756; 1589,125;52,92464
1077,53;  928,646;  206,525; 1573,971;52,80801
1078,07;  930,877;  222,525; 1573,433;52,43526
1078,61;  909,646;  217,833; 1538,894;52,36800
1079,15;  916,262;  212,525; 1524,663;53,63280
1079,69;  900,954;  216,140; 1491,433;53,69855
1080,23;  914,569;  233,833; 1482,587;54,51327
1080,77;  939,877;  267,910; 1506,048;54,27239
1081,31;  879,185;  213,679; 1440,894;54,22893
1081,85;  894,262;  224,602; 1452,048;54,55715
1082,39;  855,338;  209,294; 1414,663;53,59721
1082,93;  886,262;  221,063; 1410,894;55,90695
1083,47;  822,569;  196,140; 1361,971;53,73240
1084,01;  851,031;  236,140; 1391,587;53,21671
1084,55;  818,723;  209,987; 1330,510;54,32610
1085,09;  837,108;  230,448; 1354,202;53,98510
1085,63;  825,646;  214,371; 1322,894;55,14319
1086,17;  809,954;  212,679; 1282,433;55,83294
1086,71;  806,723;  213,910; 1289,356;55,12256
1087,24;  811,723;  232,140; 1300,663;54,24148
1087,78;  812,185;  224,833; 1273,817;55,99242
1088,32;  772,185;  215,217; 1228,202;54,98280
1088,86;  789,492;  241,987; 1251,202;54,25064
1089,40;  779,954;  217,602; 1222,433;55,96484
1089,94;  746,954;  195,833; 1181,433;55,91732
1090,48;  746,800;  226,833; 1185,279;54,25107
1091,02;  753,262;  232,833; 1181,587;54,85394
1091,56;  738,185;  218,756; 1171,971;54,49229
1092,10;  724,877;  200,217; 1147,971;55,35822
1092,63;  730,492;  234,987; 1154,740;53,87374
1093,17;  734,031;  233,294; 1125,587;56,11799
1093,71;  703,185;  209,294; 1113,279;54,63482
1094,25;  722,954;  235,448; 1131,817;54,38671
1094,79;  697,031;  218,371; 1087,048;55,10214
1095,33;  683,646;  220,679; 1067,279;54,68548
1095,87;  683,954;  228,448; 1063,817;54,52748
1096,40;  657,646;  198,679; 1024,663;55,56608
1096,94;  685,569;  216,987; 1045,894;56,53014
1097,48;  687,031;  219,833; 1024,048;58,09365
1098,02;  650,723;  211,371; 1015,894;54,61023
1098,56;  625,108;  189,679;  980,048;55,09183
1099,10;  629,262;  185,833;  971,894;56,41147
1099,63;  625,877;  200,987;  948,587;56,83392
1100,17;  631,262;  222,602;  979,433;53,99617
1100,71;  668,492;  243,140;  987,433;57,14850

