
Integration time [ms]: 120,000
Averaging Nr. [scans]: 13
Smoothing Nr. [pixels]: 0
Data measured with spectrometer [name]: 2009305U1
Wave   ;Sample   ;Dark     ;Reference;Reflectance
[nm]   ;[counts] ;[counts] ;[counts] ;[%]

 175,72;  199,390;  177,341;  181,932;480,25326
 176,32;  222,187;  201,724;  196,771; 0,00000
 176,92;  239,818;  221,879;  219,181; 0,00000
 177,52;  245,334;  236,264;  242,747;139,90897
 178,12;  226,738;  222,186;  203,032; 0,00000
 178,72;  256,940;  235,570;  241,190;380,27950
 179,32;  252,025;  226,263;  215,572; 0,00000
 179,92;  247,545;  222,494;  228,231;436,68169
 180,52;  237,929;  212,495;  231,073;136,90586
 181,12;  248,708;  229,494;  229,818; 0,00000
 181,73;  275,605;  243,725;  240,244; 0,00000
 182,33;  334,549;  287,726;  289,153;3281,37400
 182,93;  262,994;  243,495;  244,568;1816,97677
 183,53;  240,282;  225,801;  215,804; 0,00000
 184,13;  237,992;  233,878;  221,748; 0,00000
 184,73;  264,757;  235,186;  246,963;251,08869
 185,33;  257,425;  222,410;  328,091;33,13244
 185,93;  264,361;  220,871;  340,951;36,21689
 186,53;  271,411;  221,564;  345,642;40,17422
 187,13;  292,145;  256,795;  382,267;28,17322
 187,73;  273,597;  218,487;  342,172;44,55689
 188,33;  271,514;  217,102;  349,994;40,94414
 188,93;  263,974;  225,023;  355,606;29,82821
 189,53;  265,682;  231,946;  360,495;26,24422
 190,13;  302,879;  260,790;  374,664;36,96082
 190,73;  246,723;  203,637;  324,040;35,78431
 191,34;  279,725;  230,100;  361,556;37,75024
 191,94;  261,895;  219,640;  320,107;42,05897
 192,54;  265,252;  232,719;  366,990;24,22904
 193,14;  284,051;  242,103;  367,943;33,33399
 193,74;  272,733;  225,334;  348,583;38,45775
 194,34;  271,920;  221,488;  354,873;37,80945
 194,94;  249,556;  190,257;  330,995;42,13468
 195,54;  216,430;  193,949;  319,846;17,85643
 196,14;  243,081;  208,103;  347,636;25,06744
 196,74;  239,253;  198,333;  322,302;33,00793
 197,34;  209,036;  177,642;  328,720;20,77960
 197,94;  246,655;  209,642;  343,536;27,64404
 198,54;  254,611;  204,103;  360,975;32,19659
 199,14;  242,801;  191,258;  377,922;27,61281
 199,74;  232,526;  188,950;  353,563;26,47178
 200,34;  219,601;  174,489;  370,816;22,97792
 200,94;  248,835;  205,258;  408,507;21,44057
 201,54;  239,807;  195,796;  401,959;21,34763
 202,14;  260,005;  204,643;  439,225;23,60029
 202,74;  242,360;  191,566;  464,224;18,62910
 203,34;  223,225;  177,951;  461,232;15,98199
 203,94;  202,783;  159,181;  475,658;13,77730
 204,54;  282,256;  228,257;  554,835;16,53465
 205,14;  234,793;  186,489;  573,954;12,46674
 205,74;  277,006;  220,105;  660,874;12,90948
 206,34;  239,579;  182,566;  660,309;11,93394
 206,94;  249,780;  201,027;  722,261; 9,35332
 207,54;  224,182;  169,027;  758,893; 9,35037
 208,14;  252,018;  185,489;  854,947; 9,93767
 208,74;  260,473;  180,258;  919,616;10,84923
 209,34;  259,454;  178,720; 1013,779; 9,66808
 209,94;  267,919;  201,566; 1125,300; 7,18315
 210,54;  261,748;  197,643; 1211,193; 6,32482
 211,14;  275,777;  199,335; 1303,480; 6,92317
 211,73;  277,976;  190,027; 1385,199; 7,35871
 212,33;  294,957;  208,027; 1506,251; 6,69606
 212,93;  277,792;  187,258; 1602,566; 6,39677
 213,53;  261,044;  163,566; 1644,026; 6,58431
 214,13;  285,589;  164,567; 1721,959; 7,77086
 214,73;  280,005;  169,104; 1749,148; 7,01882
 215,33;  266,227;  138,873; 1751,454; 7,89748
 215,93;  312,617;  178,566; 1916,196; 7,71455
 216,53;  272,257;  140,873; 1993,856; 7,09040
 217,13;  334,004;  195,874; 2192,251; 6,91902
 217,73;  324,297;  170,797; 2356,938; 7,02151
 218,33;  307,494;  138,490; 2563,892; 6,96808
 218,93;  349,101;  166,106; 2857,633; 6,79894
 219,53;  360,603;  157,490; 3136,840; 6,81738
 220,13;  373,978;  142,336; 3441,437; 7,02138
 220,73;  417,446;  173,181; 3800,273; 6,73445
 221,32;  458,165;  167,489; 4182,539; 7,23966
 221,92;  481,488;  177,951; 4617,624; 6,83691
 222,52;  510,002;  160,874; 4992,892; 7,22531
 223,12;  545,792;  158,951; 5412,198; 7,36385
 223,72;  602,440;  177,489; 5814,839; 7,53813
 224,32;  634,324;  174,413; 6193,234; 7,64122
 224,92;  639,923;  160,720; 6601,683; 7,43992
 225,52;  707,659;  180,335; 6905,287; 7,84130
 226,12;  709,963;  173,874; 7275,258; 7,54908
 226,72;  732,225;  150,720; 7658,740; 7,74512
 227,31;  763,593;  139,412; 8048,574; 7,89187
 227,91;  834,949;  166,258; 8442,578; 8,07957
 228,51;  862,152;  164,335; 8899,863; 7,98827
 229,11;  911,828;  167,951; 9314,710; 8,13268
 229,71;  952,666;  161,412; 9644,990; 8,34342
 230,31;  996,298;  163,567;10083,280; 8,39471
 230,91; 1030,315;  149,257;10450,494; 8,55293
 231,51; 1074,665;  142,643;10690,464; 8,83616
 232,10; 1127,048;  149,721;11114,366; 8,91345
 232,70; 1195,997;  172,642;11178,411; 9,29835
 233,30; 1256,980;  179,643;11481,659; 9,53226
 233,90; 1277,656;  160,720;11584,646; 9,77717
 234,50; 1320,734;  164,720;11639,573;10,07433
 235,10; 1335,307;  158,797;11682,683;10,20932
 235,70; 1403,678;  169,643;11671,969;10,72857
 236,29; 1435,245;  180,643;11603,598;10,98317
 236,89; 1428,129;  157,488;11503,165;11,19934
 237,49; 1472,801;  166,258;11408,521;11,62170
 238,09; 1488,656;  164,797;11035,462;12,17828
 238,69; 1518,652;  186,642;10723,353;12,64161
 239,29; 1476,955;  151,566;10441,644;12,88026
 239,89; 1471,915;  167,950;10145,100;13,06951
 240,48; 1471,332;  153,951; 9725,758;13,76315
 241,08; 1448,302;  158,027; 9326,172;14,07346
 241,68; 1436,961;  182,643; 8973,788;14,26797
 242,28; 1413,121;  159,874; 8630,859;14,79459
 242,88; 1427,853;  173,720; 8364,985;15,31061
 243,48; 1411,691;  186,566; 8108,726;15,46453
 244,07; 1362,702;  180,027; 7829,104;15,46167
 244,67; 1384,006;  180,874; 7690,229;16,02178
 245,27; 1374,669;  185,642; 7588,352;16,06204
 245,87; 1377,074;  185,643; 7528,705;16,22526
 246,47; 1370,762;  172,335; 7486,057;16,38601
 247,06; 1366,024;  165,566; 7526,292;16,30896
 247,66; 1379,078;  164,797; 7580,166;16,37520
 248,26; 1432,917;  199,566; 7732,215;16,37340
 248,86; 1464,750;  184,412; 7934,031;16,52131
 249,46; 1457,556;  140,336; 8112,977;16,52176
 250,05; 1550,113;  184,335; 8512,015;16,40046
 250,65; 1551,813;  152,719; 8839,150;16,10666
 251,25; 1638,707;  162,874; 9312,090;16,13071
 251,85; 1709,583;  166,181; 9884,581;15,88123
 252,44; 1784,841;  135,719;10514,296;15,88967
 253,04; 1920,984;  180,950;11273,504;15,68650
 253,64; 1977,488;  134,181;11946,749;15,60463
 254,24; 2124,927;  183,489;12942,605;15,21608
 254,84; 2232,787;  166,028;13818,824;15,13799
 255,43; 2396,607;  174,489;14779,699;15,21456
 256,03; 2534,047;  167,488;15689,670;15,24630
 256,63; 2674,498;  179,104;16716,460;15,08944
 257,23; 2779,340;  154,565;17496,170;15,13571
 257,82; 2916,395;  164,950;18468,138;15,03260
 258,42; 2990,133;  137,026;19182,702;14,98034
 259,02; 3157,328;  171,566;20123,742;14,96459
 259,62; 3207,350;  164,488;20744,052;14,78584
 260,21; 3299,926;  169,412;21255,648;14,84624
 260,81; 3394,898;  164,643;21699,592;15,00006
 261,41; 3409,633;  152,257;22165,871;14,79710
 262,01; 3479,939;  196,180;22529,910;14,70314
 262,60; 3515,263;  150,873;22870,247;14,80846
 263,20; 3541,474;  164,104;23219,129;14,64917
 263,80; 3600,513;  180,564;23188,763;14,86404
 264,40; 3629,563;  160,180;23480,805;14,87689
 264,99; 3658,031;  174,718;23595,996;14,87243
 265,59; 3651,136;  161,410;23718,360;14,81400
 266,19; 3653,931;  145,718;23942,404;14,74244
 266,78; 3719,841;  194,718;24002,266;14,80675
 267,38; 3706,689;  167,102;24073,702;14,80590
 267,98; 3662,137;  160,872;23940,240;14,72396
 268,58; 3727,826;  171,641;23985,151;14,93348
 269,17; 3721,415;  156,256;23999,133;14,95272
 269,77; 3688,913;  178,257;23721,092;14,91178
 270,37; 3634,529;  153,564;23632,157;14,82612
 270,96; 3692,387;  202,488;23497,862;14,98108
 271,56; 3629,404;  159,873;23256,293;15,02194
 272,16; 3617,313;  161,872;23131,225;15,04370
 272,75; 3590,463;  167,334;23064,935;14,94973
 273,35; 3599,647;  179,719;23096,752;14,92308
 273,95; 3589,957;  165,026;23117,576;14,92179
 274,54; 3616,149;  138,643;23112,099;15,13706
 275,14; 3697,627;  174,257;23418,065;15,15832
 275,74; 3692,029;  139,719;23576,359;15,15708
 276,33; 3750,042;  177,796;23952,958;15,02512
 276,93; 3788,010;  176,181;24209,057;15,02870
 277,53; 3906,816;  165,566;24918,316;15,11449
 278,12; 3989,017;  153,181;25338,854;15,23023
 278,72; 4132,172;  174,489;25937,503;15,36188
 279,32; 4213,220;  157,796;26444,229;15,42782
 279,91; 4341,206;  148,258;27234,118;15,48021
 280,51; 4490,720;  161,489;27651,475;15,74839
 281,11; 4665,497;  162,335;28428,720;15,93116
 281,70; 4764,367;  152,258;28857,697;16,06702
 282,30; 4902,712;  148,181;29421,216;16,24202
 282,90; 5002,457;  173,027;29883,544;16,25495
 283,49; 5159,295;  174,796;30307,777;16,54167
 284,09; 5338,901;  198,950;30772,403;16,81181
 284,69; 5485,932;  188,796;30996,377;17,19426
 285,28; 5620,483;  183,950;31311,147;17,46554
 285,88; 5802,980;  183,565;31501,552;17,94309
 286,47; 5877,578;  158,411;31740,211;18,10906
 287,07; 6068,726;  194,489;31615,896;18,69502
 287,67; 6232,691;  184,028;31838,342;19,10850
 288,26; 6366,523;  164,027;31731,936;19,64811
 288,86; 6611,771;  173,258;31840,768;20,33161
 289,46; 6832,425;  177,258;31941,937;20,95147
 290,05; 7065,982;  165,874;32058,372;21,63552
 290,65; 7348,986;  173,642;32137,957;22,44798
 291,24; 7628,917;  180,258;32389,830;23,12561
 291,84; 7881,113;  180,719;32478,075;23,84218
 292,44; 8187,283;  164,182;32602,519;24,73339
 293,03; 8517,832;  216,258;32726,555;25,53521
 293,63; 8707,440;  163,719;32731,147;26,23395
 294,22; 8929,890;  179,412;33033,304;26,63453
 294,82; 9156,467;  165,334;32990,272;27,39116
 295,41; 9228,444;  158,335;32669,235;27,89867
 296,01; 9410,312;  208,642;32537,990;28,46228
 296,61; 9501,261;  168,181;32216,222;29,12215
 297,20; 9437,802;  178,257;31982,957;29,11376
 297,80; 9604,295;  188,951;31755,900;29,82659
 298,39; 9503,429;  157,104;31294,658;30,01625
 298,99; 9593,942;  168,257;31256,644;30,31899
 299,58; 9593,435;  175,258;31083,742;30,47117
 300,18; 9574,901;  192,027;30836,159;30,61883
 300,78; 9494,008;  156,720;30591,942;30,67922
 301,37; 9522,766;  188,026;30595,197;30,69914
 301,97; 9601,793;  180,412;30708,078;30,86178
 302,56; 9597,488;  167,334;30499,719;31,08939
 303,16; 9574,466;  165,180;30443,255;31,07624
 303,75; 9584,794;  171,873;30465,112;31,07268
 304,35; 9721,905;  158,489;30694,205;31,31879
 304,94; 9773,466;  165,104;30738,161;31,42755
 305,54; 9734,857;  180,181;30623,155;31,38549
 306,13; 9659,440;  137,643;30507,992;31,35228
 306,73; 9629,182;  146,028;30341,923;31,40544
 307,33; 9603,764;  179,643;30299,740;31,28848
 307,92; 9611,310;  173,027;30382,875;31,24240
 308,52; 9728,085;  164,565;30861,852;31,15428
 309,11; 9858,428;  162,872;31265,133;31,17315
 309,71; 9936,639;  143,411;31510,955;31,22090
 310,30;10009,159;  149,719;31742,934;31,20746
 310,90;10145,390;  167,950;32029,549;31,31494
 311,49;10145,916;  164,258;32162,442;31,19445
 312,09;10098,071;  142,412;32349,249;30,91163
 312,68;10228,736;  199,950;32648,564;30,90667
 313,28;10224,694;  147,335;32801,183;30,86117
 313,87;10213,017;  143,335;32931,884;30,71097
 314,47;10271,656;  168,103;33190,770;30,59581
 315,06;10267,735;  149,873;33381,253;30,44671
 315,66;10323,764;  149,643;33479,095;30,52592
 316,25;10209,787;  136,180;33478,362;30,21280
 316,85;10194,881;  128,797;33573,396;30,09779
 317,44;10191,817;  164,334;33708,350;29,89351
 318,04;10092,550;  139,411;33736,633;29,62489
 318,63;10053,421;  141,335;33789,968;29,45762
 319,22;10026,330;  159,873;33951,502;29,19793
 319,82;10006,204;  150,873;33838,648;29,25492
 320,41; 9929,557;  168,027;33812,982;29,01336
 321,01; 9840,488;  171,643;33846,732;28,71216
 321,60; 9793,876;  155,258;33959,731;28,51285
 322,20; 9708,213;  153,027;33870,188;28,33924
 322,79; 9699,512;  190,796;33855,682;28,24520
 323,39; 9636,698;  146,797;33954,951;28,06986
 323,98; 9519,242;  145,335;33857,693;27,80555
 324,58; 9455,939;  158,950;33743,128;27,68265
 325,17; 9324,083;  167,873;33449,413;27,51138
 325,76; 9206,122;  183,642;33364,538;27,19179
 326,36; 9039,155;  139,950;32890,828;27,17242
 326,95; 8899,873;  166,258;32515,595;26,99782
 327,55; 8728,924;  146,411;32245,072;26,73792
 328,14; 8597,324;  163,720;31834,097;26,62931
 328,74; 8473,456;  181,950;31429,694;26,53473
 329,33; 8310,260;  178,797;31074,483;26,31909
 329,92; 8032,408;  150,565;30396,062;26,05956
 330,52; 7854,867;  161,258;29905,006;25,86631
 331,11; 7728,346;  169,950;29379,622;25,87635
 331,71; 7499,052;  168,489;28929,887;25,48751
 332,30; 7362,466;  182,719;28383,622;25,45928
 332,89; 7142,248;  193,412;27902,452;25,07786
 333,49; 7007,189;  164,335;27411,255;25,11423
 334,08; 6813,762;  172,181;27028,258;24,73027
 334,68; 6656,017;  173,104;26531,085;24,59564
 335,27; 6532,602;  168,028;26267,157;24,38615
 335,86; 6440,807;  188,642;25965,852;24,25462
 336,46; 6350,120;  173,797;25740,778;24,15742
 337,05; 6210,791;  158,565;25557,071;23,82906
 337,65; 6122,102;  155,027;25393,745;23,64255
 338,24; 6153,294;  217,489;25378,559;23,59123
 338,83; 6054,805;  183,335;25302,750;23,37423
 339,43; 5993,844;  163,719;25188,906;23,29703
 340,02; 5923,713;  164,642;25127,037;23,07099
 340,61; 5898,419;  159,796;25157,208;22,95687
 341,21; 5887,917;  194,334;25129,924;22,83316
 341,80; 5817,438;  161,027;25127,322;22,65619
 342,40; 5765,378;  172,181;25220,198;22,32990
 342,99; 5792,478;  168,489;25325,991;22,35512
 343,58; 5768,568;  166,950;25538,483;22,07836
 344,18; 5772,520;  169,412;25496,449;22,12303
 344,77; 5812,689;  159,565;25907,518;21,95562
 345,36; 5834,950;  137,719;26210,672;21,85111
 345,96; 5887,277;  177,720;26431,649;21,74744
 346,55; 5852,217;  146,412;26695,649;21,49141
 347,14; 5914,248;  148,489;27061,409;21,42376
 347,74; 5957,038;  136,259;27342,266;21,39520
 348,33; 6096,636;  164,721;28083,865;21,24677
 348,92; 6188,309;  174,875;28706,289;21,07654
 349,52; 6237,813;  135,567;29030,333;21,11886
 350,11; 6293,352;  160,950;29170,398;21,13933
 350,70; 6234,164;  170,027;29261,381;20,84515
 351,29; 6172,440;  138,564;28959,100;20,93603
 351,89; 6190,189;  163,334;29015,781;20,88854
 352,48; 6132,678;  136,335;29084,401;20,71414
 353,07; 6179,727;  168,335;28952,656;20,88426
 353,67; 6105,731;  178,721;28944,993;20,60403
 354,26; 6024,334;  161,489;28651,608;20,57852
 354,85; 6011,752;  163,720;28462,991;20,66496
 355,45; 5948,623;  154,334;28235,651;20,63396
 356,04; 5942,910;  171,182;28214,546;20,58144
 356,63; 5902,084;  177,412;28050,062;20,53867
 357,22; 5826,812;  167,487;27855,638;20,43952
 357,82; 5808,418;  166,872;27716,388;20,47784
 358,41; 5823,749;  179,027;27646,796;20,55035
 359,00; 5756,467;  155,796;27384,951;20,56866
 359,60; 5743,363;  172,027;27350,822;20,49883
 360,19; 5733,049;  161,489;27152,383;20,64237
 360,78; 5705,548;  169,258;27025,501;20,61454
 361,37; 5676,426;  174,873;26787,527;20,67270
 361,97; 5699,113;  174,027;26742,567;20,79559
 362,56; 5593,234;  156,950;26426,482;20,69426
 363,15; 5626,320;  176,950;26173,099;20,96222
 363,74; 5556,620;  170,026;25917,533;20,92084
 364,34; 5508,811;  200,488;25535,420;20,95258
 364,93; 5421,497;  154,642;25066,887;21,14163
 365,52; 5404,269;  143,335;24786,160;21,34875
 366,11; 5371,783;  165,565;24413,765;21,47053
 366,71; 5316,176;  155,796;24158,810;21,49888
 367,30; 5299,087;  162,335;23806,352;21,72538
 367,89; 5295,404;  195,489;23583,075;21,80608
 368,48; 5247,916;  179,103;23309,814;21,91378
 369,07; 5211,087;  170,258;22909,228;22,16824
 369,67; 5177,140;  183,026;22635,081;22,24346
 370,26; 5131,921;  163,104;22324,432;22,42112
 370,85; 5156,415;  165,027;22224,115;22,62735
 371,44; 5108,295;  162,950;21915,452;22,73460
 372,03; 5101,589;  148,411;21735,464;22,94513
 372,63; 5064,221;  146,796;21467,665;23,06391
 373,22; 5074,228;  163,335;21191,812;23,35354
 373,81; 5041,714;  145,719;20838,455;23,66045
 374,40; 5040,025;  160,951;20675,604;23,78336
 374,99; 5033,587;  145,565;20441,721;24,08349
 375,59; 4977,303;  164,104;20102,791;24,14000
 376,18; 5078,814;  187,104;20097,739;24,56833
 376,77; 5049,008;  175,950;19803,374;24,82780
 377,36; 5114,236;  185,335;19830,750;25,08932
 377,95; 5082,934;  171,642;19514,783;25,39035
 378,55; 5056,180;  153,720;19393,116;25,48136
 379,14; 5145,382;  163,181;19295,167;26,04121
 379,73; 5161,845;  164,796;19295,064;26,12117
 380,32; 5253,352;  188,335;19260,688;26,55685
 380,91; 5219,314;  146,642;19173,460;26,66064
 381,50; 5295,729;  174,334;19098,122;27,06326
 382,10; 5312,505;  154,796;18972,842;27,40831
 382,69; 5316,204;  148,411;18954,725;27,47903
 383,28; 5393,337;  175,950;18916,543;27,84003
 383,87; 5453,551;  156,257;18817,684;28,38633
 384,46; 5505,722;  154,026;18687,175;28,87634
 385,05; 5563,951;  194,334;18760,539;28,92146
 385,64; 5597,014;  161,873;18800,073;29,16130
 386,24; 5644,580;  143,257;18689,202;29,66321
 386,83; 5745,425;  181,872;18791,198;29,89658
 387,42; 5817,310;  187,027;18847,354;30,17248
 388,01; 5974,880;  175,872;19030,790;30,75594
 388,60; 6145,954;  174,488;19302,564;31,21833
 389,19; 6188,341;  147,794;19585,188;31,07694
 389,78; 6334,788;  160,641;19742,875;31,52933
 390,37; 6585,758;  210,872;20148,460;31,97421
 390,96; 6679,215;  181,257;20369,504;32,18684
 391,56; 6769,617;  169,871;20426,752;32,58027
 392,15; 6900,478;  162,410;20697,820;32,81195
 392,74; 7066,970;  147,563;20920,637;33,30950
 393,33; 7212,292;  157,794;21195,812;33,53214
 393,92; 7426,438;  180,332;21547,336;33,91260
 394,51; 7546,312;  148,409;21753,422;34,24160
 395,10; 7723,246;  187,946;21973,125;34,58911
 395,69; 7783,237;  178,638;22062,414;34,74994
 396,28; 7894,025;  180,945;22180,037;35,06090
 396,87; 8004,354;  187,406;22212,066;35,49180
 397,46; 8097,817;  184,482;22312,288;35,76195
 398,06; 8256,751;  189,251;22514,144;36,13679
 398,65; 8370,110;  180,172;22560,711;36,59401
 399,24; 8479,226;  191,018;22802,205;36,65534
 399,83; 8550,937;  181,169;22734,628;37,11080
 400,42; 8684,520;  217,090;22979,373;37,19939
 401,01; 8787,983;  190,087;22995,087;37,70180
 401,60; 8860,438;  197,775;23016,172;37,96350
 402,19; 8920,027;  221,157;22987,970;38,20855
 402,78; 8974,452;  229,614;22979,760;38,43860
 403,37; 8980,054;  209,224;22870,945;38,70328
 403,96; 8998,587;  211,681;22675,927;39,11507
 404,55; 8993,462;  213,598;22688,617;39,06499
 405,14; 9038,549;  198,362;22519,915;39,60382
 405,73; 9087,738;  216,663;22322,151;40,13065
 406,32; 9131,087;  218,736;22266,543;40,42284
 406,91; 9069,319;  212,270;22036,164;40,58418
 407,50; 9065,347;  211,190;21858,589;40,90171
 408,09; 9008,124;  191,573;21526,878;41,32376
 408,68; 8989,929;  210,957;21422,809;41,38711
 409,27; 9030,887;  213,497;21213,179;41,98821
 409,86; 9011,297;  217,654;21093,623;42,12328
 410,45; 9077,968;  244,350;21142,410;42,27004
 411,04; 9062,512;  235,892;21005,027;42,49874
 411,63; 8977,261;  238,973;20728,095;42,64843
 412,22; 8905,628;  231,361;20515,569;42,76365
 412,81; 8898,889;  248,132;20245,693;43,25906
 413,40; 8817,072;  252,826;19939,565;43,50261
 413,99; 8669,063;  268,364;19703,148;43,22507
 414,58; 8562,332;  232,210;19356,809;43,55711
 415,17; 8483,999;  227,824;19147,564;43,63789
 415,76; 8453,533;  217,130;18916,318;44,04685
 416,35; 8387,448;  221,669;18849,059;43,83748
 416,94; 8478,146;  251,669;18938,677;44,02244
 417,53; 8635,575;  228,670;19199,348;44,31526
 418,12; 8714,075;  229,055;19185,855;44,75977
 418,71; 8888,032;  249,980;19542,806;44,77339
 419,30; 8949,162;  232,902;19708,599;44,75455
 419,89; 9094,718;  226,440;19861,723;45,16501
 420,48; 9240,919;  253,057;20143,030;45,18790
 421,07; 9270,450;  238,903;20122,711;45,42162
 421,66; 9301,702;  223,673;20134,727;45,59291
 422,25; 9336,030;  225,905;20062,293;45,92633
 422,84; 9384,072;  250,598;20054,166;46,12035
 423,43; 9282,239;  228,520;19729,645;46,42665
 424,02; 9193,001;  259,213;19542,557;46,32904
 424,60; 9035,533;  228,753;19152,118;46,53919
 425,19; 8968,741;  237,983;18881,942;46,82888
 425,78; 8917,200;  244,599;18850,271;46,61267
 426,37; 8884,879;  257,753;18690,792;46,80251
 426,96; 8865,450;  231,676;18590,586;47,02770
 427,55; 8795,831;  235,062;18431,651;47,04601
 428,14; 8713,652;  212,601;18207,500;47,24145
 428,73; 8618,363;  226,369;18042,012;47,10464
 429,32; 8627,411;  243,061;18062,110;47,05274
 429,91; 8651,554;  267,446;18083,100;47,06034
 430,50; 8576,708;  241,754;17920,625;47,14642
 431,08; 8548,385;  264,832;17747,215;47,38229
 431,67; 8548,296;  288,217;17636,556;47,61308
 432,26; 8508,903;  309,986;17422,417;47,91205
 432,85; 8335,868;  324,833;17128,614;47,67400
 433,44; 8224,106;  320,987;16755,749;48,08782
 434,03; 8058,992;  345,296;16480,246;47,80738
 434,62; 7843,613;  308,064;16046,651;47,87945
 435,21; 7795,064;  317,833;15877,765;48,05439
 435,79; 7679,100;  302,372;15751,387;47,74885
 436,38; 7691,236;  294,912;15675,802;48,08775
 436,97; 7596,461;  300,296;15600,304;47,68733
 437,56; 7484,982;  306,067;15323,393;47,80421
 438,15; 7523,381;  273,220;15373,984;48,01188
 438,74; 7517,707;  298,836;15367,389;47,90686
 439,33; 7521,582;  276,451;15361,402;48,02887
 439,91; 7483,872;  246,221;15399,475;47,76301
 440,50; 7544,711;  288,375;15516,127;47,65205
 441,09; 7580,368;  282,914;15620,906;47,57763
 441,68; 7578,251;  271,530;15612,087;47,63009
 442,27; 7549,614;  264,530;15579,286;47,56905
 442,86; 7488,874;  248,147;15552,234;47,31237
 443,44; 7557,597;  250,378;15678,991;47,36148
 444,03; 7644,955;  304,147;15667,682;47,78072
 444,62; 7548,639;  254,840;15566,714;47,63492
 445,21; 7452,073;  267,378;15409,568;47,44819
 445,80; 7417,899;  283,763;15283,693;47,56112
 446,39; 7335,977;  275,302;15009,206;47,92128
 446,97; 7170,857;  248,764;14829,512;47,47419
 447,56; 7102,716;  255,150;14607,252;47,71124
 448,15; 6993,354;  262,610;14492,211;47,30100
 448,74; 6885,822;  272,380;14216,047;47,42972
 449,33; 6789,066;  274,919;14100,219;47,11758
 449,91; 6689,936;  264,074;13933,703;47,00831
 450,50; 6576,495;  252,535;13791,595;46,70901
 451,09; 6545,064;  277,458;13653,642;46,85646
 451,68; 6515,337;  287,997;13562,365;46,91252
 452,26; 6431,138;  273,690;13481,292;46,62048
 452,85; 6400,943;  269,382;13355,885;46,85409
 453,44; 6385,599;  284,229;13344,416;46,71733
 454,03; 6325,142;  254,382;13372,846;46,27645
 454,61; 6295,111;  247,998;13295,765;46,34596
 455,20; 6419,389;  282,691;13519,705;46,36014
 455,79; 6405,660;  283,767;13512,989;46,27554
 456,38; 6411,578;  280,307;13621,648;45,95694
 456,97; 6394,636;  273,538;13732,316;45,48034
 457,55; 6409,098;  268,154;13677,764;45,79510
 458,14; 6393,252;  301,384;13571,674;45,90607
 458,73; 6342,225;  287,231;13564,498;45,60422
 459,31; 6331,371;  298,231;13617,316;45,29695
 459,90; 6354,870;  303,154;13699,421;45,17465
 460,49; 6421,785;  320,846;13770,577;45,36105
 461,08; 6399,167;  267,693;13847,103;45,15272
 461,66; 6414,674;  280,154;13949,330;44,87849
 462,25; 6440,496;  286,001;14054,905;44,69851
 462,84; 6444,986;  307,847;14014,453;44,77504
 463,43; 6372,291;  254,541;13985,829;44,55336
 464,01; 6410,447;  283,541;14008,174;44,64167
 464,60; 6372,546;  313,233;13914,776;44,54872
 465,19; 6206,269;  267,541;13666,993;44,32067
 465,77; 6202,530;  277,388;13645,074;44,32437
 466,36; 6182,607;  295,387;13538,028;44,45654
 466,95; 6037,682;  283,541;13268,050;44,31543
 467,53; 5878,376;  282,388;12991,519;44,03124
 468,12; 5778,491;  311,465;12780,764;43,84389
 468,71; 5669,181;  290,695;12519,817;43,98097
 469,29; 5522,044;  271,927;12258,414;43,80029
 469,88; 5395,519;  279,081;12066,171;43,40713
 470,47; 5480,680;  329,082;12242,536;43,24185
 471,06; 5408,693;  302,390;12120,336;43,20804
 471,64; 5466,297;  297,774;12299,895;43,06341
 472,23; 5414,644;  263,698;12297,375;42,80442
 472,81; 5430,095;  283,852;12422,720;42,39475
 473,40; 5519,863;  285,852;12554,271;42,66247
 473,99; 5613,033;  345,699;12738,207;42,50419
 474,57; 5567,696;  291,083;12822,779;42,10614
 475,16; 5684,514;  310,006;12987,369;42,39453
 475,75; 5677,005;  313,622;13064,535;42,06273
 476,33; 5693,694;  318,776;13200,156;41,72626
 476,92; 5745,234;  320,699;13232,959;42,01073
 477,51; 5712,722;  304,238;13274,780;41,69821
 478,09; 5737,832;  297,853;13241,036;42,02968
 478,68; 5686,500;  314,853;13194,701;41,70582
 479,27; 5679,317;  338,237;13286,752;41,24859
 479,85; 5608,803;  304,546;13250,330;40,97285
 480,44; 5669,670;  284,161;13482,359;40,80488
 481,02; 6178,410;  303,085;15318,995;39,12734
 481,61; 6906,144;  322,008;16982,727;39,51892
 482,20; 7340,759;  321,469;17993,988;39,71867
 482,78; 7622,656;  350,777;18693,940;39,64354
 483,37; 7791,034;  328,316;19128,672;39,69456
 483,95; 7925,531;  357,163;19354,782;39,83851
 484,54; 7946,555;  360,623;19489,224;39,65754
 485,13; 7929,120;  334,702;19283,272;40,07911
 485,71; 7819,221;  310,317;19077,145;40,01158
 486,30; 7723,946;  347,548;18842,170;39,88402
 486,88; 7575,022;  367,779;18319,504;40,14791
 487,47; 7294,713;  365,471;17668,607;40,04616
 488,05; 6977,511;  355,318;16738,834;40,41985
 488,64; 6428,370;  360,164;15456,159;40,19746
 489,23; 5723,554;  361,779;13396,604;41,13423
 489,81; 4927,646;  356,010;11829,565;39,84498
 490,40; 4671,769;  319,010;11393,164;39,30557
 490,98; 4539,879;  297,164;11155,449;39,07352
 491,57; 4529,118;  335,010;11071,665;39,06345
 492,15; 4467,568;  318,703;11051,625;38,65551
 492,74; 4455,633;  331,856;10970,659;38,76167
 493,32; 4397,995;  323,087;10811,823;38,85032
 493,91; 4338,921;  310,472;10719,403;38,70185
 494,50; 4313,869;  323,089;10708,045;38,42847
 495,08; 4309,755;  291,704;10712,573;38,55773
 495,67; 4278,102;  322,703;10659,900;38,26375
 496,25; 4198,124;  268,396;10586,039;38,08745
 496,84; 4187,227;  286,395;10522,241;38,10952
 497,42; 4155,665;  277,935;10462,589;38,07425
 498,01; 4107,759;  293,857;10421,051;37,66001
 498,59; 4075,100;  256,319;10385,093;37,70230
 499,18; 4044,299;  281,626;10324,208;37,46718
 499,76; 4020,011;  275,165;10235,417;37,59790
 500,35; 3938,310;  277,858;10074,466;37,36449
 500,93; 3883,422;  263,704;10030,174;37,06270
 501,52; 3864,213;  272,781; 9983,176;36,98544
 502,10; 3880,718;  289,782; 9974,348;37,07896
 502,69; 3789,226;  268,782; 9793,822;36,95988
 503,27; 3672,651;  257,550; 9571,845;36,66515
 503,86; 3640,875;  272,090; 9561,129;36,26624
 504,44; 3582,889;  250,167; 9440,116;36,26485
 505,03; 3522,205;  247,782; 9203,546;36,56218
 505,61; 3464,101;  245,859; 9099,096;36,35102
 506,19; 3396,131;  265,859; 8971,989;35,95480
 506,78; 3335,261;  243,091; 8756,487;36,32123
 507,36; 3257,690;  252,244; 8566,215;36,14934
 507,95; 3210,797;  270,399; 8487,616;35,78338
 508,53; 3156,520;  257,552; 8399,680;35,60454
 509,12; 3086,835;  258,014; 8283,370;35,24854
 509,70; 3060,089;  272,783; 8088,069;35,66480
 510,29; 3009,014;  277,015; 7980,491;35,46450
 510,87; 2942,350;  256,168; 7758,591;35,80419
 511,46; 2877,409;  252,014; 7607,758;35,69177
 512,04; 2802,160;  263,168; 7505,417;35,05806
 512,62; 2797,672;  258,322; 7359,014;35,76201
 513,21; 2701,873;  234,861; 7188,830;35,47632
 513,79; 2667,754;  260,785; 7095,679;35,21590
 514,38; 2614,687;  233,862; 6965,129;35,36965
 514,96; 2599,601;  262,323; 6845,465;35,50399
 515,54; 2497,180;  235,169; 6743,642;34,75486
 516,13; 2508,983;  256,554; 6631,363;35,33328
 516,71; 2415,238;  249,170; 6510,942;34,59193
 517,30; 2378,662;  243,632; 6406,221;34,64501
 517,88; 2343,280;  264,786; 6356,588;34,11954
 518,46; 2296,616;  246,017; 6198,811;34,44768
 519,05; 2273,459;  255,632; 6205,786;33,91219
 519,63; 2262,675;  262,017; 6169,286;33,86774
 520,22; 2227,845;  258,787; 6085,080;33,79606
 520,80; 2176,307;  254,325; 6071,161;33,04171
 521,38; 2188,222;  273,479; 6022,899;33,30324
 521,97; 2134,843;  243,403; 5969,290;33,03314
 522,55; 2134,357;  258,787; 5957,694;32,91105
 523,13; 2140,499;  246,018; 5964,236;33,13062
 523,72; 2104,466;  242,863; 5936,485;32,69628
 524,30; 2162,439;  261,019; 6077,744;32,68885
 524,89; 2151,075;  247,172; 6092,909;32,56908
 525,47; 2167,774;  249,634; 6207,271;32,19632
 526,05; 2193,046;  220,326; 6261,190;32,65625
 526,64; 2227,212;  251,865; 6368,939;32,29234
 527,22; 2276,271;  253,634; 6522,201;32,26634
 527,80; 2303,421;  278,019; 6634,172;31,86523
 528,39; 2308,734;  247,250; 6692,726;31,98342
 528,97; 2335,399;  259,865; 6919,122;31,16765
 529,55; 2394,823;  263,403; 7014,633;31,57084
 530,14; 2438,166;  267,942; 7250,174;31,08209
 530,72; 2454,355;  251,250; 7301,917;31,24676
 531,30; 2473,398;  223,866; 7446,640;31,14499
 531,89; 2515,304;  255,173; 7502,550;31,18551
 532,47; 2573,866;  285,635; 7603,403;31,26952
 533,05; 2548,773;  276,711; 7658,531;30,77916
 533,63; 2554,086;  287,097; 7778,226;30,26232
 534,22; 2564,880;  257,866; 7741,053;30,82930
 534,80; 2607,406;  283,943; 7831,393;30,78474
 535,38; 2679,654;  327,020; 7893,162;31,09424
 535,97; 2591,838;  269,250; 7797,748;30,85061
 536,55; 2648,723;  313,097; 7903,673;30,77008
 537,13; 2627,607;  311,096; 7869,410;30,64852
 537,71; 2651,068;  362,481; 7982,253;30,03485
 538,30; 2699,142;  364,558; 8048,950;30,38085
 538,88; 2725,972;  400,021; 8129,492;30,09199
 539,46; 2801,305;  441,251; 8299,336;30,03345
 540,05; 2824,504;  457,944; 8431,960;29,67840
 540,63; 2915,561;  504,097; 8605,735;29,76514
 541,21; 2988,955;  527,482; 8763,890;29,88526
 541,79; 2981,554;  560,328; 8855,955;29,18677
 542,38; 3025,272;  587,790; 8999,649;28,97674
 542,96; 3096,799;  584,021; 9218,023;29,10328
 543,54; 3138,115;  603,944; 9379,239;28,87848
 544,12; 3172,227;  579,790; 9506,657;29,04084
 544,70; 3169,051;  556,867; 9558,483;29,01905
 545,29; 3202,390;  567,097; 9751,103;28,69437
 545,87; 3205,938;  546,021; 9795,416;28,75774
 546,45; 3165,737;  502,174; 9721,323;28,89163
 547,03; 3163,102;  484,944; 9852,666;28,58921
 547,62; 3171,838;  463,790;10005,440;28,38134
 548,20; 3197,037;  465,098;10194,526;28,07913
 548,78; 3196,515;  430,714;10273,585;28,09953
 549,36; 3222,133;  408,945;10501,640;27,87350
 549,94; 3252,917;  374,944;10664,140;27,97082
 550,53; 3283,596;  380,714;10876,768;27,65689
 551,11; 3302,040;  353,253;11063,969;27,53119
 551,69; 3361,298;  345,176;11348,205;27,41175
 552,27; 3400,620;  321,637;11596,180;27,30916
 552,85; 3517,931;  327,792;11920,405;27,51872
 553,44; 3583,104;  320,945;12230,058;27,39212
 554,02; 3644,564;  332,791;12571,469;27,05989
 554,60; 3683,187;  282,022;12883,928;26,98929
 555,18; 3806,578;  313,637;13266,935;26,96565
 555,76; 3826,957;  301,868;13585,206;26,53767
 556,34; 3966,598;  301,561;14024,638;26,70711
 556,93; 4037,506;  286,868;14331,075;26,70594
 557,51; 4089,339;  283,561;14675,753;26,44335
 558,09; 4218,635;  309,868;15061,248;26,49764
 558,67; 4298,288;  297,100;15338,921;26,60042
 559,25; 4330,479;  318,484;15667,133;26,13908
 559,83; 4410,559;  293,946;15947,559;26,29816
 560,41; 4465,689;  290,638;16300,028;26,07877
 561,00; 4566,997;  290,100;16663,395;26,12117
 561,58; 4563,146;  294,023;16859,272;25,77156
 562,16; 4622,603;  282,792;17198,564;25,65542
 562,74; 4663,050;  261,330;17469,141;25,57978
 563,32; 4793,834;  262,254;17898,073;25,69532
 563,90; 4872,681;  281,177;18331,197;25,43767
 564,48; 4961,780;  297,407;18661,955;25,39879
 565,06; 5109,918;  288,869;19340,160;25,30563
 565,65; 5277,352;  284,178;19949,599;25,39063
 566,23; 5430,406;  326,792;20678,222;25,07742
 566,81; 5590,985;  285,254;21412,415;25,11332
 567,39; 5781,367;  287,562;22234,190;25,03257
 567,97; 5960,420;  301,715;22862,457;25,08208
 568,55; 6137,846;  299,485;23599,638;25,05718
 569,13; 6314,685;  289,331;24319,105;25,07454
 569,71; 6497,109;  290,715;25220,847;24,89515
 570,29; 6745,465;  313,330;26080,774;24,96226
 570,87; 6951,581;  315,945;26772,716;25,08105
 571,45; 7054,530;  318,946;27435,332;24,83953
 572,03; 7146,458;  263,947;27823,993;24,97278
 572,61; 7302,651;  274,177;28535,260;24,86980
 573,20; 7486,328;  294,715;29149,572;24,92340
 573,78; 7622,689;  292,946;29730,040;24,89968
 574,36; 7726,156;  298,946;30153,385;24,87808
 574,94; 7819,471;  324,408;30560,259;24,78866
 575,52; 7805,255;  295,332;30773,665;24,64020
 576,10; 7948,514;  357,101;31384,443;24,46685
 576,68; 8048,972;  330,485;31964,244;24,39952
 577,26; 8252,029;  347,102;32544,527;24,55143
 577,84; 8263,031;  352,716;32928,043;24,28315
 578,42; 8349,410;  378,793;33129,451;24,33727
 579,00; 8299,697;  358,100;33314,085;24,09759
 579,58; 8342,205;  382,947;33482,867;24,04615
 580,16; 8283,937;  365,947;33531,044;23,87447
 580,74; 8323,359;  346,870;33760,209;23,87217
 581,32; 8313,845;  358,331;33807,928;23,78359
 581,90; 8256,358;  372,947;33736,282;23,62897
 582,48; 8249,638;  384,178;33939,242;23,44046
 583,06; 8266,339;  391,178;34076,180;23,37883
 583,64; 8222,071;  370,101;34097,862;23,28044
 584,22; 8123,464;  379,255;33869,154;23,12401
 584,80; 8030,535;  401,639;33647,566;22,94686
 585,38; 7940,602;  385,869;33384,389;22,89416
 585,96; 7848,917;  368,793;33436,601;22,62056
 586,54; 7849,049;  383,870;33576,491;22,49048
 587,12; 7786,365;  355,793;33627,737;22,33285
 587,70; 7818,877;  377,485;33819,381;22,25171
 588,28; 7747,409;  381,563;33897,789;21,97696
 588,86; 7775,326;  373,947;33906,444;22,07226
 589,44; 7675,791;  355,102;34122,593;21,67969
 590,02; 7724,083;  355,717;34262,708;21,73111
 590,59; 7669,547;  341,255;34531,575;21,43382
 591,17; 7646,717;  339,795;34596,049;21,33018
 591,75; 7639,925;  336,487;34831,551;21,17241
 592,33; 7686,492;  358,025;35062,795;21,11660
 592,91; 7634,256;  314,179;35214,946;20,97397
 593,49; 7648,837;  315,795;35574,281;20,79795
 594,07; 7672,873;  323,180;35758,749;20,74100
 594,65; 7685,649;  331,717;35779,713;20,74569
 595,23; 7698,873;  330,948;36117,010;20,58881
 595,81; 7663,786;  317,717;36234,991;20,45275
 596,39; 7667,115;  324,333;36308,221;20,40575
 596,97; 7654,317;  331,179;36680,164;20,14675
 597,55; 7638,024;  308,563;36482,233;20,26187
 598,12; 7575,442;  294,026;36523,492;20,09805
 598,70; 7542,910;  297,487;36596,499;19,96039
 599,28; 7584,473;  313,718;36743,018;19,95854
 599,86; 7489,983;  303,564;36780,898;19,70105
 600,44; 7520,698;  277,256;36927,366;19,76377
 601,02; 7574,193;  325,334;36933,946;19,80096
 601,60; 7487,350;  312,871;36922,159;19,59743
 602,18; 7490,498;  289,103;36981,340;19,62648
 602,75; 7406,595;  275,025;37051,519;19,39165
 603,33; 7394,105;  313,564;37070,800;19,26298
 603,91; 7363,062;  296,488;37072,278;19,21529
 604,49; 7325,947;  310,872;37082,972;19,07717
 605,07; 7340,353;  307,641;37095,449;19,11697
 605,65; 7324,177;  329,872;37204,690;18,96770
 606,23; 7319,983;  394,024;37306,360;18,76326
 606,80; 7303,733;  422,640;37310,506;18,65408
 607,38; 7280,826;  461,641;37379,826;18,47107
 607,96; 7274,923;  492,640;37482,436;18,33555
 608,54; 7274,314;  556,487;37526,139;18,17119
 609,12; 7240,449;  554,717;37539,794;18,07684
 609,70; 7236,071;  585,872;37571,002;17,98074
 610,27; 7199,160;  597,563;37680,862;17,80208
 610,85; 7148,836;  587,025;37716,631;17,67272
 611,43; 7134,210;  604,102;37724,916;17,59150
 612,01; 7034,960;  570,794;37411,170;17,54642
 612,59; 6986,294;  551,795;37424,572;17,45054
 613,16; 6944,634;  531,255;37421,628;17,38497
 613,74; 6888,514;  505,718;37292,857;17,35062
 614,32; 6872,534;  468,026;37273,882;17,40078
 614,90; 6759,930;  428,102;37115,233;17,25899
 615,48; 6644,648;  383,332;36769,585;17,20791
 616,05; 6653,070;  373,409;36769,797;17,25353
 616,63; 6570,569;  379,947;36526,855;17,12628
 617,21; 6498,460;  381,948;36544,048;16,91415
 617,79; 6469,994;  352,025;36390,400;16,97626
 618,36; 6390,029;  360,717;36369,821;16,74385
 618,94; 6318,786;  310,332;36014,423;16,82848
 619,52; 6250,740;  339,255;35777,641;16,68102
 620,10; 6185,952;  320,794;35728,557;16,56461
 620,67; 6172,132;  328,255;35576,143;16,57937
 621,25; 6107,265;  334,564;35564,884;16,38561
 621,83; 6085,871;  327,948;35450,545;16,39379
 622,41; 6030,790;  357,486;35413,328;16,18362
 622,98; 6000,451;  339,486;35204,247;16,23693
 623,56; 5949,956;  327,639;35200,449;16,12235
 624,14; 5894,604;  305,564;35064,166;16,07959
 624,72; 5836,377;  324,409;34963,520;15,91256
 625,29; 5764,980;  296,716;35012,737;15,75141
 625,87; 5833,548;  345,871;34931,181;15,86708
 626,45; 5721,634;  298,870;34875,107;15,68350
 627,02; 5633,270;  311,717;34781,840;15,43816
 627,60; 5597,503;  294,949;34693,450;15,41507
 628,18; 5605,449;  284,332;34841,641;15,39795
 628,76; 5559,258;  283,332;34808,566;15,28136
 629,33; 5494,428;  313,178;34893,070;14,98342
 629,91; 5477,798;  300,871;34831,480;14,99228
 630,49; 5472,798;  319,024;34971,804;14,87261
 631,06; 5482,072;  313,178;35078,391;14,86801
 631,64; 5407,672;  313,101;35084,502;14,65161
 632,22; 5369,084;  271,947;34986,358;14,68306
 632,79; 5402,263;  299,408;35208,261;14,61765
 633,37; 5345,239;  278,794;35387,977;14,43054
 633,95; 5341,116;  289,409;35393,024;14,39085
 634,52; 5312,644;  282,025;35503,450;14,28284
 635,10; 5271,343;  286,256;35479,828;14,16477
 635,68; 5314,016;  284,408;35690,864;14,20534
 636,25; 5246,682;  283,639;35719,615;14,00566
 636,83; 5253,796;  254,486;35938,950;14,00977
 637,41; 5233,694;  273,793;36007,906;13,88002
 637,98; 5242,442;  286,562;36122,062;13,82953
 638,56; 5219,773;  289,485;36144,850;13,75049
 639,13; 5207,762;  275,024;36255,306;13,70956
 639,71; 5212,036;  289,255;36347,691;13,65223
 640,29; 5095,273;  252,717;36144,876;13,49196
 640,86; 5053,551;  266,024;36367,752;13,26121
 641,44; 5055,214;  271,563;36536,705;13,19077
 642,02; 5024,569;  292,486;36372,811;13,11541
 642,59; 4953,770;  263,409;36518,918;12,93696
 643,17; 4943,510;  266,409;36512,332;12,90380
 643,74; 4938,096;  264,255;36535,361;12,88585
 644,32; 4907,143;  285,563;36407,237;12,79448
 644,89; 4887,729;  275,794;36465,728;12,74370
 645,47; 4839,315;  301,871;36483,373;12,54078
 646,05; 4810,286;  260,255;36403,864;12,58875
 646,62; 4736,025;  277,101;36363,509;12,35624
 647,20; 4715,150;  272,255;36558,616;12,24398
 647,77; 4645,659;  258,486;36456,645;12,11988
 648,35; 4641,860;  242,025;36263,675;12,21442
 648,92; 4647,215;  285,255;36337,166;12,09911
 649,50; 4576,955;  244,948;36268,195;12,02559
 650,08; 4538,925;  240,102;36146,610;11,97227
 650,65; 4529,357;  255,794;36414,178;11,81901
 651,23; 4550,328;  235,871;37371,361;11,61815
 651,80; 4654,914;  253,025;38148,083;11,61600
 652,38; 4698,654;  263,871;38457,651;11,61127
 652,95; 4699,316;  222,256;38802,373;11,60458
 653,53; 4738,364;  258,332;39008,787;11,56124
 654,10; 4731,181;  276,563;39204,201;11,44333
 654,68; 4690,536;  240,948;38966,692;11,49000
 655,25; 4641,352;  238,563;39112,645;11,32577
 655,83; 4642,246;  250,640;39190,136;11,27802
 656,40; 4611,986;  276,025;39135,781;11,15797
 656,98; 4562,802;  251,794;39020,118;11,11992
 657,55; 4491,696;  260,717;38890,378;10,95267
 658,13; 4441,974;  243,563;38524,331;10,96742
 658,70; 4427,945;  259,871;38232,130;10,97663
 659,28; 4263,608;  244,794;37292,775;10,84759
 659,85; 4122,424;  256,794;36790,035;10,58113
 660,43; 4082,010;  272,640;36842,603;10,41666
 661,00; 4066,211;  245,640;37033,940;10,38529
 661,58; 4065,720;  244,179;37265,047;10,32267
 662,15; 4049,153;  230,871;37462,615;10,25545
 662,73; 4103,585;  290,794;37841,644;10,15367
 663,30; 4057,632;  252,948;37984,905;10,08345
 663,88; 4071,064;  258,256;38130,242;10,06762
 664,45; 4039,112;  250,256;38406,348; 9,92988
 665,03; 4067,697;  256,641;38698,147; 9,91391
 665,60; 4122,206;  297,564;39203,331; 9,83053
 666,17; 4061,792;  266,641;39281,899; 9,72735
 666,75; 4048,609;  254,641;39616,928; 9,63859
 667,32; 4085,656;  268,641;39890,496; 9,63361
 667,90; 4117,627;  262,025;40139,218; 9,66869
 668,47; 4126,982;  268,795;40390,171; 9,61629
 669,05; 4119,260;  255,641;40646,662; 9,56554
 669,62; 4057,616;  234,564;40704,076; 9,44675
 670,19; 4066,740;  237,410;40810,644; 9,43807
 670,77; 4078,557;  262,718;41151,673; 9,33220
 671,34; 4013,450;  246,641;40857,242; 9,27543
 671,92; 4062,267;  245,256;41280,040; 9,30189
 672,49; 4019,468;  272,102;41219,916; 9,15156
 673,06; 3961,746;  225,025;41408,792; 9,07329
 673,64; 3972,948;  242,025;41259,590; 9,09591
 674,21; 3954,764;  234,564;41124,928; 9,09799
 674,79; 3954,350;  257,102;41488,803; 8,96700
 675,36; 3946,321;  257,872;41607,218; 8,92021
 675,93; 3869,830;  242,872;41375,786; 8,81765
 676,51; 3913,570;  257,026;41598,277; 8,84478
 677,08; 3896,155;  257,872;41691,614; 8,78097
 677,65; 3877,511;  263,487;41835,490; 8,69341
 678,23; 3893,866;  253,103;42044,519; 8,71175
 678,80; 3864,067;  242,487;42217,241; 8,62800
 679,38; 3856,653;  235,641;42347,194; 8,59862
 679,95; 3903,085;  248,103;42539,377; 8,64240
 680,52; 3884,594;  244,564;42854,099; 8,54276
 681,10; 3887,795;  248,872;43315,513; 8,44952
 681,67; 3935,073;  255,564;43660,697; 8,47713
 682,24; 3882,736;  232,487;43679,341; 8,40164
 682,82; 3916,091;  222,718;44193,833; 8,39954
 683,39; 3963,523;  273,487;44550,170; 8,33404
 683,96; 3938,571;  240,180;44680,738; 8,32211
 684,54; 3925,541;  228,257;45008,767; 8,25646
 685,11; 3998,512;  250,872;45270,951; 8,32437
 685,68; 3965,636;  237,718;45817,903; 8,17881
 686,25; 3950,992;  217,949;45772,625; 8,19464
 686,83; 3928,116;  234,103;45986,347; 8,07395
 687,40; 3948,240;  218,026;46307,454; 8,09343
 687,97; 4019,826;  260,872;46582,099; 8,11497
 688,55; 3957,104;  213,641;46655,128; 8,06060
 689,12; 3949,152;  199,257;46942,311; 8,02236
 689,69; 3963,661;  228,411;46987,956; 7,98821
 690,26; 3933,093;  235,949;47032,909; 7,90039
 690,84; 3943,910;  235,565;47260,939; 7,88584
 691,41; 3988,649;  252,103;47316,584; 7,93921
 691,98; 3952,543;  247,642;47707,075; 7,80646
 692,56; 3948,513;  220,334;47711,873; 7,85020
 693,13; 3991,869;  292,334;47773,518; 7,79158
 693,70; 3950,070;  253,949;47925,240; 7,75335
 694,27; 3894,963;  242,334;48087,116; 7,63433
 694,84; 3886,703;  236,642;48209,453; 7,60860
 695,42; 3952,443;  271,334;48307,867; 7,66314
 695,99; 3889,414;  247,872;48456,051; 7,55378
 696,56; 3875,922;  234,872;48261,926; 7,58125
 697,13; 3933,585;  257,488;48843,418; 7,56618
 697,71; 3863,017;  215,642;48735,832; 7,51723
 698,28; 3873,603;  241,642;49050,630; 7,44117
 698,85; 3851,882;  212,719;49156,506; 7,43539
 699,42; 3896,544;  222,257;49245,382; 7,49501
 699,99; 3910,823;  253,796;49343,334; 7,44971
 700,57; 3863,716;  253,488;49435,518; 7,34054
 701,14; 3885,148;  234,257;49521,394; 7,40739
 701,71; 3874,965;  255,180;49731,731; 7,31616
 702,28; 3875,012;  237,334;49772,991; 7,34355
 702,85; 3873,983;  254,873;49842,713; 7,29838
 703,43; 3886,800;  261,950;50054,896; 7,27985
 704,00; 3919,385;  272,411;50188,695; 7,30618
 704,57; 3878,971;  256,411;50230,186; 7,24892
 705,14; 3886,634;  285,796;50395,370; 7,18593
 705,71; 3872,682;  281,104;50459,630; 7,15760
 706,28; 3865,191;  258,411;50428,660; 7,18908
 706,86; 3903,084;  286,411;50726,766; 7,17020
 707,43; 3910,747;  288,411;50512,180; 7,21239
 708,00; 3894,948;  274,104;50540,825; 7,20326
 708,57; 3870,150;  254,411;50508,932; 7,19485
 709,14; 3884,197;  275,258;50590,423; 7,17267
 709,71; 3865,552;  266,565;50679,606; 7,13900
 710,28; 3918,061;  247,258;50823,636; 7,25794
 710,86; 3884,955;  264,565;51017,127; 7,13341
 711,43; 3927,772;  275,796;50994,079; 7,20051
 712,00; 3924,742;  260,258;51132,340; 7,20333
 712,57; 3913,559;  260,873;51295,138; 7,15732
 713,14; 3945,760;  252,719;51329,091; 7,23043
 713,71; 3899,961;  271,488;51252,813; 7,11726
 714,28; 3912,778;  258,412;51254,227; 7,16601
 714,85; 3900,133;  238,412;51039,257; 7,20799
 715,42; 3904,488;  245,027;51211,517; 7,18013
 716,00; 3956,459;  276,412;51335,470; 7,20743
 716,57; 3938,891;  237,796;51470,884; 7,22403
 717,14; 3906,477;  236,412;51438,760; 7,16777
 717,71; 3922,447;  223,796;51422,481; 7,22411
 718,28; 3973,033;  252,181;51575,819; 7,24978
 718,85; 3938,773;  231,642;51546,233; 7,22432
 719,42; 3987,974;  255,181;51709,262; 7,25461
 719,99; 3971,791;  242,181;51471,138; 7,28028
 720,56; 3980,761;  249,643;51755,014; 7,24414
 721,13; 3986,732;  235,643;51894,043; 7,26133
 721,70; 3970,241;  234,027;51750,381; 7,25248
 722,27; 3980,519;  250,104;51793,949; 7,23736
 722,84; 4067,105;  272,643;51888,132; 7,35140
 723,41; 4003,999;  228,489;51968,700; 7,29705
 723,98; 4028,892;  248,873;52073,037; 7,29393
 724,55; 4058,171;  271,104;52246,298; 7,28630
 725,12; 4016,756;  200,104;52149,404; 7,34688
 725,69; 4059,573;  231,797;52368,510; 7,34181
 726,27; 4057,313;  243,181;52399,925; 7,31283
 726,84; 4072,899;  241,181;52682,800; 7,30663
 727,41; 4116,715;  256,412;52616,445; 7,37261
 727,98; 4171,071;  265,027;53006,783; 7,40598
 728,55; 4171,810;  280,412;52754,504; 7,41585
 729,12; 4147,550;  221,643;52956,995; 7,44455
 729,69; 4182,367;  261,335;53028,102; 7,43087
 730,26; 4197,953;  262,720;53308,132; 7,41861
 730,82; 4174,154;  254,797;53184,930; 7,40477
 731,39; 4180,663;  236,566;53269,883; 7,43702
 731,96; 4193,787;  228,412;53613,451; 7,42788
 732,53; 4184,912;  252,412;53726,096; 7,35408
 733,10; 4264,498;  261,951;53735,510; 7,48510
 733,67; 4323,930;  255,951;54002,232; 7,56886
 734,24; 4233,823;  237,643;53779,877; 7,46360
 734,81; 4302,102;  265,181;53850,753; 7,53360
 735,38; 4278,303;  258,335;53510,782; 7,54889
 735,95; 4260,043;  251,028;53377,735; 7,54614
 736,52; 4298,859;  263,643;53533,995; 7,57498
 737,09; 4280,214;  260,720;53275,486; 7,58184
 737,66; 4317,185;  297,720;53398,131; 7,56956
 738,23; 4309,002;  249,028;53464,545; 7,62930
 738,80; 4378,587;  284,643;53748,344; 7,65743
 739,37; 4405,789;  275,182;53944,066; 7,69647
 739,94; 4408,529;  263,182;54030,865; 7,70974
 740,51; 4514,114;  307,643;53980,971; 7,83717
 741,07; 4446,239;  245,643;53904,231; 7,82838
 741,64; 4486,825;  277,951;54078,415; 7,82312
 742,21; 4473,180;  252,105;54203,291; 7,82388
 742,78; 4488,689;  229,336;54034,166; 7,91630
 743,35; 4528,121;  249,105;54354,427; 7,90868
 743,92; 4572,476;  274,566;54428,995; 7,93640
 744,49; 4585,754;  250,874;54328,024; 8,01610
 745,06; 4607,340;  244,182;54277,669; 8,07492
 745,63; 4581,541;  237,336;54250,699; 8,04284
 746,19; 4608,512;  236,105;54194,728; 8,10326
 746,76; 4640,252;  255,643;54330,604; 8,10839
 747,33; 4661,761;  237,951;54267,557; 8,18775
 747,90; 4714,270;  270,951;54414,971; 8,20648
 748,47; 4742,471;  260,105;54308,077; 8,29331
 749,04; 4722,134;  255,644;54397,414; 8,24962
 749,61; 4792,720;  274,951;54310,367; 8,36075
 750,17; 4775,998;  269,259;54364,627; 8,33110
 750,74; 4801,815;  275,644;54258,734; 8,38442
 751,31; 4800,401;  239,721;54096,533; 8,46816
 751,88; 4806,833;  231,105;54064,639; 8,49977
 752,45; 4851,803;  249,490;54176,976; 8,53426
 753,02; 4876,158;  247,567;54046,467; 8,60351
 753,58; 4855,744;  244,721;53948,882; 8,58597
 754,15; 4888,099;  248,413;54144,373; 8,60860
 754,72; 4875,378;  232,413;53798,941; 8,66766
 755,29; 4886,810;  235,644;53757,740; 8,69018
 755,86; 4940,011;  244,182;53816,692; 8,76537
 756,42; 4993,135;  248,259;53672,491; 8,88151
 756,99; 4937,106;  213,952;53711,059; 8,82880
 757,56; 4985,307;  218,875;53750,550; 8,90395
 758,13; 4980,585;  189,952;53569,118; 8,97473
 758,70; 5026,171;  207,798;53646,840; 9,01658
 759,26; 5038,065;  187,567;53640,716; 9,07430
 759,83; 5104,805;  202,259;53748,745; 9,15568
 760,40; 5099,314;  191,721;53546,698; 9,19800
 760,97; 5103,669;  194,875;53715,727; 9,17174
 761,53; 5092,178;  177,490;53277,603; 9,25551
 762,10; 5111,071;  172,106;53148,171; 9,32301
 762,67; 5166,196;  214,029;53222,970; 9,34214
 763,24; 5143,320;  166,567;52805,846; 9,45445
 763,80; 5180,752;  194,721;52941,721; 9,45273
 764,37; 5177,646;  203,798;52877,366; 9,44278
 764,94; 5161,309;  188,875;52464,165; 9,51202
 765,50; 5160,510;  185,952;52357,502; 9,53500
 766,07; 5242,788;  226,336;52546,686; 9,58796
 766,64; 5211,143;  212,413;52185,331; 9,61795
 767,21; 5254,883;  208,490;51985,437; 9,74641
 767,77; 5253,853;  231,183;51931,005; 9,71506
 768,34; 5308,901;  230,952;51842,265; 9,83883
 768,91; 5307,102;  231,798;51800,064; 9,84191
 769,47; 5294,150;  230,875;51802,248; 9,81799
 770,04; 5345,966;  240,029;51611,662; 9,93922
 770,61; 5315,245;  220,106;51433,768; 9,94879
 771,18; 5319,830;  215,183;51327,798; 9,98706
 771,74; 5414,493;  230,798;51420,135;10,12651
 772,31; 5394,772;  233,029;51218,472;10,12395
 772,88; 5404,357;  216,029;51003,425;10,21578
 773,44; 5383,482;  213,568;50748,993;10,23028
 774,01; 5444,222;  230,260;50902,484;10,28959
 774,58; 5477,884;  218,798;50579,206;10,44290
 775,14; 5461,163;  220,029;50682,466;10,38621
 775,71; 5491,825;  218,260;50524,496;10,48293
 776,27; 5593,642;  253,645;50421,141;10,64434
 776,84; 5622,074;  263,568;50475,786;10,67172
 777,41; 5572,352;  229,952;50344,431;10,66039
 777,97; 5542,477;  218,722;50052,460;10,68303
 778,54; 5598,524;  234,183;50233,643;10,72880
 779,11; 5682,033;  247,183;50042,365;10,91441
 779,67; 5646,927;  216,491;50041,703;10,89897
 780,24; 5674,590;  231,106;49856,655;10,96911
 780,80; 5701,791;  252,029;49890,146;10,97899
 781,37; 5738,761;  245,568;49794,560;11,08639
 781,94; 5706,270;  230,568;49558,513;11,10061
 782,50; 5767,856;  237,337;49458,312;11,23610
 783,07; 5799,288;  259,029;49630,418;11,22160
 783,63; 5814,413;  217,799;49306,063;11,40112
 784,20; 5793,614;  246,106;49188,324;11,33481
 784,77; 5815,277;  242,260;49076,661;11,41207
 785,33; 5839,094;  219,568;48788,613;11,57018
 785,90; 5880,218;  232,568;48798,105;11,62893
 786,46; 5900,265;  249,953;48682,596;11,66633
 787,03; 5901,313;  224,568;48553,087;11,74616
 787,59; 5911,206;  223,183;48395,347;11,80770
 788,16; 5955,639;  242,876;48427,223;11,85606
 788,73; 5977,071;  252,491;48291,714;11,91647
 789,29; 5938,580;  230,260;47965,820;11,95821
 789,86; 6005,012;  242,107;47806,696;12,11596
 790,42; 6033,521;  237,799;47782,187;12,19013
 790,99; 6007,953;  249,953;47390,371;12,21457
 791,55; 6037,692;  225,491;47342,708;12,33562
 792,12; 6094,509;  242,184;47204,276;12,46181
 792,68; 6087,249;  239,491;46999,536;12,50589
 793,25; 6073,912;  241,568;46866,873;12,50897
 793,81; 6120,498;  265,645;46431,134;12,68231
 794,38; 6015,314;  213,568;46336,240;12,57895
 794,94; 6119,746;  216,645;46150,500;12,85131
 795,51; 6086,871;  239,876;45838,453;12,82276
 796,07; 6086,072;  240,414;45637,944;12,87660
 796,64; 6131,735;  255,953;45735,589;12,91959
 797,20; 6148,936;  247,645;45281,619;13,10409
 797,77; 6095,214;  222,030;44940,187;13,13378
 798,33; 6144,262;  221,645;44821,370;13,27949
 798,90; 6124,079;  262,415;44707,323;13,18861
 799,46; 6078,895;  224,492;44268,429;13,29219
 800,03; 6132,020;  231,953;44114,074;13,44526
 800,59; 6128,298;  238,568;43861,873;13,50134
 801,15; 6113,653;  244,030;43687,826;13,51084
 801,72; 6133,008;  242,722;43469,163;13,62658
 802,28; 6149,517;  262,722;43109,500;13,73918
 802,85; 6138,641;  235,722;42915,376;13,83076
 803,41; 6091,612;  236,261;42795,098;13,75825
 803,98; 6124,044;  225,646;42440,819;13,97222
 804,54; 6110,707;  239,107;42121,003;14,01942
 805,11; 6124,908;  244,415;42022,186;14,07565
 805,67; 6146,956;  254,030;41902,985;14,14904
 806,23; 6094,618;  243,261;41480,399;14,18953
 806,80; 6103,974;  250,030;41395,736;14,22735
 807,36; 6161,175;  263,799;41287,997;14,37536
 807,93; 6131,453;  251,261;41077,488;14,40298
 808,49; 6087,116;  222,492;40710,748;14,48475
 809,05; 6092,394;  213,261;40645,932;14,54055
 809,62; 6164,518;  234,030;40570,884;14,70241
 810,18; 6213,181;  242,492;40343,606;14,88909
 810,74; 6136,152;  213,184;40125,251;14,84004
 811,31; 6133,584;  207,646;39957,281;14,90816
 811,87; 6188,016;  211,338;39817,618;15,09023
 812,44; 6212,140;  259,030;39809,417;15,05196
 813,00; 6148,649;  195,030;39443,523;15,16904
 813,56; 6235,235;  242,415;39555,706;15,24375
 814,13; 6245,821;  236,107;39380,582;15,35265
 814,69; 6237,176;  236,261;39266,612;15,37500
 815,25; 6248,378;  204,723;38783,410;15,66579
 815,82; 6278,194;  248,107;38800,979;15,64108
 816,38; 6292,780;  249,031;38621,393;15,75027
 816,94; 6244,058;  211,338;38295,038;15,84069
 817,51; 6232,721;  212,415;38056,606;15,90814
 818,07; 6245,769;  224,646;37847,327;16,00397
 818,63; 6253,893;  240,415;37617,588;16,08864
 819,20; 6242,633;  231,108;37646,156;16,06713
 819,76; 6207,526;  209,415;37148,185;16,23798
 820,32; 6238,343;  261,492;37058,984;16,24255
 820,89; 6256,083;  254,108;36890,706;16,38246
 821,45; 6252,207;  214,800;36627,120;16,58067
 822,01; 6255,024;  239,185;36344,227;16,66205
 822,57; 6240,994;  233,492;36234,410;16,68708
 823,14; 6184,426;  204,646;36094,517;16,66147
 823,70; 6218,859;  215,262;35798,777;16,87185
 824,26; 6210,214;  217,877;35647,422;16,91339
 824,82; 6245,569;  230,108;35519,682;17,04600
 825,39; 6169,462;  217,185;35304,481;16,96420
 825,95; 6220,894;  245,646;35297,972;17,04665
 826,51; 6182,173;  240,569;34839,155;17,17297
 827,08; 6233,066;  264,877;35037,800;17,16332
 827,64; 6239,729;  235,954;34721,445;17,40957
 828,20; 6184,238;  213,800;34453,167;17,43735
 828,76; 6265,362;  244,108;34526,581;17,56365
 829,32; 6212,410;  236,877;34258,919;17,56371
 829,89; 6240,688;  209,646;34195,333;17,74583
 830,45; 6300,582;  228,031;34079,901;17,93860
 831,01; 6239,168;  210,262;33996,161;17,84444
 831,57; 6284,677;  232,647;33860,498;17,99708
 832,14; 6262,263;  225,647;33830,066;17,96376
 832,70; 6241,772;  215,185;33656,865;18,02118
 833,26; 6234,511;  202,493;33467,972;18,13297
 833,82; 6311,020;  221,800;33428,155;18,33751
 834,38; 6319,222;  214,416;33497,800;18,34190
 834,95; 6317,654;  214,262;33343,599;18,42292
 835,51; 6304,393;  190,262;33138,474;18,55679
 836,07; 6406,210;  227,262;33274,196;18,69749
 836,63; 6423,181;  230,954;33193,533;18,78562
 837,19; 6425,305;  218,801;32938,717;18,96858
 837,75; 6359,275;  188,647;32749,054;18,95133
 838,32; 6452,015;  240,185;32824,314;19,06397
 838,88; 6492,755;  239,493;32837,190;19,18314
 839,44; 6530,879;  222,570;32724,989;19,40874
 840,00; 6503,388;  227,801;32701,249;19,32529
 840,56; 6443,282;  212,262;32495,586;19,30105
 841,12; 6513,868;  203,339;32331,385;19,64181
 841,68; 6492,915;  194,416;32177,261;19,69337
 842,25; 6578,732;  201,647;32197,137;19,93120
 842,81; 6513,087;  205,416;31977,935;19,85260
 843,37; 6555,596;  196,878;31961,965;20,01795
 843,93; 6571,490;  203,416;31936,764;20,06745
 844,49; 6656,768;  215,724;31937,563;20,30476
 845,05; 6586,354;  183,493;31775,131;20,26758
 845,61; 6681,171;  226,262;31838,160;20,41924
 846,17; 6650,910;  219,493;31653,344;20,46016
 846,73; 6684,419;  229,493;31543,681;20,61342
 847,29; 6639,082;  189,262;31464,326;20,62288
 847,86; 6657,360;  199,493;31337,586;20,73944
 848,42; 6679,639;  189,724;31205,462;20,92459
 848,98; 6658,686;  208,339;31137,261;20,85539
 849,54; 6687,041;  203,416;31192,752;20,92212
 850,10; 6733,089;  206,724;30940,704;21,23501
 850,66; 6694,444;  200,109;30774,272;21,24125
 851,22; 6687,568;  202,801;30788,379;21,20204
 851,78; 6755,308;  228,340;30870,562;21,30057
 852,34; 6716,971;  215,263;30637,361;21,37166
 852,90; 6707,403;  209,801;30447,237;21,48860
 853,46; 6707,758;  206,263;30321,343;21,58884
 854,02; 6684,651;  222,417;30400,142;21,41392
 854,58; 6674,776;  206,570;30024,864;21,69207
 855,14; 6674,439;  193,109;29942,124;21,78670
 855,70; 6651,486;  176,724;29833,923;21,83201
 856,26; 6725,457;  222,955;29809,875;21,97762
 856,82; 6677,504;  192,263;29631,982;22,02888
 857,38; 6717,398;  225,801;29541,319;22,14389
 857,94; 6665,445;  212,032;29512,733;22,02477
 858,50; 6695,954;  213,263;29401,994;22,20957
 859,06; 6678,386;  203,955;29174,869;22,34804
 859,62; 6719,357;  218,801;29136,591;22,47943
 860,18; 6730,866;  213,032;28933,390;22,69412
 860,74; 6704,452;  169,571;28844,727;22,78935
 861,30; 6677,191;  185,648;28604,757;22,84218
 861,86; 6735,777;  218,648;28699,248;22,88270
 862,42; 6703,286;  203,571;28560,970;22,92070
 862,98; 6752,872;  222,802;28505,769;23,08835
 863,54; 6695,227;  221,032;28284,183;23,07009
 864,10; 6708,659;  215,417;28338,366;23,08877
 864,66; 6683,322;  191,417;28138,473;23,22930
 865,22; 6668,524;  206,340;27941,579;23,29954
 865,78; 6689,956;  209,571;27853,762;23,44212
 866,34; 6675,695;  205,263;27816,484;23,43407
 866,90; 6681,127;  213,648;27697,591;23,53185
 867,45; 6708,790;  225,571;27458,851;23,80624
 868,01; 6619,453;  208,879;27301,496;23,66170
 868,57; 6643,808;  216,186;27160,064;23,85559
 869,13; 6630,702;  200,494;27059,632;23,94048
 869,69; 6636,211;  214,725;26940,662;24,02717
 870,25; 6639,874;  195,186;26880,845;24,15038
 870,81; 6646,690;  212,033;26829,952;24,17416
 871,37; 6642,199;  213,956;26673,904;24,29424
 871,93; 6625,170;  218,110;26586,318;24,29843
 872,49; 6658,987;  210,956;26263,656;24,74995
 873,04; 6575,726;  195,110;26154,377;24,57934
 873,60; 6613,235;  186,648;26029,099;24,86833
 874,16; 6594,821;  218,956;26023,513;24,70829
 874,72; 6576,129;  195,956;25841,129;24,87865
 875,28; 6592,360;  220,802;25912,821;24,79975
 875,84; 6631,513;  197,110;25677,667;25,25221
 876,40; 6626,975;  202,879;25768,744;25,12763
 876,95; 6632,513;  214,110;25704,360;25,17984
 877,51; 6689,513;  227,571;25639,206;25,42907
 878,07; 6702,898;  244,110;25657,975;25,41443
 878,63; 6689,821;  203,648;25651,360;25,48824
 879,19; 6724,513;  218,340;25695,052;25,53773
 879,75; 6792,898;  206,725;25729,052;25,80554
 880,30; 6807,975;  200,494;25758,206;25,85318
 880,86; 6871,206;  244,956;25900,437;25,82781
 881,42; 6904,283;  200,417;25944,283;26,04063
 881,98; 6946,360;  219,340;25919,437;26,17507
 882,54; 6998,744;  198,187;26137,667;26,21702
 883,09; 7040,052;  221,802;26160,744;26,28577
 883,65; 7056,360;  200,725;26201,975;26,36656
 884,21; 7185,821;  232,417;26420,821;26,55146
 884,77; 7188,513;  214,571;26508,437;26,52308
 885,32; 7271,898;  219,417;26620,283;26,71307
 885,88; 7352,590;  249,110;26783,667;26,77068
 886,44; 7379,590;  215,340;26951,206;26,79640
 887,00; 7422,206;  223,417;26868,513;27,01731
 887,56; 7439,744;  211,340;26938,052;27,04562
 888,11; 7505,513;  207,956;27005,513;27,23217
 888,67; 7558,744;  242,571;27206,667;27,13302
 889,23; 7528,513;  220,648;27159,206;27,12790
 889,79; 7525,744;  205,494;27040,898;27,27833
 890,34; 7583,052;  216,263;27020,898;27,48326
 890,90; 7651,975;  262,110;27093,898;27,54146
 891,46; 7599,206;  204,263;27036,590;27,55982
 892,01; 7648,206;  230,110;26989,667;27,72130
 892,57; 7653,898;  237,879;26907,590;27,80690
 893,13; 7574,898;  205,956;26723,206;27,78924
 893,69; 7570,206;  211,648;26735,975;27,74267
 894,24; 7616,283;  222,340;26588,437;28,04337
 894,80; 7604,975;  226,263;26441,360;28,14680
 895,36; 7617,052;  214,879;26394,590;28,27446
 895,91; 7546,513;  206,263;26173,744;28,26709
 896,47; 7589,437;  221,110;26024,360;28,55581
 897,03; 7592,975;  209,648;25893,975;28,74643
 897,58; 7576,821;  224,340;25703,206;28,85717
 898,14; 7548,821;  217,879;25519,437;28,97427
 898,70; 7518,513;  189,033;25415,206;29,05506
 899,25; 7555,590;  209,494;25394,667;29,16834
 899,81; 7527,513;  227,571;25239,590;29,18574
 900,37; 7457,360;  186,571;24999,821;29,30204
 900,92; 7567,052;  213,571;24986,898;29,68306
 901,48; 7538,052;  193,879;24784,667;29,86555
 902,03; 7507,513;  212,725;24677,206;29,81788
 902,59; 7509,744;  206,110;24592,975;29,94905
 903,15; 7511,667;  228,033;24452,513;30,06725
 903,70; 7456,898;  215,187;24229,513;30,15580
 904,26; 7411,513;  196,110;24163,821;30,10468
 904,82; 7399,206;  213,725;24170,129;29,99399
 905,37; 7414,975;  222,725;23949,513;30,31278
 905,93; 7422,513;  194,110;23913,360;30,47484
 906,48; 7431,821;  214,263;23811,283;30,58673
 907,04; 7446,437;  231,802;23793,513;30,62016
 907,60; 7387,360;  197,494;23544,744;30,79534
 908,15; 7386,898;  201,879;23446,821;30,91003
 908,71; 7445,898;  233,263;23399,129;31,13475
 909,26; 7388,590;  199,187;23244,744;31,19648
 909,82; 7395,129;  233,110;23115,283;31,29956
 910,37; 7454,667;  245,648;23032,437;31,63684
 910,93; 7351,129;  208,879;22863,052;31,52730
 911,48; 7327,283;  195,263;22746,513;31,62583
 912,04; 7293,975;  199,494;22630,129;31,62853
 912,60; 7399,667;  218,571;22609,821;32,07099
 913,15; 7314,590;  213,263;22461,283;31,91892
 913,71; 7260,744;  211,494;22301,667;31,91125
 914,26; 7274,360;  195,648;22222,590;32,13661
 914,82; 7274,283;  217,725;22144,975;32,18168
 915,37; 7251,821;  200,725;22062,898;32,25249
 915,93; 7292,513;  247,648;21986,283;32,40712
 916,48; 7218,744;  206,725;21832,206;32,42480
 917,04; 7225,898;  222,725;21693,283;32,61756
 917,59; 7232,590;  236,263;21655,975;32,66303
 918,15; 7151,360;  188,110;21457,206;32,73881
 918,70; 7136,206;  198,033;21383,744;32,74930
 919,26; 7149,052;  209,187;21347,975;32,83001
 919,81; 7118,898;  201,494;21164,744;32,99776
 920,37; 7108,206;  197,417;20969,360;33,26982
 920,92; 7104,129;  220,956;21054,821;33,03839
 921,48; 7070,821;  194,571;20816,898;33,34372
 922,03; 7051,052;  206,417;20802,437;33,23280
 922,59; 7066,821;  200,033;20617,129;33,63254
 923,14; 7023,821;  185,956;20435,821;33,76746
 923,69; 6987,898;  213,802;20427,360;33,51264
 924,25; 6999,206;  213,187;20355,052;33,69112
 924,80; 6995,206;  215,494;20264,898;33,81503
 925,36; 6985,975;  211,340;20125,667;34,01890
 925,91; 6953,283;  206,571;20017,821;34,05495
 926,47; 6987,360;  194,417;19930,129;34,41955
 927,02; 6998,667;  220,725;19821,821;34,57940
 927,57; 6919,898;  207,033;19709,206;34,42111
 928,13; 6896,360;  198,571;19656,437;34,42201
 928,68; 6916,513;  192,187;19530,898;34,77133
 929,24; 6828,283;  177,340;19394,052;34,61020
 929,79; 6851,206;  195,956;19279,052;34,87511
 930,34; 6847,129;  205,033;19124,206;35,10775
 930,90; 6829,744;  194,340;19078,590;35,13724
 931,45; 6852,052;  207,956;19046,590;35,26846
 932,01; 6866,052;  210,263;18951,052;35,51499
 932,56; 6857,437;  221,033;18812,052;35,69683
 933,11; 6860,360;  222,648;18800,513;35,72914
 933,67; 6797,052;  195,340;18585,206;35,89864
 934,22; 6848,590;  203,879;18465,975;36,38526
 934,77; 6816,437;  225,033;18457,206;36,15260
 935,33; 6774,898;  222,110;18322,129;36,20321
 935,88; 6763,975;  220,263;18243,206;36,30768
 936,43; 6759,513;  190,494;18182,821;36,51011
 936,99; 6756,667;  215,033;18030,437;36,71898
 937,54; 6749,975;  195,802;17887,821;37,04593
 938,09; 6709,052;  210,571;17846,437;36,84810
 938,65; 6642,360;  211,033;17797,667;36,56940
 939,20; 6667,667;  193,494;17754,129;36,86753
 939,75; 6600,360;  189,494;17553,513;36,92040
 940,31; 6553,206;  185,340;17522,590;36,72939
 940,86; 6578,360;  207,110;17490,129;36,86422
 941,41; 6618,437;  236,110;17362,206;37,26668
 941,96; 6500,283;  201,033;17271,052;36,90242
 942,52; 6508,821;  208,802;17200,513;37,07701
 943,07; 6415,513;  187,110;17082,513;36,86449
 943,62; 6423,052;  190,110;16966,129;37,15388
 944,18; 6423,744;  191,033;16920,513;37,25586
 944,73; 6419,129;  198,648;16802,206;37,46475
 945,28; 6363,898;  176,802;16623,129;37,61993
 945,83; 6370,744;  198,110;16666,590;37,48151
 946,39; 6362,744;  196,956;16634,821;37,50967
 946,94; 6358,590;  212,340;16557,437;37,60302
 947,49; 6322,975;  203,340;16414,129;37,75038
 948,04; 6358,513;  210,187;16335,052;38,12948
 948,59; 6313,590;  217,417;16326,975;37,84196
 949,15; 6273,360;  179,802;16232,129;37,96059
 949,70; 6253,898;  198,725;16105,821;38,06586
 950,25; 6268,821;  215,571;16030,052;38,27663
 950,80; 6212,360;  169,340;15931,360;38,33912
 951,36; 6171,744;  176,110;15829,975;38,30130
 951,91; 6220,437;  214,571;15831,513;38,45737
 952,46; 6156,744;  167,340;15631,821;38,73007
 953,01; 6226,590;  211,417;15699,360;38,83778
 953,56; 6121,667;  175,648;15591,129;38,57174
 954,11; 6124,513;  204,110;15460,744;38,80544
 954,67; 6098,052;  193,033;15488,513;38,60630
 955,22; 6078,052;  173,263;15304,129;39,02479
 955,77; 6126,513;  212,417;15267,052;39,28422
 956,32; 6104,821;  237,263;15128,590;39,40252
 956,87; 6025,513;  192,571;15020,129;39,33852
 957,42; 6034,283;  201,417;15001,283;39,41161
 957,98; 5996,590;  197,187;14918,975;39,39334
 958,53; 6023,206;  214,417;14863,513;39,65288
 959,08; 5967,667;  184,263;14812,898;39,53482
 959,63; 5910,898;  190,110;14639,206;39,59271
 960,18; 5973,052;  205,187;14643,283;39,94893
 960,73; 5959,360;  201,340;14581,821;40,04052
 961,28; 5886,283;  179,187;14473,052;39,92689
 961,83; 5920,206;  211,571;14420,129;40,17744
 962,39; 5874,052;  188,263;14322,283;40,22768
 962,94; 5890,590;  210,879;14231,667;40,50922
 963,49; 5840,821;  193,956;14075,513;40,67890
 964,04; 5873,975;  212,340;14071,590;40,85095
 964,59; 5782,744;  181,956;13975,975;40,60302
 965,14; 5832,590;  202,802;13928,283;41,01706
 965,69; 5798,513;  199,033;13779,898;41,23066
 966,24; 5739,513;  198,110;13730,898;40,94798
 966,79; 5765,821;  204,494;13601,129;41,51287
 967,34; 5697,975;  188,648;13501,590;41,38324
 967,89; 5723,898;  190,725;13435,052;41,77768
 968,44; 5688,206;  202,494;13446,052;41,42174
 968,99; 5697,821;  204,033;13359,513;41,76045
 969,55; 5653,975;  214,187;13250,052;41,72940
 970,10; 5638,129;  211,417;13165,898;41,89061
 970,65; 5599,898;  210,725;13052,744;41,96515
 971,20; 5588,206;  187,110;12991,590;42,18130
 971,75; 5533,129;  182,571;12848,975;42,24212
 972,30; 5519,898;  198,110;12814,975;42,17996
 972,85; 5502,360;  192,110;12700,898;42,45215
 973,40; 5439,129;  190,110;12581,975;42,35859
 973,95; 5449,821;  211,263;12541,437;42,48568
 974,50; 5402,898;  219,802;12477,667;42,28384
 975,05; 5364,975;  209,494;12387,667;42,33378
 975,60; 5396,360;  221,110;12254,898;43,00599
 976,15; 5356,744;  196,648;12189,283;43,02721
 976,70; 5345,283;  211,802;12185,513;42,87293
 977,25; 5346,283;  202,340;12097,821;43,24283
 977,80; 5260,590;  200,187;11959,360;43,03367
 978,35; 5221,437;  213,340;11800,590;43,22075
 978,89; 5200,360;  187,340;11762,206;43,30953
 979,44; 5206,437;  204,187;11699,360;43,51609
 979,99; 5109,667;  183,187;11515,206;43,47399
 980,54; 5160,437;  226,417;11494,590;43,78722
 981,09; 5130,513;  208,725;11372,206;44,08830
 981,64; 5076,129;  215,725;11240,052;44,08799
 982,19; 5092,590;  247,494;11238,744;44,08139
 982,74; 5061,667;  207,571;11094,590;44,58609
 983,29; 4968,744;  181,033;10943,206;44,48648
 983,84; 4976,129;  206,187;10919,821;44,52217
 984,39; 4991,590;  224,417;10813,744;45,01866
 984,94; 4897,283;  181,571;10697,283;44,84444
 985,49; 4924,667;  225,802;10665,590;45,00920
 986,03; 4887,360;  220,956;10572,744;45,07824
 986,58; 4836,283;  237,802;10437,052;45,08646
 987,13; 4766,667;  209,494;10338,129;44,99297
 987,68; 4742,898;  224,725;10302,206;44,83435
 988,23; 4756,975;  212,802;10206,360;45,47102
 988,78; 4675,590;  202,110;10071,052;45,32888
 989,33; 4657,360;  213,494; 9962,129;45,58449
 989,88; 4702,513;  223,956; 9953,129;46,03225
 990,42; 4648,975;  204,571; 9827,821;46,18402
 990,97; 4547,513;  209,725; 9712,821;45,64605
 991,52; 4560,821;  234,417; 9590,744;46,24041
 992,07; 4502,898;  238,263; 9554,437;45,77668
 992,62; 4486,898;  220,879; 9386,513;46,54363
 993,17; 4441,821;  218,802; 9376,513;46,11435
 993,71; 4419,437;  213,417; 9236,052;46,61631
 994,26; 4346,206;  195,033; 9142,744;46,39368
 994,81; 4373,052;  232,187; 9116,667;46,60785
 995,36; 4323,590;  212,956; 8961,283;46,98767
 995,91; 4291,437;  215,725; 8968,590;46,56431
 996,45; 4245,667;  213,263; 8783,437;47,05160
 997,00; 4192,129;  193,879; 8655,744;47,25022
 997,55; 4196,590;  204,956; 8638,360;47,33124
 998,10; 4150,590;  235,879; 8491,283;47,41999
 998,65; 4109,360;  205,725; 8467,590;47,24883
 999,19; 4122,206;  221,340; 8296,975;48,30413
 999,74; 4056,975;  254,187; 8302,360;47,25033
1000,29; 4036,898;  233,571; 8201,744;47,73148
1000,84; 3967,744;  215,340; 8101,821;47,58021
1001,38; 3972,975;  208,263; 7931,590;48,74469
1001,93; 3910,360;  228,802; 7911,360;47,92099
1002,48; 3894,052;  207,494; 7752,744;48,85932
1003,03; 3915,283;  204,187; 7704,821;49,47710
1003,57; 3848,052;  227,648; 7650,513;48,77367
1004,12; 3825,667;  225,033; 7524,744;49,32571
1004,67; 3765,129;  209,879; 7477,975;48,91584
1005,22; 3652,744;  192,340; 7328,360;48,49208
1005,76; 3667,052;  195,879; 7255,744;49,16769
1006,31; 3673,667;  225,340; 7204,821;49,40664
1006,86; 3595,590;  201,802; 7096,898;49,22032
1007,40; 3570,052;  188,725; 6925,052;50,19541
1007,95; 3544,206;  212,802; 6857,975;50,13269
1008,50; 3469,744;  211,494; 6749,513;49,83543
1009,04; 3420,898;  207,494; 6649,667;49,88074
1009,59; 3379,052;  221,187; 6508,206;50,22834
1010,14; 3353,437;  202,263; 6433,206;50,57298
1010,68; 3305,129;  209,956; 6367,206;50,26876
1011,23; 3227,667;  193,571; 6201,206;50,50401
1011,78; 3226,898;  225,340; 6189,667;50,32517
1012,32; 3160,821;  200,879; 6068,283;50,44722
1012,87; 3178,513;  238,879; 6048,667;50,59796
1013,42; 3113,129;  194,494; 5951,821;50,69427
1013,96; 3129,821;  233,340; 5975,129;50,44562
1014,51; 3051,744;  177,187; 5912,898;50,11685
1015,06; 3093,898;  177,417; 5921,206;50,77626
1015,60; 3129,283;  245,879; 5960,513;50,45649
1016,15; 3088,898;  196,571; 5891,821;50,78490
1016,69; 3114,206;  205,340; 5941,744;50,70887
1017,24; 3131,052;  185,263; 5920,283;51,36493
1017,79; 3163,744;  222,956; 6036,206;50,58768
1018,33; 3164,898;  194,494; 5964,667;51,47859
1018,88; 3204,283;  215,417; 6037,129;51,33998
1019,42; 3207,513;  208,802; 6047,437;51,35981
1019,97; 3184,129;  210,494; 6020,821;51,17844
1020,51; 3264,360;  207,494; 6064,744;52,18943
1021,06; 3252,283;  191,033; 6054,898;52,20533
1021,61; 3211,513;  182,187; 6020,360;51,88827
1022,15; 3206,360;  155,802; 5972,129;52,44818
1022,70; 3227,206;  200,725; 5947,821;52,66104
1023,24; 3183,283;  190,956; 5910,975;52,31323
1023,79; 3205,052;  202,110; 5853,052;53,14056
1024,33; 3168,052;  207,648; 5828,590;52,66739
1024,88; 3135,667;  209,879; 5753,590;52,77671
1025,42; 3089,667;  203,263; 5647,667;53,01598
1025,97; 3047,513;  192,110; 5566,667;53,12816
1026,51; 2981,283;  163,956; 5430,821;53,49153
1027,06; 2966,206;  193,340; 5414,590;53,10731
1027,60; 2923,513;  208,340; 5311,206;53,20879
1028,15; 2908,283;  207,187; 5207,360;54,02005
1028,69; 2814,360;  178,802; 5083,590;53,73438
1029,24; 2819,821;  189,033; 5043,129;54,19729
1029,78; 2741,206;  191,725; 4975,590;53,29332
1030,33; 2682,898;  168,494; 4851,206;53,69547
1030,87; 2678,513;  191,648; 4812,052;53,82355
1031,42; 2630,129;  181,956; 4730,129;53,82761
1031,96; 2628,667;  200,879; 4662,437;54,41571
1032,51; 2583,052;  181,879; 4575,898;54,64639
1033,05; 2588,360;  202,187; 4556,513;54,80004
1033,60; 2503,437;  174,879; 4415,975;54,90462
1034,14; 2477,129;  198,571; 4418,744;53,99204
1034,69; 2475,590;  189,802; 4337,975;55,10350
1035,23; 2433,052;  196,571; 4287,975;54,66292
1035,77; 2430,898;  198,571; 4187,513;55,96288
1036,32; 2372,898;  175,648; 4151,821;55,26042
1036,86; 2369,360;  184,725; 4074,283;56,16666
1037,41; 2312,513;  209,879; 4020,590;55,17696
1037,95; 2289,513;  184,263; 3956,667;55,80659
1038,50; 2275,513;  187,110; 3915,821;56,00873
1039,04; 2283,206;  199,263; 3880,283;56,61319
1039,58; 2215,744;  186,802; 3822,206;55,81064
1040,13; 2166,898;  194,263; 3740,821;55,62111
1040,67; 2203,744;  221,417; 3707,744;56,86004
1041,21; 2143,129;  215,879; 3643,283;56,23061
1041,76; 2111,283;  182,648; 3566,206;57,00020
1042,30; 2079,360;  198,571; 3555,898;56,02041
1042,85; 2045,206;  189,956; 3485,513;56,29548
1043,39; 2015,437;  180,648; 3409,437;56,82591
1043,93; 2021,975;  204,494; 3375,821;57,30979
1044,48; 2009,821;  195,110; 3353,667;57,45380
1045,02; 1954,129;  187,879; 3279,590;57,12855
1045,56; 1941,590;  209,187; 3237,975;57,19791
1046,11; 1948,590;  199,725; 3214,206;58,01548
1046,65; 1895,590;  198,033; 3154,360;57,42118
1047,19; 1871,821;  200,110; 3119,513;57,26209
1047,74; 1799,821;  180,263; 3057,821;56,28237
1048,28; 1832,283;  199,033; 3020,744;57,88154
1048,82; 1821,898;  218,417; 3018,129;57,27307
1049,37; 1774,590;  198,187; 2950,283;57,28012
1049,91; 1766,513;  179,033; 2870,667;58,97832
1050,45; 1780,975;  223,571; 2867,052;58,91489
1050,99; 1730,283;  196,263; 2786,744;59,21755
1051,54; 1673,206;  185,110; 2756,283;57,87616
1052,08; 1698,975;  214,033; 2744,513;58,68222
1052,62; 1663,052;  219,802; 2709,590;57,96677
1053,16; 1616,360;  195,033; 2629,052;58,39424
1053,71; 1642,437;  200,802; 2631,821;59,30165
1054,25; 1608,590;  212,956; 2565,360;59,32802
1054,79; 1584,590;  216,802; 2560,206;58,36759
1055,33; 1535,129;  177,956; 2463,821;59,37240
1055,88; 1522,667;  222,802; 2498,667;57,11521
1056,42; 1540,975;  220,956; 2463,821;58,85414
1056,96; 1516,283;  212,263; 2419,052;59,09127
1057,50; 1495,667;  207,725; 2370,590;59,54796
1058,05; 1462,052;  205,340; 2326,513;59,24606
1058,59; 1459,360;  218,571; 2295,821;59,73226
1059,13; 1417,206;  192,879; 2238,744;59,84396
1059,67; 1409,283;  218,340; 2239,437;58,92556
1060,21; 1391,975;  207,263; 2182,667;59,97313
1060,76; 1380,744;  224,110; 2173,360;59,33742
1061,30; 1380,821;  220,956; 2157,360;59,89791
1061,84; 1358,283;  214,110; 2104,975;60,51055
1062,38; 1308,052;  194,494; 2046,898;60,11420
1062,92; 1334,975;  237,879; 2090,129;59,23046
1063,46; 1292,437;  226,494; 2027,590;59,18298
1064,01; 1265,898;  205,648; 1999,898;59,09154
1064,55; 1266,513;  212,110; 1967,590;60,06354
1065,09; 1213,513;  172,494; 1919,667;59,58306
1065,63; 1252,590;  233,956; 1942,206;59,63030
1066,17; 1238,052;  232,648; 1925,744;59,38256
1066,71; 1220,590;  232,340; 1880,052;59,97712
1067,25; 1189,360;  202,648; 1842,590;60,16745
1067,80; 1198,129;  231,187; 1831,129;60,43607
1068,34; 1202,129;  229,187; 1823,744;61,01644
1068,88; 1146,590;  199,802; 1776,744;60,03951
1069,42; 1161,206;  237,033; 1794,206;59,34941
1069,96; 1124,821;  199,879; 1723,437;60,70937
1070,50; 1166,360;  234,879; 1744,590;61,69925
1071,04; 1102,821;  208,187; 1677,667;60,88100
1071,58; 1088,360;  211,879; 1670,898;60,07328
1072,12; 1092,206;  203,417; 1651,898;61,36005
1072,66; 1070,821;  209,494; 1662,744;59,26901
1073,21; 1078,667;  230,571; 1618,052;61,12489
1073,75; 1054,821;  222,340; 1624,590;59,36750
1074,29; 1044,744;  220,340; 1595,206;59,96251
1074,83; 1063,898;  237,956; 1584,898;61,31980
1075,37; 1034,206;  220,648; 1525,206;62,36272
1075,91; 1045,129;  225,263; 1536,975;62,50348
1076,45; 1025,437;  221,571; 1532,821;61,30527
1076,99; 1005,590;  227,340; 1488,513;61,70842
1077,53;  971,667;  213,187; 1477,360;59,99817
1078,07;  990,821;  218,494; 1461,975;62,11008
1078,61;  977,129;  215,340; 1431,129;62,65798
1079,15;  956,513;  223,110; 1401,744;62,22487
1079,69;  949,821;  215,110; 1423,360;60,80791
1080,23;  954,975;  230,802; 1400,437;61,91447
1080,77;  974,975;  247,110; 1374,437;64,56560
1081,31;  912,513;  208,263; 1345,821;61,90895
1081,85;  932,129;  219,725; 1349,513;63,05639
1082,39;  907,206;  207,033; 1318,283;63,00770
1082,93;  901,821;  215,417; 1299,590;63,31128
1083,47;  861,437;  203,187; 1299,898;60,02034
1084,01;  892,360;  227,725; 1284,667;62,88277
1084,55;  860,052;  211,879; 1258,283;61,94292
1085,09;  870,360;  228,802; 1244,206;63,18252
1085,63;  859,129;  217,340; 1250,052;62,14596
1086,17;  839,513;  214,340; 1222,129;62,03416
1086,71;  817,437;  203,956; 1194,975;61,90402
1087,24;  851,283;  242,110; 1208,744;63,01999
1087,78;  828,283;  215,033; 1189,898;62,90612
1088,32;  781,129;  206,187; 1150,206;60,90366
1088,86;  831,744;  231,725; 1173,283;63,72623
1089,40;  795,206;  212,648; 1142,667;62,63932
1089,94;  760,975;  196,110; 1116,667;61,36121
1090,48;  766,513;  216,417; 1111,821;61,43554
1091,02;  775,206;  221,879; 1088,821;63,82511
1091,56;  758,437;  236,417; 1115,667;59,37097
1092,10;  753,129;  198,494; 1079,744;62,93726
1092,63;  770,052;  236,417; 1072,821;63,80107
1093,17;  730,129;  227,725; 1065,206;59,98990
1093,71;  731,513;  210,571; 1034,283;63,24329
1094,25;  747,513;  230,187; 1041,667;63,75098
1094,79;  719,667;  216,648; 1032,667;61,64306
1095,33;  713,975;  208,648; 1000,052;63,85197
1095,87;  709,667;  225,571;  995,898;62,84295
1096,40;  682,283;  197,340;  986,206;61,47339
1096,94;  702,360;  214,802;  973,667;64,24825
1097,48;  694,360;  221,110;  965,206;63,60065
1098,02;  688,898;  211,956;  937,975;65,69279
1098,56;  646,975;  190,187;  920,129;62,57871
1099,10;  645,437;  191,802;  920,206;62,27790
1099,63;  642,667;  195,725;  910,821;62,50101
1100,17;  663,129;  220,648;  901,206;65,01738
1100,71;  670,206;  228,340;  913,590;64,48236

