
Integration time [ms]: 120,000
Averaging Nr. [scans]: 13
Smoothing Nr. [pixels]: 0
Data measured with spectrometer [name]: 2009305U1
Wave   ;Sample   ;Dark     ;Reference;Reflectance
[nm]   ;[counts] ;[counts] ;[counts] ;[%]

 175,72;  194,224;  198,725;  209,729;-40,90275
 176,32;  225,005;  233,791;  221,495; 0,00000
 176,92;  244,860;  251,952;  246,144; 0,00000
 177,52;  260,151;  249,569;  261,381;89,59000
 178,12;  226,607;  210,945;  220,620;161,87171
 178,72;  263,216;  248,635;  250,038;1038,99400
 179,32;  265,454;  255,406;  241,911; 0,00000
 179,92;  253,175;  255,641;  248,129; 0,00000
 180,52;  242,300;  233,115;  240,492;124,50584
 181,12;  262,045;  249,103;  245,056; 0,00000
 181,73;  267,594;  265,873;  272,598;25,58744
 182,33;  346,593;  349,879;  341,303; 0,00000
 182,93;  277,024;  259,492;  262,580;567,61027
 183,53;  236,899;  241,402;  230,123; 0,00000
 184,13;  238,716;  231,942;  223,284; 0,00000
 184,73;  273,749;  262,785;  270,840;136,10985
 185,33;  256,407;  235,800;  340,235;19,73171
 185,93;  272,707;  233,331;  341,231;36,49285
 186,53;  274,185;  252,412;  358,480;20,52682
 187,13;  305,012;  259,651;  408,456;30,48314
 187,73;  278,153;  235,102;  356,651;35,41893
 188,33;  270,240;  242,097;  355,217;24,87868
 188,93;  279,708;  252,084;  372,324;22,97392
 189,53;  277,976;  250,458;  375,462;22,01344
 190,13;  322,618;  288,441;  393,447;32,54745
 190,73;  252,271;  221,607;  354,699;23,03954
 191,34;  288,435;  261,772;  383,107;21,97456
 191,94;  264,443;  243,170;  355,212;18,98684
 192,54;  289,946;  244,657;  378,976;33,71748
 193,14;  304,898;  261,650;  386,945;34,51678
 193,74;  278,171;  256,803;  371,292;18,66357
 194,34;  274,842;  254,345;  379,723;16,34885
 194,94;  246,924;  215,650;  345,606;24,06497
 195,54;  233,765;  198,339;  325,621;27,83269
 196,14;  260,069;  226,731;  350,792;26,87230
 196,74;  248,590;  216,030;  338,690;26,54521
 197,34;  234,878;  203,967;  338,400;22,99367
 197,94;  253,934;  224,267;  375,503;19,61653
 198,54;  264,979;  232,346;  384,669;21,42366
 199,14;  247,294;  223,046;  367,104;16,83205
 199,74;  232,191;  202,354;  368,520;17,95622
 200,34;  231,240;  194,509;  366,971;21,29809
 200,94;  268,445;  234,889;  406,748;19,52544
 201,54;  244,362;  216,814;  407,160;14,47230
 202,14;  277,992;  240,665;  454,320;17,47046
 202,74;  258,359;  228,200;  447,857;13,73006
 203,34;  234,637;  181,976;  463,089;18,73308
 203,94;  212,785;  166,204;  459,631;15,87464
 204,54;  284,228;  236,729;  542,983;15,50954
 205,14;  232,359;  194,585;  536,212;11,05699
 205,74;  286,843;  237,668;  639,180;12,24744
 206,34;  257,851;  204,050;  630,780;12,60781
 206,94;  273,674;  210,433;  685,452;13,31342
 207,54;  248,480;  177,588;  721,425;13,03562
 208,14;  265,362;  208,358;  795,906; 9,70211
 208,74;  273,988;  208,200;  848,241;10,27869
 209,34;  273,242;  207,355;  912,599; 9,34246
 209,94;  292,897;  216,431; 1015,259; 9,57218
 210,54;  297,398;  207,205; 1109,050;10,00092
 211,14;  306,256;  214,662; 1195,427; 9,33908
 211,73;  304,299;  208,506; 1299,988; 8,77642
 212,33;  330,009;  222,812; 1397,255; 9,12754
 212,93;  322,347;  208,738; 1479,640; 8,93927
 213,53;  305,500;  184,046; 1538,349; 8,96801
 214,13;  327,490;  193,748; 1630,932; 9,30583
 214,73;  315,222;  179,434; 1625,550; 9,38984
 215,33;  307,435;  163,585; 1674,567; 9,52029
 215,93;  348,100;  208,899; 1774,717; 8,89003
 216,53;  324,002;  168,430; 1832,838; 9,34699
 217,13;  382,129;  229,436; 2022,497; 8,51574
 217,73;  392,125;  197,822; 2208,241; 9,66482
 218,33;  368,898;  156,057; 2364,675; 9,63685
 218,93;  441,572;  181,834; 2630,757;10,60620
 219,53;  466,487;  180,903; 2889,476;10,54372
 220,13;  479,919;  168,059; 3125,529;10,54484
 220,73;  541,537;  190,893; 3430,322;10,82425
 221,32;  581,295;  184,508; 3811,856;10,93878
 221,92;  647,831;  193,366; 4182,543;11,39245
 222,52;  672,496;  172,284; 4562,289;11,39434
 223,12;  730,649;  184,900; 4945,153;11,46471
 223,72;  793,008;  200,285; 5311,646;11,59619
 224,32;  830,417;  192,747; 5676,679;11,62797
 224,92;  872,853;  183,362; 5950,894;11,95469
 225,52;  924,033;  207,356; 6276,099;11,80931
 226,12;  957,680;  187,051; 6571,650;12,07012
 226,72;  976,412;  160,666; 6841,878;12,20955
 227,31; 1032,541;  156,666; 7219,939;12,40041
 227,91; 1131,766;  190,894; 7541,280;12,80030
 228,51; 1157,700;  186,812; 7911,520;12,56859
 229,11; 1218,195;  181,820; 8271,138;12,81166
 229,71; 1271,809;  176,122; 8541,977;13,09713
 230,31; 1320,746;  169,748; 8933,640;13,13341
 230,91; 1370,564;  158,502; 9183,125;13,43061
 231,51; 1459,715;  167,360; 9538,918;13,79018
 232,10; 1536,000;  169,980; 9825,075;14,14818
 232,70; 1581,612;  177,422;10037,261;14,24151
 233,30; 1678,025;  204,206;10330,930;14,55376
 233,90; 1698,230;  173,898;10431,145;14,86102
 234,50; 1743,241;  173,514;10561,102;15,11156
 235,10; 1795,699;  170,439;10679,048;15,46599
 235,70; 1882,548;  196,355;10707,048;16,04264
 236,29; 1882,565;  189,507;10660,055;16,16972
 236,89; 1898,601;  164,349;10563,896;16,67623
 237,49; 1949,360;  187,436;10546,988;17,00772
 238,09; 1938,928;  169,434;10299,934;17,46699
 238,69; 1988,351;  199,577;10085,824;18,09356
 239,29; 1919,135;  173,126; 9816,008;18,10671
 239,89; 1919,165;  193,964; 9557,989;18,42371
 240,48; 1921,902;  169,819; 9189,380;19,42538
 241,08; 1871,033;  173,895; 8870,359;19,51527
 241,68; 1844,350;  202,973; 8542,428;19,68207
 242,28; 1814,654;  173,206; 8296,267;20,20726
 242,88; 1841,233;  210,364; 8015,271;20,89544
 243,48; 1802,847;  214,359; 7813,649;20,90312
 244,07; 1756,279;  190,279; 7524,495;21,35197
 244,67; 1773,234;  193,589; 7335,200;22,11888
 245,27; 1760,222;  198,121; 7224,988;22,23040
 245,87; 1762,979;  202,978; 7137,422;22,49640
 246,47; 1778,171;  186,737; 7152,619;22,84612
 247,06; 1759,661;  178,433; 7115,577;22,79363
 247,66; 1779,875;  190,742; 7171,967;22,76295
 248,26; 1837,874;  211,199; 7383,422;22,68021
 248,86; 1884,503;  187,583; 7554,528;23,03424
 249,46; 1890,357;  151,745; 7751,040;22,87859
 250,05; 1996,339;  205,203; 8059,625;22,80417
 250,65; 2060,891;  156,351; 8391,138;23,12797
 251,25; 2125,406;  175,510; 8846,420;22,48779
 251,85; 2241,742;  188,657; 9377,235;22,34389
 252,44; 2368,885;  152,046;10031,610;22,43864
 253,04; 2533,998;  201,662;10746,245;22,11881
 253,64; 2612,931;  153,197;11314,012;22,03902
 254,24; 2841,596;  191,741;12220,363;22,02958
 254,84; 2998,511;  166,745;13137,194;21,83244
 255,43; 3142,538;  180,354;13986,565;21,45545
 256,03; 3337,699;  179,120;14914,490;21,43535
 256,63; 3517,499;  182,657;15992,265;21,09377
 257,23; 3636,998;  178,195;16766,067;20,85140
 257,82; 3876,994;  187,423;17744,651;21,01454
 258,42; 3931,190;  152,113;18540,057;20,55193
 259,02; 4168,781;  195,508;19439,475;20,64685
 259,62; 4213,501;  174,574;20014,745;20,35732
 260,21; 4331,437;  187,584;20539,271;20,36122
 260,81; 4400,886;  174,128;20993,664;20,30188
 261,41; 4456,457;  166,037;21535,894;20,07697
 262,01; 4568,825;  206,264;21932,846;20,07937
 262,60; 4576,383;  161,657;22263,375;19,97458
 263,20; 4609,697;  174,198;22619,064;19,76175
 263,80; 4647,300;  197,880;22817,691;19,67046
 264,40; 4647,926;  155,342;23010,849;19,65646
 264,99; 4653,762;  195,802;23187,520;19,38942
 265,59; 4649,851;  168,336;23290,435;19,38196
 266,19; 4638,966;  175,572;23408,876;19,21119
 266,78; 4690,216;  207,185;23564,540;19,19323
 267,38; 4650,464;  185,875;23535,671;19,12046
 267,98; 4639,318;  178,493;23588,757;19,05500
 268,58; 4635,900;  189,029;23610,424;18,98636
 269,17; 4589,537;  178,179;23588,237;18,84386
 269,77; 4579,297;  192,578;23479,767;18,83747
 270,37; 4523,006;  161,110;23253,673;18,88875
 270,96; 4540,058;  219,115;23179,220;18,81935
 271,56; 4420,858;  181,041;22949,788;18,62121
 272,16; 4381,163;  181,652;22839,153;18,53475
 272,75; 4349,431;  179,345;22647,263;18,56018
 273,35; 4335,916;  185,962;22752,668;18,38972
 273,95; 4287,328;  182,345;22634,525;18,28323
 274,54; 4275,814;  162,280;22661,239;18,28322
 275,14; 4380,543;  199,500;23009,838;18,32960
 275,74; 4325,816;  157,729;22979,523;18,26363
 276,33; 4465,797;  206,040;23339,167;18,41410
 276,93; 4504,888;  185,666;23789,475;18,29884
 277,53; 4585,232;  184,200;24196,394;18,32832
 278,12; 4663,138;  159,196;24656,393;18,38554
 278,72; 4858,374;  210,968;25209,099;18,59101
 279,32; 4926,593;  177,353;25795,343;18,53869
 279,91; 5091,672;  173,275;26468,338;18,70464
 280,51; 5203,013;  180,661;27006,795;18,72186
 281,11; 5403,032;  181,582;27679,169;18,98876
 281,70; 5500,213;  155,889;28143,812;19,09510
 282,30; 5647,550;  175,887;28664,557;19,20645
 282,90; 5829,743;  184,733;29140,880;19,49503
 283,49; 5983,659;  191,654;29639,315;19,66881
 284,09; 6162,393;  209,735;30013,118;19,97309
 284,69; 6300,812;  208,352;30383,634;20,19023
 285,28; 6483,496;  198,581;30659,164;20,63294
 285,88; 6675,663;  234,268;31004,553;20,93382
 286,47; 6755,769;  178,656;30948,156;21,37543
 287,07; 6958,311;  220,122;30971,081;21,91213
 287,67; 7098,078;  205,282;31249,572;22,20310
 288,26; 7272,619;  173,583;31154,111;22,91451
 288,86; 7509,970;  177,427;31163,873;23,66371
 289,46; 7768,621;  194,890;31354,786;24,30602
 290,05; 8052,432;  176,971;31383,773;25,23636
 290,65; 8408,411;  191,425;31591,261;26,16888
 291,24; 8720,105;  197,814;31745,730;27,01380
 291,84; 9068,730;  198,734;31851,188;28,02309
 292,44; 9340,743;  193,513;31994,544;28,76394
 293,03; 9725,092;  249,968;32153,222;29,69955
 293,63;10005,410;  186,964;32285,480;30,58847
 294,22;10343,429;  208,736;32427,446;31,45592
 294,82;10508,015;  179,111;32457,635;31,99931
 295,41;10638,289;  168,197;32179,428;32,70756
 296,01;10853,921;  220,882;32137,119;33,31545
 296,61;10962,349;  209,660;31938,498;33,88932
 297,20;11000,779;  198,652;31498,260;34,51202
 297,80;11044,878;  189,818;31371,885;34,81187
 298,39;11062,358;  168,349;31012,542;35,31948
 298,99;11098,083;  196,577;30953,082;35,44456
 299,58;11144,029;  210,666;30637,168;35,93368
 300,18;11157,777;  218,664;30536,651;36,08127
 300,78;11055,102;  187,969;30175,812;36,23846
 301,37;11135,085;  210,801;30210,608;36,41451
 301,97;11164,826;  192,736;30210,385;36,55213
 302,56;11163,860;  180,117;30097,031;36,71416
 303,16;11147,696;  178,501;30021,826;36,75594
 303,75;11253,985;  188,816;30056,938;37,04675
 304,35;11282,585;  181,592;30296,229;36,86245
 304,94;11299,069;  192,275;30223,710;36,98389
 305,54;11311,911;  202,738;30212,702;37,01828
 306,13;11277,700;  162,515;30220,877;36,97868
 306,73;11134,859;  171,667;29981,020;36,77769
 307,33;11143,566;  197,897;30003,878;36,72306
 307,92;11178,810;  200,276;30009,930;36,82879
 308,52;11345,119;  164,039;30460,332;36,90577
 309,11;11495,973;  184,805;30865,317;36,86760
 309,71;11585,607;  165,957;31097,892;36,91864
 310,30;11609,234;  168,199;31341,744;36,70110
 310,90;11787,388;  214,660;31732,359;36,71819
 311,49;11775,863;  187,198;31844,388;36,60674
 312,09;11725,187;  150,125;31981,436;36,36376
 312,68;11951,808;  221,508;32445,118;36,40281
 313,28;11880,579;  164,968;32508,776;36,22211
 313,87;11937,670;  155,737;32612,835;36,30002
 314,47;11985,715;  179,883;32880,460;36,10282
 315,06;11935,412;  164,892;33020,392;35,82511
 315,66;12044,649;  163,895;33161,590;36,00480
 316,25;11896,374;  153,271;33134,720;35,60518
 316,85;11915,866;  150,895;33146,514;35,65616
 317,44;11883,562;  168,882;33320,627;35,33654
 318,04;11827,999;  157,041;33358,819;35,15161
 318,63;11733,026;  156,129;33413,451;34,81007
 319,22;11720,963;  181,886;33687,260;34,43948
 319,82;11769,804;  176,965;33726,732;34,55416
 320,41;11621,462;  188,887;33581,370;34,23697
 321,01;11520,227;  194,740;33730,664;33,77121
 321,60;11486,201;  183,350;33856,364;33,56650
 322,20;11379,130;  167,276;33758,639;33,37719
 322,79;11400,040;  207,430;33929,362;33,19089
 323,39;11283,074;  173,438;34018,334;32,82515
 323,98;11218,988;  164,200;33942,472;32,72751
 324,58;11062,978;  173,116;33789,917;32,39411
 325,17;11013,938;  185,502;33722,475;32,28805
 325,76;10892,825;  194,121;33481,634;32,14029
 326,36;10669,958;  166,894;33169,218;31,82523
 326,95;10506,085;  201,197;32821,858;31,59006
 327,55;10341,805;  172,273;32580,839;31,37915
 328,14;10124,582;  161,050;32147,564;31,14917
 328,74; 9963,270;  198,502;31792,923;30,90662
 329,33; 9789,497;  195,278;31370,401;30,77524
 329,92; 9624,216;  154,959;30887,103;30,81223
 330,52; 9364,017;  189,204;30203,412;30,56823
 331,11; 9167,675;  187,197;29806,103;30,32009
 331,71; 8876,211;  178,967;29282,569;29,88374
 332,30; 8729,223;  195,506;28842,479;29,78924
 332,89; 8538,819;  236,124;28405,815;29,47386
 333,49; 8304,636;  194,351;27811,673;29,36666
 334,08; 8102,638;  177,196;27493,100;29,01402
 334,68; 7960,522;  192,581;27000,316;28,97649
 335,27; 7799,861;  191,512;26650,986;28,75473
 335,86; 7674,675;  222,889;26456,564;28,40542
 336,46; 7521,335;  194,436;26199,541;28,17485
 337,05; 7420,803;  176,966;26018,241;28,03204
 337,65; 7298,766;  160,811;25875,670;27,75809
 338,24; 7317,719;  224,123;25891,948;27,63614
 338,83; 7182,257;  200,738;25754,918;27,32046
 339,43; 7143,771;  173,348;25758,583;27,24393
 340,02; 7088,413;  175,578;25570,534;27,22129
 340,61; 7064,630;  177,122;25648,038;27,04068
 341,21; 7027,732;  210,963;25690,769;26,75361
 341,80; 6968,074;  189,657;25615,084;26,65999
 342,40; 6922,017;  180,589;25697,459;26,41949
 342,99; 6938,819;  179,355;25775,661;26,40797
 343,58; 6936,574;  181,355;25977,863;26,18656
 344,18; 6895,586;  197,971;26092,927;25,86455
 344,77; 6963,298;  165,732;26394,318;25,91663
 345,36; 6976,392;  166,658;26652,242;25,71110
 345,96; 7090,446;  207,432;26959,571;25,72883
 346,55; 7096,240;  170,207;27168,889;25,65323
 347,14; 7166,209;  163,435;27487,598;25,62850
 347,74; 7225,652;  144,827;27869,864;25,53946
 348,33; 7325,461;  178,596;28420,892;25,30554
 348,92; 7435,171;  181,599;29109,307;25,07483
 349,52; 7513,637;  159,597;29486,131;25,07640
 350,11; 7568,056;  177,654;29780,485;24,96519
 350,70; 7577,515;  172,122;29801,438;24,99347
 351,29; 7477,421;  170,031;29587,678;24,84016
 351,89; 7463,268;  198,574;29521,502;24,77479
 352,48; 7464,861;  154,891;29577,683;24,84458
 353,07; 7450,784;  190,436;29611,494;24,67739
 353,67; 7429,042;  195,061;29508,263;24,67824
 354,26; 7315,144;  186,127;29303,183;24,48399
 354,85; 7295,674;  183,049;29206,884;24,50615
 355,45; 7220,498;  160,580;28976,851;24,49976
 356,04; 7205,872;  177,667;28863,558;24,50057
 356,63; 7182,866;  201,736;28756,951;24,44783
 357,22; 7167,506;  182,033;28529,688;24,64216
 357,82; 7083,246;  178,573;28303,126;24,55034
 358,41; 7054,108;  197,198;28225,802;24,46397
 359,00; 6987,707;  169,194;28039,475;24,46517
 359,60; 7011,321;  190,200;27965,671;24,55808
 360,19; 6963,550;  189,283;27739,961;24,58839
 360,78; 6965,202;  188,811;27658,808;24,66833
 361,37; 6908,560;  176,735;27434,916;24,69653
 361,97; 6954,724;  189,428;27383,861;24,87750
 362,56; 6855,377;  173,116;27056,561;24,85642
 363,15; 6854,241;  215,273;26861,468;24,91526
 363,74; 6769,855;  191,806;26488,153;25,01507
 364,34; 6741,643;  201,425;26092,628;25,26039
 364,93; 6578,955;  181,423;25766,867;25,00458
 365,52; 6517,752;  158,350;25396,410;25,19766
 366,11; 6470,566;  179,348;25099,599;25,24540
 366,71; 6394,194;  171,271;24664,030;25,40719
 367,30; 6346,367;  181,274;24351,150;25,50734
 367,89; 6344,995;  218,356;24117,806;25,63506
 368,48; 6302,572;  193,114;23831,370;25,84564
 369,07; 6182,361;  180,045;23481,745;25,75913
 369,67; 6167,340;  211,038;23145,589;25,97087
 370,26; 6131,771;  176,584;22904,962;26,20155
 370,85; 6103,047;  189,581;22579,595;26,41118
 371,44; 6087,109;  185,197;22472,583;26,48095
 372,03; 6050,271;  164,425;22167,136;26,75055
 372,63; 5985,379;  157,812;21893,705;26,81080
 373,22; 5991,836;  178,276;21618,236;27,11554
 373,81; 5946,496;  160,581;21348,164;27,30805
 374,40; 5920,902;  189,357;21109,918;27,39671
 374,99; 5874,562;  173,119;20805,236;27,63383
 375,59; 5863,352;  172,818;20548,239;27,92842
 376,18; 5907,369;  201,657;20421,884;28,21784
 376,77; 5915,185;  195,044;20284,216;28,47375
 377,36; 5873,855;  210,812;20218,225;28,30472
 377,95; 5900,373;  197,579;19936,400;28,89126
 378,55; 5892,535;  170,740;19722,664;29,26461
 379,14; 5907,304;  197,196;19652,640;29,34966
 379,73; 5940,859;  190,195;19586,848;29,64772
 380,32; 5978,198;  193,428;19698,446;29,65786
 380,91; 6013,097;  180,730;19479,572;30,22133
 381,50; 6072,735;  201,731;19462,208;30,48213
 382,10; 6104,044;  173,582;19341,830;30,93899
 382,69; 6119,958;  153,196;19281,655;31,19311
 383,28; 6214,965;  205,655;19266,811;31,52647
 383,87; 6213,324;  175,116;19108,719;31,89149
 384,46; 6239,899;  165,112;19057,158;32,15526
 385,05; 6345,338;  219,270;19032,316;32,56287
 385,64; 6378,258;  181,194;19079,829;32,79107
 386,24; 6421,259;  165,265;19008,018;33,20106
 386,83; 6530,709;  200,649;19082,215;33,52508
 387,42; 6630,283;  206,964;19161,969;33,88719
 388,01; 6731,181;  193,645;19331,088;34,16097
 388,60; 6916,141;  194,266;19613,654;34,61425
 389,19; 7032,950;  170,485;19711,863;35,11761
 389,78; 7194,793;  180,564;20001,915;35,38724
 390,37; 7452,226;  238,340;20408,716;35,76476
 390,96; 7522,939;  193,188;20570,771;35,96968
 391,56; 7676,916;  191,407;20731,732;36,44299
 392,15; 7832,611;  188,103;21012,597;36,70921
 392,74; 7920,113;  164,630;21139,528;36,97507
 393,33; 8110,187;  186,714;21382,297;37,38266
 393,92; 8413,109;  192,780;21783,988;38,07258
 394,51; 8538,175;  170,175;21988,050;38,35387
 395,10; 8710,173;  212,461;22189,538;38,66625
 395,69; 8872,913;  206,155;22317,361;39,19622
 396,28; 8991,363;  205,150;22429,043;39,53499
 396,87; 9125,758;  208,293;22506,720;39,99145
 397,46; 9224,555;  212,979;22584,582;40,28132
 398,06; 9408,767;  224,355;22908,699;40,48789
 398,65; 9537,735;  211,721;22862,365;41,17329
 399,24; 9689,706;  227,025;23077,241;41,41178
 399,83; 9820,415;  208,688;23078,877;42,02732
 400,42; 9981,322;  248,124;23183,898;42,43675
 401,01;10101,610;  221,325;23296,255;42,81827
 401,60;10272,282;  244,208;23371,456;43,36043
 402,19;10345,806;  257,022;23296,956;43,78825
 402,78;10503,230;  257,588;23374,469;44,32104
 403,37;10462,995;  233,156;23158,178;44,62303
 403,96;10490,624;  244,024;23048,728;44,93196
 404,55;10577,871;  262,271;22963,326;45,44106
 405,14;10624,437;  238,215;22846,319;45,94026
 405,73;10634,527;  260,611;22788,222;46,04978
 406,32;10745,720;  259,029;22622,115;46,89286
 406,91;10711,724;  257,594;22411,638;47,18836
 407,50;10787,067;  264,260;22245,873;47,87095
 408,09;10753,328;  226,473;21951,682;48,45456
 408,68;10798,743;  254,536;21879,207;48,76008
 409,27;10793,178;  246,476;21712,453;49,13218
 409,86;10816,714;  256,439;21553,202;49,58629
 410,45;10945,751;  293,934;21550,876;50,10983
 411,04;10905,376;  292,352;21485,723;50,07709
 411,63;10820,182;  286,935;21190,695;50,38924
 412,22;10820,702;  280,668;20981,662;50,91559
 412,81;10792,785;  302,989;20780,234;51,22660
 413,40;10702,844;  310,469;20416,348;51,68824
 413,99;10672,755;  342,848;20183,307;52,06486
 414,58;10515,246;  277,159;19746,662;52,58525
 415,17;10478,605;  279,605;19575,189;52,85665
 415,76;10417,731;  270,666;19419,040;52,99178
 416,35;10409,251;  276,443;19110,200;53,80131
 416,94;10528,774;  310,670;19268,010;53,90052
 417,53;10693,640;  280,221;19408,256;54,44061
 418,12;10854,055;  269,533;19521,995;54,97750
 418,71;11050,946;  298,316;19861,765;54,96285
 419,30;11246,475;  287,073;20065,109;55,41198
 419,89;11441,044;  272,460;20163,447;56,14897
 420,48;11655,471;  294,085;20362,535;56,61317
 421,07;11777,694;  290,165;20498,503;56,84549
 421,66;11825,764;  266,558;20466,188;57,22484
 422,25;11864,894;  271,189;20540,583;57,19808
 422,84;11971,040;  299,962;20440,598;57,94791
 423,43;11844,736;  287,647;20178,320;58,10305
 424,02;11792,882;  302,727;19996,442;58,34428
 424,60;11589,478;  280,439;19584,206;58,58463
 425,19;11477,617;  296,044;19327,453;58,75326
 425,78;11476,897;  293,661;19228,750;59,06091
 426,37;11467,124;  300,437;19061,951;59,51912
 426,96;11463,175;  276,206;18925,136;59,98719
 427,55;11414,586;  275,294;18888,508;59,84615
 428,14;11347,536;  267,837;18586,022;60,48470
 428,73;11308,826;  288,366;18469,381;60,61521
 429,32;11338,909;  285,513;18413,992;60,97255
 429,91;11378,851;  320,982;18460,799;60,95910
 430,50;11343,389;  300,065;18279,640;61,42150
 431,08;11277,978;  307,455;18121,157;61,58475
 431,67;11289,454;  330,460;18059,181;61,81491
 432,26;11207,583;  352,773;17866,633;61,97840
 432,85;11037,048;  372,079;17525,688;62,17333
 433,44;10884,198;  388,471;17227,983;62,32798
 434,03;10699,315;  402,711;16826,982;62,69139
 434,62;10520,543;  359,087;16459,216;63,11413
 435,21;10424,585;  365,618;16298,030;63,13524
 435,79;10339,119;  376,323;16109,888;63,32192
 436,38;10241,532;  368,410;15986,717;63,21506
 436,97;10252,619;  351,796;15943,277;63,50149
 437,56;10161,713;  366,118;15775,296;63,56987
 438,15;10125,260;  330,960;15658,418;63,90036
 438,74;10147,462;  358,116;15673,578;63,91806
 439,33;10188,633;  334,421;15641,739;64,37582
 439,91;10175,502;  308,120;15728,245;63,99029
 440,50;10259,424;  353,275;15720,771;64,46170
 441,09;10308,328;  352,437;15858,362;64,20701
 441,68;10344,885;  330,291;15871,755;64,43790
 442,27;10356,726;  309,595;15870,416;64,56685
 442,86;10357,709;  286,691;15851,837;64,70237
 443,44;10421,436;  306,610;15894,282;64,88991
 444,03;10497,990;  376,999;16005,300;64,76066
 444,62;10394,285;  300,075;15815,177;65,06055
 445,21;10315,983;  324,227;15685,782;65,04391
 445,80;10180,895;  356,622;15621,797;64,35742
 446,39;10082,758;  367,697;15356,081;64,81727
 446,97; 9942,039;  300,708;15192,640;64,74198
 447,56; 9802,789;  305,024;14946,971;64,86682
 448,15; 9696,437;  323,939;14810,409;64,69829
 448,74; 9621,114;  331,940;14558,368;65,29520
 449,33; 9454,869;  323,946;14452,718;64,62645
 449,91; 9370,885;  318,033;14243,239;65,01054
 450,50; 9196,736;  307,954;13988,738;64,97275
 451,09; 9131,682;  335,493;13900,297;64,84567
 451,68; 9133,993;  356,497;13844,731;65,07520
 452,26; 9022,790;  340,040;13735,304;64,81955
 452,85; 8963,809;  319,499;13610,323;65,03968
 453,44; 8990,471;  341,974;13683,567;64,82357
 454,03; 8923,758;  314,351;13625,594;64,67771
 454,61; 8879,866;  311,590;13609,495;64,43328
 455,20; 9056,304;  338,979;13743,391;65,03325
 455,79; 8993,913;  348,740;13741,725;64,55000
 456,38; 9082,916;  342,063;13817,793;64,86367
 456,97; 9131,165;  330,061;13863,829;65,03070
 457,55; 9095,934;  329,759;13876,516;64,71050
 458,14; 9113,182;  356,290;13890,729;64,70081
 458,73; 9022,944;  341,529;13835,213;64,33688
 459,31; 9055,233;  366,306;13850,064;64,43995
 459,90; 9110,038;  383,302;13974,214;64,21009
 460,49; 9178,031;  420,299;14008,495;64,45103
 461,08; 9131,134;  340,310;14107,021;63,85566
 461,66; 9226,567;  341,306;14143,370;64,37632
 462,25; 9199,600;  349,006;14205,437;63,87355
 462,84; 9231,299;  376,465;14250,179;63,82454
 463,43; 9133,797;  301,938;14247,046;63,33303
 464,01; 9173,199;  339,172;14309,864;63,23256
 464,60; 9150,676;  396,704;14200,171;63,41865
 465,19; 9014,924;  339,251;13997,782;63,51835
 465,77; 8961,337;  340,871;13977,125;63,21726
 466,36; 8883,579;  371,245;13839,631;63,20233
 466,95; 8646,090;  353,477;13528,774;62,94061
 467,53; 8442,402;  350,645;13289,085;62,54044
 468,12; 8319,900;  372,646;13030,152;62,78688
 468,71; 8088,575;  349,714;12788,109;62,21752
 469,29; 7894,743;  337,032;12597,465;61,64310
 469,88; 7765,735;  341,805;12287,066;62,14958
 470,47; 7815,423;  410,505;12431,822;61,59822
 471,06; 7726,717;  365,120;12397,793;61,18006
 471,64; 7819,593;  375,118;12462,030;61,59121
 472,23; 7817,238;  332,518;12524,681;61,38960
 472,81; 7799,049;  330,972;12651,188;60,61645
 473,40; 7926,571;  343,056;12714,206;61,30000
 473,99; 8009,365;  441,364;12943,375;60,53427
 474,57; 8002,892;  349,979;13036,466;60,32335
 475,16; 8145,430;  370,204;13165,595;60,76584
 475,75; 8125,354;  376,600;13294,845;59,98302
 476,33; 8190,237;  383,837;13411,872;59,92001
 476,92; 8151,722;  386,288;13452,566;59,43111
 477,51; 8183,705;  371,757;13544,460;59,30406
 478,09; 8197,679;  368,526;13511,952;59,56706
 478,68; 8134,404;  375,529;13454,486;59,32335
 479,27; 8109,327;  407,139;13495,077;58,84951
 479,85; 8070,431;  381,605;13495,561;58,63086
 480,44; 8102,655;  364,993;13660,405;58,19798
 481,02; 8775,643;  382,306;14973,490;57,52334
 481,61; 9889,558;  404,380;16859,203;57,64376
 482,20;10528,168;  382,844;18027,106;57,49928
 482,78;10997,119;  415,453;18824,862;57,47966
 483,37;11293,265;  404,160;19388,819;57,35739
 483,95;11360,723;  414,546;19540,072;57,23334
 484,54;11495,701;  429,918;19769,660;57,21784
 485,13;11416,656;  405,860;19637,609;57,25322
 485,71;11232,777;  383,088;19561,922;56,57116
 486,30;11046,366;  414,396;19225,799;56,51875
 486,88;10824,734;  453,937;18897,130;56,23103
 487,47;10431,717;  439,784;18158,769;56,39112
 488,05; 9861,185;  423,480;17350,736;55,75449
 488,64; 9126,325;  419,870;16087,163;55,57089
 489,23; 8122,732;  438,174;14340,035;55,27719
 489,81; 6846,587;  428,406;12265,536;54,22075
 490,40; 6516,712;  387,177;11679,649;54,27984
 490,98; 6334,527;  377,333;11388,277;54,10248
 491,57; 6237,782;  389,405;11305,362;53,57640
 492,15; 6162,422;  379,719;11271,497;53,09237
 492,74; 6060,760;  391,249;11185,046;52,52564
 493,32; 6035,579;  401,179;11096,090;52,68301
 493,91; 5918,684;  371,029;10997,172;52,20761
 494,50; 5923,787;  396,040;10987,804;52,18911
 495,08; 5823,532;  367,578;10899,848;51,80226
 495,67; 5825,673;  393,490;10870,398;51,84911
 496,25; 5725,980;  329,188;10741,795;51,82940
 496,84; 5664,123;  352,951;10758,565;51,04141
 497,42; 5609,167;  346,344;10738,589;50,64183
 498,01; 5592,825;  371,414;10640,741;50,84473
 498,59; 5491,486;  337,653;10625,516;50,09624
 499,18; 5436,759;  341,722;10495,159;50,18042
 499,76; 5366,890;  361,958;10446,642;49,62904
 500,35; 5250,025;  344,581;10305,032;49,24921
 500,93; 5226,719;  327,267;10285,849;49,19830
 501,52; 5177,653;  332,883;10186,900;49,16543
 502,10; 5127,579;  357,201;10166,328;48,63203
 502,69; 5014,698;  332,974; 9938,653;48,73913
 503,27; 4902,235;  315,963; 9848,314;48,11271
 503,86; 4844,382;  333,818; 9763,892;47,83169
 504,44; 4750,989;  317,822; 9600,262;47,75864
 505,03; 4603,617;  297,206; 9442,846;47,08703
 505,61; 4542,556;  323,205; 9319,101;46,90307
 506,19; 4462,887;  353,052; 9155,045;46,69209
 506,78; 4332,073;  304,906; 8972,804;46,46071
 507,36; 4239,875;  317,744; 8825,028;46,10320
 507,95; 4137,578;  315,679; 8697,312;45,59850
 508,53; 4078,228;  315,444; 8551,911;45,68444
 509,12; 4004,465;  330,293; 8424,091;45,39491
 509,70; 3906,333;  337,141; 8297,561;44,83673
 510,29; 3814,734;  342,760; 8155,917;44,43753
 510,87; 3699,971;  312,906; 7973,279;44,21541
 511,46; 3614,621;  299,523; 7826,672;44,04189
 512,04; 3537,343;  312,219; 7675,583;43,79959
 512,62; 3478,980;  315,985; 7551,241;43,71642
 513,21; 3389,413;  298,068; 7394,888;43,55957
 513,79; 3343,090;  304,542; 7274,481;43,59504
 514,38; 3202,740;  278,384; 7111,677;42,79571
 514,96; 3202,255;  328,691; 7037,290;42,83404
 515,54; 3068,082;  293,309; 6884,424;42,09869
 516,13; 3057,529;  316,540; 6833,644;42,05839
 516,71; 2987,171;  308,699; 6687,051;41,99317
 517,30; 2902,366;  285,396; 6596,440;41,46651
 517,88; 2845,944;  311,780; 6533,254;40,73253
 518,46; 2776,246;  281,167; 6366,725;41,00000
 519,05; 2747,212;  310,247; 6315,772;40,57872
 519,63; 2731,204;  301,630; 6284,195;40,61091
 520,22; 2692,904;  318,330; 6201,767;40,36033
 520,80; 2656,916;  306,715; 6200,647;39,87492
 521,38; 2640,442;  338,325; 6179,452;39,41220
 521,97; 2578,805;  302,334; 6099,770;39,26685
 522,55; 2570,613;  319,257; 6071,093;39,14152
 523,13; 2523,017;  281,260; 6101,751;38,51491
 523,72; 2529,824;  296,397; 6063,462;38,72726
 524,30; 2582,124;  310,955; 6224,858;38,40390
 524,89; 2522,893;  285,719; 6213,573;37,74003
 525,47; 2559,647;  315,803; 6325,757;37,33545
 526,05; 2565,491;  278,958; 6353,561;37,64086
 526,64; 2613,537;  316,421; 6509,940;37,08902
 527,22; 2657,583;  310,033; 6629,372;37,14866
 527,80; 2667,923;  341,652; 6780,615;36,12803
 528,39; 2687,813;  301,808; 6769,289;36,89234
 528,97; 2729,368;  299,345; 6970,083;36,42810
 529,55; 2777,042;  317,491; 7159,382;35,94841
 530,14; 2850,258;  338,810; 7344,514;35,84861
 530,72; 2844,727;  298,422; 7454,499;35,58241
 531,30; 2847,884;  278,888; 7545,394;35,35394
 531,89; 2897,628;  310,657; 7640,840;35,29204
 532,47; 2915,188;  338,274; 7729,848;34,86285
 533,05; 2920,718;  343,267; 7796,815;34,58019
 533,63; 2921,608;  332,891; 7857,868;34,40167
 534,22; 2943,416;  304,506; 7869,622;34,88261
 534,80; 2939,583;  328,588; 7970,261;34,16784
 535,38; 3010,703;  410,504; 8060,182;33,99095
 535,97; 2885,879;  323,198; 8016,588;33,31018
 536,55; 2952,453;  368,974; 8064,957;33,56920
 537,13; 2943,808;  373,810; 8034,684;33,54706
 537,71; 2953,259;  417,348; 8098,650;33,01407
 538,30; 2985,065;  430,431; 8181,139;32,96001
 538,88; 2990,957;  465,362; 8229,021;32,53099
 539,46; 3095,006;  506,050; 8422,968;32,70157
 540,05; 3129,807;  525,283; 8532,797;32,52600
 540,63; 3175,589;  571,745; 8710,352;31,99372
 541,21; 3213,838;  617,364; 8894,721;31,36839
 541,79; 3261,504;  626,210; 9006,166;31,44759
 542,38; 3304,411;  656,437; 9154,071;31,16132
 542,96; 3360,661;  673,291; 9277,109;31,23462
 543,54; 3420,993;  681,055; 9495,579;31,08435
 544,12; 3442,066;  650,903; 9687,525;30,88724
 544,70; 3427,891;  649,214; 9723,665;30,62088
 545,29; 3471,321;  661,052; 9906,533;30,39614
 545,87; 3463,120;  639,902; 9891,628;30,51558
 546,45; 3408,604;  584,052; 9943,577;30,17838
 547,03; 3409,303;  577,285; 9993,574;30,07574
 547,62; 3415,477;  551,441;10139,292;29,87151
 548,20; 3461,047;  553,444;10248,429;29,99080
 548,78; 3463,523;  521,916;10419,246;29,72121
 549,36; 3489,781;  482,684;10605,949;29,70482
 549,94; 3459,961;  446,673;10779,283;29,16289
 550,53; 3539,952;  442,298;10983,233;29,38690
 551,11; 3555,761;  426,534;11153,871;29,17059
 551,69; 3623,372;  445,376;11457,040;28,86027
 552,27; 3665,458;  393,296;11683,084;28,98338
 552,85; 3742,787;  399,918;12082,685;28,61368
 553,44; 3811,693;  399,145;12322,039;28,62181
 554,02; 3895,753;  410,224;12702,216;28,35609
 554,60; 3961,144;  360,611;12983,243;28,52443
 555,18; 4036,602;  398,377;13365,010;28,05837
 555,76; 4089,919;  365,609;13720,647;27,88693
 556,34; 4214,738;  378,230;14113,353;27,93209
 556,93; 4318,576;  370,454;14482,627;27,97671
 557,51; 4361,737;  350,077;14769,016;27,82216
 558,09; 4455,768;  382,300;15199,180;27,49208
 558,67; 4541,473;  375,465;15515,784;27,51599
 559,25; 4594,811;  390,386;15819,991;27,24908
 559,83; 4636,377;  365,467;16095,458;27,15138
 560,41; 4704,125;  368,768;16443,224;26,97048
 561,00; 4791,806;  367,234;16785,108;26,94973
 561,58; 4848,152;  344,767;17004,453;27,03163
 562,16; 4868,877;  347,534;17336,702;26,61309
 562,74; 4983,253;  347,378;17721,201;26,68310
 563,32; 5052,480;  347,775;18125,965;26,46335
 563,90; 5176,871;  361,234;18462,138;26,60440
 564,48; 5216,282;  365,305;18914,710;26,15166
 565,06; 5339,872;  365,772;19433,227;26,08686
 565,65; 5567,635;  363,088;20044,403;26,44410
 566,23; 5700,229;  410,542;20815,016;25,92415
 566,81; 5856,914;  353,232;21434,806;26,10660
 567,39; 6097,644;  363,315;22300,678;26,13955
 567,97; 6225,232;  385,694;22920,733;25,91315
 568,55; 6400,071;  388,621;23740,671;25,74271
 569,13; 6568,152;  364,696;24467,832;25,73713
 569,71; 6746,672;  359,610;25327,132;25,58148
 570,29; 7055,666;  396,608;26245,011;25,76197
 570,87; 7182,405;  396,840;26985,343;25,52067
 571,45; 7247,602;  377,926;27601,029;25,23473
 572,03; 7375,795;  343,239;27961,222;25,46368
 572,61; 7525,622;  334,236;28658,824;25,38920
 573,20; 7680,916;  385,616;29390,848;25,15167
 573,78; 7818,954;  367,006;29875,934;25,25320
 574,36; 7885,868;  373,312;30441,759;24,98485
 574,94; 8017,254;  435,086;30797,227;24,97244
 575,52; 7974,251;  378,016;31008,304;24,79975
 576,10; 8148,950;  432,859;31624,738;24,73750
 576,68; 8239,141;  417,700;32064,698;24,71464
 577,26; 8371,680;  439,173;32824,747;24,49395
 577,84; 8464,187;  435,082;33311,515;24,42207
 578,42; 8522,647;  473,857;33478,651;24,38673
 579,00; 8480,429;  436,775;33635,442;24,22885
 579,58; 8548,241;  469,932;33937,228;24,13792
 580,16; 8474,452;  456,089;33933,363;23,95166
 580,74; 8529,092;  449,474;34083,319;24,02229
 581,32; 8482,521;  440,779;34167,862;23,84357
 581,90; 8486,004;  464,781;34101,747;23,84645
 582,48; 8476,081;  455,012;34282,332;23,71181
 583,06; 8446,791;  455,856;34362,937;23,56716
 583,64; 8485,844;  454,471;34531,442;23,56833
 584,22; 8376,081;  456,171;34396,463;23,33483
 584,80; 8275,954;  481,857;34079,390;23,19842
 585,38; 8198,931;  479,538;33694,321;23,24084
 585,96; 8124,157;  448,161;33857,462;22,97563
 586,54; 8123,751;  469,478;33797,750;22,96631
 587,12; 8143,769;  449,398;34103,124;22,86336
 587,70; 8141,643;  476,238;34127,726;22,77880
 588,28; 8122,180;  458,244;34244,785;22,68340
 588,86; 8119,343;  462,169;34299,191;22,62958
 589,44; 8036,519;  442,022;34369,330;22,38462
 590,02; 8075,434;  447,020;34636,214;22,31235
 590,59; 8134,149;  429,477;34723,288;22,46665
 591,17; 8120,003;  426,029;35011,854;22,24603
 591,75; 8127,910;  422,101;35141,481;22,19455
 592,33; 8170,005;  444,407;35301,180;22,16383
 592,91; 8187,020;  385,181;35532,062;22,19781
 593,49; 8206,397;  390,569;35894,385;22,01405
 594,07; 8234,794;  415,030;36051,230;21,94332
 594,65; 8229,429;  419,478;36152,307;21,85651
 595,23; 8334,806;  409,558;36498,582;21,96027
 595,81; 8290,392;  407,252;36607,944;21,77621
 596,39; 8271,468;  398,945;36722,423;21,67337
 596,97; 8299,917;  397,027;36945,738;21,62290
 597,55; 8233,784;  380,480;36785,822;21,57184
 598,12; 8173,905;  392,801;36843,285;21,34705
 598,70; 8165,517;  377,413;36958,283;21,29010
 599,28; 8209,094;  393,182;37213,576;21,22713
 599,86; 8202,543;  380,797;37142,896;21,27666
 600,44; 8154,719;  347,645;37263,443;21,14833
 601,02; 8194,302;  410,961;37241,988;21,13257
 601,60; 8170,820;  387,409;37168,790;21,16128
 602,18; 8062,676;  361,493;37299,344;20,84903
 602,75; 8037,521;  359,559;37367,219;20,74695
 603,33; 8053,273;  377,951;37360,591;20,75385
 603,91; 7979,642;  361,573;37324,497;20,61003
 604,49; 7993,234;  386,490;37421,470;20,53935
 605,07; 7958,321;  387,870;37436,834;20,43364
 605,65; 7930,217;  397,030;37586,878;20,25603
 606,23; 8006,330;  457,246;37731,038;20,25306
 606,80; 8032,957;  498,175;37784,818;20,20773
 607,38; 7962,196;  531,418;37725,308;19,97849
 607,96; 8020,201;  575,328;37784,125;20,00837
 608,54; 8031,960;  649,646;37914,093;19,81061
 609,12; 8005,534;  630,406;37903,880;19,78653
 609,70; 8024,518;  660,566;38026,295;19,70777
 610,27; 7989,741;  682,020;38081,214;19,53978
 610,85; 7984,237;  702,489;38111,217;19,46537
 611,43; 7993,581;  688,720;38030,852;19,56198
 612,01; 7890,220;  662,254;37782,215;19,47191
 612,59; 7835,506;  667,258;37907,018;19,24891
 613,16; 7809,491;  620,863;37815,017;19,32731
 613,74; 7727,388;  589,336;37665,576;19,25236
 614,32; 7671,293;  559,569;37691,925;19,15236
 614,90; 7632,664;  529,102;37567,978;19,17866
 615,48; 7550,104;  482,018;37205,946;19,24654
 616,05; 7492,288;  448,093;37231,614;19,15041
 616,63; 7426,780;  445,630;37017,359;19,08893
 617,21; 7388,267;  452,174;36928,245;19,01546
 617,79; 7327,365;  431,945;36883,378;18,91673
 618,36; 7309,449;  443,332;36837,895;18,86578
 618,94; 7164,782;  381,250;36430,579;18,81736
 619,52; 7112,278;  405,554;36255,639;18,70769
 620,10; 7097,752;  391,944;36205,497;18,72422
 620,67; 7040,741;  395,630;36085,806;18,61888
 621,25; 7019,654;  413,794;35996,666;18,56472
 621,83; 6928,718;  393,481;35913,241;18,39888
 622,41; 6995,821;  443,096;35948,624;18,45551
 622,98; 6905,793;  398,553;35616,127;18,47725
 623,56; 6877,577;  406,860;35652,446;18,35894
 624,14; 6781,457;  388,334;35464,029;18,22665
 624,72; 6745,975;  383,634;35382,209;18,17886
 625,29; 6739,154;  375,091;35419,278;18,16011
 625,87; 6747,852;  404,484;35448,009;18,10140
 626,45; 6669,195;  358,474;35305,518;18,05795
 627,02; 6573,940;  376,638;35172,688;17,81036
 627,60; 6590,886;  365,953;35208,750;17,86577
 628,18; 6548,765;  336,406;35183,034;17,82772
 628,76; 6494,510;  343,630;35152,622;17,67038
 629,33; 6507,376;  377,787;35141,849;17,63197
 629,91; 6501,444;  360,329;35171,958;17,64099
 630,49; 6495,917;  375,401;35215,998;17,56720
 631,06; 6456,085;  374,785;35425,240;17,35013
 631,64; 6417,373;  362,321;35408,705;17,27725
 632,22; 6339,764;  332,395;35337,755;17,16128
 632,79; 6418,418;  357,395;35576,586;17,20943
 633,37; 6370,066;  343,793;35634,186;17,07624
 633,95; 6396,260;  348,089;35788,117;17,06593
 634,52; 6411,757;  335,557;35793,285;17,13646
 635,10; 6378,984;  331,174;35839,663;17,03201
 635,68; 6395,623;  337,703;36062,263;16,95730
 636,25; 6338,261;  323,237;35952,922;16,88206
 636,83; 6340,741;  314,784;36204,083;16,79040
 637,41; 6396,010;  339,240;36289,950;16,84743
 637,98; 6420,934;  345,009;36452,163;16,82748
 638,56; 6410,341;  340,005;36522,485;16,77700
 639,13; 6382,986;  318,860;36600,787;16,71390
 639,71; 6454,688;  363,554;36768,087;16,73180
 640,29; 6349,004;  288,554;36497,658;16,73737
 640,86; 6335,694;  312,093;36735,158;16,53787
 641,44; 6285,614;  313,478;36666,581;16,42813
 642,02; 6314,688;  344,939;36703,158;16,41925
 642,59; 6288,070;  316,555;36858,197;16,34167
 643,17; 6281,528;  318,863;36784,774;16,35134
 643,74; 6219,910;  307,786;36875,121;16,16777
 644,32; 6199,984;  335,248;36776,006;16,09389
 644,89; 6173,366;  329,633;36777,275;16,03323
 645,47; 6154,671;  340,479;36918,852;15,89516
 646,05; 6138,822;  337,787;36779,199;15,91880
 646,62; 6100,896;  322,326;36798,930;15,84185
 647,20; 6114,509;  333,403;36934,507;15,79489
 647,77; 6036,352;  306,018;36822,392;15,69250
 648,35; 6004,964;  310,711;36681,738;15,65602
 648,92; 6046,116;  327,557;36769,469;15,69226
 649,50; 5933,882;  287,327;36593,124;15,55276
 650,08; 5945,494;  298,173;36527,470;15,58772
 650,65; 5941,261;  301,481;36760,893;15,46865
 651,23; 5973,720;  294,789;37478,009;15,27283
 651,80; 6129,178;  282,097;38426,279;15,32889
 652,38; 6186,714;  297,943;38764,010;15,30900
 652,95; 6203,788;  282,251;39119,125;15,24720
 653,53; 6245,093;  318,021;39376,395;15,17491
 654,10; 6310,628;  339,328;39472,357;15,25898
 654,68; 6230,933;  289,021;39460,626;15,16893
 655,25; 6189,854;  285,867;39602,434;15,01654
 655,83; 6173,466;  284,637;39603,857;14,97697
 656,40; 6160,386;  318,252;39534,204;14,89734
 656,98; 6124,845;  288,714;39457,089;14,90011
 657,55; 6074,073;  299,253;39281,589;14,81394
 658,13; 6034,455;  294,407;39005,397;14,82795
 658,70; 5931,529;  310,869;38751,436;14,62169
 659,28; 5776,603;  314,253;37982,782;14,50110
 659,85; 5637,446;  305,254;37119,206;14,48416
 660,43; 5638,136;  321,177;37207,629;14,41439
 661,00; 5628,133;  304,100;37314,591;14,38520
 661,58; 5656,515;  300,639;37590,860;14,36268
 662,15; 5632,512;  281,024;37801,361;14,26290
 662,73; 5701,432;  346,409;38066,938;14,19658
 663,30; 5705,045;  300,409;38285,515;14,22830
 663,88; 5700,734;  315,178;38452,169;14,12161
 664,45; 5667,270;  290,717;38705,285;13,99613
 665,03; 5730,190;  296,333;38921,093;14,06833
 665,60; 5861,495;  372,563;39514,747;14,02306
 666,17; 5792,184;  304,718;39569,709;13,97547
 666,75; 5826,258;  301,564;39834,209;13,97502
 667,32; 5889,563;  321,718;40222,863;13,95410
 667,90; 5847,099;  297,872;40553,979;13,78481
 668,47; 5903,865;  316,257;40718,941;13,82980
 669,05; 5903,939;  299,719;41088,210;13,73971
 669,62; 5886,321;  274,565;41105,710;13,74381
 670,19; 5906,318;  287,411;41229,826;13,72393
 670,77; 5889,085;  293,719;41441,249;13,59830
 671,34; 5909,005;  301,258;41367,134;13,65549
 671,92; 5918,310;  281,643;41697,327;13,60998
 672,49; 5915,615;  309,643;41711,443;13,54041
 673,06; 5853,612;  256,643;41810,404;13,46922
 673,64; 5849,224;  287,720;41795,982;13,39855
 674,21; 5823,145;  279,721;41652,251;13,39880
 674,79; 5824,834;  305,567;41889,982;13,27244
 675,36; 5871,370;  307,106;42048,405;13,33036
 675,93; 5798,521;  269,798;41923,290;13,27313
 676,51; 5853,518;  296,337;42038,791;13,31302
 677,08; 5840,438;  300,029;42205,676;13,22115
 677,65; 5856,128;  300,876;42223,945;13,25106
 678,23; 5852,586;  299,722;42528,138;13,14959
 678,80; 5834,814;  287,261;42656,253;13,09343
 679,38; 5869,735;  284,030;42765,984;13,14842
 679,95; 5882,424;  303,184;42939,100;13,08577
 680,52; 5888,729;  285,338;43307,216;13,02451
 681,10; 5965,649;  299,338;43558,870;13,09841
 681,67; 5974,646;  298,493;43842,832;13,03534
 682,24; 5940,182;  268,570;43972,563;12,97733
 682,82; 5984,256;  280,108;44494,448;12,90113
 683,39; 6122,561;  326,186;44959,179;12,98675
 683,96; 6087,558;  289,032;45091,371;12,94246
 684,54; 6099,247;  276,109;45456,641;12,88860
 685,11; 6161,860;  309,340;45702,833;12,89286
 685,68; 6175,088;  286,186;46266,487;12,80744
 686,25; 6158,701;  269,033;46346,142;12,78220
 686,83; 6212,621;  281,187;46473,950;12,84061
 687,40; 6243,926;  273,418;46719,296;12,85476
 687,97; 6305,384;  297,110;47163,489;12,82001
 688,55; 6261,458;  260,264;47251,297;12,77093
 689,12; 6281,456;  244,188;47453,335;12,78834
 689,69; 6304,684;  250,342;47563,451;12,79633
 690,26; 6324,219;  267,880;47710,336;12,76565
 690,84; 6310,986;  276,958;47853,298;12,68283
 691,41; 6345,290;  288,496;48013,567;12,69101
 691,98; 6352,595;  295,189;48194,683;12,64608
 692,56; 6352,131;  278,881;48329,260;12,63934
 693,13; 6408,743;  328,728;48309,991;12,67165
 693,70; 6394,202;  300,574;48497,568;12,64317
 694,27; 6377,199;  272,728;48602,222;12,63094
 694,84; 6341,889;  274,344;48711,184;12,52672
 695,42; 6450,655;  331,728;48858,454;12,60940
 695,99; 6396,960;  292,190;49050,723;12,52041
 696,56; 6404,803;  285,575;48886,531;12,59076
 697,13; 6419,724;  302,960;49344,339;12,47266
 697,71; 6447,028;  269,806;49297,147;12,59955
 698,28; 6489,026;  279,345;49636,724;12,58106
 698,85; 6456,254;  255,422;49652,917;12,55293
 699,42; 6439,481;  259,884;49787,879;12,47698
 699,99; 6461,479;  299,115;49910,456;12,42128
 700,57; 6468,630;  294,269;50012,802;12,41863
 701,14; 6463,627;  271,423;50102,610;12,42636
 701,71; 6482,393;  310,808;50372,803;12,32789
 702,28; 6525,313;  286,193;50343,765;12,46389
 702,85; 6475,926;  287,193;50442,034;12,33925
 703,43; 6537,385;  305,116;50729,842;12,35955
 704,00; 6569,459;  323,270;50879,650;12,35490
 704,57; 6534,994;  295,193;50869,381;12,33792
 705,14; 6598,761;  320,578;51078,189;12,36895
 705,71; 6566,989;  325,348;51209,536;12,26637
 706,28; 6588,601;  297,425;51085,036;12,38723
 706,86; 6569,675;  334,810;51220,152;12,25277
 707,43; 6655,519;  349,502;51187,113;12,40423
 708,00; 6624,593;  322,272;51296,614;12,36371
 708,57; 6583,667;  303,964;51216,191;12,33437
 709,14; 6602,126;  323,118;51342,845;12,30702
 709,71; 6578,969;  303,426;51511,961;12,25488
 710,28; 6618,505;  294,888;51644,769;12,31476
 710,86; 6633,348;  311,196;51785,884;12,28206
 711,43; 6663,268;  324,196;51754,539;12,32555
 712,00; 6647,111;  315,504;51848,654;12,28647
 712,57; 6717,647;  311,350;52033,308;12,38603
 713,14; 6723,337;  300,735;52068,655;12,40653
 713,71; 6716,564;  311,428;52110,540;12,36534
 714,28; 6680,792;  294,043;52009,194;12,34986
 714,85; 6668,328;  282,428;51853,925;12,38262
 715,42; 6698,479;  290,121;52085,887;12,37236
 716,00; 6751,707;  358,659;52233,310;12,32403
 716,57; 6738,627;  290,044;52298,579;12,39909
 717,14; 6695,163;  278,967;52131,541;12,37392
 717,71; 6714,468;  261,045;52118,965;12,44443
 718,28; 6701,619;  308,429;52350,926;12,28456
 718,85; 6685,924;  262,891;52374,504;12,32553
 719,42; 6720,844;  289,661;52479,081;12,32277
 719,99; 6718,841;  269,122;52273,735;12,40221
 720,56; 6793,915;  299,353;52573,851;12,42396
 721,13; 6765,374;  271,661;52641,043;12,39983
 721,70; 6774,217;  261,969;52528,851;12,45961
 722,27; 6795,137;  285,969;52482,890;12,47041
 722,84; 6831,211;  332,354;52699,775;12,41012
 723,41; 6802,132;  267,662;52779,891;12,44371
 723,98; 6842,513;  282,970;52943,391;12,45631
 724,55; 6864,126;  312,509;52994,814;12,43609
 725,12; 6831,739;  239,124;52916,776;12,51501
 725,69; 6894,967;  274,586;53109,584;12,53029
 726,27; 6931,810;  278,586;53314,700;12,54470
 726,84; 6933,269;  291,817;53571,892;12,46517
 727,41; 7009,343;  292,048;53460,008;12,63410
 727,98; 7000,647;  301,202;53736,508;12,53749
 728,55; 7033,260;  322,202;53596,470;12,59718
 729,12; 7071,026;  271,664;53726,816;12,71975
 729,69; 7048,254;  304,741;53872,086;12,58885
 730,26; 7079,944;  303,665;54140,048;12,58680
 730,82; 7114,095;  291,203;54027,163;12,69707
 731,39; 7120,861;  297,204;54132,971;12,67495
 731,96; 7147,320;  271,434;54460,395;12,68872
 732,53; 7200,856;  293,204;54703,357;12,69552
 733,10; 7277,545;  303,281;54686,011;12,82441
 733,67; 7316,311;  296,358;54987,973;12,83552
 734,24; 7246,924;  282,743;54595,704;12,82232
 734,81; 7220,690;  323,897;54758,819;12,66980
 735,38; 7263,072;  284,436;54541,550;12,86216
 735,95; 7259,992;  291,282;54325,974;12,89673
 736,52; 7306,451;  307,975;54542,320;12,90414
 737,09; 7291,141;  300,052;54205,128;12,96926
 737,66; 7369,292;  338,283;54294,628;13,03092
 738,23; 7326,058;  283,206;54435,282;13,00569
 738,80; 7477,671;  347,206;54783,244;13,09879
 739,37; 7455,745;  307,360;54988,283;13,07290
 739,94; 7488,973;  291,361;54960,783;13,16570
 740,51; 7581,354;  398,822;54989,976;13,15695
 741,07; 7495,813;  287,669;55001,784;13,17420
 741,64; 7586,195;  305,361;55283,207;13,24321
 742,21; 7595,884;  287,438;55298,861;13,28532
 742,78; 7578,266;  265,515;55003,439;13,35957
 743,35; 7636,263;  296,054;55360,631;13,33018
 743,92; 7680,645;  321,439;55485,901;13,34048
 744,49; 7749,796;  315,978;55347,324;13,50833
 745,06; 7710,178;  283,747;55364,517;13,48280
 745,63; 7684,637;  276,132;55307,940;13,46222
 746,19; 7763,172;  284,978;55291,671;13,59506
 746,76; 7815,862;  295,440;55333,787;13,66397
 747,33; 7807,782;  284,671;55331,287;13,66680
 747,90; 7857,933;  304,287;55570,172;13,66783
 748,47; 7896,161;  292,595;55467,287;13,78089
 749,04; 7855,696;  314,133;55417,095;13,68631
 749,61; 7955,771;  324,903;55368,827;13,86323
 750,17; 8000,460;  311,672;55477,865;13,93750
 750,74; 7981,303;  301,749;55411,981;13,93490
 751,31; 7979,993;  267,826;55307,404;14,01204
 751,88; 7977,682;  266,980;55142,289;14,05131
 752,45; 8040,064;  287,750;55391,174;14,06866
 753,02; 8026,907;  298,442;55082,674;14,10710
 753,58; 8107,212;  276,981;55049,098;14,29602
 754,15; 8101,825;  283,751;55229,829;14,22863
 754,72; 8083,822;  282,828;54954,406;14,26883
 755,29; 8069,665;  267,597;54789,445;14,30998
 755,86; 8149,509;  284,597;54987,330;14,37755
 756,42; 8214,890;  286,828;54919,830;14,51149
 756,99; 8199,734;  251,136;54833,253;14,56264
 757,56; 8158,346;  270,060;54787,677;14,46924
 758,13; 8160,805;  211,367;54778,869;14,56808
 758,70; 8239,033;  238,598;54822,677;14,65708
 759,26; 8302,645;  228,060;54837,562;14,78604
 759,83; 8312,181;  239,060;54939,293;14,75884
 760,40; 8381,255;  226,753;54823,793;14,93580
 760,97; 8375,022;  217,830;54841,678;14,93339
 761,53; 8329,480;  200,446;54453,948;14,98343
 762,10; 8334,708;  212,984;54440,756;14,97706
 762,67; 8440,013;  244,523;54427,102;15,12569
 763,24; 8360,472;  202,292;54032,295;15,15545
 763,80; 8415,777;  238,677;54121,334;15,17575
 764,37; 8453,928;  240,139;54150,218;15,23609
 764,94; 8398,309;  216,524;53655,411;15,31055
 765,50; 8460,845;  229,447;53698,681;15,39464
 766,07; 8561,996;  273,909;53765,258;15,49426
 766,64; 8561,378;  237,909;53484,912;15,63181
 767,21; 8555,990;  249,525;53336,874;15,64679
 767,77; 8580,834;  272,371;53316,989;15,66316
 768,34; 8597,523;  278,294;53213,182;15,71597
 768,91; 8614,367;  270,371;53061,836;15,80558
 769,47; 8706,364;  263,449;53144,952;15,96572
 770,04; 8662,130;  273,680;52968,529;15,91892
 770,61; 8647,589;  255,988;52776,106;15,97788
 771,18; 8713,047;  248,142;52584,299;16,17411
 771,74; 8746,583;  271,449;52771,953;16,14296
 772,31; 8746,657;  262,527;52573,530;16,21863
 772,88; 8765,424;  234,988;52332,800;16,37388
 773,44; 8787,190;  253,066;52111,300;16,45664
 774,01; 8811,110;  270,373;52206,262;16,44477
 774,58; 8805,492;  249,527;51799,300;16,59748
 775,14; 8834,643;  247,220;51982,955;16,59863
 775,71; 8897,025;  249,605;51886,147;16,74671
 776,27; 8938,714;  309,605;51837,878;16,74636
 776,84; 9001,635;  331,990;51829,917;16,83494
 777,41; 9025,016;  277,836;51661,109;17,02340
 777,97; 8988,167;  251,606;51326,225;17,10549
 778,54; 9023,241;  273,991;51381,572;17,11928
 779,11; 9102,469;  286,837;51416,610;17,24168
 779,67; 9140,313;  251,376;51394,803;17,38041
 780,24; 9136,233;  269,453;51262,457;17,38823
 780,80; 9236,384;  285,068;51128,957;17,60549
 781,37; 9211,458;  275,684;51131,765;17,57071
 781,94; 9278,071;  254,684;50875,035;17,82561
 782,50; 9332,298;  269,607;50789,920;17,93871
 783,07; 9354,680;  292,454;50872,805;17,91650
 783,63; 9370,831;  257,685;50595,997;18,10380
 784,20; 9376,521;  279,685;50630,651;18,06685
 784,77; 9351,518;  267,685;50313,844;18,15091
 785,33; 9363,054;  241,993;50191,806;18,26045
 785,90; 9491,051;  267,686;50231,998;18,45991
 786,46; 9496,048;  278,840;50231,191;18,45200
 787,03; 9537,891;  248,763;49988,460;18,67548
 787,59; 9544,888;  260,840;49854,807;18,72012
 788,16; 9585,886;  281,610;49774,076;18,79938
 788,73; 9594,652;  269,533;49591,192;18,90674
 789,29; 9608,495;  263,302;49230,615;19,08455
 789,86; 9653,877;  282,918;49188,731;19,16124
 790,42; 9629,413;  270,380;49006,693;19,20341
 790,99; 9582,410;  279,611;48804,424;19,17122
 791,55; 9704,638;  258,611;48747,001;19,48101
 792,12; 9790,327;  286,457;48744,194;19,61270
 792,68; 9747,094;  266,611;48385,386;19,70225
 793,25; 9755,783;  275,227;48188,348;19,78697
 793,81; 9740,165;  330,227;47839,233;19,80664
 794,38; 9667,854;  239,458;47655,426;19,88443
 794,94; 9759,082;  249,997;47471,003;20,13741
 795,51; 9808,772;  282,074;47346,272;20,24192
 796,07; 9785,461;  257,536;47077,696;20,35005
 796,64; 9822,228;  295,997;47173,273;20,32164
 797,20; 9795,686;  280,075;46664,312;20,51475
 797,77; 9712,684;  235,921;46331,043;20,55914
 798,33; 9811,373;  269,767;46193,928;20,77688
 798,90; 9794,678;  287,537;46098,505;20,75298
 799,46; 9760,290;  270,229;45575,928;20,94673
 800,03; 9814,441;  273,383;45513,275;21,08992
 800,59; 9805,746;  285,768;45370,390;21,11580
 801,15; 9826,743;  288,230;45134,198;21,26950
 801,72; 9725,356;  270,845;44878,006;21,19505
 802,28; 9795,969;  294,615;44557,122;21,46592
 802,85; 9809,273;  274,307;44399,930;21,60868
 803,41; 9780,347;  263,000;44169,892;21,67620
 803,98; 9737,422;  261,616;43746,777;21,79090
 804,54; 9756,265;  270,154;43444,738;21,97152
 805,11; 9752,570;  287,539;43330,623;21,98967
 805,67; 9809,567;  308,078;43278,200;22,11185
 806,23; 9758,179;  266,001;42761,085;22,33712
 806,80; 9819,484;  288,617;42695,124;22,47501
 807,36; 9802,866;  287,463;42689,394;22,44097
 807,93; 9813,171;  300,848;42473,740;22,55554
 808,49; 9790,860;  249,386;42084,317;22,80743
 809,05; 9767,704;  251,156;41995,356;22,79729
 809,62; 9824,162;  289,002;41842,933;22,94647
 810,18; 9830,852;  281,541;41730,818;23,03855
 810,74; 9802,234;  245,849;41519,780;23,15356
 811,31; 9826,923;  250,618;41268,511;23,34665
 811,87; 9832,382;  259,157;41163,627;23,40386
 812,44; 9910,071;  294,926;41136,204;23,54271
 813,00; 9924,299;  220,004;40883,166;23,86508
 813,56;10000,835;  274,696;40935,204;23,92036
 814,13; 9985,063;  259,850;40745,474;24,02140
 814,69;10032,598;  253,235;40594,666;24,24149
 815,25; 9936,519;  236,928;40200,705;24,27096
 815,82;10013,362;  280,697;40209,436;24,37509
 816,38;10094,821;  300,005;40000,552;24,67174
 816,94; 9971,818;  251,928;39694,129;24,64338
 817,51; 9955,430;  238,928;39506,322;24,74445
 818,07; 9948,812;  245,775;39250,976;24,87627
 818,63; 9985,579;  273,006;39023,861;25,06415
 819,20;10017,730;  259,006;38979,823;25,20278
 819,76; 9962,188;  242,391;38565,092;25,36303
 820,32; 9979,493;  295,853;38508,823;25,34124
 820,89; 9955,337;  276,237;38269,323;25,47595
 821,45; 9904,411;  245,930;37985,747;25,59228
 822,01; 9918,639;  270,084;37748,939;25,74399
 822,57; 9906,174;  262,853;37571,747;25,84724
 823,14; 9872,018;  237,854;37367,786;25,94716
 823,70; 9865,861;  235,854;37118,902;26,10957
 824,26; 9904,089;  249,085;36961,325;26,29914
 824,82; 9911,086;  268,854;36806,748;26,38968
 825,39; 9891,160;  246,854;36566,787;26,55375
 825,95; 9947,234;  264,239;36537,211;26,69479
 826,51; 9878,001;  262,547;36125,634;26,81156
 827,08; 9966,152;  306,240;36207,211;26,90710
 827,64; 9954,379;  270,317;36035,481;27,07680
 828,20; 9878,146;  246,471;35772,519;27,11159
 828,76; 9939,374;  269,625;35703,635;27,28946
 829,32; 9965,294;  276,317;35643,289;27,39555
 829,89; 9893,676;  231,241;35524,712;27,37740
 830,45; 9990,135;  258,010;35444,982;27,65832
 831,01; 9922,593;  252,703;35229,790;27,64636
 831,57; 9982,898;  254,011;35069,983;27,94375
 832,14; 9968,357;  246,703;35026,252;27,95221
 832,70; 9968,354;  243,088;34855,522;28,09761
 833,26; 9915,813;  214,704;34669,560;28,15600
 833,82; 9980,041;  252,242;34709,291;28,23166
 834,38;10032,730;  247,089;34666,407;28,43067
 834,95;10022,189;  241,473;34489,753;28,55827
 835,51;10011,955;  209,243;34402,561;28,66850
 836,07;10082,568;  253,705;34454,908;28,73835
 836,63;10117,180;  264,013;34434,485;28,83533
 837,19;10165,485;  247,859;34274,139;29,14696
 837,75;10101,944;  219,551;33980,563;29,27161
 838,32;10222,633;  260,167;34076,371;29,46063
 838,88;10283,246;  262,090;34127,948;29,59073
 839,44;10266,935;  255,783;34055,756;29,61882
 840,00;10278,548;  252,014;33936,179;29,76631
 840,56;10280,391;  239,860;33756,295;29,95704
 841,12;10300,465;  235,476;33652,410;30,11943
 841,68;10248,232;  226,091;33490,526;30,12870
 842,25;10312,460;  231,322;33469,488;30,33000
 842,81;10315,303;  231,246;33316,142;30,47934
 843,37;10382,069;  214,938;33260,950;30,76659
 843,93;10400,528;  237,938;33145,219;30,88250
 844,49;10478,987;  247,400;33174,566;31,07339
 845,05;10399,984;  210,170;33065,912;31,01380
 845,61;10518,750;  248,170;33106,643;31,25702
 846,17;10468,363;  235,785;32907,298;31,31957
 846,73;10541,591;  241,940;32803,721;31,63111
 847,29;10478,434;  217,324;32683,913;31,60514
 847,86;10532,816;  235,248;32657,260;31,76104
 848,42;10463,121;  221,017;32423,376;31,80545
 848,98;10510,349;  249,402;32411,414;31,90393
 849,54;10542,346;  232,864;32420,376;32,02945
 850,10;10534,574;  239,172;32242,261;32,17003
 850,66;10504,571;  223,326;32169,223;32,18330
 851,22;10522,184;  216,018;32044,492;32,38033
 851,78;10583,642;  262,172;32190,300;32,32720
 852,34;10600,639;  247,480;31902,878;32,70583
 852,90;10581,483;  239,711;31744,301;32,82624
 853,46;10575,941;  221,327;31626,878;32,97065
 854,02;10603,708;  241,096;31540,686;33,10782
 854,58;10533,551;  237,558;31283,648;33,16357
 855,14;10539,471;  227,712;31230,148;33,26113
 855,70;10524,392;  199,404;31072,802;33,44299
 856,26;10543,004;  247,482;30999,610;33,47906
 856,82;10526,386;  223,174;30911,803;33,57339
 857,38;10584,998;  260,405;30765,842;33,84509
 857,94;10532,611;  225,559;30693,342;33,82935
 858,50;10555,839;  250,790;30567,073;33,99180
 859,06;10545,067;  231,560;30390,266;34,19745
 859,62;10551,679;  239,868;30330,612;34,26905
 860,18;10496,061;  229,406;30161,112;34,30027
 860,74;10425,058;  209,945;29971,689;34,32297
 861,30;10384,440;  208,791;29742,882;34,45391
 861,86;10560,745;  270,638;29919,075;34,70708
 862,42;10471,204;  237,946;29764,806;34,65745
 862,98;10480,047;  266,176;29637,075;34,77548
 863,54;10438,967;  236,946;29389,960;34,99474
 864,10;10477,964;  220,638;29537,691;34,98758
 864,66;10459,346;  213,639;29320,191;35,20069
 865,22;10440,036;  229,485;29208,769;35,23397
 865,78;10506,187;  242,639;29062,269;35,61304
 866,34;10421,338;  221,255;28983,154;35,46387
 866,90;10436,720;  246,716;28842,346;35,63483
 867,45;10451,640;  234,024;28601,462;36,01882
 868,01;10400,868;  240,717;28463,808;35,99943
 868,57;10355,557;  228,640;28331,924;36,03464
 869,13;10340,324;  212,025;28131,732;36,27652
 869,69;10374,705;  229,871;28104,463;36,39456
 870,25;10379,933;  212,025;28013,425;36,57337
 870,81;10410,161;  233,103;27915,694;36,76339
 871,37;10431,005;  241,103;27851,426;36,90613
 871,93;10435,463;  241,334;27679,310;37,15336
 872,49;10378,845;  262,719;27451,272;37,20730
 873,04;10386,073;  217,411;27275,849;37,58037
 873,60;10298,301;  217,181;27180,965;37,38763
 874,16;10400,298;  238,719;27138,312;37,77596
 874,72;10369,760;  230,104;27081,927;37,76152
 875,28;10426,606;  240,258;26971,773;38,10614
 875,84;10347,375;  230,258;26915,388;37,91294
 876,40;10385,298;  222,027;26777,388;38,27201
 876,95;10384,452;  237,104;26837,004;38,14807
 877,51;10494,221;  264,181;26826,235;38,51374
 878,07;10439,837;  270,719;26808,004;38,32011
 878,63;10473,452;  226,335;26831,004;38,51624
 879,19;10551,375;  242,873;26770,696;38,85921
 879,75;10520,144;  233,488;26885,388;38,59633
 880,30;10509,452;  235,258;26834,388;38,62605
 880,86;10647,990;  274,335;27011,312;38,79891
 881,42;10620,913;  217,181;26987,696;38,86265
 881,98;10750,837;  251,104;27128,850;39,06478
 882,54;10815,683;  229,796;27205,542;39,24224
 883,09;10839,298;  240,104;27280,927;39,19701
 883,65;10904,529;  221,027;27450,235;39,23545
 884,21;11099,298;  258,642;27607,927;39,63780
 884,77;11155,375;  217,412;27540,696;40,03166
 885,32;11223,452;  232,104;27752,158;39,93941
 885,88;11331,529;  269,642;27948,927;39,96450
 886,44;11429,067;  234,258;28056,773;40,23651
 887,00;11494,606;  260,796;28002,388;40,49447
 887,56;11546,837;  226,873;28174,927;40,50358
 888,11;11590,606;  234,565;28173,465;40,64598
 888,67;11757,067;  261,258;28362,927;40,90792
 889,23;11785,837;  247,104;28360,696;41,04325
 889,79;11776,067;  219,873;28214,927;41,27941
 890,34;11826,990;  241,565;28168,235;41,48517
 890,90;12008,529;  303,642;28337,619;41,75250
 891,46;11921,760;  222,335;28240,235;41,75697
 892,01;11934,913;  253,950;28197,927;41,80136
 892,57;11955,529;  271,027;28211,465;41,81932
 893,13;11852,144;  224,335;27922,235;41,98083
 893,69;11884,452;  227,642;27872,081;42,16692
 894,24;11840,452;  245,027;27818,542;42,05276
 894,80;11811,529;  248,181;27712,004;42,10393
 895,36;11717,298;  239,642;27574,235;41,98949
 895,91;11600,452;  226,950;27331,773;41,96117
 896,47;11581,144;  252,335;27288,619;41,90224
 897,03;11462,990;  230,488;27012,158;41,94101
 897,58;11480,760;  254,719;27080,619;41,84777
 898,14;11475,606;  246,796;26719,235;42,41698
 898,70;11361,529;  204,950;26620,312;42,23519
 899,25;11382,837;  242,181;26628,465;42,22139
 899,81;11332,221;  248,104;26450,696;42,30161
 900,37;11277,837;  208,258;26203,696;42,58277
 900,92;11365,375;  239,642;26209,081;42,84164
 901,48;11344,375;  225,412;26078,465;43,00832
 902,03;11296,837;  212,335;25948,773;43,06929
 902,59;11276,221;  229,950;25837,081;43,13748
 903,15;11299,913;  256,488;25704,542;43,39595
 903,70;11183,683;  245,027;25477,081;43,35222
 904,26;11136,990;  223,873;25315,773;43,49259
 904,82;11157,760;  242,873;25352,542;43,46886
 905,37;11133,760;  246,719;25189,619;43,64785
 905,93;11016,452;  228,719;25007,312;43,53650
 906,48;11055,990;  243,796;25006,850;43,66260
 907,04;11070,913;  253,335;24911,388;43,87037
 907,60;10957,760;  237,950;24700,542;43,82123
 908,15;10970,452;  230,027;24588,696;44,09282
 908,71;10992,067;  257,027;24614,081;44,07364
 909,26;10935,990;  228,181;24422,619;44,25732
 909,82;10938,913;  257,412;24211,388;44,59177
 910,37;10949,837;  277,027;24242,081;44,53489
 910,93;10851,760;  226,104;24083,312;44,53856
 911,48;10844,990;  220,181;23858,388;44,94761
 912,04;10822,298;  236,796;23776,312;44,96907
 912,60;10854,452;  243,258;23848,235;44,95321
 913,15;10775,606;  239,873;23565,619;45,16783
 913,71;10701,529;  219,873;23403,696;45,21108
 914,26;10736,221;  215,104;23348,850;45,47952
 914,82;10705,606;  236,412;23261,312;45,46901
 915,37;10765,375;  223,642;23194,927;45,89091
 915,93;10767,760;  272,642;23073,158;46,03018
 916,48;10708,452;  225,719;22937,081;46,15634
 917,04;10742,760;  247,104;22802,696;46,53239
 917,59;10752,221;  263,181;22762,158;46,62008
 918,15;10663,144;  196,488;22562,388;46,79738
 918,70;10623,913;  220,873;22468,696;46,75981
 919,26;10614,375;  231,950;22437,081;46,75687
 919,81;10528,067;  220,719;22235,312;46,82053
 920,37;10545,683;  228,642;22167,158;47,02707
 920,92;10526,221;  246,873;22137,081;46,95866
 921,48;10450,375;  214,488;21839,081;47,33447
 922,03;10498,452;  225,950;21859,081;47,48505
 922,59;10458,375;  225,796;21713,158;47,62138
 923,14;10489,913;  224,796;21644,312;47,92413
 923,69;10480,837;  250,565;21559,388;48,00956
 924,25;10468,760;  238,027;21438,619;48,25682
 924,80;10362,683;  233,719;21291,312;48,10124
 925,36;10339,837;  226,104;21189,312;48,24516
 925,91;10333,067;  211,181;21066,542;48,53374
 926,47;10320,990;  208,565;20966,081;48,71693
 927,02;10328,298;  280,335;20992,235;48,51300
 927,57;10309,837;  225,104;20790,696;49,03692
 928,13;10282,452;  213,796;20660,388;49,24369
 928,68;10266,837;  225,258;20638,312;49,19195
 929,24;10231,067;  199,719;20421,388;49,60692
 929,79;10131,529;  206,335;20327,235;49,32778
 930,34;10189,452;  226,873;20180,465;49,92875
 930,90;10144,067;  212,027;20141,465;49,83603
 931,45;10148,606;  229,027;20157,927;49,77484
 932,01;10123,221;  225,873;20021,465;49,99774
 932,56;10057,144;  249,719;19868,388;49,99027
 933,11;10044,298;  253,488;19857,927;49,94180
 933,67; 9960,452;  220,488;19695,388;50,01291
 934,22; 9988,913;  236,181;19596,312;50,37535
 934,77; 9922,452;  257,950;19538,158;50,12654
 935,33; 9841,683;  227,796;19370,850;50,22128
 935,88; 9859,606;  228,258;19341,158;50,39187
 936,43; 9889,913;  228,642;19217,235;50,87934
 936,99; 9845,837;  232,719;19116,927;50,90559
 937,54; 9717,760;  210,719;18954,773;50,72030
 938,09; 9753,067;  227,412;18975,388;50,80898
 938,65; 9695,375;  220,950;18836,850;50,89426
 939,20; 9677,990;  204,335;18707,773;51,19943
 939,75; 9662,452;  211,565;18689,619;51,14655
 940,31; 9606,990;  210,412;18486,850;51,41362
 940,86; 9660,529;  225,027;18508,004;51,60813
 941,41; 9691,067;  290,565;18399,542;51,91073
 941,96; 9610,298;  219,258;18250,619;52,08170
 942,52; 9567,375;  216,027;18174,235;52,07284
 943,07; 9534,375;  197,488;18061,696;52,26589
 943,62; 9468,913;  217,719;17999,081;52,02748
 944,18; 9496,529;  195,565;17954,158;52,37444
 944,73; 9544,760;  233,027;17856,388;52,83744
 945,28; 9420,606;  191,027;17627,927;52,93131
 945,83; 9425,375;  217,642;17686,773;52,70859
 946,39; 9433,144;  223,335;17662,004;52,81257
 946,94; 9410,606;  245,335;17545,542;52,97781
 947,49; 9319,990;  219,565;17453,696;52,80466
 948,04; 9261,298;  253,719;17367,542;52,63335
 948,59; 9307,298;  244,950;17351,773;52,97505
 949,15; 9288,913;  202,719;17219,850;53,39440
 949,70; 9287,221;  218,104;17085,235;53,76799
 950,25; 9201,452;  237,181;17045,158;53,33343
 950,80; 9169,375;  196,027;16909,081;53,69065
 951,36; 9095,760;  197,873;16863,235;53,39150
 951,91; 9174,298;  230,565;16832,927;53,87024
 952,46; 9049,144;  199,719;16575,158;54,04084
 953,01; 9056,529;  242,950;16650,619;53,71621
 953,56; 8969,990;  195,104;16489,542;53,85203
 954,11; 8987,452;  233,565;16458,312;53,95392
 954,67; 8962,221;  219,719;16418,312;53,97075
 955,22; 8877,760;  207,181;16251,773;54,04051
 955,77; 8911,375;  242,412;16265,004;54,10462
 956,32; 8901,913;  275,181;16178,927;54,24340
 956,87; 8830,529;  206,565;15991,235;54,63506
 957,42; 8814,913;  211,258;15955,850;54,64515
 957,98; 8744,529;  214,335;15911,465;54,34238
 958,53; 8727,913;  238,412;15814,004;54,50516
 959,08; 8715,837;  201,796;15706,619;54,91221
 959,63; 8696,298;  206,796;15611,312;55,11048
 960,18; 8683,375;  229,873;15587,312;55,04500
 960,73; 8691,144;  226,796;15466,158;55,54267
 961,28; 8629,837;  199,873;15403,312;55,44774
 961,83; 8677,298;  238,181;15367,619;55,77945
 962,39; 8588,144;  204,642;15236,542;55,77141
 962,94; 8547,375;  228,181;15135,158;55,80739
 963,49; 8502,683;  223,565;15083,158;55,71564
 964,04; 8528,375;  235,642;15060,927;55,93641
 964,59; 8490,683;  190,873;14878,773;56,50780
 965,14; 8477,067;  237,950;14853,158;56,37359
 965,69; 8423,375;  226,181;14738,388;56,48482
 966,24; 8442,606;  216,104;14616,465;57,12705
 966,79; 8415,067;  233,488;14561,158;57,10335
 967,34; 8344,990;  193,104;14409,696;57,34065
 967,89; 8337,144;  206,027;14404,312;57,26831
 968,44; 8356,606;  216,027;14305,773;57,77662
 968,99; 8276,452;  221,950;14292,465;57,24383
 969,55; 8264,144;  222,027;14166,619;57,67194
 970,10; 8194,760;  226,488;14098,312;57,44213
 970,65; 8180,144;  246,873;14004,696;57,66371
 971,20; 8107,683;  214,181;13909,773;57,63535
 971,75; 8033,452;  197,796;13668,542;58,16794
 972,30; 8030,221;  223,104;13699,081;57,93359
 972,85; 8001,298;  212,181;13631,004;58,04620
 973,40; 7915,221;  206,258;13559,158;57,73250
 973,95; 7941,913;  222,719;13453,312;58,34353
 974,50; 7914,683;  246,565;13406,773;58,26745
 975,05; 7872,298;  227,335;13275,619;58,58980
 975,60; 7816,298;  233,642;13192,388;58,51381
 976,15; 7762,067;  213,719;13086,158;58,63961
 976,70; 7774,067;  225,719;13024,312;58,97796
 977,25; 7769,760;  228,950;12980,388;59,13693
 977,80; 7703,913;  205,104;12853,542;59,28645
 978,35; 7649,913;  228,565;12647,773;59,75702
 978,89; 7611,067;  198,719;12588,388;59,82684
 979,44; 7604,837;  228,873;12625,081;59,50177
 979,99; 7547,144;  209,873;12401,619;60,18228
 980,54; 7496,144;  243,412;12386,850;59,72553
 981,09; 7469,606;  239,258;12232,388;60,28741
 981,64; 7395,452;  234,873;12097,773;60,36112
 982,19; 7397,375;  261,027;12125,081;60,15101
 982,74; 7328,452;  245,027;11893,081;60,81209
 983,29; 7264,298;  213,950;11764,619;61,03844
 983,84; 7239,452;  235,258;11668,773;61,26020
 984,39; 7253,913;  303,104;11711,542;60,92692
 984,94; 7123,298;  203,027;11481,619;61,35758
 985,49; 7105,298;  250,873;11470,542;61,09293
 986,03; 7080,760;  250,488;11413,235;61,18809
 986,58; 7023,990;  276,027;11242,619;61,53200
 987,13; 6968,913;  237,027;11119,465;61,86009
 987,68; 6932,375;  235,335;11045,773;61,94976
 988,23; 6897,529;  237,258;10984,850;61,96989
 988,78; 6817,452;  223,873;10863,235;61,97344
 989,33; 6768,837;  241,873;10732,696;62,21593
 989,88; 6746,298;  249,642;10721,619;62,03848
 990,42; 6669,683;  232,642;10586,158;62,17251
 990,97; 6599,144;  224,950;10463,004;62,25982
 991,52; 6552,452;  253,719;10376,850;62,22119
 992,07; 6528,760;  255,873;10301,927;62,44130
 992,62; 6445,529;  239,873;10217,773;62,19401
 993,17; 6425,837;  238,181;10072,004;62,92218
 993,71; 6354,760;  248,950; 9954,235;62,91222
 994,26; 6293,221;  222,181; 9825,850;63,21584
 994,81; 6287,144;  250,181; 9767,850;63,42901
 995,36; 6176,221;  226,719; 9628,773;63,27875
 995,91; 6176,067;  235,258; 9593,004;63,48548
 996,45; 6096,221;  236,335; 9483,619;63,36873
 997,00; 5983,452;  207,950; 9335,850;63,27306
 997,55; 5980,913;  233,873; 9334,927;63,14698
 998,10; 5975,913;  265,488; 9163,773;64,17445
 998,65; 5914,529;  231,412; 9172,465;63,56205
 999,19; 5866,990;  252,104; 9013,158;64,08917
 999,74; 5811,298;  276,181; 8985,542;63,55365
1000,29; 5765,990;  246,719; 8828,773;64,31177
1000,84; 5678,683;  223,104; 8741,696;64,04320
1001,38; 5643,067;  237,412; 8648,388;64,26906
1001,93; 5644,606;  248,181; 8601,158;64,60481
1002,48; 5538,067;  221,950; 8410,542;64,92102
1003,03; 5544,606;  238,565; 8394,696;65,05585
1003,57; 5471,683;  249,719; 8249,158;65,27913
1004,12; 5456,144;  272,412; 8205,235;65,34537
1004,67; 5334,375;  226,719; 8094,235;64,92082
1005,22; 5250,452;  217,796; 7967,081;64,94349
1005,76; 5181,221;  217,335; 7848,235;65,04982
1006,31; 5218,760;  247,642; 7815,850;65,68421
1006,86; 5103,606;  222,104; 7678,850;65,46424
1007,40; 5036,221;  210,950; 7571,850;65,55273
1007,95; 4988,529;  236,873; 7480,158;65,60084
1008,50; 4883,529;  231,642; 7337,388;65,46655
1009,04; 4835,375;  219,950; 7249,004;65,66211
1009,59; 4784,067;  240,412; 7142,312;65,83196
1010,14; 4730,760;  216,335; 7033,312;66,22327
1010,68; 4619,837;  229,565; 6973,773;65,09692
1011,23; 4594,990;  224,950; 6797,542;66,48884
1011,78; 4585,837;  234,181; 6780,465;66,47520
1012,32; 4514,990;  247,565; 6639,465;66,76301
1012,87; 4521,683;  253,412; 6621,081;67,03035
1013,42; 4417,298;  218,258; 6484,004;67,01581
1013,96; 4443,683;  258,488; 6507,081;66,97819
1014,51; 4329,683;  198,335; 6424,619;66,35334
1015,06; 4386,298;  204,335; 6429,158;67,18205
1015,60; 4449,067;  268,565; 6443,619;67,69985
1016,15; 4392,221;  224,104; 6407,542;67,40776
1016,69; 4441,913;  233,950; 6431,158;67,90096
1017,24; 4410,452;  205,258; 6454,927;67,28667
1017,79; 4473,375;  251,796; 6551,081;67,01680
1018,33; 4471,452;  218,412; 6526,158;67,42567
1018,88; 4518,990;  242,258; 6598,927;67,27946
1019,42; 4508,990;  229,412; 6609,388;67,07828
1019,97; 4517,452;  209,642; 6586,388;67,55498
1020,51; 4589,452;  243,335; 6614,927;68,21085
1021,06; 4573,913;  199,258; 6623,081;68,10050
1021,61; 4557,529;  204,258; 6566,081;68,42804
1022,15; 4487,221;  180,027; 6530,927;67,82022
1022,70; 4541,529;  223,873; 6544,388;68,31177
1023,24; 4520,913;  217,104; 6506,696;68,42748
1023,79; 4516,452;  214,873; 6440,312;69,09680
1024,33; 4458,067;  219,642; 6432,696;68,21806
1024,88; 4432,837;  224,565; 6301,158;69,25380
1025,42; 4351,606;  216,335; 6201,773;69,08886
1025,97; 4347,606;  219,027; 6159,696;69,49686
1026,51; 4212,606;  185,488; 6011,927;69,11799
1027,06; 4199,452;  206,488; 5991,850;69,01839
1027,60; 4146,298;  239,258; 5887,235;69,17593
1028,15; 4134,683;  245,873; 5774,696;70,33702
1028,69; 4037,144;  198,950; 5671,004;70,14175
1029,24; 3973,837;  217,104; 5593,542;69,87400
1029,78; 3947,913;  215,181; 5512,696;70,46195
1030,33; 3862,452;  196,565; 5423,542;70,13397
1030,87; 3835,760;  222,642; 5339,312;70,61464
1031,42; 3786,990;  202,181; 5270,850;70,72487
1031,96; 3772,452;  233,488; 5172,465;71,65378
1032,51; 3695,683;  211,796; 5112,696;71,08667
1033,05; 3671,067;  216,104; 5063,465;71,27513
1033,60; 3562,375;  191,950; 4923,927;71,22657
1034,14; 3515,913;  213,565; 4874,388;70,85332
1034,69; 3509,913;  219,642; 4796,312;71,89226
1035,23; 3479,990;  208,796; 4739,927;72,19377
1035,77; 3422,298;  201,412; 4670,388;72,07212
1036,32; 3362,990;  190,950; 4605,312;71,85729
1036,86; 3334,067;  214,335; 4557,312;71,83397
1037,41; 3281,298;  225,104; 4481,542;71,80168
1037,95; 3219,375;  194,104; 4382,773;72,22511
1038,50; 3204,529;  206,412; 4372,696;71,96141
1039,04; 3173,990;  233,027; 4333,235;71,72718
1039,58; 3102,067;  196,488; 4222,388;72,17216
1040,13; 3074,683;  218,181; 4185,004;72,00981
1040,67; 3083,837;  237,488; 4167,081;72,43367
1041,21; 2990,452;  238,565; 4070,696;71,81087
1041,76; 2917,067;  199,104; 4016,850;71,19288
1042,30; 2906,067;  215,104; 3950,158;72,04618
1042,85; 2849,913;  217,335; 3897,235;71,53941
1043,39; 2812,298;  207,258; 3822,235;72,06243
1043,93; 2786,144;  223,335; 3783,773;71,98017
1044,48; 2749,606;  223,412; 3736,850;71,90091
1045,02; 2687,144;  213,104; 3690,850;71,13919
1045,56; 2717,606;  232,719; 3675,850;72,16939
1046,11; 2645,760;  220,642; 3615,004;71,44546
1046,65; 2615,760;  229,488; 3556,773;71,71828
1047,19; 2602,221;  207,104; 3511,465;72,48351
1047,74; 2537,298;  197,950; 3420,388;72,59559
1048,28; 2544,760;  220,181; 3400,927;73,08282
1048,82; 2510,837;  238,719; 3362,388;72,73873
1049,37; 2471,452;  228,412; 3294,004;73,16825
1049,91; 2431,144;  230,796; 3252,158;72,82637
1050,45; 2402,760;  233,258; 3229,158;72,41570
1050,99; 2389,913;  216,642; 3161,927;73,78815
1051,54; 2332,683;  208,796; 3103,696;73,36649
1052,08; 2326,298;  250,796; 3090,235;73,09551
1052,62; 2291,837;  236,719; 3048,696;73,08443
1053,16; 2240,990;  217,412; 2967,004;73,59560
1053,71; 2254,837;  230,565; 2937,465;74,78190
1054,25; 2212,837;  241,719; 2895,773;74,26817
1054,79; 2179,452;  231,642; 2873,235;73,73619
1055,33; 2115,375;  195,488; 2796,696;73,80751
1055,88; 2139,606;  231,412; 2778,312;74,92223
1056,42; 2143,221;  245,873; 2757,388;75,54595
1056,96; 2071,452;  238,565; 2705,158;74,30845
1057,50; 2040,683;  224,104; 2676,312;74,07932
1058,05; 2017,375;  221,335; 2629,773;74,57282
1058,59; 2008,913;  247,565; 2595,850;75,00573
1059,13; 1938,298;  206,181; 2532,158;74,46838
1059,67; 1953,375;  224,642; 2534,235;74,85012
1060,21; 1895,760;  218,796; 2464,235;74,68312
1060,76; 1894,913;  229,565; 2448,081;75,06588
1061,30; 1881,683;  248,565; 2444,773;74,36079
1061,84; 1828,375;  229,796; 2349,312;75,42190
1062,38; 1799,298;  218,335; 2286,542;76,44123
1062,92; 1802,913;  266,488; 2345,081;73,91661
1063,46; 1747,529;  247,181; 2274,388;74,01058
1064,01; 1734,298;  224,412; 2233,927;75,13685
1064,55; 1690,067;  231,565; 2217,773;73,43149
1065,09; 1657,529;  204,565; 2145,388;74,86326
1065,63; 1692,529;  253,719; 2166,388;75,22522
1066,17; 1685,452;  262,796; 2143,465;75,64625
1066,71; 1648,298;  247,258; 2125,388;74,59759
1067,25; 1600,990;  241,950; 2079,927;73,94219
1067,80; 1605,067;  256,873; 2061,696;74,69952
1068,34; 1615,913;  258,950; 2065,619;75,10857
1068,88; 1547,760;  225,181; 1990,696;74,91177
1069,42; 1559,375;  252,488; 2018,696;73,99393
1069,96; 1519,221;  234,642; 1949,081;74,92709
1070,50; 1537,144;  276,488; 1963,081;74,74573
1071,04; 1467,144;  220,950; 1888,696;74,72326
1071,58; 1478,606;  232,796; 1878,081;75,72001
1072,12; 1472,067;  233,796; 1855,081;76,37593
1072,66; 1453,683;  227,181; 1840,158;76,03964
1073,21; 1459,990;  243,104; 1838,004;76,29861
1073,75; 1422,452;  238,488; 1792,850;76,17040
1074,29; 1420,067;  245,950; 1790,388;76,02228
1074,83; 1399,067;  250,642; 1768,542;75,65880
1075,37; 1375,144;  255,796; 1760,542;74,38783
1075,91; 1370,683;  255,873; 1747,312;74,74728
1076,45; 1344,529;  236,565; 1700,004;75,70960
1076,99; 1330,144;  245,488; 1654,004;77,00702
1077,53; 1280,375;  229,104; 1627,004;75,20360
1078,07; 1302,606;  242,258; 1641,927;75,75705
1078,61; 1270,913;  237,412; 1612,081;75,18186
1079,15; 1241,375;  235,719; 1601,004;73,65906
1079,69; 1256,067;  236,796; 1561,235;76,95874
1080,23; 1266,067;  253,335; 1567,850;77,04229
1080,77; 1265,990;  284,719; 1574,388;76,08704
1081,31; 1188,452;  219,565; 1499,235;75,71383
1081,85; 1189,298;  250,719; 1528,004;73,48236
1082,39; 1171,837;  228,027; 1476,927;75,57127
1082,93; 1173,298;  249,950; 1489,312;74,50191
1083,47; 1140,298;  228,565; 1438,773;75,33688
1084,01; 1163,221;  246,027; 1466,388;75,15758
1084,55; 1110,990;  235,258; 1420,004;73,91733
1085,09; 1119,375;  247,950; 1420,004;74,35025
1085,63; 1093,606;  254,335; 1380,158;74,54734
1086,17; 1095,452;  224,719; 1372,158;75,88491
1086,71; 1075,837;  229,796; 1356,773;75,07167
1087,24; 1113,452;  266,642; 1373,927;76,47624
1087,78; 1071,067;  249,258; 1344,235;75,05269
1088,32; 1031,913;  234,488; 1302,312;74,67763
1088,86; 1051,298;  255,027; 1325,696;74,37135
1089,40; 1041,375;  239,335; 1279,004;77,14380
1089,94; 1010,837;  223,027; 1243,081;77,23216
1090,48; 1018,144;  243,258; 1242,312;77,56204
1091,02; 1018,067;  254,258; 1254,081;76,39448
1091,56; 1011,298;  240,642; 1240,312;77,09108
1092,10;  975,452;  213,412; 1184,927;78,43832
1092,63;  992,144;  259,258; 1217,465;76,48514
1093,17;  990,837;  244,719; 1203,004;77,85968
1093,71;  937,837;  229,488; 1160,235;76,10540
1094,25;  955,067;  264,950; 1180,158;75,40554
1094,79;  939,144;  240,488; 1147,542;77,02473
1095,33;  928,837;  247,796; 1127,312;77,43360
1095,87;  925,221;  240,412; 1124,619;77,44895
1096,40;  889,990;  216,950; 1088,619;77,21282
1096,94;  897,375;  242,104; 1091,927;77,10677
1097,48;  887,298;  251,181; 1084,465;76,33854
1098,02;  867,990;  236,181; 1071,927;75,59827
1098,56;  840,144;  208,104; 1018,388;78,00227
1099,10;  835,529;  220,719; 1013,850;77,51680
1099,63;  838,221;  216,642; 1022,465;77,13590
1100,17;  855,913;  235,565; 1028,696;78,21511
1100,71;  837,837;  259,719; 1034,465;74,62022

