
Integration time [ms]: 120,000
Averaging Nr. [scans]: 13
Smoothing Nr. [pixels]: 0
Data measured with spectrometer [name]: 2009305U1
Wave   ;Sample   ;Dark     ;Reference;Reflectance
[nm]   ;[counts] ;[counts] ;[counts] ;[%]

 175,72;  201,258;  200,110;  202,873;41,54259
 176,32;  227,754;  231,332;  217,715; 0,00000
 176,92;  253,912;  245,184;  240,921; 0,00000
 177,52;  250,950;  250,109;  256,275;13,64031
 178,12;  224,910;  223,102;  218,213; 0,00000
 178,72;  255,015;  248,022;  243,330; 0,00000
 179,32;  237,047;  256,178;  243,824; 0,00000
 179,92;  243,245;  241,720;  245,617;39,12377
 180,52;  234,257;  230,730;  241,246;33,53344
 181,12;  244,838;  248,567;  250,061;-249,63603
 181,73;  271,348;  265,952;  273,731;69,36384
 182,33;  340,133;  337,265;  342,339;56,51700
 182,93;  270,662;  258,493;  264,171;214,32876
 183,53;  230,940;  235,252;  221,768; 0,00000
 184,13;  232,049;  230,330;  222,348; 0,00000
 184,73;  270,889;  263,712;  262,061; 0,00000
 185,33;  251,834;  222,813;  335,622;25,72609
 185,93;  269,436;  225,114;  349,529;35,62446
 186,53;  272,543;  238,117;  379,892;24,28158
 187,13;  300,015;  271,894;  396,171;22,62782
 187,73;  267,003;  225,807;  353,841;32,17587
 188,33;  269,378;  238,650;  368,758;23,61752
 188,93;  267,978;  246,946;  366,563;17,58312
 189,53;  283,972;  240,552;  363,460;35,32756
 190,13;  315,381;  275,692;  394,159;33,50207
 190,73;  254,199;  213,317;  352,390;29,39606
 191,34;  289,621;  251,866;  378,765;29,75223
 191,94;  275,009;  235,107;  360,268;31,88063
 192,54;  279,737;  241,591;  390,133;25,68057
 193,14;  287,793;  257,816;  388,913;22,86587
 193,74;  273,083;  252,969;  383,609;15,39645
 194,34;  275,044;  254,664;  378,868;16,40836
 194,94;  239,351;  210,354;  355,117;20,03042
 195,54;  220,207;  192,813;  337,228;18,96918
 196,14;  246,805;  222,204;  355,041;18,51977
 196,74;  233,725;  220,965;  336,888;11,00742
 197,34;  219,667;  185,516;  340,966;21,96909
 197,94;  253,793;  223,202;  369,904;20,85254
 198,54;  257,175;  229,435;  370,150;19,71414
 199,14;  240,813;  206,826;  380,207;19,60250
 199,74;  222,178;  199,672;  362,157;13,85078
 200,34;  225,961;  185,981;  386,732;19,91549
 200,94;  255,182;  229,284;  404,812;14,75445
 201,54;  246,978;  207,440;  424,455;18,21884
 202,14;  262,956;  227,059;  472,480;14,62666
 202,74;  252,252;  203,210;  476,428;17,94950
 203,34;  224,590;  186,447;  469,920;13,45550
 203,94;  197,934;  160,060;  478,769;11,88342
 204,54;  270,804;  241,433;  552,751; 9,43458
 205,14;  235,799;  184,749;  573,546;13,13016
 205,74;  288,322;  223,754;  647,558;15,23522
 206,34;  248,116;  202,829;  669,407; 9,70623
 206,94;  254,506;  203,674;  729,266; 9,67137
 207,54;  243,267;  172,905;  753,909;12,11033
 208,14;  256,190;  202,675;  838,670; 8,41434
 208,74;  251,334;  200,902;  898,202; 7,23243
 209,34;  266,859;  193,211;  981,994; 9,33687
 209,94;  281,423;  202,441; 1071,279; 9,09044
 210,54;  279,199;  201,753; 1188,471; 7,84882
 211,14;  294,462;  207,595; 1267,456; 8,19612
 211,73;  292,351;  206,439; 1390,455; 7,25592
 212,33;  318,356;  215,438; 1522,708; 7,87276
 212,93;  313,605;  208,594; 1566,379; 7,73394
 213,53;  295,237;  178,364; 1648,999; 7,94713
 214,13;  321,015;  186,757; 1718,993; 8,76222
 214,73;  310,572;  175,444; 1770,095; 8,47380
 215,33;  298,576;  165,672; 1775,125; 8,25773
 215,93;  355,256;  192,985; 1870,490; 9,67337
 216,53;  320,861;  152,825; 1952,587; 9,33657
 217,13;  379,780;  209,292; 2163,915; 8,72232
 217,73;  379,063;  192,831; 2320,006; 8,75486
 218,33;  366,539;  154,450; 2493,708; 9,06652
 218,93;  425,542;  183,688; 2777,639; 9,32377
 219,53;  471,673;  183,989; 3086,043; 9,91314
 220,13;  470,098;  153,682; 3373,664; 9,82664
 220,73;  531,229;  167,442; 3677,026;10,36554
 221,32;  573,103;  186,902; 4061,202; 9,96828
 221,92;  622,682;  191,836; 4482,845;10,04068
 222,52;  652,373;  170,755; 4928,580;10,12266
 223,12;  685,775;  174,678; 5311,431; 9,94980
 223,72;  746,832;  182,524; 5778,997;10,08327
 224,32;  790,032;  186,063; 6115,477;10,18597
 224,92;  800,080;  173,986; 6473,463; 9,93882
 225,52;  878,332;  194,905; 6867,601;10,24215
 226,12;  886,093;  184,830; 7208,919; 9,98369
 226,72;  914,726;  160,983; 7573,009;10,16918
 227,31;  944,466;  141,599; 7973,996;10,25060
 227,91; 1020,417;  178,519; 8371,266;10,27614
 228,51; 1052,390;  176,977; 8814,255;10,13529
 229,11; 1092,184;  179,137; 9285,050;10,02697
 229,71; 1145,981;  173,825; 9549,184;10,36926
 230,31; 1158,890;  161,757;10004,622;10,13051
 230,91; 1213,079;  153,359;10329,852;10,41341
 231,51; 1250,496;  156,216;10676,915;10,40121
 232,10; 1307,337;  165,450;11009,337;10,53024
 232,70; 1354,582;  170,664;11133,945;10,79894
 233,30; 1416,470;  193,985;11455,562;10,85536
 233,90; 1436,057;  168,831;11573,318;11,11164
 234,50; 1443,097;  177,677;11711,639;10,97125
 235,10; 1494,311;  167,525;11729,540;11,47539
 235,70; 1521,192;  196,058;11761,655;11,45755
 236,29; 1513,129;  194,056;11655,487;11,50880
 236,89; 1505,908;  164,052;11549,992;11,78520
 237,49; 1545,156;  182,368;11445,335;12,09972
 238,09; 1530,885;  177,905;11157,638;12,32252
 238,69; 1550,631;  206,973;10872,607;12,59801
 239,29; 1504,677;  169,674;10581,194;12,82236
 239,89; 1485,783;  188,668;10236,698;12,90915
 240,48; 1448,703;  165,444; 9830,009;13,27798
 241,08; 1410,631;  169,827; 9487,945;13,31603
 241,68; 1407,706;  184,752; 9147,968;13,64414
 242,28; 1361,467;  161,061; 8792,526;13,90732
 242,88; 1369,764;  197,757; 8466,405;14,17411
 243,48; 1349,099;  200,291; 8217,308;14,32962
 244,07; 1336,543;  184,673; 7941,714;14,84934
 244,67; 1337,919;  180,983; 7812,186;15,16060
 245,27; 1310,889;  196,593; 7600,147;15,05082
 245,87; 1326,941;  188,680; 7503,269;15,56152
 246,47; 1342,610;  177,593; 7504,161;15,90126
 247,06; 1347,278;  175,212; 7501,380;15,99834
 247,66; 1378,623;  171,598; 7507,502;16,45366
 248,26; 1416,112;  198,594; 7680,252;16,27337
 248,86; 1465,801;  197,517; 7835,908;16,60408
 249,46; 1483,054;  148,370; 8081,196;16,82483
 250,05; 1581,281;  199,290; 8459,647;16,73040
 250,65; 1645,835;  167,670; 8763,473;17,19636
 251,25; 1749,839;  175,212; 9259,936;17,33269
 251,85; 1859,125;  174,898; 9807,639;17,48439
 252,44; 1960,459;  149,441;10404,804;17,65923
 253,04; 2137,690;  181,519;11139,257;17,85197
 253,64; 2254,459;  141,054;11824,061;18,08956
 254,24; 2463,993;  183,059;12767,543;18,12497
 254,84; 2615,208;  169,446;13615,273;18,18974
 255,43; 2820,511;  167,903;14455,596;18,56569
 256,03; 3019,630;  182,977;15537,988;18,47379
 256,63; 3218,495;  195,206;16514,825;18,52549
 257,23; 3393,239;  167,129;17345,771;18,77977
 257,82; 3633,087;  179,203;18351,919;19,00588
 258,42; 3723,052;  147,817;19148,687;18,81617
 259,02; 3971,158;  196,903;20015,338;19,04416
 259,62; 4112,163;  165,508;20715,560;19,20508
 260,21; 4280,397;  179,364;21261,849;19,45232
 260,81; 4344,749;  172,907;21761,326;19,32444
 261,41; 4434,215;  158,203;22124,027;19,46666
 262,01; 4603,578;  201,046;22589,550;19,66426
 262,60; 4649,162;  157,052;22857,540;19,78860
 263,20; 4724,356;  164,978;23198,998;19,79411
 263,80; 4785,584;  187,968;23365,093;19,83687
 264,40; 4795,863;  154,815;23598,994;19,79616
 264,99; 4908,336;  188,660;23715,396;20,06090
 265,59; 4890,753;  169,887;23910,612;19,88510
 266,19; 4917,333;  166,584;24001,890;19,93156
 266,78; 4993,851;  204,735;24111,097;20,03281
 267,38; 4961,258;  178,042;24110,046;19,98669
 267,98; 4952,581;  164,505;24153,613;19,95937
 268,58; 4957,537;  186,041;24180,879;19,88551
 269,17; 4951,704;  168,807;24176,190;19,92261
 269,77; 4919,703;  175,436;24019,286;19,89724
 270,37; 4852,649;  146,276;23861,785;19,84513
 270,96; 4867,996;  212,049;23777,796;19,75726
 271,56; 4784,082;  177,975;23455,503;19,78778
 272,16; 4751,827;  173,279;23345,529;19,75875
 272,75; 4717,032;  176,126;23222,475;19,70337
 273,35; 4706,642;  190,896;23205,077;19,62158
 273,95; 4670,013;  178,433;23172,964;19,53325
 274,54; 4642,056;  162,674;23176,497;19,46387
 275,14; 4745,973;  190,588;23548,240;19,50275
 275,74; 4687,408;  152,741;23612,434;19,32961
 276,33; 4767,583;  199,205;23907,765;19,26890
 276,93; 4820,791;  180,906;24350,471;19,19722
 277,53; 4907,494;  178,056;24808,437;19,20164
 278,12; 5024,327;  156,438;25351,463;19,32084
 278,72; 5154,308;  207,902;25930,003;19,23018
 279,32; 5228,738;  180,517;26427,414;19,23359
 279,91; 5350,618;  160,054;27208,518;19,18987
 280,51; 5498,747;  172,749;27648,370;19,38445
 281,11; 5642,282;  185,439;28417,581;19,32848
 281,70; 5705,439;  164,054;28725,396;19,40170
 282,30; 5863,082;  163,360;29381,042;19,50778
 282,90; 6000,039;  167,821;29798,675;19,68292
 283,49; 6124,623;  187,434;30296,335;19,71905
 284,09; 6279,219;  202,900;30739,558;19,89844
 284,69; 6404,639;  204,670;31083,405;20,07844
 285,28; 6542,393;  199,438;31435,147;20,30674
 285,88; 6720,554;  230,202;31632,624;20,66832
 286,47; 6726,444;  182,898;31767,648;20,71742
 287,07; 6885,066;  201,440;31775,772;21,16791
 287,67; 6999,099;  193,907;31928,385;21,44416
 288,26; 7113,442;  174,286;31735,346;21,98645
 288,86; 7277,570;  175,669;31898,079;22,38765
 289,46; 7491,117;  181,439;31934,342;23,02050
 290,05; 7617,474;  175,827;32059,063;23,34031
 290,65; 7857,908;  186,051;32265,847;23,91492
 291,24; 8068,958;  186,748;32442,252;24,43679
 291,84; 8270,803;  196,052;32541,363;24,96421
 292,44; 8496,943;  185,984;32701,879;25,55968
 293,03; 8747,251;  245,594;32808,206;26,10865
 293,63; 8871,934;  173,744;32892,739;26,58453
 294,22; 9089,604;  204,747;33109,934;27,00139
 294,82; 9180,656;  175,354;33078,696;27,36896
 295,41; 9197,131;  167,823;32895,165;27,58949
 296,01; 9364,710;  214,356;32681,284;28,18362
 296,61; 9380,579;  203,363;32431,641;28,47566
 297,20; 9324,280;  187,202;32167,565;28,57090
 297,80; 9288,734;  200,213;32028,452;28,55490
 298,39; 9252,432;  176,744;31525,101;28,95108
 298,99; 9266,563;  201,280;31317,195;29,13391
 299,58; 9230,324;  191,906;31210,312;29,13889
 300,18; 9162,449;  202,443;31103,624;28,99567
 300,78; 9064,385;  175,210;30692,763;29,12807
 301,37; 9023,931;  196,890;30587,432;29,04536
 301,97; 9040,319;  200,978;30615,713;29,06269
 302,56; 9013,902;  167,975;30574,304;29,09239
 303,16; 8972,614;  171,204;30473,055;29,04578
 303,75; 8920,839;  182,057;30495,945;28,82765
 304,35; 8960,781;  180,063;30724,205;28,74763
 304,94; 9018,804;  179,439;30727,030;28,93637
 305,54; 8954,796;  198,364;30620,356;28,78323
 306,13; 8873,678;  159,601;30588,612;28,63740
 306,73; 8783,592;  171,984;30388,973;28,49923
 307,33; 8769,495;  191,060;30332,163;28,46092
 307,92; 8703,741;  187,594;30310,758;28,27109
 308,52; 8824,332;  162,819;30807,494;28,26433
 309,11; 8900,664;  172,663;31288,728;28,04982
 309,71; 8887,823;  157,046;31478,596;27,87467
 310,30; 8912,767;  172,286;31699,274;27,72381
 310,90; 9010,228;  197,978;32084,043;27,63668
 311,49; 8986,610;  178,132;32148,776;27,55177
 312,09; 8997,323;  150,981;32308,022;27,50981
 312,68; 9127,160;  229,826;32691,229;27,40896
 313,28; 9043,972;  153,209;32834,758;27,20423
 313,87; 8976,576;  152,824;32955,297;26,89965
 314,47; 9025,294;  172,048;33198,764;26,80632
 315,06; 8962,582;  151,902;33298,292;26,58111
 315,66; 8999,631;  166,904;33516,099;26,48558
 316,25; 8846,233;  152,743;33427,322;26,12652
 316,85; 8801,395;  149,828;33489,402;25,94984
 317,44; 8810,192;  165,432;33660,873;25,80876
 318,04; 8698,914;  141,744;33659,151;25,53052
 318,63; 8636,299;  153,215;33796,173;25,21504
 319,22; 8600,375;  178,590;33947,928;24,93915
 319,82; 8556,384;  170,515;33922,260;24,84574
 320,41; 8457,657;  187,898;33803,644;24,60085
 321,01; 8388,571;  187,058;33865,266;24,35258
 321,60; 8324,176;  170,361;33901,423;24,17302
 322,20; 8251,303;  157,902;33876,537;24,00275
 322,79; 8239,827;  209,287;33900,722;23,83555
 323,39; 8153,014;  177,601;33960,788;23,60764
 323,98; 8018,796;  162,825;33810,510;23,34773
 324,58; 7938,962;  170,127;33727,770;23,15072
 325,17; 7878,039;  167,743;33605,453;23,05868
 325,76; 7759,721;  191,670;33355,179;22,82042
 326,36; 7571,759;  165,673;32990,284;22,56260
 326,95; 7459,228;  190,438;32707,522;22,35376
 327,55; 7349,683;  158,976;32358,834;22,33149
 328,14; 7218,381;  159,444;31926,271;22,22109
 328,74; 7073,922;  198,359;31474,277;21,98357
 329,33; 6940,058;  195,288;31095,474;21,82760
 329,92; 6765,303;  164,355;30551,968;21,72249
 330,52; 6610,985;  180,367;29961,262;21,59310
 331,11; 6429,498;  174,669;29505,160;21,32535
 331,71; 6287,003;  177,824;28992,980;21,20127
 332,30; 6186,419;  194,055;28579,183;21,11093
 332,89; 6031,286;  225,365;28002,515;20,90179
 333,49; 5837,781;  188,361;27531,106;20,66149
 334,08; 5707,900;  180,591;27057,020;20,56564
 334,68; 5629,327;  186,438;26669,617;20,55225
 335,27; 5539,865;  207,060;26367,810;20,38476
 335,86; 5463,345;  230,361;26052,545;20,26546
 336,46; 5328,196;  191,060;25817,512;20,04622
 337,05; 5216,778;  174,130;25724,300;19,73626
 337,65; 5192,034;  164,976;25463,124;19,87125
 338,24; 5177,368;  217,056;25371,759;19,71922
 338,83; 5142,685;  201,902;25236,338;19,73594
 339,43; 5095,486;  165,513;25237,716;19,66310
 340,02; 5016,489;  176,666;25087,761;19,42838
 340,61; 5027,260;  169,440;25166,247;19,43376
 341,21; 5019,307;  206,205;25164,738;19,28439
 341,80; 4992,179;  174,207;25058,929;19,36117
 342,40; 5015,763;  174,290;25211,149;19,33738
 342,99; 4943,363;  167,057;25204,438;19,07670
 343,58; 4999,212;  176,288;25454,705;19,07922
 344,18; 5027,320;  181,673;25509,140;19,13199
 344,77; 5059,062;  163,435;25750,394;19,13329
 345,36; 5088,612;  161,823;26055,291;19,02715
 345,96; 5157,779;  197,750;26293,257;19,00721
 346,55; 5176,191;  163,755;26623,951;18,94331
 347,14; 5217,190;  157,444;26853,977;18,95282
 347,74; 5308,107;  151,220;27355,636;18,95606
 348,33; 5400,807;  173,604;27946,763;18,82106
 348,92; 5531,811;  190,223;28559,542;18,82875
 349,52; 5615,289;  146,606;28931,257;18,99861
 350,11; 5655,645;  173,050;29134,883;18,93042
 350,70; 5680,756;  167,671;29276,265;18,93971
 351,29; 5591,515;  154,735;29067,160;18,80430
 351,89; 5622,266;  178,355;29089,529;18,82978
 352,48; 5620,944;  155,440;28926,668;18,99642
 353,07; 5622,951;  182,830;28953,928;18,90828
 353,67; 5592,857;  183,531;28901,484;18,83604
 354,26; 5548,589;  189,137;28669,254;18,81822
 354,85; 5496,668;  181,828;28536,076;18,74442
 355,45; 5482,658;  157,283;28384,404;18,86616
 356,04; 5468,367;  182,522;28248,824;18,83342
 356,63; 5478,789;  207,131;28047,378;18,93539
 357,22; 5443,684;  183,199;27888,957;18,98697
 357,82; 5397,262;  178,200;27692,655;18,96844
 358,41; 5403,222;  190,285;27660,509;18,97668
 359,00; 5386,654;  160,820;27531,838;19,09258
 359,60; 5387,123;  180,748;27473,329;19,07615
 360,19; 5367,071;  186,523;27226,055;19,15916
 360,78; 5341,621;  173,745;27060,495;19,22090
 361,37; 5369,216;  178,745;26940,368;19,39520
 361,97; 5302,051;  181,977;26819,889;19,22100
 362,56; 5306,266;  169,819;26560,426;19,46317
 363,15; 5295,723;  210,976;26288,164;19,49883
 363,74; 5248,135;  180,818;25944,529;19,66843
 364,34; 5189,352;  191,974;25613,996;19,65767
 364,93; 5131,283;  166,357;25263,824;19,78258
 365,52; 5032,806;  161,899;24817,237;19,75599
 366,11; 5016,822;  182,359;24544,191;19,84442
 366,71; 4961,144;  166,820;24256,082;19,90233
 367,30; 4895,892;  170,900;23869,047;19,93823
 367,89; 4932,520;  210,674;23714,696;20,08952
 368,48; 4934,172;  201,741;23367,353;20,42869
 369,07; 4839,063;  172,440;22961,727;20,47727
 369,67; 4796,967;  190,665;22773,475;20,39738
 370,26; 4750,485;  169,902;22466,397;20,54396
 370,85; 4745,792;  179,669;22238,961;20,69932
 371,44; 4774,966;  180,054;22078,002;20,98330
 372,03; 4714,520;  162,051;21765,503;21,07288
 372,63; 4645,991;  147,592;21457,595;21,10933
 373,22; 4631,291;  178,824;21264,460;21,11611
 373,81; 4579,162;  151,822;20887,300;21,35152
 374,40; 4555,933;  169,982;20755,163;21,30635
 374,99; 4549,037;  165,591;20466,861;21,59198
 375,59; 4511,363;  164,520;20178,190;21,71937
 376,18; 4550,857;  190,053;20070,422;21,93523
 376,77; 4545,291;  182,208;19935,314;22,08808
 377,36; 4563,287;  203,822;19861,671;22,17671
 377,95; 4541,489;  190,898;19564,367;22,45644
 378,55; 4511,802;  176,442;19479,343;22,45963
 379,14; 4534,658;  196,515;19341,165;22,65982
 379,73; 4536,911;  186,436;19267,653;22,79978
 380,32; 4637,681;  193,900;19353,088;23,19399
 380,91; 4583,406;  169,818;19185,543;23,21020
 381,50; 4635,400;  188,127;19141,761;23,46396
 382,10; 4638,758;  159,977;19023,550;23,74301
 382,69; 4635,615;  157,053;19011,952;23,75278
 383,28; 4715,965;  200,743;18912,037;24,13100
 383,87; 4710,475;  170,127;18817,254;24,34878
 384,46; 4732,852;  173,970;18795,139;24,48226
 385,05; 4820,540;  208,127;18823,408;24,77756
 385,64; 4811,592;  171,897;18742,345;24,98429
 386,24; 4807,584;  163,354;18671,777;25,09252
 386,83; 4923,006;  200,815;18753,378;25,45304
 387,42; 4998,552;  202,974;18843,784;25,72623
 388,01; 5052,919;  189,965;19065,911;25,76270
 388,60; 5171,585;  184,970;19250,922;26,15455
 389,19; 5269,613;  170,806;19513,230;26,36074
 389,78; 5342,587;  176,115;19779,398;26,35514
 390,37; 5577,532;  226,044;20111,925;26,91099
 390,96; 5632,638;  180,508;20281,999;27,12302
 391,56; 5723,424;  185,882;20441,460;27,33836
 392,15; 5809,294;  176,193;20728,665;27,40839
 392,74; 5925,775;  165,952;20799,855;27,91436
 393,33; 6042,202;  180,804;21104,510;28,01319
 393,92; 6253,307;  176,180;21464,578;28,54666
 394,51; 6344,333;  177,189;21633,885;28,74228
 395,10; 6480,612;  217,401;21864,520;28,93323
 395,69; 6576,113;  200,249;21986,294;29,26582
 396,28; 6665,323;  195,167;22178,296;29,43237
 396,87; 6736,998;  203,466;22188,646;29,71789
 397,46; 6850,369;  201,922;22287,467;30,10316
 398,06; 6971,316;  208,992;22488,052;30,35282
 398,65; 7077,413;  204,437;22561,040;30,74249
 399,24; 7194,924;  224,357;22665,021;31,06222
 399,83; 7252,663;  196,563;22709,801;31,34200
 400,42; 7367,809;  245,387;22899,258;31,44020
 401,01; 7461,402;  219,823;23002,396;31,78561
 401,60; 7576,023;  221,327;23008,449;32,27567
 402,19; 7616,991;  247,299;22965,025;32,44027
 402,78; 7660,447;  245,872;22940,038;32,67172
 403,37; 7684,964;  231,986;22817,328;32,99918
 403,96; 7694,016;  240,708;22688,226;33,20326
 404,55; 7751,882;  245,655;22574,434;33,61683
 405,14; 7754,000;  220,454;22461,716;33,87194
 405,73; 7776,398;  244,475;22396,569;34,00095
 406,32; 7861,160;  252,360;22279,648;34,54261
 406,91; 7835,838;  244,317;22049,013;34,81599
 407,50; 7898,495;  258,602;21885,148;35,32646
 408,09; 7806,150;  240,587;21583,178;35,44820
 408,68; 7917,873;  234,806;21504,539;36,12207
 409,27; 7873,388;  233,359;21317,301;36,23624
 409,86; 7887,242;  241,624;21177,379;36,51943
 410,45; 7983,192;  268,652;21119,790;36,99817
 411,04; 7997,224;  267,604;21080,043;37,13943
 411,63; 7952,556;  258,335;20837,815;37,38783
 412,22; 7970,200;  261,985;20668,780;37,77279
 412,81; 7886,939;  288,997;20378,564;37,82034
 413,40; 7856,827;  282,704;20005,385;38,40311
 413,99; 7833,353;  322,777;19776,044;38,60830
 414,58; 7722,918;  244,395;19446,217;38,94694
 415,17; 7717,534;  265,843;19200,130;39,35554
 415,76; 7673,399;  253,060;19067,816;39,43893
 416,35; 7682,940;  252,605;18864,516;39,92247
 416,94; 7758,585;  292,755;18909,686;40,10237
 417,53; 7877,543;  262,536;19201,777;40,20756
 418,12; 7997,878;  254,155;19240,489;40,78577
 418,71; 8195,873;  275,474;19601,096;40,98393
 419,30; 8323,434;  267,002;19669,177;41,52334
 419,89; 8421,059;  258,313;19828,654;41,70978
 420,48; 8600,175;  283,782;20084,168;42,00117
 421,07; 8702,680;  271,862;20162,278;42,38634
 421,66; 8724,099;  247,484;20113,259;42,66944
 422,25; 8798,801;  259,575;20168,509;42,89143
 422,84; 8812,699;  291,654;20118,429;42,97747
 423,43; 8734,034;  265,802;19840,272;43,26161
 424,02; 8715,077;  281,574;19689,613;43,45366
 424,60; 8566,769;  266,975;19256,751;43,70665
 425,19; 8568,579;  273,274;18981,897;44,33947
 425,78; 8510,978;  282,737;18938,087;44,10660
 426,37; 8559,105;  274,050;18706,551;44,94808
 426,96; 8548,085;  271,589;18630,579;45,08144
 427,55; 8487,709;  253,752;18423,257;45,31746
 428,14; 8457,702;  254,602;18314,942;45,42052
 428,73; 8430,546;  258,979;18125,943;45,73562
 429,32; 8447,538;  272,742;18158,700;45,70510
 429,91; 8506,514;  287,595;18050,961;46,26893
 430,50; 8494,052;  283,215;17969,719;46,42430
 431,08; 8412,945;  282,220;17837,309;46,31549
 431,67; 8474,864;  321,532;17807,338;46,62829
 432,26; 8436,500;  337,152;17580,345;46,97128
 432,85; 8297,671;  346,381;17262,521;47,00416
 433,44; 8176,892;  363,003;16965,759;47,06381
 434,03; 8073,727;  372,165;16585,088;47,50261
 434,62; 7864,952;  331,695;16184,668;47,51952
 435,21; 7866,090;  356,459;16013,376;47,96366
 435,79; 7771,071;  350,931;15844,947;47,89036
 436,38; 7762,037;  337,632;15784,190;48,06511
 436,97; 7723,179;  329,633;15697,172;48,11145
 437,56; 7675,104;  343,568;15441,621;48,55948
 438,15; 7645,111;  316,950;15355,004;48,73078
 438,74; 7699,989;  332,951;15464,200;48,68758
 439,33; 7704,695;  313,334;15359,647;49,12407
 439,91; 7735,141;  281,032;15418,889;49,24151
 440,50; 7813,475;  314,186;15563,165;49,17896
 441,09; 7865,024;  327,424;15661,060;49,15729
 441,68; 7862,625;  307,047;15628,439;49,31392
 442,27; 7853,781;  291,274;15613,356;49,35691
 442,86; 7895,823;  272,059;15595,639;49,75185
 443,44; 7951,013;  286,210;15641,651;49,91588
 444,03; 7981,504;  345,444;15700,707;49,72927
 444,62; 7883,797;  289,906;15556,277;49,74261
 445,21; 7838,711;  302,058;15401,023;49,91503
 445,80; 7827,574;  326,451;15395,443;49,77854
 446,39; 7764,904;  342,065;15123,392;50,21768
 446,97; 7606,036;  290,228;14914,550;50,02494
 447,56; 7545,440;  290,543;14717,409;50,28741
 448,15; 7456,195;  298,382;14534,709;50,27851
 448,74; 7363,378;  313,229;14318,406;50,33959
 449,33; 7317,918;  293,619;14205,123;50,49274
 449,91; 7226,647;  292,858;13988,439;50,62793
 450,50; 7105,185;  293,702;13753,841;50,60485
 451,09; 7095,718;  310,857;13679,135;50,75344
 451,68; 7036,811;  331,014;13613,838;50,48472
 452,26; 7008,094;  325,787;13562,980;50,48130
 452,85; 6900,774;  302,862;13444,382;50,20661
 453,44; 6928,974;  314,950;13468,943;50,28149
 454,03; 6917,562;  293,636;13430,805;50,42126
 454,61; 6903,100;  294,489;13416,537;50,36265
 455,20; 7017,720;  318,647;13568,384;50,56004
 455,79; 7006,082;  319,717;13528,712;50,61979
 456,38; 7001,240;  322,884;13611,428;50,25649
 456,97; 7018,014;  296,036;13667,680;50,27040
 457,55; 7026,398;  317,425;13676,515;50,22028
 458,14; 7031,037;  328,804;13639,553;50,35203
 458,73; 6987,831;  321,657;13599,416;50,20557
 459,31; 7040,910;  343,433;13694,269;50,16523
 459,90; 7014,843;  358,968;13716,159;49,82990
 460,49; 7069,196;  380,581;13801,511;49,83719
 461,08; 7059,128;  313,282;13908,189;49,62039
 461,66; 7074,229;  325,663;13940,125;49,56910
 462,25; 7120,741;  323,901;14043,272;49,54192
 462,84; 7170,715;  346,975;14091,860;49,64567
 463,43; 7045,225;  292,370;14001,859;49,25680
 464,01; 7092,400;  320,835;13972,720;49,60169
 464,60; 7082,826;  376,829;13986,225;49,27476
 465,19; 6919,760;  301,990;13791,341;49,05921
 465,77; 6925,043;  322,379;13780,175;49,06200
 466,36; 6857,701;  335,678;13649,212;48,98792
 466,95; 6717,100;  322,986;13373,403;48,99548
 467,53; 6550,694;  323,075;13041,996;48,96342
 468,12; 6424,011;  358,384;12852,951;48,54611
 468,71; 6310,837;  328,453;12606,717;48,72337
 469,29; 6162,054;  309,846;12379,694;48,48617
 469,88; 6017,807;  328,080;12134,808;48,19054
 470,47; 6105,951;  374,702;12248,969;48,26613
 471,06; 5994,801;  340,779;12196,006;47,69222
 471,64; 6073,358;  346,162;12282,073;47,98290
 472,23; 6020,998;  316,559;12359,916;47,36585
 472,81; 6050,289;  319,938;12414,085;47,38120
 473,40; 6118,804;  326,252;12559,201;47,35205
 473,99; 6218,448;  400,098;12707,830;47,27394
 474,57; 6211,878;  338,328;12806,780;47,10729
 475,16; 6232,273;  340,785;13005,294;46,51967
 475,75; 6320,492;  352,256;13144,153;46,65638
 476,33; 6318,850;  368,954;13135,164;46,60660
 476,92; 6324,394;  348,715;13259,753;46,28349
 477,51; 6290,593;  352,105;13285,751;45,91503
 478,09; 6306,111;  354,644;13291,086;46,00544
 478,68; 6252,625;  379,184;13277,784;45,53549
 479,27; 6270,943;  379,103;13274,836;45,68829
 479,85; 6225,559;  345,569;13256,947;45,54116
 480,44; 6255,287;  350,956;13407,093;45,22265
 481,02; 6764,485;  350,345;14721,262;44,63278
 481,61; 7619,692;  370,650;16663,809;44,49132
 482,20; 8063,864;  353,960;17765,488;44,28045
 482,78; 8380,474;  401,493;18602,504;43,83812
 483,37; 8580,669;  374,505;19013,668;44,02646
 483,95; 8657,114;  400,891;19283,415;43,72415
 484,54; 8739,336;  418,650;19485,369;43,63984
 485,13; 8634,469;  369,820;19371,997;43,49317
 485,71; 8568,725;  360,664;19136,914;43,71512
 486,30; 8394,321;  395,433;18812,864;43,43107
 486,88; 8301,760;  424,743;18506,146;43,56419
 487,47; 7925,430;  410,359;17840,273;43,11594
 488,05; 7569,325;  399,285;17044,464;43,07578
 488,64; 7027,711;  406,444;15824,720;42,94428
 489,23; 6251,707;  409,825;14080,795;42,73203
 489,81; 5332,329;  399,596;12033,859;42,39833
 490,40; 5030,121;  355,366;11449,552;42,13698
 490,98; 4911,888;  345,983;11182,105;42,13597
 491,57; 4853,713;  376,287;11127,637;41,64525
 492,15; 4796,903;  364,215;11092,218;41,31885
 492,74; 4764,385;  361,516;10967,143;41,51446
 493,32; 4678,227;  371,137;10878,394;40,99158
 493,91; 4622,365;  351,833;10763,962;41,01498
 494,50; 4571,981;  354,611;10789,291;40,41686
 495,08; 4521,781;  331,765;10671,042;40,52524
 495,67; 4477,855;  367,755;10690,830;39,81469
 496,25; 4404,948;  322,914;10565,516;39,85349
 496,84; 4385,670;  330,447;10555,934;39,65799
 497,42; 4343,376;  323,916;10495,711;39,51574
 498,01; 4301,428;  347,602;10490,916;38,97963
 498,59; 4230,194;  309,763;10357,304;39,01881
 499,18; 4200,930;  312,449;10338,776;38,78270
 499,76; 4174,096;  322,607;10359,050;38,37505
 500,35; 4096,560;  319,844;10079,211;38,69837
 500,93; 4053,296;  304,916;10129,213;38,15418
 501,52; 4007,969;  309,378; 9975,924;38,26176
 502,10; 3969,752;  328,694; 9977,923;37,73419
 502,69; 3892,793;  316,774; 9858,065;37,47940
 503,27; 3810,061;  300,304; 9658,712;37,50378
 503,86; 3783,565;  307,234; 9622,964;37,31678
 504,44; 3698,856;  299,161; 9479,463;37,03250
 505,03; 3575,871;  286,545; 9295,509;36,51170
 505,61; 3523,901;  288,005; 9140,038;36,55540
 506,19; 3469,358;  311,622; 9023,101;36,24798
 506,78; 3358,024;  280,090; 8789,403;36,17135
 507,36; 3307,027;  291,237; 8728,631;35,74315
 507,95; 3231,748;  296,632; 8561,888;35,51150
 508,53; 3175,630;  295,628; 8450,285;35,31727
 509,12; 3126,124;  304,477; 8269,933;35,42355
 509,70; 3061,914;  318,094; 8172,196;34,93486
 510,29; 2991,012;  313,558; 8031,058;34,69328
 510,87; 2916,371;  297,167; 7860,656;34,62958
 511,46; 2840,013;  281,168; 7705,462;34,46583
 512,04; 2784,826;  294,556; 7561,563;34,26816
 512,62; 2732,147;  297,476; 7390,182;34,32640
 513,21; 2631,322;  270,559; 7281,786;33,67119
 513,79; 2612,494;  287,261; 7174,266;33,76261
 514,38; 2527,282;  269,258; 7017,735;33,45976
 514,96; 2513,843;  309,026; 6896,830;33,46816
 515,54; 2433,240;  266,029; 6749,889;33,42470
 516,13; 2405,029;  289,722; 6687,469;33,06332
 516,71; 2332,107;  292,264; 6589,887;32,39068
 517,30; 2307,328;  270,884; 6474,690;32,82573
 517,88; 2281,584;  287,037; 6400,128;32,62747
 518,46; 2207,363;  272,193; 6265,460;32,28907
 519,05; 2193,626;  285,119; 6254,868;31,96963
 519,63; 2155,543;  277,425; 6157,266;31,94164
 520,22; 2143,778;  295,431; 6130,857;31,67459
 520,80; 2089,434;  283,201; 6032,793;31,41497
 521,38; 2106,652;  313,273; 6033,452;31,35179
 521,97; 2046,312;  272,204; 6011,664;30,91072
 522,55; 2026,962;  296,127; 6008,989;30,29716
 523,13; 2021,863;  271,514; 5976,031;30,68356
 523,72; 1979,081;  275,039; 5929,744;30,13493
 524,30; 2039,103;  291,748; 6092,584;30,12247
 524,89; 2023,199;  268,589; 6071,062;30,23899
 525,47; 2044,380;  293,903; 6227,440;29,50141
 526,05; 2030,722;  256,673; 6214,988;29,77435
 526,64; 2067,472;  287,521; 6357,844;29,32218
 527,22; 2105,155;  287,672; 6460,368;29,44391
 527,80; 2150,070;  324,213; 6604,839;29,07126
 528,39; 2126,230;  274,984; 6715,741;28,74268
 528,97; 2141,800;  278,983; 6864,500;28,28657
 529,55; 2216,353;  298,206; 7037,429;28,46243
 530,14; 2250,294;  313,063; 7222,063;28,03924
 530,72; 2243,165;  277,368; 7295,143;28,01168
 531,30; 2267,257;  266,140; 7458,538;27,82266
 531,89; 2270,921;  281,063; 7506,909;27,53805
 532,47; 2333,095;  303,373; 7640,095;27,66524
 533,05; 2319,475;  310,674; 7642,966;27,39663
 533,63; 2350,711;  310,450; 7723,933;27,52094
 534,22; 2300,907;  281,604; 7736,069;27,08850
 534,80; 2330,134;  302,224; 7817,098;26,98528
 535,38; 2404,955;  379,603; 7920,919;26,85675
 535,97; 2318,027;  302,911; 7851,136;26,69655
 536,55; 2348,573;  342,609; 7903,464;26,53091
 537,13; 2299,470;  344,602; 7915,149;25,82203
 537,71; 2339,276;  390,524; 7936,904;25,82367
 538,30; 2355,634;  411,221; 7997,454;25,63081
 538,88; 2375,545;  433,613; 8097,955;25,33724
 539,46; 2430,168;  483,147; 8248,347;25,07367
 540,05; 2442,707;  484,919; 8436,397;24,62169
 540,63; 2517,269;  542,073; 8586,407;24,55387
 541,21; 2529,341;  568,153; 8713,838;24,07640
 541,79; 2559,620;  600,306; 8824,516;23,82373
 542,38; 2573,744;  618,995; 8987,999;23,35701
 542,96; 2628,721;  628,618; 9148,952;23,47447
 543,54; 2653,930;  653,844; 9286,792;23,16805
 544,12; 2680,760;  618,615; 9462,232;23,31789
 544,70; 2650,738;  604,541; 9489,803;23,02911
 545,29; 2694,738;  621,457; 9683,995;22,87749
 545,87; 2690,158;  601,076; 9702,978;22,95215
 546,45; 2651,385;  563,303; 9707,976;22,83386
 547,03; 2670,503;  533,690; 9844,050;22,95092
 547,62; 2671,540;  499,922; 9919,010;23,05550
 548,20; 2688,926;  507,848;10109,599;22,71542
 548,78; 2688,527;  493,242;10212,807;22,58625
 549,36; 2706,666;  448,625;10466,078;22,54107
 549,94; 2690,467;  411,385;10538,653;22,50441
 550,53; 2744,304;  423,547;10756,874;22,45895
 551,11; 2755,080;  370,859;10961,450;22,51264
 551,69; 2804,475;  407,702;11206,177;22,19548
 552,27; 2818,175;  352,699;11492,560;22,13202
 552,85; 2869,254;  369,628;11826,346;21,81800
 553,44; 2935,250;  367,163;12148,182;21,79851
 554,02; 2999,074;  380,473;12476,694;21,64810
 554,60; 2981,722;  332,859;12759,649;21,31574
 555,18; 3083,022;  365,625;13127,756;21,29266
 555,76; 3140,011;  329,780;13420,662;21,46709
 556,34; 3211,401;  351,017;13817,492;21,24078
 556,93; 3262,011;  335,856;14229,517;21,06108
 557,51; 3296,640;  324,171;14507,995;20,95676
 558,09; 3361,738;  349,549;14943,612;20,63982
 558,67; 3411,971;  342,558;15216,516;20,63616
 559,25; 3502,846;  346,556;15550,778;20,75930
 559,83; 3488,599;  336,483;15789,653;20,39786
 560,41; 3524,426;  323,092;16174,478;20,19592
 561,00; 3607,308;  326,943;16386,222;20,42660
 561,58; 3637,206;  328,707;16655,487;20,26425
 562,16; 3677,277;  318,320;17013,663;20,11912
 562,74; 3724,117;  296,396;17318,214;20,13722
 563,32; 3768,465;  298,252;17821,087;19,80395
 563,90; 3868,986;  315,404;18016,869;20,07507
 564,48; 3899,067;  328,091;18531,080;19,61752
 565,06; 3976,421;  322,327;19063,439;19,49775
 565,65; 4129,062;  327,334;19689,917;19,63441
 566,23; 4259,427;  375,558;20453,666;19,34380
 566,81; 4339,481;  321,710;21095,828;19,34027
 567,39; 4473,531;  341,330;21918,224;19,15104
 567,97; 4583,222;  341,480;22531,498;19,11554
 568,55; 4742,274;  359,867;23323,187;19,08438
 569,13; 4800,205;  333,481;24002,245;18,87181
 569,71; 4981,912;  324,474;24872,097;18,97307
 570,29; 5184,940;  358,164;25814,137;18,96127
 570,87; 5272,835;  368,781;26537,798;18,73992
 571,45; 5337,396;  342,635;27183,770;18,60861
 572,03; 5385,959;  300,639;27554,735;18,65892
 572,61; 5489,357;  311,637;28244,730;18,53615
 573,20; 5590,908;  336,478;28867,741;18,41639
 573,78; 5681,633;  324,483;29473,440;18,37853
 574,36; 5738,721;  336,020;29955,227;18,24053
 574,94; 5821,079;  387,332;30221,709;18,21304
 575,52; 5810,043;  334,800;30519,363;18,13922
 576,10; 5980,248;  393,643;31051,027;18,22270
 576,68; 5967,454;  373,331;31590,523;17,92001
 577,26; 6058,819;  395,648;32219,264;17,79550
 577,84; 6121,522;  384,944;32701,354;17,75128
 578,42; 6219,623;  432,334;32989,696;17,77567
 579,00; 6164,032;  404,945;33091,486;17,61914
 579,58; 6186,688;  423,332;33313,166;17,52321
 580,16; 6132,777;  391,027;33381,918;17,40405
 580,74; 6155,208;  406,027;33585,090;17,32774
 581,32; 6126,540;  417,333;33604,008;17,20331
 581,90; 6109,706;  425,335;33548,076;17,16154
 582,48; 6055,484;  413,566;33656,655;16,97170
 583,06; 6102,634;  411,333;33839,560;17,02544
 583,64; 6060,665;  418,025;33903,926;16,85080
 584,22; 6001,158;  419,801;33839,408;16,70085
 584,80; 5896,324;  425,026;33540,583;16,52184
 585,38; 5835,580;  428,632;33187,547;16,50527
 585,96; 5825,648;  406,869;33269,862;16,48900
 586,54; 5765,317;  430,261;33246,960;16,25714
 587,12; 5739,775;  408,182;33454,480;16,13371
 587,70; 5817,693;  433,869;33560,957;16,25203
 588,28; 5759,256;  409,798;33529,683;16,15180
 588,86; 5736,322;  419,106;33701,435;15,97609
 589,44; 5702,555;  389,343;33742,989;15,92993
 590,02; 5731,934;  397,418;33900,772;15,92233
 590,59; 5746,553;  388,800;34199,272;15,84643
 591,17; 5752,326;  390,811;34342,698;15,79151
 591,75; 5770,673;  378,807;34546,755;15,78048
 592,33; 5787,071;  391,575;34748,049;15,70445
 592,91; 5773,426;  344,501;34957,186;15,68478
 593,49; 5818,785;  363,812;35243,029;15,63961
 594,07; 5831,099;  372,427;35410,649;15,57919
 594,65; 5821,482;  371,493;35541,806;15,49599
 595,23; 5881,372;  374,572;35871,224;15,51358
 595,81; 5848,489;  366,727;36060,152;15,35790
 596,39; 5823,891;  352,497;36102,388;15,30465
 596,97; 5914,320;  358,348;36275,942;15,46867
 597,55; 5823,754;  350,109;36228,427;15,25613
 598,12; 5761,595;  333,506;36206,265;15,13151
 598,70; 5768,896;  336,272;36297,603;15,10685
 599,28; 5777,862;  361,656;36481,585;14,99506
 599,86; 5743,061;  339,964;36528,996;14,93021
 600,44; 5710,928;  314,196;36605,336;14,87066
 601,02; 5767,924;  361,972;36613,493;14,91235
 601,60; 5693,975;  345,499;36636,597;14,73771
 602,18; 5668,732;  310,351;36629,645;14,75354
 602,75; 5628,444;  326,958;36769,442;14,54754
 603,33; 5646,121;  342,580;36700,829;14,58690
 603,91; 5614,294;  325,739;36749,705;14,51944
 604,49; 5638,172;  349,657;36829,390;14,49713
 605,07; 5583,846;  361,961;36747,728;14,35145
 605,65; 5569,919;  370,427;36948,287;14,21486
 606,23; 5593,701;  418,491;37003,123;14,14586
 606,80; 5631,800;  451,419;37042,736;14,15740
 607,38; 5588,265;  496,815;37068,931;13,92167
 607,96; 5633,190;  550,265;37193,740;13,87130
 608,54; 5616,737;  623,197;37343,812;13,59874
 609,12; 5582,381;  601,265;37328,564;13,56243
 609,70; 5646,101;  631,271;37391,326;13,64206
 610,27; 5598,087;  637,957;37369,310;13,50381
 610,85; 5548,189;  647,117;37386,874;13,33997
 611,43; 5559,343;  663,272;37349,865;13,34567
 612,01; 5500,792;  627,345;37196,823;13,32654
 612,59; 5533,317;  638,271;37217,589;13,38201
 613,16; 5414,802;  582,493;37202,730;13,19573
 613,74; 5388,702;  564,118;36960,734;13,25558
 614,32; 5385,466;  534,274;37031,328;13,29201
 614,90; 5321,625;  486,269;36996,222;13,24394
 615,48; 5257,460;  443,879;36661,088;13,29087
 616,05; 5236,796;  419,492;36538,349;13,33736
 616,63; 5219,670;  418,414;36408,303;13,34057
 617,21; 5195,996;  406,188;36243,034;13,36560
 617,79; 5137,102;  400,113;36207,646;13,22903
 618,36; 5153,972;  400,807;36141,484;13,29903
 618,94; 5011,164;  355,110;35816,011;13,13011
 619,52; 4996,508;  371,568;35555,715;13,14495
 620,10; 4954,991;  361,266;35510,329;13,06927
 620,67; 4947,943;  353,106;35350,978;13,12890
 621,25; 4916,037;  391,576;35283,321;12,96714
 621,83; 4850,332;  377,495;35226,056;12,83507
 622,41; 4899,497;  402,802;35248,219;12,90470
 622,98; 4843,137;  376,567;34965,693;12,91322
 623,56; 4801,271;  370,413;34934,959;12,81908
 624,14; 4771,457;  345,655;34873,475;12,81807
 624,72; 4775,275;  359,956;34724,029;12,84865
 625,29; 4734,621;  340,336;34810,633;12,74803
 625,87; 4734,592;  384,882;34749,813;12,65741
 626,45; 4675,920;  343,181;34525,601;12,67534
 627,02; 4663,239;  336,575;34534,094;12,65198
 627,60; 4671,703;  334,042;34503,033;12,69473
 628,18; 4598,227;  316,650;34596,333;12,49013
 628,76; 4628,952;  319,029;34477,326;12,61750
 629,33; 4591,229;  341,493;34608,866;12,40170
 629,91; 4571,375;  328,727;34513,405;12,41096
 630,49; 4618,340;  357,492;34703,431;12,40568
 631,06; 4587,781;  346,645;34822,236;12,30185
 631,64; 4566,735;  344,105;34795,927;12,25662
 632,22; 4543,862;  302,333;34674,668;12,33995
 632,79; 4599,674;  337,179;34932,727;12,32093
 633,37; 4572,185;  308,268;35081,633;12,26202
 633,95; 4581,436;  312,873;35154,515;12,25132
 634,52; 4582,973;  303,264;35155,341;12,27964
 635,10; 4610,427;  315,342;35165,206;12,32454
 635,68; 4584,800;  308,333;35389,252;12,19029
 636,25; 4587,890;  294,253;35448,178;12,21382
 636,83; 4570,567;  288,491;35544,711;12,14559
 637,41; 4585,834;  303,640;35600,279;12,13202
 637,98; 4589,970;  320,947;35814,966;12,02744
 638,56; 4619,453;  318,560;35945,395;12,07206
 639,13; 4556,316;  288,413;36018,054;11,94499
 639,71; 4643,391;  336,799;36116,155;12,03653
 640,29; 4526,786;  275,722;35932,263;11,92225
 640,86; 4540,561;  289,876;36046,680;11,88776
 641,44; 4551,413;  287,184;36145,559;11,89186
 642,02; 4515,342;  316,031;36102,207;11,73445
 642,59; 4518,887;  286,800;36201,778;11,78363
 643,17; 4495,046;  284,262;36188,964;11,72767
 643,74; 4484,822;  285,262;36268,612;11,67084
 644,32; 4497,982;  320,724;36109,722;11,67190
 644,89; 4503,526;  303,109;36230,908;11,69127
 645,47; 4498,840;  327,570;36267,249;11,60631
 646,05; 4522,615;  307,032;36099,435;11,77787
 646,62; 4434,006;  303,417;36126,006;11,53068
 647,20; 4487,627;  304,955;36299,885;11,62017
 647,77; 4396,710;  281,340;36181,610;11,46334
 648,35; 4410,716;  282,340;36031,027;11,54833
 648,92; 4409,953;  302,033;36023,213;11,49996
 649,50; 4389,113;  269,418;35979,861;11,53639
 650,08; 4382,657;  273,264;35934,278;11,52349
 650,65; 4385,663;  286,649;36071,542;11,45459
 651,23; 4448,054;  259,418;36797,190;11,46385
 651,80; 4549,444;  273,034;37706,684;11,42397
 652,38; 4607,989;  280,880;38139,101;11,42977
 652,95; 4615,610;  256,650;38478,288;11,40443
 653,53; 4659,385;  290,957;38647,705;11,38894
 654,10; 4709,776;  308,650;38793,045;11,43613
 654,68; 4672,321;  263,804;38745,924;11,45601
 655,25; 4634,942;  261,035;38866,264;11,32983
 655,83; 4675,102;  254,881;38796,527;11,46869
 656,40; 4683,493;  288,728;38775,175;11,41899
 656,98; 4633,652;  280,035;38723,439;11,32474
 657,55; 4654,658;  284,959;38603,702;11,40356
 658,13; 4585,972;  274,882;38225,119;11,35985
 658,70; 4542,055;  294,421;38008,921;11,26260
 659,28; 4448,907;  281,036;37203,800;11,28808
 659,85; 4361,606;  288,421;36546,217;11,23396
 660,43; 4358,996;  287,190;36580,326;11,21922
 661,00; 4357,387;  273,191;36600,513;11,24277
 661,58; 4360,470;  259,037;36930,315;11,18432
 662,15; 4392,014;  261,268;37059,809;11,22530
 662,73; 4467,174;  330,114;37450,303;11,14504
 663,30; 4441,026;  284,884;37642,566;11,12527
 663,88; 4482,802;  281,499;37775,522;11,20526
 664,45; 4499,192;  264,653;37989,016;11,22494
 665,03; 4585,429;  280,192;38369,664;11,30296
 665,60; 4638,743;  342,731;38712,697;11,19629
 666,17; 4602,441;  269,577;38963,498;11,19779
 666,75; 4620,216;  277,885;39193,300;11,15838
 667,32; 4694,607;  298,500;39501,410;11,21373
 667,90; 4691,844;  282,808;39824,135;11,15045
 668,47; 4704,619;  298,962;40057,936;11,08091
 669,05; 4752,394;  267,193;40368,431;11,18469
 669,62; 4732,016;  263,270;40476,002;11,11276
 670,19; 4742,022;  265,117;40489,034;11,12996
 670,77; 4763,489;  273,040;40708,221;11,10530
 671,34; 4808,726;  272,040;40646,945;11,23640
 671,92; 4836,040;  260,348;40975,670;11,23825
 672,49; 4834,584;  288,887;40984,472;11,17000
 673,06; 4804,590;  239,194;41020,889;11,19472
 673,64; 4809,904;  259,348;40975,384;11,17632
 674,21; 4798,987;  244,272;40878,262;11,20913
 674,79; 4859,993;  277,272;41107,910;11,22373
 675,36; 4860,691;  271,811;41332,789;11,17577
 675,93; 4839,389;  266,580;41196,591;11,17227
 676,51; 4878,472;  276,042;41291,239;11,22128
 677,08; 4839,786;  271,888;41303,425;11,13265
 677,65; 4884,100;  274,350;41575,765;11,16124
 678,23; 4919,414;  275,350;41699,183;11,21109
 678,80; 4908,650;  264,889;41816,446;11,17590
 679,38; 4961,349;  272,581;41934,940;11,25421
 679,95; 5000,662;  273,735;42229,203;11,26653
 680,52; 5005,976;  254,735;42469,236;11,25500
 681,10; 5093,828;  286,582;42845,038;11,29563
 681,67; 5134,680;  276,197;43167,378;11,32746
 682,24; 5132,071;  244,120;43218,641;11,37407
 682,82; 5202,000;  259,198;43650,136;11,39132
 683,39; 5269,314;  305,198;44126,476;11,32810
 683,96; 5297,628;  260,890;44416,508;11,40679
 684,54; 5327,941;  248,275;44647,849;11,44080
 685,11; 5402,332;  288,891;45080,189;11,41615
 685,68; 5420,569;  259,737;45505,683;11,40617
 686,25; 5467,729;  253,891;45493,254;11,52500
 686,83; 5478,196;  255,353;45595,902;11,51914
 687,40; 5529,279;  245,122;45986,781;11,55218
 687,97; 5610,747;  279,353;46290,660;11,58714
 688,55; 5611,368;  233,507;46388,154;11,65183
 689,12; 5601,836;  220,892;46656,186;11,58805
 689,69; 5635,765;  246,661;46700,219;11,60106
 690,26; 5673,771;  259,431;46831,175;11,62580
 690,84; 5712,238;  248,046;46930,976;11,70490
 691,41; 5727,783;  258,354;47117,394;11,67209
 691,98; 5816,558;  264,662;47402,734;11,77794
 692,56; 5787,564;  245,893;47390,151;11,75471
 693,13; 5878,493;  306,585;47524,261;11,80047
 693,70; 5877,576;  274,740;47710,293;11,81147
 694,27; 5867,967;  259,201;47691,249;11,82484
 694,84; 5880,588;  257,663;47787,512;11,83030
 695,42; 5991,671;  306,279;47990,083;11,92311
 695,99; 5991,292;  268,202;48091,423;11,96718
 696,56; 5968,760;  259,202;47901,533;11,98421
 697,13; 6036,920;  283,818;48316,873;11,97738
 697,71; 6012,387;  250,433;48281,906;11,99621
 698,28; 6070,701;  255,587;48762,554;11,98820
 698,85; 6057,784;  229,433;48669,356;12,03212
 699,42; 6091,944;  247,357;48942,234;12,00247
 699,99; 6184,104;  279,818;49011,575;12,11589
 700,57; 6155,110;  276,049;49137,530;12,03210
 701,14; 6181,039;  254,742;49199,563;12,10812
 701,71; 6252,814;  276,973;49379,903;12,17003
 702,28; 6277,974;  253,588;49444,320;12,24699
 702,85; 6288,211;  275,742;49471,891;12,22142
 703,43; 6355,371;  276,050;49719,462;12,29551
 704,00; 6437,069;  302,743;49973,341;12,35001
 704,57; 6428,075;  275,512;49841,528;12,41287
 705,14; 6487,004;  300,897;50155,406;12,40832
 705,71; 6480,626;  304,666;50224,593;12,37173
 706,28; 6500,093;  271,590;50096,471;12,50079
 706,86; 6541,253;  309,590;50401,042;12,44057
 707,43; 6604,721;  315,821;50199,460;12,60714
 708,00; 6588,803;  313,206;50366,108;12,53793
 708,57; 6543,502;  276,514;50116,448;12,57423
 709,14; 6622,892;  312,283;50349,480;12,61184
 709,71; 6617,283;  282,437;50452,975;12,62663
 710,28; 6695,366;  284,514;50610,315;12,73870
 710,86; 6705,834;  280,360;50807,424;12,71689
 711,43; 6799,609;  300,361;50821,303;12,86446
 712,00; 6783,307;  278,130;50854,797;12,86201
 712,57; 6841,390;  290,822;51041,138;12,90744
 713,14; 6877,088;  282,900;51058,247;12,98699
 713,71; 6949,556;  283,515;50962,741;13,15340
 714,28; 6944,024;  271,285;51130,928;13,11991
 714,85; 6910,414;  256,746;50794,422;13,16576
 715,42; 6976,036;  266,823;51029,454;13,21683
 716,00; 7036,888;  330,593;51161,718;13,19328
 716,57; 7041,048;  276,208;51267,596;13,26663
 717,14; 7049,284;  254,978;51170,629;13,34424
 717,71; 7054,675;  256,978;51169,354;13,35176
 718,28; 7161,912;  291,440;51281,540;13,47413
 718,85; 7146,918;  262,209;51392,881;13,46493
 719,42; 7240,616;  274,055;51565,528;13,58230
 719,99; 7236,238;  253,594;51311,792;13,67585
 720,56; 7284,628;  273,748;51540,055;13,67541
 721,13; 7357,480;  255,210;51662,395;13,81572
 721,70; 7357,794;  251,518;51575,120;13,84602
 722,27; 7390,954;  281,826;51535,614;13,87044
 722,84; 7497,498;  320,287;51824,109;13,93530
 723,41; 7474,504;  250,980;51763,526;14,02285
 723,98; 7523,972;  264,057;51941,712;14,04846
 724,55; 7575,670;  294,211;52020,591;14,07688
 725,12; 7600,446;  221,980;51970,547;14,25830
 725,69; 7623,529;  256,519;52128,810;14,20221
 726,27; 7675,611;  262,288;52323,150;14,23972
 726,84; 7807,617;  267,827;52586,029;14,41141
 727,41; 7787,777;  279,212;52455,908;14,39065
 727,98; 7909,630;  282,520;52857,940;14,50699
 728,55; 7939,789;  310,212;52659,665;14,57432
 729,12; 7973,949;  249,905;52843,236;14,68636
 729,69; 7975,724;  284,905;52926,269;14,60984
 730,26; 8094,961;  276,520;53246,378;14,76017
 730,82; 8109,813;  271,521;52987,257;14,86898
 731,39; 8127,589;  273,829;53171,674;14,84703
 731,96; 8223,364;  250,598;53441,553;14,98895
 732,53; 8364,293;  281,367;53628,201;15,15165
 733,10; 8381,299;  277,675;53780,464;15,14617
 733,67; 8426,844;  282,675;54098,881;15,13330
 734,24; 8383,003;  250,368;53675,299;15,22255
 734,81; 8446,779;  293,753;53745,485;15,25306
 735,38; 8437,785;  269,676;53564,825;15,32618
 735,95; 8479,637;  270,984;53488,396;15,42475
 736,52; 8498,797;  277,599;53567,737;15,42724
 737,09; 8532,341;  286,830;53248,231;15,56891
 737,66; 8616,501;  328,984;53397,802;15,61655
 738,23; 8627,738;  260,292;53471,681;15,72491
 738,80; 8780,359;  323,908;53647,098;15,85886
 739,37; 8781,519;  304,600;53820,438;15,84002
 739,94; 8798,371;  268,524;53940,778;15,89247
 740,51; 8939,762;  370,062;54021,811;15,97282
 741,07; 8910,153;  265,909;53938,151;16,10561
 741,64; 8978,697;  303,447;54118,722;16,12042
 742,21; 9049,780;  274,371;54163,524;16,28419
 742,78; 9008,786;  251,832;53895,557;16,32428
 743,35; 9119,407;  276,525;54296,205;16,36974
 743,92; 9185,183;  303,371;54395,545;16,41977
 744,49; 9232,266;  296,371;54259,424;16,55928
 745,06; 9248,887;  260,448;54244,995;16,65002
 745,63; 9254,970;  257,833;54258,489;16,66116
 746,19; 9324,668;  253,910;54199,598;16,81461
 746,76; 9364,136;  267,449;54300,708;16,83535
 747,33; 9425,296;  256,834;54269,202;16,97475
 747,90; 9486,532;  290,218;54494,542;16,96602
 748,47; 9542,923;  286,296;54398,267;17,10643
 749,04; 9532,083;  285,834;54390,761;17,08948
 749,61; 9552,704;  300,681;54390,332;17,10498
 750,17; 9637,403;  283,219;54278,903;17,32395
 750,74; 9664,024;  277,758;54366,013;17,35361
 751,31; 9701,338;  257,527;54280,276;17,48117
 751,88; 9683,959;  248,527;54092,770;17,52357
 752,45; 9730,119;  261,297;54257,187;17,53619
 753,02; 9771,894;  275,836;54152,451;17,62557
 753,58; 9811,054;  256,066;54139,868;17,73258
 754,15; 9882,829;  262,297;54172,824;17,84537
 754,72; 9871,374;  251,221;53984,087;17,90367
 755,29; 9888,380;  251,144;53900,812;17,96327
 755,86; 9975,155;  272,144;54022,537;18,05198
 756,42; 9998,854;  277,606;53864,262;18,14117
 756,99; 9972,706;  232,837;53793,294;18,18481
 757,56;10025,866;  241,299;53789,250;18,27253
 758,13;10038,410;  203,837;53655,513;18,39900
 758,70;10217,416;  227,837;53819,007;18,64034
 759,26;10256,807;  223,761;53796,040;18,72806
 759,83;10305,967;  227,145;53898,996;18,77860
 760,40;10324,511;  220,607;53773,490;18,86715
 760,97;10329,209;  206,684;53734,215;18,91088
 761,53;10329,908;  194,838;53477,093;19,02147
 762,10;10348,606;  198,300;53415,434;19,07338
 762,67;10411,151;  239,685;53413,312;19,12878
 763,24;10362,695;  188,685;53015,883;19,25904
 763,80;10450,239;  221,608;53123,762;19,33500
 764,37;10501,015;  231,301;53059,487;19,43984
 764,94;10475,713;  206,916;52664,135;19,57556
 765,50;10530,873;  206,455;52671,552;19,67864
 766,07;10599,648;  246,763;52760,123;19,71476
 766,64;10557,808;  230,071;52480,002;19,76603
 767,21;10601,276;  234,917;52422,573;19,86362
 767,77;10652,743;  247,533;52276,298;19,99896
 768,34;10744,441;  249,225;52155,792;20,21944
 768,91;10791,371;  259,764;52043,286;20,33776
 769,47;10777,684;  251,225;52139,242;20,28688
 770,04;10799,536;  264,687;51952,813;20,38157
 770,61;10779,850;  236,841;51735,307;20,47247
 771,18;10770,318;  234,226;51612,032;20,50709
 771,74;10898,324;  250,303;51738,449;20,68053
 772,31;10907,637;  248,842;51466,020;20,81098
 772,88;10915,259;  233,227;51263,130;20,93289
 773,44;10901,111;  233,842;51122,008;20,96218
 774,01;10994,117;  251,996;51224,656;21,07428
 774,58;10994,200;  233,996;50888,304;21,24243
 775,14;11157,052;  235,458;51025,260;21,50352
 775,71;11069,981;  237,843;50967,216;21,35279
 776,27;11198,757;  292,535;50793,171;21,59621
 776,84;11237,993;  312,382;50826,204;21,62895
 777,41;11216,153;  250,843;50707,313;21,73222
 777,97;11240,005;  232,844;50352,654;21,96170
 778,54;11348,088;  253,921;50504,686;22,07761
 779,11;11451,017;  277,613;50507,103;22,24471
 779,67;11425,254;  232,152;50429,597;22,29815
 780,24;11434,953;  245,075;50142,399;22,42581
 780,80;11517,035;  256,229;50187,355;22,55268
 781,37;11554,118;  259,922;50234,541;22,59987
 781,94;11538,278;  245,076;49895,805;22,74529
 782,50;11632,515;  255,307;49874,453;22,92907
 783,07;11602,752;  282,307;49903,716;22,81363
 783,63;11692,527;  245,615;49698,749;23,14699
 784,20;11679,841;  270,230;49693,858;23,08534
 784,77;11694,308;  254,307;49472,121;23,24362
 785,33;11655,084;  235,615;49215,231;23,31474
 785,90;11747,782;  250,615;49152,110;23,51087
 786,46;11739,403;  271,154;49195,912;23,44058
 787,03;11730,871;  238,770;48977,790;23,57885
 787,59;11809,646;  242,077;48896,284;23,77506
 788,16;11822,421;  267,539;48776,009;23,82034
 788,73;11809,197;  254,847;48713,196;23,84388
 789,29;11796,895;  256,155;48378,921;23,98187
 789,86;11877,747;  269,924;48267,876;24,18400
 790,42;11837,522;  253,078;48128,601;24,19701
 790,99;11872,605;  267,079;47734,018;24,44970
 791,55;11882,688;  245,079;47775,589;24,48450
 792,12;11929,925;  269,464;47799,622;24,53276
 792,68;11871,162;  252,848;47445,578;24,61886
 793,25;11915,168;  266,772;47228,072;24,80425
 793,81;11964,559;  308,233;46888,720;25,02405
 794,38;11873,257;  230,157;46650,829;25,08171
 794,94;11947,647;  245,080;46508,323;25,29561
 795,51;11892,884;  261,465;46316,664;25,25539
 796,07;11850,275;  248,849;46133,619;25,28383
 796,64;12004,204;  262,773;46243,421;25,53559
 797,20;11936,672;  265,081;45729,300;25,67204
 797,77;11855,447;  228,158;45376,871;25,75331
 798,33;11862,914;  257,004;45163,673;25,84451
 798,90;11914,151;  268,697;45148,398;25,94816
 799,46;11837,080;  256,235;44629,276;26,09883
 800,03;11882,009;  256,851;44571,155;26,23342
 800,59;11897,246;  266,697;44501,495;26,29276
 801,15;11863,560;  273,620;44183,528;26,39482
 801,72;11913,027;  259,159;43876,099;26,71867
 802,28;11888,110;  284,236;43500,362;26,85080
 802,85;11854,578;  258,698;43368,626;26,89840
 803,41;11916,199;  250,160;43170,274;27,18082
 803,98;11858,282;  243,621;42748,537;27,32545
 804,54;11821,057;  257,775;42586,416;27,31787
 805,11;11835,602;  258,545;42401,987;27,47060
 805,67;11884,531;  274,006;42356,865;27,58968
 806,23;11767,383;  260,930;41943,898;27,60469
 806,80;11858,466;  271,161;41774,315;27,91910
 807,36;11834,164;  281,238;41802,194;27,82433
 807,93;11848,863;  275,238;41561,380;28,03271
 808,49;11738,253;  241,623;41136,336;28,11276
 809,05;11776,029;  241,392;40972,599;28,31892
 809,62;11797,035;  273,931;40869,940;28,38482
 810,18;11823,118;  263,316;40773,434;28,53559
 810,74;11774,124;  234,393;40609,159;28,58154
 811,31;11769,437;  241,162;40391,191;28,71299
 811,87;11792,751;  257,624;40249,378;28,84376
 812,44;11889,065;  270,932;40269,949;29,04605
 813,00;11786,686;  209,701;39929,212;29,14685
 813,56;11879,538;  256,624;39986,168;29,25509
 814,13;11921,852;  254,163;39874,354;29,44885
 814,69;11849,320;  253,856;39692,387;29,40136
 815,25;11844,480;  227,394;39385,189;29,66736
 815,82;11881,947;  272,856;39304,990;29,74239
 816,38;11836,415;  288,471;39091,408;29,76049
 816,94;11828,651;  241,395;38855,286;30,00800
 817,51;11849,042;  227,010;38595,627;30,29046
 818,07;11848,894;  243,318;38236,967;30,54610
 818,63;11787,977;  251,626;38140,384;30,44795
 819,20;11836,291;  244,934;38040,570;30,66851
 819,76;11702,220;  231,857;37597,988;30,69722
 820,32;11778,764;  268,627;37624,559;30,81208
 820,89;11734,540;  271,858;37278,899;30,97433
 821,45;11723,930;  238,165;37109,085;31,15128
 822,01;11642,167;  257,781;36866,580;31,09740
 822,57;11696,942;  260,627;36712,612;31,37364
 823,14;11624,256;  226,089;36450,029;31,46584
 823,70;11593,878;  238,474;36210,677;31,56716
 824,26;11607,960;  233,705;36074,402;31,73559
 824,82;11642,582;  256,397;35884,127;31,95877
 825,39;11551,742;  236,090;35603,467;31,99460
 825,95;11639,055;  262,398;35685,885;32,11614
 826,51;11596,523;  251,859;35262,225;32,40373
 827,08;11657,529;  280,783;35397,257;32,39718
 827,64;11626,073;  265,091;35188,598;32,53105
 828,20;11589,310;  236,552;34838,015;32,81005
 828,76;11717,932;  270,937;34834,509;33,11867
 829,32;11681,399;  273,860;34666,465;33,16858
 829,89;11623,328;  232,014;34585,728;33,15890
 830,45;11683,411;  250,245;34491,068;33,39045
 831,01;11636,956;  245,322;34326,101;33,42539
 831,57;11682,654;  239,169;34258,057;33,63862
 832,14;11662,968;  245,630;34191,012;33,63443
 832,70;11670,205;  229,938;34120,583;33,75641
 833,26;11645,749;  207,246;33905,308;33,94410
 833,82;11609,909;  238,323;33893,571;33,78845
 834,38;11670,300;  238,554;33813,835;34,04810
 834,95;11634,921;  234,939;33669,329;34,09658
 835,51;11614,004;  204,247;33551,285;34,21520
 836,07;11684,856;  236,863;33623,317;34,28934
 836,63;11780,401;  260,786;33606,657;34,54585
 837,19;11767,945;  247,863;33456,613;34,68990
 837,75;11689,566;  210,555;33150,646;34,84815
 838,32;11845,957;  261,940;33228,678;35,13850
 838,88;11871,655;  249,325;33241,711;35,22731
 839,44;11921,892;  247,787;33182,590;35,44611
 840,00;11877,052;  247,633;33188,853;35,30355
 840,56;11824,750;  230,095;32812,039;35,58614
 841,12;11859,679;  231,249;32823,764;35,67822
 841,68;11795,147;  201,864;32647,874;35,73100
 842,25;11891,615;  233,326;32675,214;35,93591
 842,81;11874,698;  216,865;32375,862;36,25061
 843,37;11955,473;  203,326;32457,818;36,43569
 843,93;11985,633;  219,019;32301,235;36,67644
 844,49;12046,869;  236,327;32407,114;36,71201
 845,05;12017,875;  202,481;32140,223;36,99508
 845,61;12102,728;  240,712;32194,333;37,12260
 846,17;12034,657;  222,558;32115,442;37,03678
 846,73;12085,124;  241,558;31954,705;37,34592
 847,29;12008,438;  217,558;31844,969;37,28057
 847,86;12012,982;  224,405;31739,848;37,40572
 848,42;11961,219;  217,251;31625,419;37,39145
 848,98;12012,379;  236,174;31507,528;37,65812
 849,54;12010,308;  221,944;31605,176;37,56262
 850,10;12060,699;  239,713;31471,439;37,84929
 850,66;11981,782;  209,329;31321,164;37,83915
 851,22;11948,019;  212,406;31243,735;37,81859
 851,78;12065,178;  258,945;31300,537;38,03360
 852,34;11930,031;  238,945;31069,031;37,92103
 852,90;11971,498;  223,406;30879,756;38,32189
 853,46;11958,735;  207,022;30728,712;38,50283
 854,02;11933,587;  230,561;30788,667;38,29762
 854,58;11909,670;  227,715;30500,315;38,58920
 855,14;11934,215;  213,023;30355,040;38,88655
 855,70;11840,221;  195,792;30256,227;38,73673
 856,26;11997,380;  236,485;30235,336;39,20449
 856,82;11942,540;  216,869;30076,369;39,26948
 857,38;11918,700;  251,639;29990,401;39,23183
 857,94;11946,399;  217,870;29903,972;39,50848
 858,50;11948,097;  237,485;29723,774;39,71545
 859,06;11843,180;  221,562;29591,422;39,56988
 859,62;11925,417;  232,716;29511,224;39,93612
 860,18;11859,653;  230,178;29303,103;40,00105
 860,74;11861,198;  202,486;29158,597;40,26339
 861,30;11820,665;  208,794;29032,706;40,28555
 861,86;11918,133;  256,794;29131,739;40,38567
 862,42;11851,293;  226,948;28895,002;40,54808
 862,98;11918,837;  257,641;28947,496;40,64571
 863,54;11854,920;  230,948;28754,067;40,75281
 864,10;11890,696;  217,564;28841,331;40,78126
 864,66;11864,240;  206,410;28451,594;41,27369
 865,22;11868,938;  221,026;28344,165;41,41754
 865,78;11853,867;  228,565;28329,044;41,37048
 866,34;11869,335;  204,411;28194,923;41,67457
 866,90;11866,803;  231,411;28029,186;41,85728
 867,45;11831,270;  226,180;27833,834;42,03577
 868,01;11821,122;  232,335;27762,097;42,09549
 868,57;11777,667;  226,335;27564,284;42,25384
 869,13;11710,057;  215,412;27424,547;42,24554
 869,69;11762,140;  223,720;27325,657;42,57415
 870,25;11697,992;  205,104;27248,074;42,49862
 870,81;11744,614;  214,797;27234,183;42,67239
 871,37;11660,697;  228,259;27130,062;42,49692
 871,93;11695,626;  237,951;26948,402;42,89585
 872,49;11664,709;  250,259;26770,127;43,04113
 873,04;11641,100;  205,105;26583,621;43,35344
 873,60;11585,029;  203,644;26479,423;43,31512
 874,16;11532,035;  228,798;26312,994;43,33366
 874,72;11604,265;  234,798;26265,994;43,67632
 875,28;11505,881;  225,952;26218,071;43,39750
 875,84;11554,496;  221,413;26150,840;43,70742
 876,40;11555,419;  223,260;26084,687;43,81877
 876,95;11578,342;  229,567;26084,763;43,89359
 877,51;11687,419;  254,106;26150,917;44,14950
 878,07;11650,265;  258,567;26079,302;44,11841
 878,63;11696,958;  224,490;26101,071;44,33533
 879,19;11730,496;  245,644;26162,610;44,31403
 879,75;11829,112;  215,183;26039,763;44,97238
 880,30;11813,804;  219,798;26138,302;44,73254
 880,86;11918,573;  270,183;26322,071;44,71227
 881,42;11934,804;  204,952;26312,917;44,92825
 881,98;11980,112;  234,644;26374,687;44,93286
 882,54;12167,573;  218,952;26490,456;45,48130
 883,09;12183,958;  236,644;26540,917;45,41967
 883,65;12213,496;  208,413;26670,302;45,36744
 884,21;12333,958;  251,490;26876,994;45,37930
 884,77;12369,804;  212,875;26862,302;45,61797
 885,32;12419,035;  221,798;27080,840;45,41203
 885,88;12581,727;  257,721;27137,225;45,84908
 886,44;12594,419;  234,875;27328,302;45,61824
 887,00;12642,804;  251,106;27380,533;45,67622
 887,56;12762,727;  213,413;27505,687;45,98120
 888,11;12836,881;  221,260;27419,456;46,38404
 888,67;12995,727;  261,260;27616,302;46,55254
 889,23;12957,958;  234,413;27533,687;46,60763
 889,79;12958,112;  210,260;27540,917;46,64305
 890,34;12962,804;  226,106;27470,071;46,75053
 890,90;13121,804;  294,644;27616,994;46,94750
 891,46;13031,188;  220,798;27534,533;46,90091
 892,01;13106,035;  244,644;27523,456;47,14791
 892,57;13090,804;  260,413;27453,302;47,18289
 893,13;12954,650;  229,029;27264,763;47,06963
 893,69;12995,496;  219,183;27267,533;47,23509
 894,24;12996,265;  226,567;27064,456;47,58086
 894,80;12942,496;  234,952;26923,840;47,61361
 895,36;12916,650;  236,644;26942,533;47,48019
 895,91;12831,958;  227,337;26708,610;47,59824
 896,47;12749,112;  231,183;26520,610;47,61583
 897,03;12766,727;  225,490;26411,610;47,89269
 897,58;12605,496;  231,875;26314,302;47,44045
 898,14;12609,265;  231,798;26087,994;47,87041
 898,70;12568,573;  210,952;26039,917;47,84404
 899,25;12601,727;  222,567;25972,994;48,07361
 899,81;12598,188;  241,567;25747,610;48,44586
 900,37;12467,496;  203,337;25559,994;48,36663
 900,92;12494,419;  228,029;25551,225;48,43935
 901,48;12448,112;  232,567;25357,148;48,61989
 902,03;12409,188;  230,106;25230,763;48,71505
 902,59;12341,804;  229,029;25168,456;48,56878
 903,15;12369,804;  242,721;25028,917;48,92676
 903,70;12215,035;  230,721;24732,148;48,91272
 904,26;12265,958;  220,413;24704,071;49,19830
 904,82;12235,727;  231,183;24668,533;49,12376
 905,37;12170,958;  237,490;24476,148;49,23320
 905,93;12119,112;  212,721;24354,610;49,31839
 906,48;12150,650;  234,183;24239,071;49,64184
 907,04;12147,188;  245,490;24157,302;49,77330
 907,60;12086,496;  224,567;23999,225;49,89316
 908,15;12072,419;  215,260;23918,379;50,02363
 908,71;12047,342;  234,413;23916,379;49,88154
 909,26;11974,342;  219,029;23684,071;50,09713
 909,82;11961,804;  238,413;23621,148;50,13695
 910,37;11997,958;  267,567;23505,302;50,47992
 910,93;11872,265;  208,721;23351,456;50,39830
 911,48;11811,573;  207,644;23160,302;50,55593
 912,04;11813,958;  216,567;23097,225;50,68644
 912,60;11838,727;  226,260;23162,610;50,62910
 913,15;11776,804;  230,106;22853,994;51,03764
 913,71;11708,958;  207,183;22832,379;50,83613
 914,26;11683,804;  206,490;22688,994;51,04998
 914,82;11681,804;  222,875;22636,225;51,12546
 915,37;11607,496;  226,029;22542,763;50,99970
 915,93;11618,881;  272,644;22429,302;51,20915
 916,48;11582,727;  208,952;22349,225;51,37143
 917,04;11540,804;  239,567;22178,302;51,51271
 917,59;11602,035;  240,029;22202,225;51,73438
 918,15;11420,804;  191,413;21888,763;51,75466
 918,70;11399,342;  211,644;21913,225;51,55246
 919,26;11406,496;  224,490;21790,456;51,85024
 919,81;11306,881;  210,644;21615,610;51,83954
 920,37;11334,035;  221,260;21555,071;52,08997
 920,92;11314,727;  229,875;21505,917;52,10016
 921,48;11236,419;  199,260;21192,610;52,57455
 922,03;11241,035;  213,337;21282,533;52,34038
 922,59;11168,573;  220,721;21178,225;52,23834
 923,14;11133,112;  210,644;20958,840;52,64297
 923,69;11170,650;  242,029;20983,687;52,68924
 924,25;11167,188;  241,337;20912,917;52,85446
 924,80;11095,342;  212,029;20666,917;53,20642
 925,36;11073,342;  218,183;20677,763;53,05661
 925,91;11094,958;  207,567;20433,225;53,82960
 926,47;10998,727;  197,644;20463,071;53,29808
 927,02;11037,727;  262,183;20304,302;53,76450
 927,57;11022,188;  222,260;20204,763;54,04692
 928,13;10974,727;  200,644;20080,379;54,19631
 928,68;10936,727;  219,490;20057,533;54,02366
 929,24;10841,881;  189,567;19852,994;54,17323
 929,79;10838,496;  204,644;19766,225;54,36090
 930,34;10810,496;  217,875;19599,148;54,65390
 930,90;10836,804;  208,413;19598,071;54,81474
 931,45;10767,342;  226,798;19589,687;54,43684
 932,01;10720,342;  225,875;19484,917;54,49112
 932,56;10727,881;  241,029;19277,610;55,08790
 933,11;10677,419;  236,183;19262,456;54,87799
 933,67;10593,496;  202,029;19151,994;54,83634
 934,22;10595,419;  223,644;19085,840;54,98710
 934,77;10539,035;  240,567;19040,840;54,77829
 935,33;10532,804;  224,952;18787,071;55,53165
 935,88;10484,804;  227,337;18815,687;55,18224
 936,43;10462,881;  214,644;18585,071;55,78660
 936,99;10473,112;  230,337;18601,071;55,75594
 937,54;10367,727;  210,490;18365,994;55,94577
 938,09;10417,419;  230,260;18385,763;56,11059
 938,65;10388,112;  230,567;18225,610;56,44635
 939,20;10383,573;  208,337;18174,610;56,63521
 939,75;10263,804;  207,337;18083,302;56,25692
 940,31;10243,650;  204,567;17974,148;56,49589
 940,86;10316,342;  221,798;17970,687;56,87423
 941,41;10277,650;  278,106;17849,225;56,90898
 941,96;10148,342;  214,183;17739,302;56,68526
 942,52;10109,265;  207,183;17673,225;56,69334
 943,07;10049,650;  188,567;17594,379;56,65397
 943,62; 9993,881;  210,952;17491,994;56,61076
 944,18; 9988,727;  200,029;17384,456;56,96261
 944,73; 9980,265;  213,413;17338,687;57,03180
 945,28; 9869,112;  186,337;17155,763;57,06012
 945,83; 9914,188;  216,029;17138,225;57,31029
 946,39; 9906,881;  206,952;17032,148;57,65121
 946,94; 9864,035;  233,183;17082,763;57,15781
 947,49; 9800,650;  212,798;16888,379;57,49636
 948,04; 9839,496;  233,413;16788,994;58,02323
 948,59; 9728,573;  234,875;16769,225;57,41803
 949,15; 9736,573;  200,798;16703,917;57,78165
 949,70; 9713,650;  213,490;16628,071;57,87635
 950,25; 9662,496;  234,875;16506,148;57,94028
 950,80; 9637,265;  175,029;16403,687;58,30573
 951,36; 9603,650;  186,490;16339,148;58,30099
 951,91; 9598,035;  227,106;16320,840;58,22719
 952,46; 9483,188;  192,798;16107,840;58,37490
 953,01; 9547,958;  225,183;16155,071;58,52379
 953,56; 9478,573;  195,567;16003,687;58,72302
 954,11; 9486,035;  222,106;16020,917;58,63687
 954,67; 9415,188;  211,721;15927,225;58,56298
 955,22; 9292,881;  193,106;15771,687;58,41209
 955,77; 9356,727;  227,567;15740,610;58,84829
 956,32; 9377,881;  253,952;15657,610;59,23222
 956,87; 9274,419;  205,029;15556,687;59,07760
 957,42; 9248,112;  209,413;15469,687;59,23025
 957,98; 9262,496;  201,106;15390,456;59,65621
 958,53; 9241,342;  233,413;15342,148;59,62067
 959,08; 9158,419;  209,798;15222,917;59,60534
 959,63; 9171,188;  199,721;15171,610;59,92208
 960,18; 9199,188;  228,952;15133,533;60,18443
 960,73; 9119,419;  210,490;15066,225;59,96963
 961,28; 9097,573;  198,798;14966,533;60,25823
 961,83; 9119,650;  229,644;14875,610;60,69935
 962,39; 9082,650;  187,106;14830,994;60,74578
 962,94; 9006,035;  223,644;14681,687;60,74398
 963,49; 8967,496;  223,029;14572,840;60,93785
 964,04; 8974,419;  228,567;14541,533;61,10440
 964,59; 8914,650;  189,644;14497,610;60,98006
 965,14; 8902,265;  219,798;14450,148;61,01373
 965,69; 8870,496;  209,567;14309,687;61,42451
 966,24; 8807,727;  208,567;14240,840;61,28130
 966,79; 8780,881;  226,413;14153,302;61,42411
 967,34; 8692,265;  195,567;14021,917;61,45294
 967,89; 8685,573;  206,260;13932,840;61,77295
 968,44; 8647,881;  217,490;13869,840;61,75047
 968,99; 8636,419;  223,183;13789,379;62,01618
 969,55; 8638,573;  220,952;13681,302;62,53642
 970,10; 8562,881;  223,490;13670,917;62,01477
 970,65; 8506,881;  237,183;13548,917;62,12337
 971,20; 8447,496;  202,875;13451,302;62,23094
 971,75; 8354,650;  183,721;13331,071;62,14887
 972,30; 8383,958;  226,798;13326,225;62,27112
 972,85; 8332,342;  199,644;13197,533;62,56938
 973,40; 8249,881;  198,490;13063,302;62,58460
 973,95; 8241,496;  217,490;13014,148;62,70392
 974,50; 8234,573;  228,337;12915,763;63,10371
 975,05; 8140,265;  216,106;12833,379;62,80406
 975,60; 8151,188;  221,875;12801,302;63,03398
 976,15; 8086,035;  219,183;12669,225;63,18735
 976,70; 8076,881;  221,567;12644,610;63,23180
 977,25; 8074,573;  224,337;12556,917;63,65445
 977,80; 7919,881;  209,952;12405,763;63,21784
 978,35; 7881,804;  226,183;12277,917;63,52298
 978,89; 7822,881;  192,798;12233,071;63,37134
 979,44; 7813,727;  221,106;12146,610;63,66709
 979,99; 7697,342;  201,413;11979,763;63,64159
 980,54; 7684,496;  232,952;11965,840;63,50989
 981,09; 7576,881;  237,029;11898,917;62,93879
 981,64; 7524,804;  221,644;11731,148;63,45330
 982,19; 7561,881;  252,183;11704,379;63,82792
 982,74; 7435,188;  226,644;11581,763;63,48277
 983,29; 7365,650;  204,413;11452,687;63,66521
 983,84; 7344,035;  221,183;11384,687;63,80481
 984,39; 7381,496;  270,413;11316,917;64,37406
 984,94; 7259,727;  196,183;11127,379;64,61822
 985,49; 7276,265;  241,260;11073,071;64,94764
 986,03; 7201,188;  239,490;11012,610;64,62101
 986,58; 7137,573;  264,260;10886,302;64,70802
 987,13; 7068,958;  222,260;10744,763;65,06719
 987,68; 6995,188;  228,106;10678,610;64,75365
 988,23; 6986,188;  235,183;10680,917;64,62931
 988,78; 6944,727;  207,029;10469,148;65,65601
 989,33; 6847,188;  244,183;10394,763;65,05052
 989,88; 6893,035;  249,721;10333,840;65,87897
 990,42; 6775,342;  214,490;10215,994;65,59865
 990,97; 6667,035;  214,029;10109,763;65,20997
 991,52; 6667,650;  240,721;10078,302;65,33038
 992,07; 6647,650;  261,106; 9958,840;65,85604
 992,62; 6585,419;  231,106; 9851,148;66,05286
 993,17; 6516,804;  240,875; 9734,533;66,10654
 993,71; 6476,342;  239,952; 9705,302;65,88653
 994,26; 6422,265;  208,952; 9585,071;66,26743
 994,81; 6392,573;  243,029; 9526,148;66,24437
 995,36; 6307,265;  217,106; 9366,225;66,56553
 995,91; 6295,496;  225,183; 9292,687;66,94581
 996,45; 6198,727;  227,183; 9195,687;66,58351
 997,00; 6146,188;  203,183; 9082,302;66,93238
 997,55; 6108,804;  228,413; 9089,687;66,36056
 998,10; 6141,650;  250,029; 8904,225;68,07820
 998,65; 6076,727;  231,798; 8834,840;67,94025
 999,19; 6012,650;  243,029; 8749,456;67,82661
 999,74; 5923,958;  234,798; 8674,533;67,40922
1000,29; 5939,804;  242,183; 8586,687;68,27993
1000,84; 5839,727;  219,413; 8432,917;68,42772
1001,38; 5809,958;  229,798; 8328,071;68,90555
1001,93; 5746,804;  239,952; 8324,379;68,11679
1002,48; 5656,265;  218,413; 8117,840;68,83856
1003,03; 5653,035;  236,798; 8113,071;68,76649
1003,57; 5578,419;  239,644; 7983,610;68,94110
1004,12; 5568,265;  261,413; 7926,917;69,23031
1004,67; 5470,958;  228,183; 7833,917;68,93187
1005,22; 5392,650;  213,567; 7710,456;69,08310
1005,76; 5306,650;  204,106; 7588,225;69,10160
1006,31; 5269,112;  245,106; 7535,225;68,91528
1006,86; 5198,496;  227,106; 7445,225;68,87376
1007,40; 5093,496;  206,260; 7318,379;68,71702
1007,95; 5095,804;  225,337; 7230,456;69,52726
1008,50; 4993,496;  243,567; 7130,379;68,97138
1009,04; 4972,727;  225,337; 7031,071;69,75574
1009,59; 4866,342;  231,875; 6879,687;69,71418
1010,14; 4819,188;  221,183; 6783,225;70,06974
1010,68; 4733,727;  225,260; 6735,225;69,25486
1011,23; 4687,496;  213,721; 6606,302;69,98386
1011,78; 4680,881;  230,029; 6518,994;70,77240
1012,32; 4607,958;  246,875; 6430,225;70,52945
1012,87; 4588,112;  245,644; 6391,840;70,65292
1013,42; 4505,342;  216,413; 6275,763;70,78200
1013,96; 4537,419;  251,337; 6292,687;70,94578
1014,51; 4441,265;  187,952; 6186,225;70,90897
1015,06; 4468,573;  203,337; 6183,225;71,32636
1015,60; 4530,804;  258,798; 6229,763;71,54632
1016,15; 4501,804;  223,952; 6194,533;71,64884
1016,69; 4496,496;  218,490; 6249,225;70,93673
1017,24; 4476,496;  204,567; 6251,071;70,65122
1017,79; 4574,342;  247,952; 6322,610;71,22032
1018,33; 4556,265;  208,798; 6294,148;71,44153
1018,88; 4606,573;  234,644; 6369,148;71,26785
1019,42; 4632,496;  213,567; 6337,917;72,15343
1019,97; 4602,342;  209,490; 6343,763;71,61161
1020,51; 4630,804;  238,337; 6399,071;71,29778
1021,06; 4609,958;  197,260; 6375,840;71,41928
1021,61; 4607,881;  183,337; 6371,302;71,50241
1022,15; 4559,958;  171,952; 6338,610;71,15695
1022,70; 4589,881;  211,337; 6305,763;71,84505
1023,24; 4559,881;  211,106; 6307,917;71,32868
1023,79; 4564,419;  225,644; 6242,610;72,10902
1024,33; 4486,650;  208,567; 6146,763;72,04347
1024,88; 4446,573;  222,875; 6127,302;71,53443
1025,42; 4384,265;  213,183; 5989,302;72,21254
1025,97; 4349,727;  208,183; 5937,610;72,28549
1026,51; 4260,958;  188,183; 5812,302;72,41623
1027,06; 4216,727;  203,106; 5776,610;72,01253
1027,60; 4157,650;  224,413; 5656,533;72,40704
1028,15; 4119,881;  228,644; 5570,071;72,85013
1028,69; 4024,958;  187,183; 5457,917;72,81291
1029,24; 4005,342;  201,029; 5413,840;72,98007
1029,78; 3939,419;  198,644; 5283,071;73,57319
1030,33; 3870,804;  192,798; 5191,148;73,58440
1030,87; 3826,804;  205,490; 5153,071;73,19362
1031,42; 3766,419;  194,721; 5033,840;73,80885
1031,96; 3757,419;  216,413; 5004,302;73,95757
1032,51; 3668,958;  192,644; 4923,840;73,47642
1033,05; 3658,496;  217,413; 4854,302;74,21103
1033,60; 3596,265;  191,260; 4731,148;75,00197
1034,14; 3558,958;  213,029; 4687,610;74,77636
1034,69; 3530,496;  201,490; 4605,379;75,59242
1035,23; 3509,958;  211,490; 4546,071;76,09657
1035,77; 3441,188;  213,875; 4543,456;74,54102
1036,32; 3350,881;  178,952; 4452,610;74,22047
1036,86; 3357,727;  213,183; 4367,456;75,69421
1037,41; 3308,419;  216,798; 4314,456;75,44850
1037,95; 3237,342;  186,260; 4246,917;75,13765
1038,50; 3203,727;  198,875; 4213,533;74,84703
1039,04; 3206,573;  216,875; 4176,763;75,49955
1039,58; 3118,496;  198,413; 4087,302;75,08785
1040,13; 3110,112;  213,721; 4031,840;75,85909
1040,67; 3121,112;  233,952; 4042,148;75,81436
1041,21; 3054,265;  235,567; 3937,840;76,13426
1041,76; 2982,573;  187,875; 3880,917;75,67468
1042,30; 2953,958;  205,952; 3822,687;75,98030
1042,85; 2905,419;  213,721; 3760,533;75,89064
1043,39; 2883,573;  195,029; 3645,917;77,90875
1043,93; 2826,112;  226,413; 3657,225;75,77502
1044,48; 2796,727;  210,567; 3598,225;76,34064
1045,02; 2722,650;  207,183; 3529,610;75,71174
1045,56; 2758,804;  227,029; 3501,225;77,32509
1046,11; 2729,650;  218,721; 3483,687;76,90522
1046,65; 2683,188;  216,875; 3398,071;77,52787
1047,19; 2607,804;  199,490; 3356,533;76,28385
1047,74; 2589,573;  194,567; 3310,225;76,86999
1048,28; 2578,188;  214,875; 3257,148;77,68249
1048,82; 2577,419;  229,875; 3236,071;78,09019
1049,37; 2543,650;  231,413; 3183,071;78,33688
1049,91; 2510,112;  220,567; 3134,533;78,57143
1050,45; 2452,265;  234,490; 3112,456;77,06052
1050,99; 2430,265;  209,952; 3043,302;78,36354
1051,54; 2369,573;  201,721; 2997,533;77,53927
1052,08; 2381,727;  235,952; 2957,610;78,84074
1052,62; 2366,650;  222,798; 2949,610;78,62120
1053,16; 2300,496;  204,875; 2872,456;78,55886
1053,71; 2292,112;  229,875; 2844,840;78,86286
1054,25; 2238,496;  218,337; 2780,456;78,84721
1054,79; 2228,035;  212,798; 2783,533;78,39147
1055,33; 2177,573;  189,337; 2702,610;79,10945
1055,88; 2174,573;  221,567; 2684,302;79,30232
1056,42; 2142,804;  231,798; 2657,148;78,79299
1056,96; 2118,419;  224,490; 2626,687;78,84156
1057,50; 2114,650;  223,567; 2588,379;79,96759
1058,05; 2079,342;  215,721; 2517,994;80,94701
1058,59; 2051,727;  237,413; 2514,533;79,67582
1059,13; 1971,573;  192,798; 2448,917;78,84224
1059,67; 2005,112;  225,413; 2413,071;81,35176
1060,21; 1944,342;  221,260; 2392,379;79,36380
1060,76; 1945,265;  231,952; 2373,610;79,99941
1061,30; 1926,342;  240,567; 2339,994;80,29691
1061,84; 1885,573;  215,875; 2290,533;80,48065
1062,38; 1852,496;  210,644; 2223,994;81,54826
1062,92; 1893,188;  251,490; 2261,533;81,67480
1063,46; 1834,804;  239,490; 2193,071;81,66099
1064,01; 1805,265;  209,798; 2161,687;81,73968
1064,55; 1786,496;  230,413; 2137,148;81,60982
1065,09; 1739,496;  198,106; 2081,148;81,85639
1065,63; 1759,881;  254,260; 2103,917;81,39999
1066,17; 1745,804;  250,337; 2071,379;82,12150
1066,71; 1703,804;  241,183; 2052,533;80,74757
1067,25; 1669,573;  221,644; 1987,840;81,98007
1067,80; 1674,650;  237,413; 1981,917;82,38655
1068,34; 1665,188;  257,337; 1969,379;82,23231
1068,88; 1615,112;  225,490; 1907,533;82,61511
1069,42; 1646,035;  254,952; 1935,840;82,75877
1069,96; 1588,188;  225,952; 1885,071;82,10601
1070,50; 1618,035;  256,798; 1878,379;83,94503
1071,04; 1539,650;  216,337; 1818,456;82,59769
1071,58; 1538,342;  219,721; 1813,763;82,72184
1072,12; 1519,496;  219,413; 1766,071;84,05756
1072,66; 1504,881;  216,260; 1775,994;82,61797
1073,21; 1495,035;  230,260; 1769,148;82,18757
1073,75; 1479,188;  232,952; 1724,071;83,57726
1074,29; 1457,804;  227,644; 1711,687;82,89249
1074,83; 1475,112;  238,029; 1710,071;84,03853
1075,37; 1439,958;  240,106; 1682,763;83,16955
1075,91; 1439,804;  240,106; 1678,687;83,39456
1076,45; 1411,419;  236,183; 1638,763;83,79101
1076,99; 1413,419;  243,260; 1613,225;85,41527
1077,53; 1364,573;  219,721; 1585,225;83,84099
1078,07; 1371,573;  233,644; 1603,225;83,08592
1078,61; 1348,881;  226,644; 1542,071;85,31348
1079,15; 1326,112;  222,337; 1536,302;84,00335
1079,69; 1325,265;  233,260; 1518,456;84,96802
1080,23; 1332,419;  244,029; 1516,456;85,53657
1080,77; 1343,188;  263,260; 1528,687;85,34107
1081,31; 1271,035;  226,029; 1467,071;84,20388
1081,85; 1282,342;  236,337; 1460,687;85,43356
1082,39; 1230,727;  224,413; 1428,763;83,55656
1082,93; 1250,804;  234,952; 1434,071;84,71651
1083,47; 1225,342;  212,567; 1393,994;85,72473
1084,01; 1230,188;  238,490; 1411,763;84,52406
1084,55; 1194,419;  225,490; 1355,456;85,74854
1085,09; 1194,496;  245,644; 1366,225;84,67501
1085,63; 1174,265;  231,106; 1337,148;85,27338
1086,17; 1162,727;  225,260; 1316,994;85,86952
1086,71; 1148,650;  219,952; 1281,302;87,50159
1087,24; 1173,958;  257,490; 1297,840;88,09221
1087,78; 1151,804;  243,721; 1308,302;85,29956
1088,32; 1105,804;  217,875; 1249,225;86,09384
1088,86; 1122,035;  251,644; 1246,994;87,44566
1089,40; 1107,188;  231,952; 1233,533;87,38552
1089,94; 1058,265;  202,875; 1207,763;85,12292
1090,48; 1075,112;  246,183; 1217,071;85,37838
1091,02; 1077,188;  249,413; 1206,379;86,49999
1091,56; 1053,650;  229,644; 1182,533;86,47452
1092,10; 1025,958;  214,952; 1152,456;86,50693
1092,63; 1043,188;  242,952; 1179,994;85,40026
1093,17; 1020,188;  228,183; 1145,917;86,30009
1093,71; 1003,112;  222,798; 1115,225;87,43724
1094,25; 1033,650;  251,644; 1126,302;89,40706
1094,79;  989,419;  230,183; 1088,302;88,47681
1095,33;  973,573;  229,183; 1093,225;86,15208
1095,87;  960,342;  235,183; 1074,610;86,38746
1096,40;  936,804;  212,106; 1042,687;87,25197
1096,94;  952,035;  232,183; 1052,302;87,77406
1097,48;  953,419;  244,798; 1048,687;88,14919
1098,02;  926,573;  221,337; 1013,148;89,06621
1098,56;  888,881;  203,567;  984,071;87,80398
1099,10;  868,881;  202,260;  984,610;85,20754
1099,63;  877,035;  210,029;  972,456;87,48455
1100,17;  890,496;  236,260;  985,071;87,36999
1100,71;  901,419;  245,413; 1000,763;86,84792

