
Integration time [ms]: 150,000
Averaging Nr. [scans]: 13
Smoothing Nr. [pixels]: 0
Data measured with spectrometer [name]: 2009305U1
Wave   ;Sample   ;Dark     ;Reference;Reflectance
[nm]   ;[counts] ;[counts] ;[counts] ;[%]

 175,72;  233,001;  213,942;  232,391;103,30208
 176,32;  243,805;  248,562;  239,245; 0,00000
 176,92;  283,129;  283,713;  284,805;-53,46264
 177,52;  268,299;  263,481;  288,463;19,28373
 178,12;  260,134;  258,638;  259,823;126,17732
 178,72;  280,882;  287,793;  280,469; 0,00000
 179,32;  266,636;  285,408;  267,745; 0,00000
 179,92;  270,933;  275,791;  268,795; 0,00000
 180,52;  261,086;  256,325;  272,061;30,25527
 181,12;  287,558;  274,252;  289,721;86,01801
 181,73;  296,262;  302,098;  302,762; 0,00000
 182,33;  408,460;  411,173;  406,971; 0,00000
 182,93;  289,697;  293,097;  294,847;-194,29372
 183,53;  248,277;  259,948;  249,810; 0,00000
 184,13;  255,988;  259,332;  248,661; 0,00000
 184,73;  309,322;  314,025;  313,345; 0,00000
 185,33;  277,975;  254,895;  344,858;25,65459
 185,93;  284,018;  268,436;  359,913;17,03329
 186,53;  310,992;  274,666;  381,617;33,96510
 187,13;  324,741;  285,970;  414,333;30,20380
 187,73;  287,708;  262,974;  373,416;22,39530
 188,33;  290,363;  249,284;  379,789;31,47728
 188,93;  302,301;  282,673;  384,519;19,27152
 189,53;  295,540;  265,370;  380,835;26,12916
 190,13;  332,375;  301,453;  437,825;22,67444
 190,73;  274,842;  245,679;  384,820;20,95880
 191,34;  311,775;  279,444;  409,815;24,79880
 191,94;  282,875;  263,439;  370,276;18,19251
 192,54;  302,724;  255,737;  399,966;32,57816
 193,14;  310,177;  288,047;  387,600;22,22915
 193,74;  305,405;  296,202;  379,404;11,06161
 194,34;  308,123;  272,354;  392,221;29,84065
 194,94;  270,729;  250,278;  345,600;21,45466
 195,54;  237,056;  229,741;  336,398; 6,85869
 196,14;  271,961;  246,661;  343,765;26,05430
 196,74;  264,725;  250,434;  354,623;13,71679
 197,34;  235,885;  216,429;  347,856;14,80415
 197,94;  263,451;  241,201;  367,795;17,57605
 198,54;  290,176;  253,200;  382,880;28,51327
 199,14;  253,459;  227,043;  362,749;19,46531
 199,74;  245,445;  217,966;  353,672;20,24888
 200,34;  243,581;  216,427;  355,290;19,55437
 200,94;  278,731;  255,891;  406,391;15,17639
 201,54;  252,949;  232,120;  402,629;12,21558
 202,14;  298,978;  282,811;  452,335; 9,53644
 202,74;  272,425;  229,889;  425,863;21,70455
 203,34;  245,067;  212,733;  417,845;15,76403
 203,94;  223,833;  190,041;  432,337;13,94638
 204,54;  293,567;  250,816;  504,220;16,87056
 205,14;  241,981;  224,735;  505,171; 6,14963
 205,74;  300,401;  266,041;  591,229;10,56647
 206,34;  266,591;  210,426;  593,142;14,67517
 206,94;  265,622;  235,042;  631,831; 7,70679
 207,54;  246,416;  202,119;  644,718;10,00847
 208,14;  261,152;  222,503;  714,144; 7,86117
 208,74;  261,115;  218,889;  754,132; 7,88898
 209,34;  265,450;  212,581;  808,442; 8,87259
 209,94;  275,999;  238,274;  890,249; 5,78635
 210,54;  275,444;  222,657;  966,494; 7,09665
 211,14;  288,257;  227,582; 1025,633; 7,60297
 211,73;  296,910;  228,121; 1111,974; 7,78294
 212,33;  304,437;  248,275; 1188,775; 5,97147
 212,93;  304,526;  234,120; 1272,131; 6,78278
 213,53;  275,101;  200,889; 1281,363; 6,86844
 214,13;  311,377;  218,193; 1379,045; 8,02722
 214,73;  284,978;  199,042; 1377,951; 7,28944
 215,33;  280,230;  194,966; 1390,403; 7,13246
 215,93;  311,012;  224,887; 1496,612; 6,77233
 216,53;  278,614;  186,428; 1531,015; 6,85611
 217,13;  334,415;  232,733; 1687,840; 6,98789
 217,73;  339,524;  210,579; 1839,536; 7,91577
 218,33;  320,174;  175,808; 1944,509; 8,16225
 218,93;  363,289;  212,421; 2182,917; 7,65638
 219,53;  380,622;  216,962; 2401,433; 7,49197
 220,13;  370,659;  168,115; 2581,899; 8,39112
 220,73;  412,895;  202,504; 2851,019; 7,94373
 221,32;  444,115;  201,274; 3120,286; 8,31927
 221,92;  483,760;  213,808; 3428,167; 8,39833
 222,52;  483,544;  194,733; 3717,576; 8,19825
 223,12;  525,657;  200,502; 4022,269; 8,50799
 223,72;  562,105;  204,348; 4372,501; 8,58312
 224,32;  606,020;  220,194; 4616,964; 8,77521
 224,92;  617,526;  195,194; 4835,348; 9,10169
 225,52;  669,685;  219,427; 5110,293; 9,20611
 226,12;  687,566;  199,580; 5350,032; 9,47464
 226,72;  692,559;  174,734; 5553,453; 9,62730
 227,31;  710,912;  161,734; 5830,376; 9,68801
 227,91;  789,891;  223,966; 6177,329; 9,50598
 228,51;  818,125;  185,737; 6407,624;10,16393
 229,11;  866,154;  199,734; 6726,183;10,21107
 229,71;  885,893;  185,966; 6921,669;10,39129
 230,31;  928,178;  179,270; 7217,584;10,64045
 230,91;  962,710;  179,353; 7438,424;10,79143
 231,51; 1005,030;  184,425; 7630,921;11,02002
 232,10; 1073,667;  185,808; 7920,663;11,47868
 232,70; 1129,508;  201,585; 8050,067;11,82296
 233,30; 1181,668;  215,349; 8212,688;12,08301
 233,90; 1208,021;  193,887; 8357,534;12,42256
 234,50; 1226,630;  191,348; 8338,267;12,70765
 235,10; 1251,296;  188,578; 8361,810;13,00241
 235,70; 1332,119;  215,581; 8439,675;13,57643
 236,29; 1336,049;  200,120; 8272,400;14,07197
 236,89; 1329,256;  174,968; 8134,388;14,50216
 237,49; 1381,627;  209,733; 8099,993;14,85241
 238,09; 1373,591;  191,119; 7834,758;15,47001
 238,69; 1407,332;  244,892; 7651,380;15,69489
 239,29; 1357,428;  194,888; 7392,371;16,15203
 239,89; 1334,518;  201,506; 7129,926;16,35310
 240,48; 1335,790;  185,042; 6781,450;17,44507
 241,08; 1302,359;  193,735; 6490,908;17,60512
 241,68; 1316,810;  218,657; 6241,874;18,23200
 242,28; 1288,417;  180,579; 5954,187;19,18796
 242,88; 1306,825;  238,732; 5729,199;19,45360
 243,48; 1276,718;  232,272; 5513,531;19,77645
 244,07; 1251,244;  213,889; 5315,560;20,33364
 244,67; 1262,048;  210,888; 5200,991;21,06490
 245,27; 1263,295;  218,351; 5068,512;21,54452
 245,87; 1240,124;  228,809; 5047,813;20,98598
 246,47; 1252,404;  209,044; 4990,205;21,82231
 247,06; 1223,027;  195,273; 4988,255;21,44289
 247,66; 1244,505;  199,734; 5045,375;21,56105
 248,26; 1319,243;  218,736; 5147,014;22,33046
 248,86; 1313,146;  217,351; 5321,282;21,46962
 249,46; 1304,044;  157,348; 5440,689;21,70399
 250,05; 1408,586;  214,503; 5738,680;21,61558
 250,65; 1433,978;  184,429; 5969,510;21,59951
 251,25; 1503,941;  197,889; 6357,869;21,20222
 251,85; 1595,548;  213,276; 6812,734;20,94523
 252,44; 1684,314;  184,659; 7249,516;21,22697
 253,04; 1803,588;  215,889; 7818,327;20,88407
 253,64; 1820,953;  169,044; 8404,469;20,05857
 254,24; 2027,215;  214,196; 9168,218;20,24810
 254,84; 2120,044;  185,887; 9921,228;19,86738
 255,43; 2222,533;  196,120;10750,633;19,19950
 256,03; 2351,528;  192,352;11606,163;18,91722
 256,63; 2501,455;  206,045;12400,234;18,82380
 257,23; 2579,828;  186,506;13216,811;18,36735
 257,82; 2741,522;  206,431;14106,224;18,23834
 258,42; 2796,252;  157,278;14919,565;17,87646
 259,02; 2957,124;  217,504;15677,903;17,72024
 259,62; 2984,931;  192,894;16358,485;17,27148
 260,21; 3066,406;  210,120;16988,555;17,02356
 260,81; 3103,978;  194,580;17427,877;16,88242
 261,41; 3137,544;  174,585;17907,684;16,70864
 262,01; 3140,127;  227,433;18314,057;16,10413
 262,60; 3135,136;  178,660;18710,427;15,95356
 263,20; 3135,293;  185,890;19121,858;15,57566
 263,80; 3141,048;  223,663;19337,865;15,26292
 264,40; 3091,828;  173,894;19593,059;15,02606
 264,99; 3119,627;  213,356;19766,863;14,86317
 265,59; 3062,748;  189,435;19883,310;14,58988
 266,19; 3045,496;  192,586;20100,326;14,33065
 266,78; 3097,122;  232,818;20275,972;14,29068
 267,38; 3012,300;  204,280;20331,852;13,95111
 267,98; 2989,018;  201,664;20347,819;13,83566
 268,58; 2961,191;  206,127;20373,698;13,66086
 269,17; 2893,803;  197,205;20470,340;13,30134
 269,77; 2837,224;  201,507;20310,845;13,10693
 270,37; 2785,086;  163,587;20130,593;13,12916
 270,96; 2814,660;  234,969;20224,724;12,90506
 271,56; 2736,885;  198,276;19928,464;12,86662
 272,16; 2696,985;  194,200;19783,490;12,77629
 272,75; 2655,974;  191,354;19749,068;12,60178
 273,35; 2611,866;  205,123;19603,610;12,40686
 273,95; 2581,114;  203,200;19589,915;12,26569
 274,54; 2567,507;  184,427;19713,410;12,20279
 275,14; 2632,823;  219,738;20045,880;12,17123
 275,74; 2581,648;  175,893;19968,529;12,15480
 276,33; 2676,099;  228,661;20344,883;12,16649
 276,93; 2682,290;  199,734;20646,721;12,14143
 277,53; 2737,112;  199,197;20999,862;12,20112
 278,12; 2781,251;  174,968;21460,082;12,24463
 278,72; 2906,675;  255,582;21988,591;12,19846
 279,32; 2919,162;  197,736;22420,475;12,24613
 279,91; 2969,917;  186,813;22956,548;12,22282
 280,51; 3072,300;  190,351;23409,978;12,41169
 281,11; 3171,116;  194,121;23992,394;12,50929
 281,70; 3246,170;  174,506;24405,547;12,67657
 282,30; 3354,192;  188,737;24945,233;12,78636
 282,90; 3417,529;  186,276;25231,041;12,90191
 283,49; 3515,775;  213,892;25761,610;12,92438
 284,09; 3655,012;  229,583;26079,930;13,25100
 284,69; 3766,205;  229,967;26439,436;13,49221
 285,28; 3843,487;  211,352;26775,853;13,67289
 285,88; 4041,322;  274,970;26939,836;14,12478
 286,47; 4049,312;  205,891;27004,886;14,34166
 287,07; 4168,868;  225,274;27049,551;14,70158
 287,67; 4324,795;  225,195;27202,685;15,19637
 288,26; 4392,003;  186,582;27102,628;15,62422
 288,86; 4566,367;  187,891;27191,277;16,21455
 289,46; 4723,198;  214,505;27293,857;16,64993
 290,05; 4908,570;  191,350;27370,022;17,35633
 290,65; 5145,828;  204,353;27556,115;18,06639
 291,24; 5365,320;  205,043;27630,937;18,81535
 291,84; 5604,993;  212,430;27732,464;19,59505
 292,44; 5848,125;  204,349;27752,918;20,48664
 293,03; 6144,843;  282,582;28043,745;21,11677
 293,63; 6297,729;  187,199;28143,117;21,85773
 294,22; 6556,517;  223,583;28296,048;22,55924
 294,82; 6685,555;  194,432;28317,253;23,08134
 295,41; 6767,478;  181,890;28083,700;23,60273
 296,01; 6941,761;  237,201;28096,142;24,06610
 296,61; 7058,318;  232,890;27923,821;24,64860
 297,20; 7030,890;  202,047;27461,720;25,05108
 297,80; 7159,029;  224,734;27448,525;25,47145
 298,39; 7158,240;  191,430;27120,118;25,87133
 298,99; 7249,845;  238,431;27050,417;26,15030
 299,58; 7265,292;  222,195;26883,144;26,41728
 300,18; 7287,097;  229,273;26738,677;26,62385
 300,78; 7284,796;  198,812;26411,633;27,03251
 301,37; 7334,493;  217,587;26374,822;27,20817
 301,97; 7363,243;  216,429;26462,857;27,22966
 302,56; 7360,292;  202,968;26361,078;27,36178
 303,16; 7382,493;  183,969;26230,113;27,63758
 303,75; 7410,051;  196,735;26281,135;27,65376
 304,35; 7531,578;  187,579;26493,154;27,91803
 304,94; 7531,277;  195,813;26507,819;27,87877
 305,54; 7564,268;  211,197;26480,593;27,99102
 306,13; 7494,105;  168,117;26435,270;27,89030
 306,73; 7465,385;  167,656;26274,725;27,95308
 307,33; 7548,328;  214,734;26205,376;28,21629
 307,92; 7579,259;  212,736;26265,361;28,27555
 308,52; 7625,812;  187,277;26595,919;28,16705
 309,11; 7836,770;  203,278;27114,294;28,36568
 309,71; 7825,143;  181,048;27312,404;28,17439
 310,30; 7897,193;  183,505;27535,013;28,20206
 310,90; 8051,886;  237,813;27768,090;28,38356
 311,49; 8069,788;  211,121;27941,666;28,33939
 312,09; 8056,129;  158,042;28080,139;28,28615
 312,68; 8289,563;  272,659;28453,748;28,44781
 313,28; 8187,951;  183,813;28570,668;28,19664
 313,87; 8248,451;  168,813;28691,474;28,32708
 314,47; 8299,829;  197,508;28880,144;28,24817
 315,06; 8304,184;  184,505;29022,169;28,15651
 315,66; 8353,129;  184,273;29287,908;28,06816
 316,25; 8307,975;  161,738;29046,383;28,20266
 316,85; 8321,746;  157,042;29132,485;28,17801
 317,44; 8375,852;  192,432;29362,911;28,05377
 318,04; 8304,715;  173,045;29264,041;27,95253
 318,63; 8312,786;  162,118;29361,379;27,91395
 319,22; 8337,672;  190,968;29467,076;27,82714
 319,82; 8340,238;  196,737;29597,083;27,69866
 320,41; 8283,122;  213,353;29530,808;27,52548
 321,01; 8270,814;  212,427;29689,791;27,33754
 321,60; 8255,733;  206,814;29706,584;27,28469
 322,20; 8218,832;  179,890;29680,092;27,25046
 322,79; 8219,739;  217,966;29699,284;27,14184
 323,39; 8185,017;  187,271;29847,921;26,96416
 323,98; 8114,345;  181,428;29806,670;26,77756
 324,58; 8067,981;  186,200;29699,958;26,70545
 325,17; 8069,640;  196,199;29622,153;26,75679
 325,76; 8002,587;  207,582;29630,781;26,49272
 326,36; 7877,920;  187,581;29222,829;26,48622
 326,95; 7787,953;  223,506;29064,392;26,22821
 327,55; 7701,835;  181,275;28815,775;26,26398
 328,14; 7554,851;  175,273;28463,180;26,08739
 328,74; 7503,844;  220,815;28041,923;26,17807
 329,33; 7365,133;  208,043;27790,675;25,94782
 329,92; 7193,727;  169,124;27269,257;25,92092
 330,52; 7071,471;  209,349;26750,874;25,85429
 331,11; 6942,672;  186,506;26357,545;25,81543
 331,71; 6773,763;  184,583;25920,241;25,60331
 332,30; 6648,200;  204,967;25450,434;25,52234
 332,89; 6558,805;  270,427;25062,635;25,36433
 333,49; 6416,584;  205,814;24569,585;25,49183
 334,08; 6248,896;  193,122;24255,736;25,16674
 334,68; 6095,559;  192,968;23878,852;24,92029
 335,27; 6086,159;  204,657;23597,646;25,14216
 335,86; 6056,288;  267,198;23330,776;25,10057
 336,46; 5884,039;  219,041;23089,223;24,77023
 337,05; 5817,333;  187,814;22964,391;24,71627
 337,65; 5721,190;  177,122;22873,967;24,42661
 338,24; 5765,759;  237,351;22794,093;24,50890
 338,83; 5710,316;  212,889;22743,478;24,39984
 339,43; 5680,855;  186,584;22695,499;24,40931
 340,02; 5644,524;  195,430;22572,882;24,35083
 340,61; 5630,399;  208,274;22608,053;24,20615
 341,21; 5637,998;  233,507;22675,846;24,08167
 341,80; 5600,634;  211,583;22645,813;24,02155
 342,40; 5562,412;  204,734;22704,721;23,81192
 342,99; 5595,266;  199,350;22802,481;23,87243
 343,58; 5586,287;  202,812;22941,367;23,67554
 344,18; 5617,493;  226,119;23014,638;23,65829
 344,77; 5660,400;  189,430;23305,459;23,66743
 345,36; 5681,953;  181,275;23620,623;23,46771
 345,96; 5787,626;  224,196;23867,521;23,53066
 346,55; 5768,974;  195,964;24027,576;23,38495
 347,14; 5818,152;  186,272;24316,452;23,33957
 347,74; 5859,787;  172,346;24672,474;23,21392
 348,33; 6030,993;  205,885;25204,741;23,30150
 348,92; 6150,759;  219,115;25709,443;23,27018
 349,52; 6201,939;  180,038;26172,362;23,16800
 350,11; 6279,886;  191,277;26345,265;23,27985
 350,70; 6265,506;  208,351;26517,553;23,02295
 351,29; 6221,398;  184,895;26275,357;23,13682
 351,89; 6215,754;  230,893;26317,871;22,94195
 352,48; 6195,458;  187,120;26263,976;23,04088
 353,07; 6162,869;  237,426;26233,108;22,79395
 353,67; 6194,519;  229,191;26088,368;23,06851
 354,26; 6120,168;  210,118;25981,875;22,93227
 354,85; 6120,871;  231,350;25943,832;22,90530
 355,45; 6014,165;  189,968;25704,619;22,82687
 356,04; 6046,229;  215,964;25688,609;22,88834
 356,63; 6054,218;  253,967;25533,278;22,94465
 357,22; 5967,115;  220,894;25399,401;22,82193
 357,82; 5915,229;  214,509;25097,329;22,91026
 358,41; 5945,845;  243,967;25158,396;22,88585
 359,00; 5869,102;  210,969;24921,461;22,89769
 359,60; 5839,590;  234,197;24962,439;22,66798
 360,19; 5841,960;  245,579;24788,803;22,80214
 360,78; 5842,313;  219,045;24602,428;23,06188
 361,37; 5804,530;  223,275;24406,737;23,07881
 361,97; 5806,347;  228,813;24367,164;23,10652
 362,56; 5752,346;  222,123;24060,995;23,19834
 363,15; 5753,708;  294,737;23957,851;23,06954
 363,74; 5695,524;  237,662;23645,721;23,31617
 364,34; 5657,330;  239,738;23324,576;23,46818
 364,93; 5540,262;  217,892;22939,109;23,42467
 365,52; 5473,595;  192,891;22602,468;23,56450
 366,11; 5452,733;  226,969;22335,961;23,63637
 366,71; 5412,826;  214,430;22013,384;23,84700
 367,30; 5359,614;  222,352;21647,546;23,97767
 367,89; 5340,330;  268,658;21460,408;23,93230
 368,48; 5329,343;  251,200;21201,799;24,23865
 369,07; 5247,813;  229,505;20829,245;24,36103
 369,67; 5208,013;  260,277;20648,878;24,26717
 370,26; 5143,632;  220,736;20376,785;24,42392
 370,85; 5125,964;  234,506;20121,968;24,59569
 371,44; 5112,098;  241,813;19945,086;24,71815
 372,03; 5083,961;  208,353;19773,307;24,92011
 372,63; 5050,725;  193,660;19517,739;25,13478
 373,22; 5009,870;  224,967;19254,975;25,14399
 373,81; 4962,795;  201,121;18988,468;25,34511
 374,40; 4952,867;  219,196;18787,296;25,49357
 374,99; 4948,552;  226,122;18529,273;25,80119
 375,59; 4878,199;  208,273;18256,718;25,87440
 376,18; 4945,926;  242,660;18162,390;26,24630
 376,77; 4881,596;  245,121;18035,472;26,06174
 377,36; 4952,609;  258,506;17921,314;26,57620
 377,95; 4895,260;  244,507;17660,616;26,70374
 378,55; 4918,199;  228,119;17528,406;27,10984
 379,14; 4921,132;  253,506;17506,891;27,05339
 379,73; 4964,618;  232,507;17369,001;27,61423
 380,32; 4984,286;  233,890;17444,048;27,60228
 380,91; 4919,594;  207,662;17259,454;27,63306
 381,50; 5018,947;  234,123;17212,303;28,18220
 382,10; 5035,670;  226,198;17167,125;28,38967
 382,69; 5033,699;  213,891;17171,775;28,42223
 383,28; 5097,540;  251,969;17107,921;28,74695
 383,87; 5071,201;  207,430;16945,459;29,05820
 384,46; 5137,525;  205,663;16872,676;29,59056
 385,05; 5175,316;  237,277;16895,573;29,64312
 385,64; 5184,579;  232,353;16911,884;29,69044
 386,24; 5210,860;  203,740;16868,829;30,04557
 386,83; 5258,021;  244,125;16846,250;30,20033
 387,42; 5340,013;  249,507;16948,577;30,48377
 388,01; 5407,368;  254,819;17102,084;30,58389
 388,60; 5543,519;  235,124;17268,178;31,16526
 389,19; 5646,436;  233,129;17501,568;31,34799
 389,78; 5742,007;  226,359;17678,726;31,60401
 390,37; 5994,708;  311,433;18122,707;31,90830
 390,96; 6014,518;  241,971;18184,944;32,17163
 391,56; 6109,321;  251,129;18253,601;32,54104
 392,15; 6210,143;  231,743;18501,421;32,72307
 392,74; 6247,043;  210,901;18682,579;32,67782
 393,33; 6434,834;  246,206;18928,329;33,12593
 393,92; 6601,949;  243,826;19316,299;33,33665
 394,51; 6707,415;  231,899;19480,521;33,64145
 395,10; 6827,473;  280,138;19635,383;33,82719
 395,69; 6890,125;  263,137;19766,542;33,97862
 396,28; 6998,160;  269,678;19821,217;34,41408
 396,87; 7078,480;  276,297;19937,458;34,59706
 397,46; 7162,490;  278,069;20023,477;34,86593
 398,06; 7297,078;  290,841;20210,492;35,17249
 398,65; 7355,037;  282,310;20211,051;35,49008
 399,24; 7449,391;  309,619;20402,464;35,53390
 399,83; 7479,256;  277,169;20340,226;35,89726
 400,42; 7658,978;  328,255;20560,997;36,23198
 401,01; 7656,202;  292,190;20641,873;36,18736
 401,60; 7746,850;  321,513;20678,949;36,47481
 402,19; 7810,893;  344,602;20641,510;36,78536
 402,78; 7858,056;  338,852;20613,213;37,08726
 403,37; 7807,697;  315,485;20529,885;37,06374
 403,96; 7848,376;  326,967;20384,918;37,49839
 404,55; 7832,206;  344,144;20347,433;37,43415
 405,14; 7828,923;  310,166;20218,735;37,76644
 405,73; 7825,428;  333,421;20178,585;37,75231
 406,32; 7889,446;  339,438;20154,650;38,10208
 406,91; 7805,470;  324,611;19866,927;38,28031
 407,50; 7842,698;  338,929;19721,621;38,71376
 408,09; 7723,637;  311,397;19460,606;38,70781
 408,68; 7736,181;  306,633;19344,030;39,02607
 409,27; 7743,500;  306,165;19181,040;39,40336
 409,86; 7707,748;  319,458;19099,654;39,34086
 410,45; 7748,827;  366,060;19034,327;39,54715
 411,04; 7755,563;  355,047;18942,772;39,81399
 411,63; 7716,274;  330,800;18759,861;40,07515
 412,22; 7647,579;  337,554;18649,055;39,92041
 412,81; 7614,156;  360,625;18362,441;40,29333
 413,40; 7511,369;  356,234;18048,340;40,44253
 413,99; 7466,498;  416,236;17831,555;40,48311
 414,58; 7292,913;  342,465;17567,988;40,34971
 415,17; 7245,142;  335,548;17373,903;40,55317
 415,76; 7232,792;  324,477;17144,896;41,07100
 416,35; 7209,753;  321,628;16976,996;41,35679
 416,94; 7229,974;  356,476;16937,137;41,45491
 417,53; 7297,819;  329,855;17167,945;41,38215
 418,12; 7389,695;  331,239;17215,533;41,80487
 418,71; 7538,129;  361,772;17548,188;41,75598
 419,30; 7539,698;  323,854;17690,037;41,55112
 419,89; 7648,308;  319,775;17790,546;41,94739
 420,48; 7755,670;  343,464;18010,919;41,95401
 421,07; 7851,078;  342,386;18116,313;42,24554
 421,66; 7831,784;  314,152;18093,606;42,28269
 422,25; 7876,089;  335,838;18142,382;42,34539
 422,84; 7858,746;  341,299;18160,700;42,18687
 423,43; 7783,475;  329,609;17886,718;42,45497
 424,02; 7692,960;  356,608;17737,342;42,20968
 424,60; 7578,707;  320,601;17411,167;42,46850
 425,19; 7511,091;  332,450;17129,792;42,73677
 425,78; 7495,381;  342,989;17028,026;42,86711
 426,37; 7435,037;  351,601;16867,315;42,88907
 426,96; 7376,947;  333,755;16799,931;42,77369
 427,55; 7378,036;  320,905;16661,577;43,18752
 428,14; 7280,772;  316,057;16449,245;43,17011
 428,73; 7254,844;  318,214;16369,411;43,21566
 429,32; 7247,116;  338,217;16320,889;43,22743
 429,91; 7292,605;  341,060;16369,798;43,36926
 430,50; 7234,228;  347,981;16137,160;43,61371
 431,08; 7199,205;  349,287;16017,676;43,71808
 431,67; 7206,885;  386,208;15979,767;43,74035
 432,26; 7160,346;  400,591;15853,204;43,74506
 432,85; 7069,526;  429,130;15592,354;43,79277
 433,44; 6944,449;  439,050;15364,413;43,58620
 434,03; 6832,558;  458,200;14998,865;43,83815
 434,62; 6610,533;  409,588;14610,684;43,66525
 435,21; 6584,445;  417,745;14402,049;44,09730
 435,79; 6543,973;  420,278;14308,624;44,09233
 436,38; 6505,972;  404,967;14228,421;44,13517
 436,97; 6431,943;  412,274;14135,694;43,86420
 437,56; 6346,186;  402,346;13922,198;43,96380
 438,15; 6294,570;  382,193;13861,187;43,86364
 438,74; 6359,973;  421,269;13872,037;44,15141
 439,33; 6321,518;  387,886;13874,993;43,99485
 439,91; 6288,938;  352,037;13906,896;43,79906
 440,50; 6327,223;  396,037;13936,821;43,80238
 441,09; 6385,664;  393,495;14099,999;43,71771
 441,68; 6341,248;  365,184;14044,600;43,68654
 442,27; 6332,865;  354,801;14012,552;43,77049
 442,86; 6325,309;  337,717;14054,835;43,65051
 443,44; 6357,955;  351,872;14048,363;43,85125
 444,03; 6432,698;  435,948;14172,528;43,65534
 444,62; 6315,451;  348,332;14033,720;43,60212
 445,21; 6303,424;  369,179;13903,483;43,84595
 445,80; 6278,641;  412,406;13780,397;43,88270
 446,39; 6190,512;  453,868;13664,584;43,42417
 446,97; 6030,900;  351,710;13414,540;43,47595
 447,56; 5973,128;  367,476;13310,333;43,31078
 448,15; 5919,820;  370,634;13068,578;43,70146
 448,74; 5859,895;  382,479;12892,158;43,78543
 449,33; 5810,463;  369,015;12755,406;43,93086
 449,91; 5688,232;  367,242;12602,550;43,48881
 450,50; 5594,838;  367,243;12393,082;43,46969
 451,09; 5592,884;  383,935;12337,547;43,57636
 451,68; 5561,534;  391,857;12262,290;43,55088
 452,26; 5508,234;  397,470;12157,571;43,45850
 452,85; 5445,417;  379,010;12043,294;43,43521
 453,44; 5460,258;  381,928;12083,332;43,39932
 454,03; 5439,208;  359,239;12007,425;43,61167
 454,61; 5395,269;  367,081;12032,681;43,10269
 455,20; 5514,924;  384,387;12156,194;43,58326
 455,79; 5542,949;  396,775;12106,479;43,94794
 456,38; 5527,060;  396,462;12250,868;43,28009
 456,97; 5545,355;  396,463;12316,516;43,19522
 457,55; 5527,133;  390,845;12304,032;43,11431
 458,14; 5539,303;  412,463;12335,087;43,00093
 458,73; 5484,452;  392,691;12223,457;43,03830
 459,31; 5542,029;  426,534;12280,096;43,15576
 459,90; 5578,774;  452,151;12332,852;43,15085
 460,49; 5639,559;  509,613;12401,730;43,13736
 461,08; 5629,802;  408,686;12437,299;43,40580
 461,66; 5633,717;  402,073;12567,249;43,00508
 462,25; 5642,493;  403,454;12588,117;42,99699
 462,84; 5655,429;  421,609;12620,187;42,90516
 463,43; 5591,742;  370,220;12623,412;42,61356
 464,01; 5613,697;  405,757;12604,885;42,69109
 464,60; 5646,442;  464,529;12571,250;42,80196
 465,19; 5495,004;  388,756;12424,545;42,42553
 465,77; 5470,088;  412,678;12357,058;42,34134
 466,36; 5467,296;  434,912;12289,374;42,45139
 466,95; 5288,663;  414,297;11978,223;42,15148
 467,53; 5197,026;  422,137;11800,226;41,96565
 468,12; 5156,088;  447,752;11551,114;42,40460
 468,71; 5024,431;  416,679;11336,125;42,19768
 469,29; 4927,948;  400,367;11156,963;42,09120
 469,88; 4814,623;  411,212;10905,358;41,96064
 470,47; 4896,854;  467,978;10985,802;42,10828
 471,06; 4873,105;  424,055;10981,688;42,14060
 471,64; 4859,339;  434,748;11044,220;41,70416
 472,23; 4855,540;  408,512;11059,378;41,75274
 472,81; 4896,760;  387,130;11144,820;41,92006
 473,40; 4936,436;  404,358;11217,533;41,91256
 473,99; 5100,545;  526,358;11501,918;41,67612
 474,57; 5048,877;  409,050;11461,339;41,98069
 475,16; 5114,887;  438,360;11615,363;41,84062
 475,75; 5163,578;  463,433;11776,086;41,54768
 476,33; 5177,114;  448,354;11858,873;41,44211
 476,92; 5180,622;  454,665;11859,229;41,43917
 477,51; 5228,357;  440,201;11910,096;41,74542
 478,09; 5238,267;  442,124;11997,173;41,50690
 478,68; 5192,188;  449,738;11893,834;41,44015
 479,27; 5244,813;  494,740;11953,318;41,45430
 479,85; 5175,722;  450,508;11934,602;41,14573
 480,44; 5235,189;  427,507;11975,918;41,63068
 481,02; 5625,607;  460,120;12981,625;41,25292
 481,61; 6366,871;  469,352;14708,811;41,41673
 482,20; 6751,147;  455,043;15763,510;41,12825
 482,78; 7065,329;  489,969;16530,068;40,99326
 483,37; 7266,907;  464,886;17014,725;41,10023
 483,95; 7405,265;  508,963;17232,883;41,23616
 484,54; 7429,628;  502,968;17411,462;40,96557
 485,13; 7374,208;  467,037;17426,056;40,72860
 485,71; 7311,825;  455,115;17141,241;41,09228
 486,30; 7228,196;  486,269;16955,550;40,93638
 486,88; 7177,941;  554,653;16693,670;41,03898
 487,47; 6825,455;  499,190;16195,867;40,30321
 488,05; 6605,553;  506,497;15427,606;40,87535
 488,64; 6141,736;  474,341;14376,701;40,76571
 489,23; 5564,158;  500,573;12963,572;40,62894
 489,81; 4778,934;  502,803;11066,539;40,47934
 490,40; 4491,089;  458,649;10354,466;40,74893
 490,98; 4374,275;  436,725;10124,396;40,64496
 491,57; 4342,814;  462,496;10027,959;40,56592
 492,15; 4296,180;  447,802; 9917,861;40,63732
 492,74; 4296,560;  448,881; 9902,800;40,69930
 493,32; 4262,053;  469,802; 9814,395;40,58230
 493,91; 4180,233;  449,570; 9728,293;40,20664
 494,50; 4156,534;  446,258; 9679,862;40,18232
 495,08; 4157,774;  428,643; 9633,014;40,51479
 495,67; 4178,221;  472,185; 9578,252;40,69854
 496,25; 4117,266;  398,491; 9489,384;40,90660
 496,84; 4054,785;  416,109; 9512,673;40,00055
 497,42; 4048,631;  399,952; 9464,352;40,25285
 498,01; 4054,679;  437,108; 9453,793;40,12085
 498,59; 3993,104;  386,490; 9371,547;40,14014
 499,18; 3981,441;  393,339; 9287,218;40,34351
 499,76; 4005,499;  424,568; 9245,423;40,59619
 500,35; 3901,230;  415,949; 9113,908;40,07010
 500,93; 3861,149;  393,029; 9072,928;39,95577
 501,52; 3862,717;  386,490; 8958,662;40,55247
 502,10; 3853,760;  404,794; 8950,689;40,35816
 502,69; 3793,576;  387,254; 8864,315;40,18281
 503,27; 3739,016;  368,489; 8650,440;40,69727
 503,86; 3702,048;  392,639; 8591,426;40,36462
 504,44; 3653,416;  358,484; 8498,052;40,48043
 505,03; 3545,893;  357,792; 8276,629;40,25972
 505,61; 3537,166;  375,715; 8182,201;40,49775
 506,19; 3479,289;  381,484; 8061,205;40,33747
 506,78; 3394,680;  365,789; 7854,997;40,44341
 507,36; 3352,640;  375,869; 7714,319;40,56402
 507,95; 3303,939;  371,018; 7640,545;40,34541
 508,53; 3263,277;  369,097; 7535,150;40,38738
 509,12; 3214,416;  366,249; 7394,503;40,52453
 509,70; 3176,516;  391,172; 7298,662;40,32353
 510,29; 3141,010;  393,478; 7191,135;40,41881
 510,87; 3046,169;  349,866; 7022,534;40,40817
 511,46; 2972,574;  339,788; 6880,962;40,24944
 512,04; 2928,795;  357,094; 6728,628;40,36235
 512,62; 2843,099;  375,481; 6677,963;39,15312
 513,21; 2805,723;  341,786; 6516,175;39,90577
 513,79; 2771,104;  355,704; 6406,863;39,91632
 514,38; 2696,637;  327,167; 6279,236;39,80918
 514,96; 2714,628;  379,629; 6209,849;40,04993
 515,54; 2622,830;  333,782; 6073,357;39,88184
 516,13; 2610,579;  344,012; 5991,474;40,13425
 516,71; 2571,103;  344,472; 5877,527;40,24234
 517,30; 2514,127;  326,778; 5807,386;39,91070
 517,88; 2497,523;  352,086; 5754,270;39,71425
 518,46; 2411,858;  322,162; 5637,507;39,31440
 519,05; 2413,425;  340,238; 5601,825;39,40232
 519,63; 2410,648;  335,546; 5536,935;39,89516
 520,22; 2392,433;  356,928; 5499,494;39,58150
 520,80; 2337,119;  339,543; 5416,535;39,34566
 521,38; 2375,018;  398,699; 5437,134;39,22485
 521,97; 2334,147;  341,311; 5372,006;39,61353
 522,55; 2328,945;  346,926; 5348,352;39,62908
 523,13; 2312,503;  335,771; 5293,668;39,87036
 523,72; 2285,408;  339,777; 5276,160;39,41409
 524,30; 2366,420;  356,001; 5388,254;39,95067
 524,89; 2326,756;  317,157; 5357,816;39,86778
 525,47; 2366,608;  350,846; 5516,835;39,01986
 526,05; 2376,988;  305,692; 5526,607;39,67305
 526,64; 2447,369;  351,230; 5612,998;39,83717
 527,22; 2482,683;  350,616; 5719,181;39,71391
 527,80; 2568,948;  389,845; 5811,920;40,18947
 528,39; 2531,306;  325,460; 5872,543;39,76588
 528,97; 2582,734;  325,153; 5978,577;39,93298
 529,55; 2663,304;  335,771; 6130,053;40,16947
 530,14; 2722,839;  367,767; 6293,126;39,74564
 530,72; 2737,566;  329,306; 6366,578;39,88987
 531,30; 2751,217;  312,459; 6511,320;39,34203
 531,89; 2815,800;  330,228; 6552,628;39,94556
 532,47; 2876,131;  364,843; 6681,402;39,75722
 533,05; 2866,192;  360,153; 6677,919;39,66654
 533,63; 2885,021;  348,535; 6755,674;39,58843
 534,22; 2901,376;  324,996; 6714,482;40,32217
 534,80; 2927,287;  354,071; 6853,036;39,59424
 535,38; 3030,335;  462,151; 6950,707;39,58020
 535,97; 2899,534;  321,073; 6847,326;39,50905
 536,55; 2967,834;  397,686; 6924,884;39,37598
 537,13; 2949,411;  368,767; 6919,242;39,39629
 537,71; 2944,341;  400,767; 6942,048;38,88495
 538,30; 2983,722;  402,765; 7012,295;39,04903
 538,88; 3055,207;  439,069; 7128,972;39,10576
 539,46; 3093,316;  495,610; 7286,458;38,25305
 540,05; 3149,061;  485,762; 7347,659;38,81287
 540,63; 3237,634;  508,762; 7543,852;38,78943
 541,21; 3307,458;  526,684; 7667,785;38,94041
 541,79; 3356,042;  549,299; 7780,092;38,81652
 542,38; 3419,760;  581,916; 7875,773;38,90732
 542,96; 3463,941;  584,144; 7980,066;38,93764
 543,54; 3516,865;  604,607; 8164,629;38,52182
 544,12; 3542,762;  565,453; 8291,941;38,53379
 544,70; 3576,285;  562,605; 8385,298;38,52484
 545,29; 3609,993;  566,147; 8512,273;38,30604
 545,87; 3600,965;  578,146; 8531,707;38,00586
 546,45; 3541,541;  536,609; 8530,426;37,59070
 547,03; 3606,082;  516,762; 8591,549;38,25885
 547,62; 3605,988;  498,376; 8632,401;38,20509
 548,20; 3665,271;  516,221; 8840,064;37,83169
 548,78; 3663,557;  477,294; 8880,825;37,91576
 549,36; 3676,498;  465,448; 9026,130;37,50928
 549,94; 3700,205;  428,145; 9142,098;37,54967
 550,53; 3746,753;  439,218; 9317,086;37,25596
 551,11; 3772,429;  414,601; 9443,100;37,19143
 551,69; 3901,833;  430,756; 9739,513;37,28829
 552,27; 3930,985;  374,681; 9858,810;37,49743
 552,85; 4038,058;  388,216;10164,715;37,33280
 553,44; 4125,600;  395,525;10360,705;37,43108
 554,02; 4211,114;  403,986;10624,518;37,24980
 554,60; 4286,483;  352,755;10879,871;37,36758
 555,18; 4412,620;  388,064;11148,668;37,40084
 555,76; 4500,899;  378,832;11421,403;37,32887
 556,34; 4598,640;  380,215;11755,460;37,08426
 556,93; 4707,855;  373,217;12065,669;37,07211
 557,51; 4804,428;  341,676;12319,922;37,25714
 558,09; 4927,193;  375,679;12629,092;37,14486
 558,67; 4977,822;  361,136;12942,700;36,69405
 559,25; 5079,075;  382,599;13158,233;36,76120
 559,83; 5145,332;  356,905;13401,977;36,70679
 560,41; 5219,916;  347,907;13674,225;36,55930
 561,00; 5348,777;  369,906;13965,624;36,62088
 561,58; 5397,834;  352,985;14149,608;36,56583
 562,16; 5425,707;  341,216;14381,370;36,21392
 562,74; 5569,546;  325,448;14690,480;36,50600
 563,32; 5624,499;  324,674;15052,900;35,98414
 563,90; 5777,684;  347,444;15327,277;36,25034
 564,48; 5870,807;  363,677;15664,760;35,99177
 565,06; 6052,937;  342,675;16147,122;36,13073
 565,65; 6253,548;  355,134;16690,722;36,10776
 566,23; 6453,440;  405,059;17315,816;35,76647
 566,81; 6565,858;  340,368;17892,079;35,46942
 567,39; 6825,701;  348,058;18582,558;35,52411
 567,97; 7012,639;  385,752;19137,351;35,34038
 568,55; 7241,296;  409,597;19795,822;35,23996
 569,13; 7377,997;  357,598;20353,817;35,10863
 569,71; 7645,105;  324,832;21192,523;35,07946
 570,29; 7923,007;  404,218;22011,707;34,79715
 570,87; 8075,523;  383,448;22564,174;34,67910
 571,45; 8266,542;  367,137;23067,776;34,79816
 572,03; 8385,407;  315,211;23468,330;34,85576
 572,61; 8464,063;  319,828;24101,783;34,24544
 573,20; 8659,785;  353,368;24631,384;34,21374
 573,78; 8836,361;  330,674;25093,400;34,34875
 574,36; 8999,083;  352,674;25566,896;34,29179
 574,94; 9070,190;  417,134;25892,718;33,96608
 575,52; 9070,289;  325,209;26073,775;33,96337
 576,10; 9173,995;  389,979;26511,306;33,62775
 576,68; 9317,975;  359,288;27011,137;33,61375
 577,26; 9515,109;  381,900;27596,784;33,55961
 577,84; 9621,673;  387,059;28050,013;33,38260
 578,42; 9718,890;  442,595;28272,915;33,33161
 579,00; 9614,377;  368,751;28402,900;32,97987
 579,58; 9716,193;  418,596;28528,295;33,07612
 580,16; 9581,856;  363,825;28536,803;32,71941
 580,74; 9657,617;  365,287;28735,573;32,75374
 581,32; 9601,695;  360,441;28727,990;32,57685
 581,90; 9607,469;  396,441;28727,533;32,51208
 582,48; 9568,795;  376,287;28789,380;32,35307
 583,06; 9579,842;  358,903;28904,719;32,30224
 583,64; 9611,851;  358,288;28896,794;32,42483
 584,22; 9485,152;  383,208;28848,125;31,97601
 584,80; 9473,293;  382,672;28643,531;32,16682
 585,38; 9318,575;  389,292;28189,805;32,11913
 585,96; 9271,267;  343,289;28262,787;31,97757
 586,54; 9263,952;  374,362;28201,276;31,94602
 587,12; 9203,230;  352,056;28306,538;31,66281
 587,70; 9261,335;  385,289;28397,943;31,68584
 588,28; 9209,321;  344,825;28413,307;31,58167
 588,86; 9235,753;  364,670;28510,119;31,51871
 589,44; 9168,748;  328,591;28561,562;31,31147
 590,02; 9219,433;  341,899;28762,210;31,23658
 590,59; 9233,796;  325,209;28738,852;31,35320
 591,17; 9262,436;  348,050;28948,390;31,16881
 591,75; 9244,597;  323,282;28960,993;31,15233
 592,33; 9260,680;  352,283;29278,410;30,79706
 592,91; 9235,229;  294,281;29389,885;30,72955
 593,49; 9332,117;  314,203;29615,740;30,77625
 594,07; 9342,884;  330,742;29880,086;30,49862
 594,65; 9297,299;  350,439;29820,624;30,35902
 595,23; 9397,245;  336,669;30113,248;30,42853
 595,81; 9361,128;  331,976;30218,176;30,21178
 596,39; 9334,011;  325,975;30360,793;29,99198
 596,97; 9332,198;  311,666;30557,269;29,82427
 597,55; 9366,489;  312,515;30399,859;30,09230
 598,12; 9279,461;  294,202;30422,591;29,82323
 598,70; 9216,752;  295,281;30555,773;29,48224
 599,28; 9226,492;  332,127;30678,273;29,30970
 599,86; 9198,517;  313,050;30722,849;29,21909
 600,44; 9168,309;  272,434;30806,315;29,13444
 601,02; 9209,965;  346,123;30836,916;29,07055
 601,60; 9096,138;  319,205;30796,416;28,79835
 602,18; 9095,348;  282,664;30779,590;28,89696
 602,75; 9069,522;  288,899;30865,636;28,71668
 603,33; 9077,524;  306,819;30873,889;28,69331
 603,91; 9032,896;  283,278;30885,369;28,59157
 604,49; 9029,897;  307,665;30881,390;28,52852
 605,07; 8946,919;  317,359;30994,608;28,13016
 605,65; 8927,257;  315,588;31052,279;28,01756
 606,23; 8950,217;  345,978;31160,773;27,92243
 606,80; 8952,951;  355,514;31216,713;27,85840
 607,38; 8897,052;  363,663;31197,250;27,67563
 607,96; 8933,488;  390,130;31345,905;27,59859
 608,54; 8985,841;  435,818;31378,740;27,63159
 609,12; 8896,845;  427,668;31435,059;27,31341
 609,70; 8926,159;  435,281;31411,463;27,41099
 610,27; 8900,356;  419,745;31498,749;27,28727
 610,85; 8902,924;  459,897;31566,539;27,14220
 611,43; 8841,967;  442,050;31444,196;27,09463
 612,01; 8744,448;  406,052;31433,067;26,87463
 612,59; 8719,451;  413,435;31332,348;26,86387
 613,16; 8642,799;  400,208;31300,741;26,67459
 613,74; 8539,187;  383,358;31201,927;26,46401
 614,32; 8540,045;  381,049;31156,741;26,51117
 614,90; 8483,365;  373,743;31048,957;26,43705
 615,48; 8365,967;  347,208;30851,821;26,28704
 616,05; 8301,143;  319,901;30803,662;26,18195
 616,63; 8230,088;  341,363;30677,425;26,00445
 617,21; 8201,110;  331,515;30568,403;26,02647
 617,79; 8097,382;  319,129;30588,485;25,69679
 618,36; 8035,425;  331,975;30408,377;25,61294
 618,94; 7909,159;  265,207;30145,323;25,58207
 619,52; 7828,728;  307,055;29994,081;25,33657
 620,10; 7748,386;  275,591;29947,944;25,18437
 620,67; 7746,981;  293,517;29842,233;25,22433
 621,25; 7677,661;  309,513;29745,916;25,03073
 621,83; 7612,252;  283,515;29690,669;24,92161
 622,41; 7574,632;  350,977;29726,591;24,59065
 622,98; 7486,701;  314,671;29382,386;24,67353
 623,56; 7452,106;  318,671;29483,345;24,45916
 624,14; 7394,007;  296,281;29283,806;24,48545
 624,72; 7321,881;  303,669;29263,515;24,23429
 625,29; 7347,153;  287,056;29333,230;24,30646
 625,87; 7313,336;  335,052;29264,793;24,12149
 626,45; 7203,169;  284,056;29152,342;23,96787
 627,02; 7154,466;  293,744;29046,679;23,86094
 627,60; 7121,845;  267,511;29045,507;23,81797
 628,18; 7062,461;  262,899;29089,675;23,58766
 628,76; 7009,153;  258,055;29139,542;23,37518
 629,33; 7018,308;  307,285;29056,934;23,34297
 629,91; 6993,847;  277,514;29023,175;23,36469
 630,49; 6986,063;  304,593;29225,084;23,10289
 631,06; 6941,622;  287,055;29224,120;22,99669
 631,64; 6923,390;  289,210;29211,113;22,93826
 632,22; 6870,942;  264,826;29152,413;22,86835
 632,79; 6875,528;  292,057;29366,452;22,64354
 633,37; 6884,850;  265,667;29387,606;22,72920
 633,95; 6873,058;  284,595;29426,765;22,60800
 634,52; 6864,340;  274,054;29646,937;22,43663
 635,10; 6855,331;  286,976;29565,404;22,43411
 635,68; 6842,804;  287,134;29761,836;22,24168
 636,25; 6858,800;  263,904;29705,248;22,40012
 636,83; 6825,153;  253,901;29912,080;22,15663
 637,41; 6822,559;  273,596;29828,910;22,15833
 637,98; 6841,061;  306,673;30037,063;21,97882
 638,56; 6836,153;  279,366;30170,244;21,93574
 639,13; 6842,866;  257,902;30144,270;22,03334
 639,71; 6861,547;  341,593;30305,928;21,75905
 640,29; 6703,251;  232,439;30073,417;21,68431
 640,86; 6733,497;  261,132;30333,564;21,52259
 641,44; 6710,743;  266,747;30277,866;21,47203
 642,02; 6678,373;  290,055;30228,706;21,33803
 642,59; 6663,773;  250,901;30405,468;21,26667
 643,17; 6598,404;  257,439;30435,231;21,01202
 643,74; 6611,881;  254,670;30417,994;21,07596
 644,32; 6589,050;  278,593;30401,988;20,94869
 644,89; 6577,988;  278,208;30386,520;20,92372
 645,47; 6541,619;  288,823;30405,052;20,76221
 646,05; 6522,557;  281,823;30394,892;20,72434
 646,62; 6433,957;  263,746;30275,962;20,55900
 647,20; 6455,973;  269,823;30494,802;20,46701
 647,77; 6375,065;  241,131;30418,719;20,32612
 648,35; 6361,772;  231,438;30305,712;20,38398
 648,92; 6343,095;  264,130;30254,168;20,26995
 649,50; 6306,111;  237,207;30278,930;20,20158
 650,08; 6250,357;  230,284;30135,001;20,13085
 650,65; 6217,295;  252,284;30321,841;19,83738
 651,23; 6306,310;  218,515;30809,373;19,90070
 651,80; 6447,710;  227,207;31718,213;19,75327
 652,38; 6535,110;  250,130;32069,668;19,75195
 652,95; 6536,356;  231,515;32456,431;19,56511
 653,53; 6560,679;  245,514;32679,040;19,47110
 654,10; 6638,387;  283,899;32812,418;19,53513
 654,68; 6532,325;  231,745;32669,335;19,42370
 655,25; 6512,802;  224,822;32728,790;19,34527
 655,83; 6518,125;  231,437;32816,630;19,29308
 656,40; 6483,755;  273,360;32820,469;19,08125
 656,98; 6468,694;  241,206;32834,232;19,10681
 657,55; 6427,248;  243,052;32723,995;19,03946
 658,13; 6365,647;  241,821;32366,143;19,06290
 658,70; 6309,201;  268,129;32158,367;18,94333
 659,28; 6165,601;  240,129;31474,361;18,97108
 659,85; 6040,232;  274,667;30820,585;18,87507
 660,43; 6011,401;  259,744;30682,117;18,90601
 661,00; 5962,493;  252,590;30825,957;18,67607
 661,58; 5999,278;  236,898;31013,335;18,72335
 662,15; 6029,754;  235,744;31192,098;18,71671
 662,73; 6119,231;  308,821;31424,015;18,67387
 663,30; 6058,631;  241,975;31621,701;18,53635
 663,88; 6037,339;  249,898;31646,540;18,43331
 664,45; 6043,662;  241,667;31939,842;18,30388
 665,03; 6142,985;  231,820;32257,758;18,45743
 665,60; 6209,000;  341,743;32606,598;18,18467
 666,17; 6142,169;  246,897;32631,207;18,20410
 666,75; 6193,646;  243,282;32926,739;18,20604
 667,32; 6248,277;  266,359;33298,194;18,10955
 667,90; 6244,523;  257,589;33444,803;18,03988
 668,47; 6278,076;  274,743;33657,797;17,98318
 669,05; 6276,476;  239,435;33942,791;17,91228
 669,62; 6297,953;  224,666;33967,169;17,99892
 670,19; 6279,122;  222,974;34069,778;17,89282
 670,77; 6326,291;  253,666;34231,233;17,87246
 671,34; 6322,999;  242,281;34088,534;17,96570
 671,92; 6308,476;  229,973;34483,913;17,74541
 672,49; 6336,337;  259,281;34460,368;17,76861
 673,06; 6294,660;  209,435;34466,515;17,76341
 673,64; 6333,598;  226,281;34473,509;17,83303
 674,21; 6317,691;  212,204;34427,349;17,84440
 674,79; 6366,629;  258,742;34672,035;17,74863
 675,36; 6364,183;  255,127;34711,567;17,72979
 675,93; 6329,044;  207,204;34592,407;17,80371
 676,51; 6340,136;  247,511;34809,169;17,62828
 677,08; 6353,998;  243,280;34850,932;17,65713
 677,65; 6352,475;  246,434;34861,234;17,63997
 678,23; 6403,413;  245,665;35089,458;17,67244
 678,80; 6382,351;  230,434;35136,375;17,62427
 679,38; 6397,213;  233,588;35252,830;17,60068
 679,95; 6469,767;  249,357;35525,054;17,63370
 680,52; 6450,782;  234,203;35772,356;17,49269
 681,10; 6572,643;  258,818;36171,888;17,58086
 681,67; 6573,428;  251,357;36259,035;17,55756
 682,24; 6511,366;  206,280;36386,260;17,42700
 682,82; 6598,458;  237,741;36745,792;17,42278
 683,39; 6661,935;  283,433;37066,016;17,34109
 683,96; 6716,643;  247,895;37278,856;17,46849
 684,54; 6708,273;  213,895;37639,850;17,35261
 685,11; 6780,135;  290,356;37925,074;17,24413
 685,68; 6825,381;  238,664;38169,837;17,36492
 686,25; 6815,396;  221,356;38295,369;17,31901
 686,83; 6845,873;  231,664;38387,593;17,33468
 687,40; 6873,042;  218,971;38711,741;17,28655
 687,97; 6983,442;  273,279;39111,427;17,27725
 688,55; 6927,227;  216,971;39122,190;17,24770
 689,12; 6991,319;  213,663;39254,952;17,36022
 689,69; 6997,103;  213,509;39285,254;17,36189
 690,26; 7010,503;  227,355;39464,632;17,28751
 690,84; 7018,134;  218,586;39549,241;17,28816
 691,41; 7038,072;  244,048;39679,081;17,22840
 691,98; 7113,011;  241,124;40035,767;17,26837
 692,56; 7116,257;  221,817;39923,683;17,36553
 693,13; 7156,580;  276,047;40073,985;17,28867
 693,70; 7143,518;  250,739;40198,978;17,25427
 694,27; 7142,302;  221,970;40273,972;17,27837
 694,84; 7136,087;  227,739;40409,196;17,19287
 695,42; 7338,025;  363,047;40562,498;17,35093
 695,99; 7221,733;  238,201;40668,261;17,27312
 696,56; 7207,056;  229,278;40425,177;17,35943
 697,13; 7318,917;  250,893;40928,094;17,37589
 697,71; 7306,163;  237,354;40919,011;17,37591
 698,28; 7333,717;  233,970;41056,697;17,39165
 698,85; 7331,732;  206,970;41095,767;17,42473
 699,42; 7355,055;  210,354;41349,915;17,36698
 699,99; 7437,686;  255,816;41336,447;17,48238
 700,57; 7433,086;  249,123;41415,440;17,45107
 701,14; 7473,717;  224,969;41550,203;17,54073
 701,71; 7502,424;  251,892;41730,889;17,48001
 702,28; 7529,901;  223,277;41843,883;17,55530
 702,85; 7580,224;  231,584;41842,876;17,66021
 703,43; 7589,855;  252,430;42044,947;17,55679
 704,00; 7640,254;  264,353;42261,787;17,56274
 704,57; 7703,577;  232,969;42225,319;17,79040
 705,14; 7718,208;  260,122;42461,928;17,67243
 705,71; 7731,608;  269,507;42584,152;17,63480
 706,28; 7756,777;  240,353;42407,146;17,82546
 706,86; 7801,946;  267,199;42609,524;17,79484
 707,43; 7834,115;  291,507;42608,672;17,82399
 708,00; 7891,054;  272,430;42597,050;18,00045
 708,57; 7838,684;  234,353;42547,890;17,97139
 709,14; 7901,700;  253,045;42677,652;18,02882
 709,71; 7935,561;  234,583;42723,492;18,12468
 710,28; 7964,884;  249,891;42956,101;18,06527
 710,86; 7986,746;  242,199;43044,941;18,09358
 711,43; 8017,761;  281,122;43032,704;18,09673
 712,00; 8071,161;  244,814;43090,159;18,26650
 712,57; 8146,791;  273,968;43237,537;18,32442
 713,14; 8164,576;  250,737;43336,454;18,36766
 713,71; 8199,207;  267,814;43246,371;18,45430
 714,28; 8210,760;  249,583;43236,134;18,52016
 714,85; 8149,083;  233,813;43089,127;18,46975
 715,42; 8235,791;  242,736;43212,505;18,60158
 716,00; 8307,883;  330,044;43356,730;18,54161
 716,57; 8291,668;  245,505;43522,647;18,59218
 717,14; 8313,221;  235,352;43316,486;18,75036
 717,71; 8314,006;  216,275;43472,172;18,72053
 718,28; 8376,790;  284,967;43603,320;18,67990
 718,85; 8340,421;  212,121;43541,621;18,75928
 719,42; 8417,052;  246,736;43593,461;18,84875
 719,99; 8402,375;  228,890;43414,147;18,92656
 720,56; 8494,851;  266,813;43777,140;18,91054
 721,13; 8538,482;  221,889;43855,211;19,06019
 721,70; 8496,959;  232,889;43612,358;19,05065
 722,27; 8536,590;  257,812;43730,814;19,04349
 722,84; 8686,220;  316,120;43911,577;19,19948
 723,41; 8605,312;  223,120;43891,032;19,19531
 723,98; 8672,405;  233,427;43995,487;19,28378
 724,55; 8756,112;  260,274;44173,942;19,34668
 725,12; 8702,281;  200,504;44037,474;19,39408
 725,69; 8800,066;  243,581;44181,468;19,47405
 726,27; 8854,312;  226,658;44316,308;19,56843
 726,84; 8910,635;  245,735;44467,840;19,59405
 727,41; 8934,496;  256,889;44551,833;19,59052
 727,98; 9002,358;  257,042;44802,596;19,63230
 728,55; 9083,604;  297,196;44755,128;19,76342
 729,12; 9072,850;  226,119;44790,891;19,85140
 729,69; 9121,019;  263,811;44922,500;19,83311
 730,26; 9155,650;  254,350;45143,724;19,82941
 730,82; 9160,434;  253,888;45098,103;19,86108
 731,39; 9227,373;  245,965;45088,019;20,02898
 731,96; 9348,542;  222,888;45360,090;20,21759
 732,53; 9429,326;  252,195;45507,699;20,27849
 733,10; 9451,341;  263,426;45678,770;20,23086
 733,67; 9543,664;  250,041;45739,840;20,43013
 734,24; 9475,834;  237,195;45466,218;20,42635
 734,81; 9592,772;  282,195;45622,827;20,53473
 735,38; 9557,633;  258,041;45525,744;20,54355
 735,95; 9578,649;  263,272;45320,276;20,67465
 736,52; 9656,049;  247,426;45478,501;20,80124
 737,09; 9638,372;  268,426;45200,725;20,85348
 737,66; 9747,541;  318,887;45480,103;20,87777
 738,23; 9759,094;  257,349;45489,405;21,00666
 738,80; 9956,187;  338,964;45834,783;21,13870
 739,37; 9936,894;  289,348;45843,315;21,17828
 739,94; 9945,371;  258,810;45876,616;21,23417
 740,51;10124,463;  420,348;46032,610;21,27523
 741,07; 9973,478;  262,348;46013,988;21,22575
 741,64;10102,340;  285,502;46088,443;21,43277
 742,21;10133,509;  268,117;46098,437;21,52591
 742,78;10123,447;  239,579;45969,200;21,61371
 743,35;10231,847;  265,886;46198,963;21,69670
 743,92;10309,786;  326,117;46355,341;21,68985
 744,49;10378,416;  314,348;46251,334;21,90842
 745,06;10377,278;  260,886;46256,482;21,99426
 745,63;10373,678;  242,655;46212,937;22,03820
 746,19;10464,154;  266,040;46279,700;22,16323
 746,76;10436,862;  269,270;46202,540;22,13557
 747,33;10507,262;  272,578;46311,072;22,23071
 747,90;10572,354;  277,501;46478,065;22,28296
 748,47;10648,985;  275,116;46369,367;22,50578
 749,04;10719,539;  277,501;46429,822;22,62516
 749,61;10742,015;  314,501;46430,123;22,61167
 750,17;10801,031;  287,885;46419,040;22,78969
 750,74;10860,507;  287,577;46394,187;22,93148
 751,31;10782,138;  247,424;46338,335;22,85638
 751,88;10846,384;  245,962;46223,559;23,05562
 752,45;10958,015;  260,500;46379,168;23,19563
 753,02;10953,492;  281,039;46202,623;23,24060
 753,58;11000,661;  258,192;46049,848;23,45945
 754,15;11004,676;  261,115;46249,380;23,36153
 754,72;10988,538;  250,346;46024,835;23,45890
 755,29;11022,784;  258,115;45829,060;23,62178
 755,86;11115,953;  278,192;45989,361;23,70922
 756,42;11148,968;  281,038;45922,278;23,81164
 756,99;11075,752;  234,115;45845,271;23,76971
 757,56;11141,075;  241,577;45842,726;23,90181
 758,13;11158,398;  194,653;45746,258;24,06884
 758,70;11275,721;  244,576;45813,406;24,20766
 759,26;11289,660;  227,269;45909,323;24,21605
 759,83;11387,444;  244,345;45917,470;24,39750
 760,40;11371,229;  217,115;45844,541;24,44607
 760,97;11412,167;  213,653;45946,611;24,48675
 761,53;11373,182;  201,191;45538,297;24,64205
 762,10;11432,967;  200,191;45633,829;24,72348
 762,67;11503,444;  229,345;45480,900;24,91428
 763,24;11427,228;  178,960;45142,740;25,01629
 763,80;11569,090;  220,576;45303,426;25,17257
 764,37;11566,874;  223,422;45338,419;25,14342
 764,94;11531,274;  217,345;44805,413;25,37434
 765,50;11589,982;  217,114;44845,868;25,48327
 766,07;11704,997;  254,191;44927,939;25,63207
 766,64;11660,858;  233,191;44698,548;25,70016
 767,21;11709,028;  241,114;44582,926;25,86253
 767,77;11732,966;  244,190;44542,304;25,93513
 768,34;11791,904;  257,498;44448,682;26,10115
 768,91;11880,073;  266,190;44302,984;26,37314
 769,47;11863,012;  256,575;44390,746;26,29807
 770,04;11884,642;  263,652;44253,663;26,41734
 770,61;11871,042;  234,959;43964,349;26,60930
 771,18;11946,288;  240,267;43998,112;26,75182
 771,74;12035,457;  255,498;44062,490;26,89059
 772,31;11984,934;  271,344;43868,561;26,86775
 772,88;11931,180;  235,882;43699,785;26,90807
 773,44;11939,349;  234,343;43574,317;27,00741
 774,01;12103,596;  275,574;43676,695;27,25280
 774,58;12085,995;  235,805;43413,381;27,44524
 775,14;12132,241;  238,420;43453,375;27,52247
 775,71;12154,488;  234,035;43417,446;27,60424
 776,27;12287,426;  313,882;43282,978;27,86548
 776,84;12413,595;  366,805;43421,894;27,97995
 777,41;12324,303;  264,958;43214,965;28,07763
 777,97;12322,164;  250,497;42939,420;28,27822
 778,54;12327,333;  260,112;42996,260;28,23657
 779,11;12413,041;  288,727;42979,946;28,40002
 779,67;12456,133;  268,419;42977,324;28,53670
 780,24;12475,302;  265,189;42792,087;28,71151
 780,80;12494,779;  269,035;42735,465;28,78920
 781,37;12573,486;  285,342;42748,228;28,93855
 781,94;12570,733;  267,881;42466,222;29,15482
 782,50;12599,209;  267,342;42478,831;29,21448
 783,07;12707,840;  286,573;42588,055;29,36367
 783,63;12617,317;  257,496;42370,895;29,34890
 784,20;12706,794;  295,803;42269,658;29,56838
 784,77;12739,809;  261,111;42054,805;29,85785
 785,33;12740,593;  240,034;42003,260;29,93198
 785,90;12767,993;  256,957;41958,408;30,00144
 786,46;12781,932;  286,957;41880,325;30,04079
 787,03;12827,408;  260,341;41802,472;30,25138
 787,59;12895,270;  259,726;41700,927;30,49029
 788,16;12950,747;  274,418;41620,844;30,65883
 788,73;12927,839;  274,034;41597,453;30,62139
 789,29;12931,547;  251,110;41260,908;30,92050
 789,86;12994,100;  295,495;41199,056;31,04523
 790,42;12947,116;  271,341;40958,818;31,15399
 790,99;12936,054;  272,341;40754,966;31,28185
 791,55;12935,762;  261,879;40746,421;31,30549
 792,12;13065,392;  306,956;40708,645;31,57897
 792,68;13029,331;  277,033;40461,408;31,73447
 793,25;13091,961;  285,494;40209,171;32,07737
 793,81;13064,746;  366,571;39938,011;32,08924
 794,38;12970,299;  244,033;39787,620;32,18288
 794,94;13024,622;  261,494;39647,383;32,40533
 795,51;13042,176;  273,648;39460,069;32,58406
 796,07;12977,730;  273,879;39260,832;32,58488
 796,64;13133,591;  291,032;39409,210;32,83016
 797,20;13032,684;  286,494;38950,588;32,96648
 797,77;12978,699;  231,878;38631,659;33,19503
 798,33;13030,560;  261,417;38575,345;33,32768
 798,90;13094,499;  280,878;38519,877;33,50930
 799,46;12995,129;  255,032;38056,409;33,70273
 800,03;13110,298;  269,340;38048,556;33,98948
 800,59;12990,391;  281,416;37944,165;33,74415
 801,15;13004,714;  289,032;37662,851;34,02297
 801,72;13030,190;  270,109;37398,383;34,36756
 802,28;13011,052;  292,570;37212,685;34,44865
 802,85;12941,221;  274,493;36984,986;34,50438
 803,41;12996,698;  276,570;36836,980;34,79208
 803,98;13007,790;  262,185;36430,973;35,23924
 804,54;12948,190;  266,954;36340,582;35,15376
 805,11;12932,667;  279,262;36156,345;35,26877
 805,67;12894,144;  303,723;36007,339;35,26371
 806,23;12841,390;  280,493;35717,871;35,44533
 806,80;12826,482;  291,108;35601,403;35,50062
 807,36;12895,035;  299,339;35624,089;35,65686
 807,93;12818,666;  308,108;35394,313;35,65663
 808,49;12706,297;  271,338;35077,230;35,72659
 809,05;12678,081;  253,800;34892,993;35,86770
 809,62;12711,404;  285,877;34816,679;35,98390
 810,18;12737,958;  269,338;34789,826;36,11948
 810,74;12625,435;  239,415;34568,589;36,08016
 811,31;12664,219;  256,953;34472,121;36,26247
 811,87;12751,389;  280,184;34216,269;36,74910
 812,44;12685,250;  294,953;34357,416;36,37522
 813,00;12678,111;  222,953;34017,641;36,85537
 813,56;12740,511;  276,107;34080,173;36,87250
 814,13;12676,296;  279,030;34023,166;36,73902
 814,69;12693,311;  251,876;33879,160;36,99804
 815,25;12599,865;  227,722;33471,154;37,21680
 815,82;12636,419;  277,645;33500,147;37,20001
 816,38;12707,972;  313,568;33346,372;37,52150
 816,94;12574,295;  237,953;33033,134;37,61633
 817,51;12610,772;  235,106;32749,128;38,06255
 818,07;12572,941;  252,568;32706,814;37,96228
 818,63;12578,495;  259,183;32416,269;38,30979
 819,20;12599,510;  265,798;32452,263;38,31956
 819,76;12501,449;  237,721;32109,564;38,47825
 820,32;12534,541;  282,183;32075,173;38,53792
 820,89;12479,325;  268,337;31837,859;38,67968
 821,45;12443,264;  251,952;31549,007;38,95354
 822,01;12426,587;  270,798;31403,616;39,04494
 822,57;12438,371;  274,106;31264,225;39,25208
 823,14;12419,848;  230,798;31097,295;39,48958
 823,70;12337,402;  243,028;30937,212;39,40282
 824,26;12370,879;  249,259;30755,975;39,73427
 824,82;12408,432;  284,721;30647,661;39,92931
 825,39;12318,140;  246,105;30400,577;40,03398
 825,95;12409,309;  263,874;30414,263;40,28285
 826,51;12323,324;  267,874;30120,488;40,38323
 827,08;12451,724;  296,874;30146,327;40,72051
 827,64;12368,124;  284,643;29959,552;40,71952
 828,20;12322,524;  245,182;29785,007;40,88495
 828,76;12416,385;  290,259;29812,385;41,07471
 829,32;12359,478;  298,335;29650,456;41,09121
 829,89;12332,108;  241,105;29518,142;41,29859
 830,45;12389,124;  276,643;29463,674;41,49953
 831,01;12377,831;  271,951;29353,052;41,62800
 831,57;12390,462;  270,489;29269,430;41,79454
 832,14;12410,939;  256,335;29244,193;41,92998
 832,70;12376,877;  244,181;28954,418;42,25913
 833,26;12373,508;  220,027;28888,565;42,39309
 833,82;12399,446;  261,565;28903,713;42,37769
 834,38;12442,384;  250,719;28807,091;42,69333
 834,95;12455,015;  243,565;28727,392;42,87152
 835,51;12404,492;  218,181;28604,463;42,93028
 836,07;12510,353;  249,104;28714,764;43,07383
 836,63;12574,907;  281,257;28682,527;43,28556
 837,19;12639,384;  269,257;28549,982;43,74049
 837,75;12470,553;  221,642;28266,437;43,67624
 838,32;12617,876;  284,719;28343,585;43,95458
 838,88;12620,583;  282,488;28406,809;43,86984
 839,44;12683,522;  273,488;28302,880;44,27507
 840,00;12694,229;  259,949;28280,642;44,37535
 840,56;12697,475;  243,103;28033,021;44,81615
 841,12;12704,722;  239,488;27914,476;45,04152
 841,68;12670,121;  231,334;27790,469;45,13490
 842,25;12719,521;  248,026;27896,155;45,10792
 842,81;12656,921;  241,718;27616,688;45,35239
 843,37;12786,167;  232,026;27647,758;45,79174
 843,93;12785,183;  255,487;27594,059;45,83156
 844,49;12921,813;  262,872;27645,822;46,22928
 845,05;12803,136;  210,025;27405,047;46,30668
 845,61;12924,613;  268,718;27456,886;46,54927
 846,17;12862,474;  238,871;27339,342;46,58075
 846,73;12875,105;  254,948;27315,028;46,63755
 847,29;12850,736;  236,102;27138,637;46,89013
 847,86;12908,213;  241,948;27111,861;47,13921
 848,42;12817,997;  242,794;26990,393;47,01432
 848,98;12896,320;  263,486;26910,387;47,40827
 849,54;12936,028;  252,563;26995,765;47,42687
 850,10;12964,504;  266,179;26909,682;47,66012
 850,66;12857,981;  235,563;26666,829;47,75563
 851,22;12840,766;  226,717;26607,592;47,81513
 851,78;12958,473;  285,178;26678,355;48,01732
 852,34;12910,412;  269,640;26529,195;48,13780
 852,90;12907,658;  248,870;26495,034;48,23100
 853,46;12891,135;  238,563;26244,028;48,65351
 854,02;12894,535;  254,409;26301,252;48,52844
 854,58;12830,781;  250,870;26099,554;48,66751
 855,14;12814,719;  239,562;26025,470;48,76755
 855,70;12799,273;  212,947;25916,464;48,96733
 856,26;12809,749;  256,947;25867,150;49,01485
 856,82;12826,303;  253,870;25749,374;49,31235
 857,38;12826,319;  302,254;25675,906;49,35854
 857,94;12770,411;  248,716;25611,362;49,37062
 858,50;12788,041;  274,254;25480,586;49,64541
 859,06;12713,749;  243,331;25218,503;49,93126
 859,62;12764,457;  271,946;25298,035;49,91795
 860,18;12681,703;  252,100;25060,721;50,10195
 860,74;12699,103;  216,562;25002,714;50,36095
 861,30;12662,810;  246,869;24816,708;50,53326
 861,86;12788,518;  319,946;24890,625;50,74574
 862,42;12625,148;  240,715;24682,695;50,66870
 862,98;12798,548;  291,869;24688,997;51,26292
 863,54;12653,564;  249,023;24474,760;51,20398
 864,10;12767,040;  253,253;24526,907;51,55296
 864,66;12611,902;  218,176;24366,362;51,32363
 865,22;12682,917;  255,022;24190,125;51,92330
 865,78;12649,702;  248,253;24193,811;51,79018
 866,34;12664,794;  238,253;24092,112;52,09447
 866,90;12648,348;  251,791;23978,798;52,24661
 867,45;12630,594;  243,253;23773,330;52,64471
 868,01;12606,763;  257,868;23686,862;52,70774
 868,57;12588,470;  239,714;23600,087;52,86198
 869,13;12614,409;  237,330;23485,080;53,23990
 869,69;12604,732;  233,406;23371,305;53,46780
 870,25;12515,978;  220,022;23242,145;53,40931
 870,81;12598,070;  241,099;23242,754;53,72210
 871,37;12585,701;  257,175;23147,440;53,85925
 871,93;12609,331;  275,175;23046,818;54,16454
 872,49;12552,270;  300,406;22873,273;54,27695
 873,04;12419,131;  226,867;22713,420;54,22024
 873,60;12496,685;  230,867;22635,029;54,74794
 874,16;12355,546;  261,790;22568,177;54,21656
 874,72;12384,315;  232,098;22491,946;54,59254
 875,28;12365,700;  246,329;22428,408;54,63587
 875,84;12391,162;  250,406;22390,869;54,83515
 876,40;12387,854;  237,252;22352,946;54,94108
 876,95;12376,238;  265,637;22299,792;54,96286
 877,51;12404,700;  283,637;22322,254;54,99920
 878,07;12510,315;  297,252;22311,331;55,47842
 878,63;12451,315;  254,483;22296,177;55,33528
 879,19;12530,931;  270,098;22358,331;55,50844
 879,75;12534,085;  247,252;22321,638;55,66104
 880,30;12637,162;  239,406;22373,638;56,01168
 880,86;12678,854;  292,637;22521,562;55,72117
 881,42;12644,854;  232,021;22510,946;55,71558
 881,98;12759,315;  264,406;22569,638;56,01784
 882,54;12816,392;  254,098;22638,485;56,12079
 883,09;12956,854;  268,483;22714,408;56,52862
 883,65;12995,854;  227,406;22761,638;56,66245
 884,21;13169,469;  280,944;22960,177;56,82963
 884,77;13119,238;  238,483;22999,715;56,59077
 885,32;13263,392;  249,329;23011,638;57,17374
 885,88;13388,238;  288,098;23216,792;57,13426
 886,44;13427,854;  257,637;23296,715;57,16469
 887,00;13504,777;  278,252;23317,638;57,40832
 887,56;13548,854;  247,867;23393,946;57,46540
 888,11;13612,315;  256,098;23412,254;57,67891
 888,67;13723,777;  274,790;23560,715;57,75586
 889,23;13749,238;  260,483;23537,869;57,94790
 889,79;13714,546;  236,560;23478,177;57,99074
 890,34;13742,392;  261,637;23438,869;58,16378
 890,90;13950,546;  335,252;23556,100;58,63392
 891,46;13883,085;  251,944;23515,331;58,59482
 892,01;13945,238;  271,637;23481,408;58,91313
 892,57;13912,392;  290,867;23462,100;58,78636
 893,13;13854,931;  254,637;23253,715;59,13408
 893,69;13889,008;  233,175;23210,254;59,43241
 894,24;13870,854;  247,098;23140,023;59,51077
 894,80;13876,085;  248,944;23016,946;59,85216
 895,36;13942,700;  252,713;22917,177;60,40287
 895,91;13833,085;  247,560;22825,408;60,17192
 896,47;13828,085;  278,790;22719,100;60,37927
 897,03;13828,469;  252,252;22567,638;60,83792
 897,58;13836,546;  259,560;22400,946;61,31950
 898,14;13769,315;  261,406;22242,792;61,45158
 898,70;13724,854;  213,406;22143,177;61,61235
 899,25;13778,238;  253,329;22181,715;61,67763
 899,81;13731,008;  251,867;22036,408;61,87480
 900,37;13690,085;  222,713;21764,946;62,51613
 900,92;13744,623;  245,252;21832,023;62,53539
 901,48;13692,777;  243,790;21694,254;62,69788
 902,03;13675,085;  242,713;21513,023;63,15080
 902,59;13656,700;  239,252;21413,408;63,36710
 903,15;13667,085;  255,637;21360,715;63,54607
 903,70;13571,546;  240,406;21169,177;63,69767
 904,26;13564,008;  245,175;21055,177;64,00207
 904,82;13540,854;  243,098;21036,638;63,95138
 905,37;13527,162;  267,406;20925,485;64,18678
 905,93;13510,469;  237,944;20862,100;64,35427
 906,48;13531,777;  261,252;20831,946;64,51180
 907,04;13494,777;  258,098;20762,331;64,55584
 907,60;13393,777;  266,713;20541,562;64,74556
 908,15;13412,623;  227,021;20455,408;65,18366
 908,71;13437,777;  258,406;20409,408;65,40306
 909,26;13423,392;  239,483;20304,177;65,70700
 909,82;13402,623;  261,483;20233,869;65,79655
 910,37;13404,546;  285,944;20174,331;65,96112
 910,93;13341,700;  236,637;19962,485;66,43600
 911,48;13227,162;  224,637;19879,562;66,15403
 912,04;13281,162;  235,329;19814,869;66,62992
 912,60;13246,392;  244,021;19806,562;66,46566
 913,15;13233,700;  252,021;19604,792;67,07917
 913,71;13105,085;  228,175;19536,331;66,69156
 914,26;13149,238;  213,021;19437,023;67,29201
 914,82;13195,238;  258,560;19373,254;67,67924
 915,37;13146,392;  236,560;19328,331;67,61988
 915,93;13133,931;  306,713;19241,254;67,74507
 916,48;13150,162;  217,098;19115,946;68,43308
 917,04;13121,238;  255,560;19033,331;68,51547
 917,59;13125,854;  268,637;18987,254;68,68679
 918,15;13007,931;  210,406;18833,715;68,71778
 918,70;13043,623;  230,713;18762,869;69,13880
 919,26;13024,469;  243,560;18633,638;69,49894
 919,81;12921,238;  220,098;18520,254;69,40455
 920,37;12942,931;  234,329;18455,946;69,74464
 920,92;12973,700;  252,560;18444,177;69,92858
 921,48;12870,931;  224,867;18301,254;69,95902
 922,03;12862,238;  229,637;18233,100;70,16762
 922,59;12818,546;  243,483;18105,562;70,40090
 923,14;12764,546;  251,406;18036,638;70,35691
 923,69;12848,162;  264,637;17984,792;71,01250
 924,25;12849,931;  273,944;17944,254;71,17015
 924,80;12714,315;  234,098;17753,792;71,23536
 925,36;12672,315;  221,021;17678,946;71,32173
 925,91;12748,469;  225,098;17594,408;72,10057
 926,47;12696,469;  207,560;17556,638;71,98601
 927,02;12747,008;  315,098;17558,638;72,09604
 927,57;12664,008;  226,175;17284,023;72,91560
 928,13;12594,162;  215,483;17281,023;72,53611
 928,68;12578,700;  228,637;17233,023;72,62869
 929,24;12527,546;  203,252;17075,331;73,04550
 929,79;12452,008;  224,790;16946,638;73,12121
 930,34;12472,469;  221,713;16873,331;73,57097
 930,90;12432,162;  213,252;16818,638;73,58401
 931,45;12408,546;  232,406;16841,023;73,31219
 932,01;12397,085;  228,252;16796,408;73,44712
 932,56;12318,931;  257,252;16666,023;73,50751
 933,11;12328,854;  260,021;16579,485;73,95361
 933,67;12248,546;  215,790;16498,408;73,89940
 934,22;12244,008;  228,944;16413,638;74,23720
 934,77;12213,238;  262,252;16297,100;74,53134
 935,33;12095,085;  228,790;16237,715;74,12299
 935,88;12093,854;  241,560;16149,562;74,50524
 936,43;12112,392;  232,406;16092,562;74,90460
 936,99;12050,469;  234,175;15959,946;75,13968
 937,54;11918,700;  215,098;15838,638;74,91005
 938,09;11971,392;  239,867;15850,485;75,15094
 938,65;11907,931;  238,637;15749,177;75,23461
 939,20;11904,315;  204,483;15622,177;75,88575
 939,75;11818,854;  211,021;15540,100;75,72427
 940,31;11823,777;  209,252;15446,562;76,22425
 940,86;11837,162;  231,637;15465,331;76,18326
 941,41;11897,315;  337,790;15419,946;76,64372
 941,96;11738,392;  216,790;15296,562;76,40436
 942,52;11729,546;  222,867;15159,408;77,03711
 943,07;11697,162;  206,560;15129,792;76,99808
 943,62;11694,623;  226,944;15026,100;77,48874
 944,18;11627,469;  198,790;14977,254;77,33334
 944,73;11689,777;  245,944;14924,946;77,96056
 945,28;11529,469;  192,790;14737,562;77,94333
 945,83;11552,008;  219,483;14770,177;77,88305
 946,39;11493,162;  217,637;14769,177;77,48681
 946,94;11472,623;  242,329;14655,485;77,91697
 947,49;11411,546;  212,944;14504,869;78,35615
 948,04;11453,777;  274,252;14543,946;78,34453
 948,59;11416,469;  247,175;14437,946;78,70816
 949,15;11341,931;  215,175;14429,638;78,27770
 949,70;11271,854;  225,944;14290,792;78,53558
 950,25;11265,700;  232,329;14228,408;78,83187
 950,80;11148,315;  187,790;14121,100;78,66419
 951,36;11140,777;  179,021;14015,715;79,22236
 951,91;11144,008;  236,329;14056,254;78,92719
 952,46;10992,238;  225,944;13898,177;78,74569
 953,01;11041,238;  224,483;13934,254;78,89815
 953,56;10976,854;  194,406;13775,869;79,39091
 954,11;11008,085;  228,098;13778,638;79,55392
 954,67;10928,623;  224,713;13705,023;79,40403
 955,22;10887,008;  203,790;13541,100;80,10024
 955,77;10916,008;  249,175;13578,946;80,02262
 956,32;10842,777;  279,406;13514,023;79,81622
 956,87;10767,623;  216,098;13390,562;80,09074
 957,42;10778,469;  217,329;13284,100;80,82441
 957,98;10747,392;  209,098;13328,485;80,32612
 958,53;10741,008;  255,329;13253,485;80,67051
 959,08;10707,854;  196,867;13110,715;81,39314
 959,63;10665,162;  223,098;13049,023;81,41373
 960,18;10681,469;  242,713;13036,331;81,59347
 960,73;10627,777;  219,713;13011,715;81,36384
 961,28;10544,931;  197,406;12875,408;81,61795
 961,83;10618,008;  244,560;12834,869;82,39232
 962,39;10526,392;  206,637;12727,408;82,42109
 962,94;10554,623;  227,483;12728,254;82,61203
 963,49;10484,854;  232,713;12643,715;82,60526
 964,04;10542,700;  237,021;12593,100;83,40574
 964,59;10456,315;  209,021;12445,869;83,74129
 965,14;10411,469;  262,021;12509,331;82,87084
 965,69;10376,931;  231,560;12355,946;83,67740
 966,24;10330,854;  218,252;12294,177;83,74184
 966,79;10350,238;  251,406;12194,638;84,55694
 967,34;10229,162;  196,406;12056,023;84,59595
 967,89;10229,238;  226,252;12113,869;84,14627
 968,44;10206,238;  231,098;11975,792;84,93316
 968,99;10198,546;  236,098;11943,177;85,09764
 969,55;10155,623;  235,637;11895,023;85,08155
 970,10;10109,315;  236,560;11827,100;85,17943
 970,65;10061,162;  255,175;11775,715;85,11742
 971,20;10004,700;  221,021;11661,562;85,51763
 971,75; 9960,008;  197,021;11527,485;86,16582
 972,30; 9913,777;  240,406;11490,408;85,98551
 972,85; 9837,546;  209,867;11405,331;85,99625
 973,40; 9799,085;  213,790;11288,254;86,55313
 973,95; 9766,315;  228,867;11244,254;86,58296
 974,50; 9740,854;  266,406;11252,023;86,24411
 975,05; 9661,931;  245,713;11099,331;86,75649
 975,60; 9638,931;  242,406;11083,946;86,67149
 976,15; 9555,931;  216,790;11005,869;86,56105
 976,70; 9524,392;  237,637;10919,023;86,94335
 977,25; 9509,008;  252,329;10874,408;87,14564
 977,80; 9446,315;  230,790;10771,946;87,42424
 978,35; 9334,623;  250,867;10640,023;87,43498
 978,89; 9251,623;  206,560;10613,485;86,91389
 979,44; 9273,854;  233,406;10594,408;87,25457
 979,99; 9151,546;  227,637;10429,869;87,47016
 980,54; 9092,546;  255,637;10391,023;87,18868
 981,09; 9088,854;  253,021;10319,177;87,77763
 981,64; 8970,931;  238,867;10235,177;87,35287
 982,19; 8983,623;  281,867;10170,562;87,99702
 982,74; 8895,931;  239,329;10073,023;88,03001
 983,29; 8794,085;  228,560; 9925,331;88,33379
 983,84; 8704,623;  242,560; 9856,562;88,01812
 984,39; 8801,162;  351,483; 9957,638;87,96109
 984,94; 8619,392;  207,560; 9720,715;88,42316
 985,49; 8586,546;  263,175; 9651,562;88,65603
 986,03; 8553,854;  249,790; 9573,408;89,06483
 986,58; 8455,700;  290,175; 9548,869;88,19305
 987,13; 8376,315;  247,560; 9410,638;88,71206
 987,68; 8325,008;  266,098; 9275,715;89,44786
 988,23; 8267,162;  250,790; 9286,485;88,71893
 988,78; 8117,162;  227,252; 9132,177;88,60164
 989,33; 8064,623;  264,329; 9075,100;88,53135
 989,88; 8072,469;  272,252; 9035,177;89,01385
 990,42; 7911,854;  234,560; 8880,408;88,79747
 990,97; 7842,854;  245,098; 8798,485;88,82746
 991,52; 7801,315;  253,637; 8767,100;88,65580
 992,07; 7759,623;  285,483; 8679,100;89,04552
 992,62; 7647,162;  250,098; 8561,715;88,99668
 993,17; 7579,700;  262,790; 8514,946;88,66664
 993,71; 7560,700;  265,021; 8433,177;89,31856
 994,26; 7411,315;  235,098; 8308,485;88,88732
 994,81; 7409,623;  263,329; 8294,485;88,98214
 995,36; 7263,700;  226,560; 8143,562;88,88643
 995,91; 7228,623;  244,329; 8144,638;88,40532
 996,45; 7186,238;  239,790; 8037,408;89,08424
 997,00; 7003,546;  226,790; 7917,715;88,11366
 997,55; 7053,854;  248,098; 7891,638;89,03931
 998,10; 6930,469;  273,790; 7767,792;88,82676
 998,65; 6869,315;  244,560; 7756,177;88,19347
 999,19; 6838,315;  277,252; 7628,023;89,25680
 999,74; 6737,238;  287,944; 7559,869;88,68758
1000,29; 6699,854;  265,483; 7439,177;89,69397
1000,84; 6608,162;  247,483; 7371,254;89,28809
1001,38; 6558,469;  254,637; 7303,254;89,43361
1001,93; 6534,931;  262,790; 7254,408;89,70944
1002,48; 6414,777;  227,252; 7141,023;89,49566
1003,03; 6401,085;  272,867; 7085,715;89,95089
1003,57; 6332,623;  253,021; 6971,638;90,48889
1004,12; 6337,238;  293,790; 6974,715;90,45825
1004,67; 6193,315;  248,175; 6895,715;89,43369
1005,22; 6085,546;  242,637; 6718,177;90,23046
1005,76; 6016,546;  232,867; 6636,562;90,31785
1006,31; 6038,392;  264,329; 6606,946;91,03597
1006,86; 5933,085;  239,713; 6484,485;91,17021
1007,40; 5820,777;  234,098; 6398,869;90,62265
1007,95; 5798,931;  251,329; 6333,715;91,20765
1008,50; 5687,623;  251,790; 6225,715;90,99265
1009,04; 5629,777;  248,944; 6176,638;90,77446
1009,59; 5587,777;  260,329; 6062,254;91,82208
1010,14; 5466,623;  239,329; 5975,792;91,12399
1010,68; 5420,623;  247,560; 5875,715;91,91401
1011,23; 5341,623;  238,329; 5830,408;91,25934
1011,78; 5315,777;  247,483; 5775,023;91,69167
1012,32; 5295,238;  276,560; 5679,485;92,88818
1012,87; 5249,315;  270,021; 5623,562;93,00937
1013,42; 5141,315;  226,329; 5490,638;93,36431
1013,96; 5153,162;  280,637; 5559,254;92,30684
1014,51; 5048,700;  211,098; 5476,408;91,87687
1015,06; 5051,469;  207,867; 5445,715;92,47313
1015,60; 5098,700;  287,713; 5507,100;92,17533
1016,15; 5035,623;  222,329; 5436,638;92,30933
1016,69; 5077,085;  246,790; 5461,562;92,62716
1017,24; 5052,854;  225,560; 5464,254;92,14690
1017,79; 5115,238;  289,175; 5519,869;92,26430
1018,33; 5067,008;  243,483; 5516,792;91,47054
1018,88; 5124,085;  259,175; 5560,946;91,76008
1019,42; 5081,238;  236,252; 5525,869;91,59427
1019,97; 5088,162;  224,175; 5524,638;91,76531
1020,51; 5163,085;  278,944; 5624,638;91,36588
1021,06; 5069,854;  217,560; 5582,408;90,44607
1021,61; 5050,931;  204,483; 5550,869;90,64904
1022,15; 4989,546;  187,944; 5520,869;90,03693
1022,70; 5068,315;  239,637; 5536,331;91,16401
1023,24; 5015,623;  237,483; 5489,562;90,97617
1023,79; 4972,008;  241,483; 5439,869;90,99987
1024,33; 4946,392;  226,329; 5403,023;91,17910
1024,88; 4930,085;  250,252; 5347,946;91,80293
1025,42; 4825,162;  250,944; 5235,485;91,76809
1025,97; 4762,623;  223,713; 5209,946;91,02884
1026,51; 4681,315;  208,713; 5069,946;92,00551
1027,06; 4633,315;  228,252; 5058,023;91,20646
1027,60; 4580,238;  260,867; 4993,100;91,27554
1028,15; 4518,085;  261,944; 4895,023;91,86419
1028,69; 4405,238;  201,483; 4763,869;92,13940
1029,24; 4383,162;  228,098; 4756,869;91,74814
1029,78; 4264,469;  224,790; 4650,485;91,27786
1030,33; 4241,854;  214,944; 4564,792;92,57587
1030,87; 4206,854;  217,713; 4530,869;92,48774
1031,42; 4117,008;  205,021; 4447,869;92,20190
1031,96; 4099,700;  241,713; 4411,254;92,52786
1032,51; 3989,700;  216,483; 4338,331;91,54188
1033,05; 3964,085;  231,098; 4313,485;91,44128
1033,60; 3884,392;  196,406; 4159,023;93,06946
1034,14; 3826,238;  222,790; 4158,408;91,55992
1034,69; 3805,008;  228,790; 4116,869;91,97903
1035,23; 3756,315;  228,483; 4029,331;92,81699
1035,77; 3745,162;  223,637; 3970,869;93,97668
1036,32; 3670,777;  192,944; 3925,792;93,16834
1036,86; 3627,315;  239,637; 3893,946;92,70366
1037,41; 3546,623;  231,252; 3818,408;92,42340
1037,95; 3509,392;  197,483; 3722,946;93,94253
1038,50; 3442,085;  211,944; 3698,792;92,63783
1039,04; 3442,546;  247,560; 3681,023;93,05433
1039,58; 3371,546;  206,483; 3613,638;92,89459
1040,13; 3328,700;  222,098; 3577,254;92,59188
1040,67; 3336,623;  253,329; 3554,946;93,38739
1041,21; 3296,238;  259,637; 3485,946;94,11998
1041,76; 3197,546;  220,329; 3414,715;93,20154
1042,30; 3173,777;  213,098; 3370,023;93,78363
1042,85; 3100,546;  218,944; 3296,023;93,64732
1043,39; 3086,315;  216,329; 3252,331;94,53178
1043,93; 3081,315;  238,406; 3252,638;94,31620
1044,48; 3008,623;  244,560; 3189,177;93,86834
1045,02; 2999,931;  226,329; 3149,023;94,89881
1045,56; 2974,777;  251,098; 3119,946;94,93981
1046,11; 2881,392;  228,406; 3101,792;92,32961
1046,65; 2860,238;  242,867; 3022,638;94,15779
1047,19; 2809,238;  205,713; 2951,715;94,81148
1047,74; 2766,854;  207,252; 2893,869;95,27229
1048,28; 2746,469;  233,637; 2909,254;93,91600
1048,82; 2722,623;  266,329; 2917,562;92,64725
1049,37; 2682,931;  243,560; 2852,485;93,50101
1049,91; 2656,392;  238,329; 2817,792;93,74288
1050,45; 2606,546;  238,098; 2748,715;94,33728
1050,99; 2586,162;  239,175; 2724,946;94,41684
1051,54; 2524,085;  211,713; 2658,869;94,49219
1052,08; 2501,469;  251,021; 2650,023;93,80768
1052,62; 2510,623;  246,790; 2624,869;95,19586
1053,16; 2442,469;  225,098; 2571,254;94,51082
1053,71; 2439,700;  246,175; 2554,562;95,02416
1054,25; 2370,008;  245,406; 2518,946;93,44905
1054,79; 2359,469;  247,867; 2507,792;93,43681
1055,33; 2294,392;  202,098; 2420,408;94,31931
1055,88; 2293,008;  228,790; 2414,331;94,44883
1056,42; 2249,546;  239,098; 2403,792;92,87446
1056,96; 2236,931;  253,790; 2363,638;93,99446
1057,50; 2198,931;  248,790; 2321,331;94,09420
1058,05; 2134,854;  241,637; 2280,023;92,87823
1058,59; 2144,085;  259,252; 2233,946;95,44934
1059,13; 2065,315;  211,790; 2196,715;93,38010
1059,67; 2083,238;  246,483; 2206,254;93,72297
1060,21; 2038,162;  238,867; 2142,638;94,51211
1060,76; 2007,623;  237,944; 2139,408;93,06931
1061,30; 2004,931;  265,175; 2115,562;94,02121
1061,84; 1957,546;  243,406; 2048,869;94,94185
1062,38; 1888,008;  216,175; 2001,023;93,66807
1062,92; 1939,931;  278,944; 2050,946;93,73503
1063,46; 1871,008;  246,713; 1974,946;93,98585
1064,01; 1830,854;  236,713; 1952,562;92,90685
1064,55; 1802,546;  257,867; 1931,638;92,28734
1065,09; 1749,854;  214,713; 1849,177;93,92320
1065,63; 1776,315;  268,790; 1901,946;92,30748
1066,17; 1771,469;  270,867; 1877,946;93,37451
1066,71; 1742,008;  266,098; 1856,254;92,81541
1067,25; 1704,162;  232,944; 1800,638;93,84593
1067,80; 1693,854;  258,252; 1796,792;93,30934
1068,34; 1694,008;  282,713; 1790,023;93,63002
1068,88; 1631,238;  229,329; 1720,023;94,04408
1069,42; 1652,931;  270,098; 1755,485;93,09581
1069,96; 1580,777;  251,252; 1713,023;90,95302
1070,50; 1634,162;  284,175; 1715,869;94,29294
1071,04; 1534,623;  229,406; 1649,408;91,91659
1071,58; 1561,085;  240,790; 1638,408;94,46751
1072,12; 1534,008;  250,790; 1630,562;93,00218
1072,66; 1516,700;  249,944; 1619,177;92,51574
1073,21; 1527,931;  266,790; 1612,562;93,71136
1073,75; 1476,392;  246,637; 1570,562;92,88712
1074,29; 1451,546;  243,713; 1540,869;93,11393
1074,83; 1463,085;  266,944; 1545,408;93,56078
1075,37; 1430,777;  270,483; 1536,100;91,67813
1075,91; 1439,546;  250,021; 1510,485;94,37203
1076,45; 1400,392;  260,867; 1497,331;92,16002
1076,99; 1395,546;  267,637; 1480,254;93,01447
1077,53; 1340,315;  252,483; 1423,100;92,92812
1078,07; 1364,085;  259,867; 1431,408;94,25346
1078,61; 1325,623;  250,867; 1394,023;94,01656
1079,15; 1315,469;  249,175; 1370,408;95,10017
1079,69; 1326,931;  247,944; 1388,254;94,62224
1080,23; 1309,931;  272,713; 1404,408;91,65173
1080,77; 1369,315;  318,483; 1428,946;94,63010
1081,31; 1260,238;  251,021; 1340,100;92,66706
1081,85; 1249,623;  257,560; 1348,100;90,96990
1082,39; 1233,469;  244,483; 1302,792;93,44964
1082,93; 1246,854;  267,406; 1341,485;91,18959
1083,47; 1191,623;  235,790; 1259,715;93,34987
1084,01; 1207,008;  260,560; 1298,254;91,20684
1084,55; 1182,008;  240,944; 1239,485;94,24391
1085,09; 1192,008;  255,944; 1271,254;92,19488
1085,63; 1165,546;  244,406; 1236,177;92,87832
1086,17; 1154,931;  244,021; 1198,177;95,46760
1086,71; 1110,008;  227,637; 1204,100;90,36397
1087,24; 1133,238;  272,867; 1220,485;90,79310
1087,78; 1117,162;  274,252; 1210,562;90,02467
1088,32; 1051,085;  230,944; 1146,562;89,57240
1088,86; 1092,546;  262,021; 1171,254;91,34350
1089,40; 1073,162;  252,867; 1140,485;92,41530
1089,94; 1040,546;  227,713; 1116,562;91,44788
1090,48; 1057,085;  259,790; 1110,254;93,74821
1091,02; 1063,392;  262,175; 1139,023;91,37470
1091,56; 1030,162;  239,560; 1093,331;92,60115
1092,10;  981,008;  228,406; 1055,331;91,01211
1092,63; 1027,777;  272,637; 1117,331;89,39808
1093,17; 1003,700;  262,098; 1074,331;91,30412
1093,71;  977,162;  243,713; 1032,177;93,02246
1094,25;  985,315;  264,252; 1068,946;89,60714
1094,79;  942,238;  244,483; 1016,485;90,38265
1095,33;  956,392;  256,483; 1020,100;91,65712
1095,87;  936,854;  258,329; 1002,254;91,20879
1096,40;  898,777;  227,329;  955,408;92,22189
1096,94;  920,315;  257,329;  993,254;90,08887
1097,48;  928,777;  267,637;  981,023;92,67632
1098,02;  901,469;  239,944;  954,254;92,61040
1098,56;  856,700;  223,637;  921,638;90,69652
1099,10;  855,931;  227,483;  907,254;92,44995
1099,63;  846,777;  236,483;  903,177;91,54035
1100,17;  868,854;  254,944;  926,023;91,48100
1100,71;  892,315;  282,790;  936,485;93,24314

