
Integration time [ms]: 150,000
Averaging Nr. [scans]: 13
Smoothing Nr. [pixels]: 0
Data measured with spectrometer [name]: 2009305U1
Wave   ;Sample   ;Dark     ;Reference;Reflectance
[nm]   ;[counts] ;[counts] ;[counts] ;[%]

 175,72;  220,931;  224,973;  232,391;-54,48676
 176,32;  241,050;  240,735;  239,245; 0,00000
 176,92;  279,227;  291,355;  284,805; 0,00000
 177,52;  272,177;  271,741;  288,463; 2,60759
 178,12;  249,973;  266,428;  259,823; 0,00000
 178,72;  282,177;  286,502;  280,469; 0,00000
 179,32;  281,728;  275,812;  267,745; 0,00000
 179,92;  272,893;  285,891;  268,795; 0,00000
 180,52;  263,270;  252,746;  272,061;54,48330
 181,12;  277,095;  280,738;  289,721;-40,55288
 181,73;  293,137;  300,046;  302,762;-254,46721
 182,33;  397,259;  409,820;  406,971; 0,00000
 182,93;  293,121;  289,894;  294,847;65,15007
 183,53;  262,962;  255,809;  249,810; 0,00000
 184,13;  251,982;  257,656;  248,661; 0,00000
 184,73;  318,536;  305,962;  313,345;170,31019
 185,33;  281,515;  255,305;  344,858;29,26731
 185,93;  281,870;  266,916;  359,913;16,08021
 186,53;  310,790;  267,842;  381,617;37,74858
 187,13;  319,813;  292,770;  414,333;22,24574
 187,73;  297,813;  273,916;  373,416;24,01692
 188,33;  289,991;  268,221;  379,789;19,51249
 188,93;  309,161;  273,674;  384,519;32,01509
 189,53;  288,392;  278,744;  380,835; 9,45031
 190,13;  334,781;  295,810;  437,825;27,44160
 190,73;  279,969;  249,202;  384,820;22,68660
 191,34;  319,835;  273,825;  409,815;33,83323
 191,94;  278,658;  252,218;  370,276;22,39591
 192,54;  305,256;  279,620;  399,966;21,30185
 193,14;  309,981;  289,000;  387,600;21,27865
 193,74;  311,590;  287,461;  379,404;26,24403
 194,34;  298,679;  281,078;  392,221;15,83610
 194,94;  268,310;  248,923;  345,600;20,05298
 195,54;  246,193;  215,844;  336,398;25,17474
 196,14;  273,042;  243,772;  343,765;29,27175
 196,74;  266,726;  238,843;  354,623;24,08269
 197,34;  248,633;  219,852;  347,856;22,48397
 197,94;  271,204;  239,155;  367,795;24,91385
 198,54;  292,643;  252,772;  382,880;30,64459
 199,14;  257,603;  229,623;  362,749;21,01735
 199,74;  250,197;  217,931;  353,672;23,77021
 200,34;  238,665;  218,239;  355,290;14,90348
 200,94;  268,466;  263,774;  406,391; 3,28931
 201,54;  264,778;  230,392;  402,629;19,96476
 202,14;  318,489;  272,164;  452,335;25,71141
 202,74;  254,813;  229,777;  425,863;12,76770
 203,34;  243,095;  209,782;  417,845;16,01095
 203,94;  213,075;  184,318;  432,337;11,59472
 204,54;  291,134;  259,232;  504,220;13,02170
 205,14;  237,819;  202,546;  505,171;11,65572
 205,74;  289,906;  259,320;  591,229; 9,21520
 206,34;  255,342;  220,241;  593,142; 9,41294
 206,94;  262,818;  236,163;  631,831; 6,73672
 207,54;  224,188;  209,933;  644,718; 3,27872
 208,14;  267,027;  216,703;  714,144;10,11657
 208,74;  260,589;  214,854;  754,132; 8,48083
 209,34;  258,952;  221,470;  808,442; 6,38568
 209,94;  276,749;  237,623;  890,249; 5,99517
 210,54;  279,103;  218,165;  966,494; 8,14318
 211,14;  291,407;  228,623; 1025,633; 7,87741
 211,73;  296,695;  232,237; 1111,974; 7,32692
 212,33;  309,256;  239,774; 1188,775; 7,32155
 212,93;  299,323;  225,854; 1272,131; 7,02203
 213,53;  271,876;  193,315; 1281,363; 7,22029
 214,13;  312,883;  227,245; 1379,045; 7,43514
 214,73;  275,489;  201,856; 1377,951; 6,26074
 215,33;  270,749;  197,931; 1390,403; 6,10650
 215,93;  311,228;  220,935; 1496,612; 7,07803
 216,53;  269,736;  181,546; 1531,015; 6,53521
 217,13;  336,837;  236,473; 1687,840; 6,91515
 217,73;  337,263;  216,551; 1839,536; 7,43765
 218,33;  301,092;  171,246; 1944,509; 7,32246
 218,93;  362,108;  195,482; 2182,917; 8,38397
 219,53;  368,379;  215,323; 2401,433; 7,00130
 220,13;  357,021;  175,016; 2581,899; 7,56185
 220,73;  405,707;  197,239; 2851,019; 7,85552
 221,32;  429,589;  198,931; 3120,286; 7,89559
 221,92;  470,378;  207,631; 3428,167; 8,15848
 222,52;  474,032;  187,089; 3717,576; 8,12756
 223,12;  516,276;  200,628; 4022,269; 8,25949
 223,72;  544,640;  216,244; 4372,501; 7,90124
 224,32;  564,912;  209,629; 4616,964; 8,06118
 224,92;  576,499;  198,167; 4835,348; 8,15867
 225,52;  635,335;  220,086; 5110,293; 8,49145
 226,12;  622,152;  198,780; 5350,032; 8,21881
 226,72;  627,558;  171,857; 5553,453; 8,46776
 227,31;  638,222;  164,703; 5830,376; 8,35768
 227,91;  706,350;  208,932; 6177,329; 8,33420
 228,51;  728,822;  200,929; 6407,624; 8,50522
 229,11;  791,250;  202,934; 6726,183; 9,01877
 229,71;  795,240;  194,930; 6921,669; 8,92423
 230,31;  802,603;  193,630; 7217,584; 8,66995
 230,91;  820,991;  180,543; 7438,424; 8,82418
 231,51;  870,312;  188,628; 7630,921; 9,15960
 232,10;  894,658;  184,400; 7920,663; 9,18090
 232,70;  918,525;  201,540; 8050,067; 9,13528
 233,30;  978,137;  219,935; 8212,688; 9,48612
 233,90;  975,263;  185,627; 8357,534; 9,66281
 234,50;  992,067;  186,858; 8338,267; 9,87815
 235,10; 1008,499;  182,167; 8361,810;10,10231
 235,70; 1069,280;  221,701; 8439,675;10,31372
 236,29; 1041,617;  208,007; 8272,400;10,33692
 236,89; 1032,277;  181,697; 8134,388;10,69551
 237,49; 1086,753;  199,934; 8099,993;11,22547
 238,09; 1045,034;  182,779; 7834,758;11,26839
 238,69; 1088,097;  237,849; 7651,380;11,46887
 239,29; 1046,370;  197,933; 7392,371;11,79297
 239,89; 1045,382;  205,697; 7129,926;12,12677
 240,48; 1000,929;  180,010; 6781,450;12,43546
 241,08; 1007,636;  192,163; 6490,908;12,94660
 241,68; 1007,621;  202,472; 6241,874;13,33161
 242,28;  971,291;  194,242; 5954,187;13,49057
 242,88; 1018,016;  243,245; 5729,199;14,12281
 243,48; 1001,467;  230,703; 5513,531;14,58997
 244,07;  966,322;  211,470; 5315,560;14,78916
 244,67;  969,215;  216,011; 5200,991;15,10948
 245,27;  957,541;  216,314; 5068,512;15,27611
 245,87;  958,660;  220,860; 5047,813;15,28500
 246,47;  955,800;  205,776; 4990,205;15,67635
 247,06;  959,972;  195,702; 4988,255;15,94703
 247,66;  979,845;  191,010; 5045,375;16,25001
 248,26; 1045,527;  225,161; 5147,014;16,66782
 248,86; 1063,219;  213,622; 5321,282;16,63378
 249,46; 1054,102;  169,627; 5440,689;16,77982
 250,05; 1144,356;  220,933; 5738,680;16,73551
 250,65; 1183,493;  181,314; 5969,510;17,31418
 251,25; 1238,077;  189,547; 6357,869;16,99862
 251,85; 1337,110;  209,543; 6812,734;17,07609
 252,44; 1409,100;  170,315; 7249,516;17,49893
 253,04; 1522,707;  210,777; 7818,327;17,24510
 253,64; 1596,661;  162,159; 8404,469;17,40412
 254,24; 1766,762;  224,394; 9168,218;17,24506
 254,84; 1880,410;  186,320; 9921,228;17,40222
 255,43; 2022,687;  188,392;10750,633;17,36653
 256,03; 2159,367;  187,390;11606,163;17,26960
 256,63; 2308,326;  203,620;12400,234;17,25648
 257,23; 2421,298;  188,928;13216,811;17,13533
 257,82; 2599,944;  211,541;14106,224;17,18933
 258,42; 2702,847;  173,463;14919,565;17,15290
 259,02; 2907,099;  214,316;15677,903;17,41370
 259,62; 2945,582;  189,000;16358,485;17,04805
 260,21; 3081,344;  208,623;16988,555;17,11998
 260,81; 3121,963;  197,396;17427,877;16,97322
 261,41; 3221,385;  179,694;17907,684;17,15756
 262,01; 3302,472;  227,922;18314,057;16,99948
 262,60; 3307,760;  184,159;18710,427;16,86039
 263,20; 3397,394;  189,314;19121,858;16,94479
 263,80; 3406,171;  225,230;19337,865;16,64313
 264,40; 3378,289;  173,923;19593,059;16,50108
 264,99; 3454,773;  207,691;19766,863;16,60132
 265,59; 3456,000;  186,534;19883,310;16,59899
 266,19; 3452,765;  187,230;20100,326;16,39893
 266,78; 3523,537;  236,613;20275,972;16,40234
 267,38; 3451,342;  200,381;20331,852;16,14865
 267,98; 3455,033;  198,459;20347,819;16,16217
 268,58; 3462,391;  204,073;20373,698;16,15458
 269,17; 3419,205;  191,455;20470,340;15,91680
 269,77; 3383,160;  201,619;20310,845;15,82130
 270,37; 3315,472;  171,922;20130,593;15,75030
 270,96; 3352,007;  233,695;20224,724;15,59856
 271,56; 3259,837;  195,697;19928,464;15,52818
 272,16; 3201,770;  194,617;19783,490;15,35133
 272,75; 3158,203;  188,079;19749,068;15,18392
 273,35; 3144,650;  201,618;19603,610;15,16871
 273,95; 3106,875;  199,848;19589,915;14,99235
 274,54; 3083,748;  177,933;19713,410;14,87455
 275,14; 3132,594;  225,157;20045,880;14,66867
 275,74; 3091,658;  166,771;19968,529;14,77085
 276,33; 3187,810;  223,619;20344,883;14,73163
 276,93; 3191,167;  204,703;20646,721;14,60944
 277,53; 3218,596;  188,238;20999,862;14,56089
 278,12; 3290,843;  179,467;21460,082;14,62071
 278,72; 3423,645;  253,623;21988,591;14,58490
 279,32; 3417,541;  202,545;22420,475;14,47028
 279,91; 3501,045;  178,621;22956,548;14,58615
 280,51; 3598,771;  182,931;23409,978;14,70630
 281,11; 3701,248;  200,621;23992,394;14,71360
 281,70; 3767,178;  179,467;24405,547;14,80929
 282,30; 3853,375;  192,312;24945,233;14,79043
 282,90; 3930,487;  183,927;25231,041;14,95805
 283,49; 4086,167;  208,464;25761,610;15,17505
 284,09; 4204,577;  226,698;26079,930;15,38639
 284,69; 4308,289;  228,699;26439,436;15,56458
 285,28; 4367,368;  223,621;26775,853;15,60602
 285,88; 4550,805;  291,463;26939,836;15,98350
 286,47; 4532,816;  203,158;27004,886;16,15440
 287,07; 4689,485;  230,314;27049,551;16,62676
 287,67; 4761,774;  219,549;27202,685;16,83357
 288,26; 4859,863;  183,237;27102,628;17,37270
 288,86; 4977,850;  191,236;27191,277;17,72817
 289,46; 5206,772;  206,314;27293,857;18,46036
 290,05; 5336,483;  186,932;27370,022;18,94395
 290,65; 5512,362;  201,312;27556,115;19,41542
 291,24; 5741,219;  201,238;27630,937;20,19702
 291,84; 5885,403;  207,851;27732,464;20,62718
 292,44; 6104,690;  196,627;27752,918;21,43998
 293,03; 6372,666;  282,546;28043,745;21,93753
 293,63; 6415,075;  199,927;28143,117;22,24208
 294,22; 6678,185;  223,929;28296,048;22,99169
 294,82; 6773,695;  201,615;28317,253;23,37517
 295,41; 6824,871;  177,390;28083,700;23,82071
 296,01; 6997,120;  232,386;28096,142;24,27790
 296,61; 7048,611;  225,469;27923,821;24,63375
 297,20; 6997,379;  198,848;27461,720;24,93696
 297,80; 7122,041;  218,779;27448,525;25,35192
 298,39; 7068,494;  189,158;27120,118;25,54434
 298,99; 7113,112;  226,925;27050,417;25,67222
 299,58; 7153,544;  212,472;26883,144;26,02511
 300,18; 7161,070;  216,548;26738,677;26,18388
 300,78; 7041,638;  205,008;26411,633;26,08741
 301,37; 7104,682;  207,460;26374,822;26,35811
 301,97; 7147,975;  231,083;26462,857;26,36837
 302,56; 7116,663;  190,158;26361,078;26,46642
 303,16; 7094,614;  180,465;26230,113;26,54220
 303,75; 7175,239;  195,931;26281,135;26,75581
 304,35; 7233,283;  192,013;26493,154;26,77173
 304,94; 7284,611;  194,468;26507,819;26,94504
 305,54; 7297,204;  211,008;26480,593;26,97491
 306,13; 7239,640;  171,782;26435,270;26,91134
 306,73; 7226,956;  176,242;26274,725;27,01580
 307,33; 7255,096;  214,857;26205,376;27,08772
 307,92; 7236,464;  217,084;26265,361;26,94758
 308,52; 7334,797;  182,388;26595,919;27,07858
 309,11; 7446,155;  185,078;27114,294;26,96357
 309,71; 7517,255;  181,538;27312,404;27,03827
 310,30; 7587,261;  189,007;27535,013;27,05424
 310,90; 7729,492;  243,776;27768,090;27,19674
 311,49; 7742,569;  216,622;27941,666;27,14494
 312,09; 7706,098;  172,086;28080,139;26,99583
 312,68; 7895,337;  265,854;28453,748;27,06652
 313,28; 7867,925;  173,084;28570,668;27,09682
 313,87; 7849,303;  173,622;28691,474;26,91536
 314,47; 7951,008;  203,001;28880,144;27,01806
 315,06; 7902,457;  176,546;29022,169;26,78365
 315,66; 7992,406;  189,932;29287,908;26,81449
 316,25; 7927,383;  165,157;29046,383;26,87637
 316,85; 7928,245;  152,855;29132,485;26,83053
 317,44; 7953,757;  193,693;29362,911;26,60360
 318,04; 7933,362;  180,312;29264,041;26,65769
 318,63; 7903,124;  169,858;29361,379;26,49148
 319,22; 7949,831;  197,619;29467,076;26,48567
 319,82; 7925,976;  202,390;29597,083;26,27544
 320,41; 7864,264;  210,312;29530,808;26,10444
 321,01; 7832,581;  211,316;29689,791;25,85366
 321,60; 7805,766;  214,928;29706,584;25,73893
 322,20; 7775,177;  181,469;29680,092;25,74258
 322,79; 7784,701;  217,700;29699,284;25,66688
 323,39; 7716,675;  183,858;29847,921;25,39375
 323,98; 7624,897;  175,777;29806,670;25,13971
 324,58; 7591,887;  187,234;29699,958;25,08970
 325,17; 7581,111;  195,696;29622,153;25,09787
 325,76; 7526,143;  202,391;29630,781;24,88669
 326,36; 7366,308;  176,470;29222,829;24,75297
 326,95; 7334,815;  214,775;29064,392;24,67984
 327,55; 7189,585;  181,005;28815,775;24,47577
 328,14; 7090,992;  182,087;28463,180;24,42941
 328,74; 7011,530;  210,619;28041,923;24,43619
 329,33; 6901,609;  201,239;27790,675;24,28600
 329,92; 6723,561;  170,770;27269,257;24,18139
 330,52; 6590,516;  206,702;26750,874;24,04978
 331,11; 6490,780;  195,005;26357,545;24,06408
 331,71; 6340,660;  184,698;25920,241;23,92008
 332,30; 6211,842;  200,853;25450,434;23,80629
 332,89; 6160,532;  277,470;25062,635;23,73622
 333,49; 5992,521;  212,313;24569,585;23,73093
 334,08; 5882,494;  191,082;24255,736;23,65050
 334,68; 5730,074;  186,390;23878,852;23,39852
 335,27; 5705,236;  213,472;23597,646;23,48496
 335,86; 5665,242;  270,698;23330,776;23,39343
 336,46; 5544,257;  207,242;23089,223;23,32410
 337,05; 5455,598;  188,313;22964,391;23,12639
 337,65; 5404,934;  176,005;22873,967;23,03700
 338,24; 5461,086;  240,008;22794,093;23,14915
 338,83; 5423,246;  218,623;22743,478;23,10613
 339,43; 5411,327;  189,081;22695,499;23,20337
 340,02; 5360,873;  186,619;22572,882;23,11352
 340,61; 5394,827;  196,930;22608,053;23,19338
 341,21; 5377,376;  220,850;22675,846;22,96382
 341,80; 5423,543;  201,543;22645,813;23,26652
 342,40; 5422,600;  193,780;22704,721;23,22791
 342,99; 5385,763;  197,008;22802,481;22,95353
 343,58; 5432,071;  190,393;22941,367;23,03935
 344,18; 5484,175;  201,470;23014,638;23,15638
 344,77; 5521,293;  188,695;23305,459;23,06810
 345,36; 5595,969;  170,775;23620,623;23,13530
 345,96; 5679,098;  214,162;23867,521;23,10427
 346,55; 5706,081;  186,243;24027,576;23,15239
 347,14; 5820,411;  179,318;24316,452;23,37102
 347,74; 5886,189;  162,785;24672,474;23,35160
 348,33; 6067,511;  187,477;25204,741;23,50391
 348,92; 6234,027;  202,094;25709,443;23,64782
 349,52; 6303,133;  169,478;26172,362;23,58836
 350,11; 6380,111;  197,157;26345,265;23,64590
 350,70; 6407,862;  181,623;26517,553;23,64162
 351,29; 6387,201;  178,613;26275,357;23,79066
 351,89; 6416,218;  213,385;26317,871;23,76156
 352,48; 6438,590;  169,238;26263,976;24,02535
 353,07; 6475,474;  208,319;26233,108;24,08148
 353,67; 6488,453;  204,325;26088,368;24,27800
 354,26; 6437,810;  197,626;25981,875;24,20154
 354,85; 6506,363;  208,932;25943,832;24,47039
 355,45; 6451,487;  182,543;25704,619;24,56283
 356,04; 6482,348;  186,319;25688,609;24,68809
 356,63; 6517,220;  233,160;25533,278;24,83807
 357,22; 6486,046;  202,768;25399,401;24,93697
 357,82; 6436,611;  195,077;25097,329;25,06414
 358,41; 6547,031;  227,468;25158,396;25,34829
 359,00; 6461,418;  173,311;24921,461;25,40839
 359,60; 6503,456;  193,392;24962,439;25,47560
 360,19; 6541,046;  215,935;24788,803;25,74023
 360,78; 6500,137;  199,082;24602,428;25,82045
 361,37; 6530,501;  184,928;24406,737;26,19776
 361,97; 6534,940;  194,621;24367,164;26,22942
 362,56; 6559,734;  192,080;24060,995;26,67760
 363,15; 6612,858;  262,774;23957,851;26,79917
 363,74; 6507,232;  194,309;23645,721;26,91916
 364,34; 6526,041;  205,157;23324,576;27,34015
 364,93; 6427,832;  185,618;22939,109;27,43409
 365,52; 6376,703;  155,313;22602,468;27,71572
 366,11; 6398,278;  191,081;22335,961;28,02994
 366,71; 6327,446;  192,158;22013,384;28,11615
 367,30; 6330,710;  196,544;21647,546;28,59617
 367,89; 6341,140;  228,778;21460,408;28,78894
 368,48; 6297,420;  208,233;21201,799;29,00502
 369,07; 6245,478;  195,623;20829,245;29,32037
 369,67; 6199,210;  234,541;20648,878;29,21804
 370,26; 6182,051;  183,623;20376,785;29,70524
 370,85; 6175,458;  201,544;20121,968;29,98889
 371,44; 6174,780;  207,083;19945,086;30,23455
 372,03; 6089,901;  173,773;19773,307;30,18504
 372,63; 6106,115;  167,698;19517,739;30,68943
 373,22; 6119,016;  185,699;19254,975;31,11454
 373,81; 6040,906;  175,928;18988,468;31,17589
 374,40; 6058,929;  192,933;18787,296;31,54718
 374,99; 6069,865;  191,774;18529,273;32,05503
 375,59; 6009,440;  175,010;18256,718;32,26703
 376,18; 6087,452;  210,928;18162,390;32,73563
 376,77; 6042,486;  222,775;18035,472;32,67170
 377,36; 6102,647;  230,313;17921,314;33,19391
 377,95; 6077,789;  217,158;17660,616;33,59787
 378,55; 6040,581;  194,393;17528,406;33,72668
 379,14; 6064,018;  210,236;17506,891;33,84343
 379,73; 6094,054;  207,619;17369,001;34,30047
 380,32; 6155,493;  204,006;17444,048;34,52130
 380,91; 6121,881;  177,540;17259,454;34,79903
 381,50; 6176,790;  197,157;17212,303;35,14300
 382,10; 6203,262;  181,237;17167,125;35,45311
 382,69; 6247,284;  163,621;17171,775;35,76910
 383,28; 6288,041;  220,619;17107,921;35,92890
 383,87; 6260,167;  191,465;16945,459;36,22242
 384,46; 6316,352;  175,615;16872,676;36,77735
 385,05; 6360,776;  217,541;16895,573;36,83429
 385,64; 6395,432;  190,465;16911,884;37,10790
 386,24; 6412,471;  178,461;16868,829;37,35094
 386,83; 6534,206;  213,692;16846,250;38,00085
 387,42; 6585,005;  197,696;16948,577;38,13118
 388,01; 6733,153;  208,227;17102,084;38,62307
 388,60; 6805,540;  206,000;17268,178;38,67935
 389,19; 6890,814;  187,224;17501,568;38,71697
 389,78; 7025,701;  188,686;17678,726;39,09091
 390,37; 7270,515;  259,460;18122,707;39,24849
 390,96; 7275,296;  200,077;18184,944;39,33985
 391,56; 7402,563;  208,222;18253,601;39,86805
 392,15; 7542,015;  181,302;18501,421;40,17830
 392,74; 7587,128;  164,602;18682,579;40,08281
 393,33; 7814,116;  204,376;18928,329;40,64174
 393,92; 7932,305;  206,523;19316,299;40,42843
 394,51; 8027,019;  175,068;19480,521;40,67219
 395,10; 8235,467;  213,361;19635,383;41,30417
 395,69; 8271,186;  208,978;19766,542;41,22297
 396,28; 8395,749;  203,128;19821,217;41,76055
 396,87; 8425,812;  212,044;19937,458;41,64053
 397,46; 8515,082;  225,194;20023,477;41,87175
 398,06; 8648,172;  220,727;20210,492;42,15880
 398,65; 8635,807;  206,329;20211,051;42,13744
 399,24; 8797,502;  238,327;20402,464;42,44751
 399,83; 8798,396;  189,769;20340,226;42,72174
 400,42; 8943,134;  237,598;20560,997;42,83504
 401,01; 8980,581;  219,655;20641,873;42,89899
 401,60; 9053,909;  224,782;20678,949;43,16542
 402,19; 9048,518;  240,914;20641,510;43,17327
 402,78; 9135,985;  241,497;20613,213;43,66097
 403,37; 9091,031;  229,235;20529,885;43,65277
 403,96; 9068,600;  246,737;20384,918;43,80665
 404,55; 9062,649;  237,850;20347,433;43,88355
 405,14; 9048,134;  216,890;20218,735;44,15215
 405,73; 9024,514;  237,538;20178,585;44,06477
 406,32; 9061,705;  249,278;20154,650;44,27160
 406,91; 8990,480;  231,398;19866,927;44,60833
 407,50; 8962,575;  245,227;19721,621;44,75853
 408,09; 8910,531;  210,677;19460,606;45,19422
 408,68; 8898,974;  232,283;19344,030;45,34745
 409,27; 8836,969;  219,910;19181,040;45,44592
 409,86; 8822,509;  227,321;19099,654;45,54386
 410,45; 8904,424;  273,343;19034,327;46,00548
 411,04; 8843,722;  262,596;18942,772;45,93707
 411,63; 8720,699;  251,164;18759,861;45,75976
 412,22; 8675,098;  260,037;18649,055;45,76134
 412,81; 8668,109;  277,201;18362,441;46,39645
 413,40; 8485,698;  270,828;18048,340;46,20934
 413,99; 8486,807;  333,670;17831,555;46,59499
 414,58; 8216,420;  237,058;17567,988;46,04117
 415,17; 8157,319;  260,278;17373,903;46,14476
 415,76; 8153,155;  240,806;17144,896;46,80731
 416,35; 8063,786;  229,272;16976,996;46,77957
 416,94; 8132,621;  267,116;16937,137;47,18354
 417,53; 8195,549;  242,586;17167,945;46,98844
 418,12; 8277,393;  248,973;17215,533;47,31908
 418,71; 8461,432;  269,367;17548,188;47,41102
 419,30; 8476,706;  249,666;17690,037;47,17239
 419,89; 8546,921;  237,976;17790,546;47,33748
 420,48; 8670,195;  276,367;18010,919;47,33036
 421,07; 8712,906;  261,754;18116,313;47,33330
 421,66; 8726,410;  230,144;18093,606;47,56226
 422,25; 8765,910;  250,693;18142,382;47,59314
 422,84; 8776,398;  283,387;18160,700;47,50720
 423,43; 8717,402;  253,152;17886,718;48,00079
 424,02; 8602,883;  268,000;17737,342;47,71148
 424,60; 8416,114;  239,321;17411,167;47,61744
 425,19; 8356,541;  264,314;17129,792;47,98101
 425,78; 8283,470;  273,007;17028,026;47,80933
 426,37; 8216,312;  270,396;16867,315;47,87585
 426,96; 8178,906;  259,012;16799,931;47,88062
 427,55; 8081,521;  259,250;16661,577;47,69001
 428,14; 8042,091;  243,330;16449,245;48,12293
 428,73; 7975,391;  264,401;16369,411;47,87945
 429,32; 7953,060;  275,626;16320,889;47,84860
 429,91; 7974,817;  284,863;16369,798;47,80843
 430,50; 7907,002;  272,712;16137,160;48,12200
 431,08; 7895,928;  267,255;16017,676;48,43473
 431,67; 7850,037;  317,643;15979,767;48,09305
 432,26; 7846,250;  341,723;15853,204;48,38047
 432,85; 7744,510;  352,568;15592,354;48,50424
 433,44; 7630,673;  359,804;15364,413;48,45757
 434,03; 7469,121;  367,656;14998,865;48,53642
 434,62; 7340,113;  324,958;14610,684;49,10605
 435,21; 7258,614;  332,799;14402,049;49,22661
 435,79; 7141,263;  341,038;14308,624;48,68576
 436,38; 7102,536;  334,276;14228,421;48,71304
 436,97; 7064,284;  333,200;14135,694;48,76716
 437,56; 6973,938;  327,825;13922,198;48,88871
 438,15; 6927,514;  313,361;13861,187;48,82077
 438,74; 6981,996;  328,131;13872,037;49,12811
 439,33; 6943,486;  307,591;13874,993;48,91058
 439,91; 6968,958;  271,365;13906,896;49,11868
 440,50; 7005,978;  326,904;13936,821;49,07505
 441,09; 7039,308;  327,755;14099,999;48,73246
 441,68; 7001,918;  296,684;14044,600;48,77273
 442,27; 7000,333;  277,682;14012,552;48,94587
 442,86; 6980,153;  261,001;14054,835;48,71127
 443,44; 7032,603;  272,076;14048,363;49,07365
 444,03; 7101,908;  369,232;14172,528;48,77585
 444,62; 7024,509;  287,309;14033,720;49,01061
 445,21; 6972,287;  290,769;13903,483;49,08292
 445,80; 6972,686;  328,930;13780,397;49,39057
 446,39; 6942,183;  358,390;13664,584;49,47916
 446,97; 6758,148;  275,398;13414,540;49,33922
 447,56; 6663,177;  272,634;13310,333;49,01588
 448,15; 6604,616;  279,244;13068,578;49,45819
 448,74; 6524,021;  305,475;12892,158;49,40576
 449,33; 6466,437;  285,095;12755,406;49,56847
 449,91; 6359,318;  290,793;12602,550;49,29049
 450,50; 6274,718;  285,023;12393,082;49,46866
 451,09; 6271,472;  298,254;12337,547;49,61436
 451,68; 6219,379;  314,103;12262,290;49,42403
 452,26; 6195,858;  311,106;12157,571;49,67517
 452,85; 6108,098;  297,335;12043,294;49,47031
 453,44; 6121,425;  303,344;12083,332;49,38953
 454,03; 6103,766;  281,954;12007,425;49,65098
 454,61; 6120,466;  280,344;12032,681;49,69328
 455,20; 6193,435;  311,963;12156,194;49,65685
 455,79; 6204,091;  308,881;12106,479;49,96958
 456,38; 6280,514;  322,737;12250,868;49,94728
 456,97; 6296,460;  291,505;12316,516;49,93721
 457,55; 6286,876;  290,739;12304,032;49,91252
 458,14; 6298,573;  327,888;12335,087;49,72587
 458,73; 6270,071;  309,509;12223,457;50,03011
 459,31; 6307,702;  335,053;12280,096;50,00107
 459,90; 6358,516;  350,588;12332,852;50,14017
 460,49; 6449,888;  420,125;12401,730;50,32517
 461,08; 6422,042;  316,209;12437,299;50,37362
 461,66; 6424,024;  313,745;12567,249;49,86556
 462,25; 6492,242;  317,365;12588,117;50,32191
 462,84; 6505,852;  340,287;12620,187;50,20860
 463,43; 6450,271;  285,371;12623,412;49,96660
 464,01; 6505,261;  313,143;12604,885;50,37625
 464,60; 6523,895;  373,600;12571,250;50,42197
 465,19; 6377,910;  292,991;12424,545;50,15779
 465,77; 6390,774;  312,609;12357,058;50,46445
 466,36; 6357,439;  347,064;12289,374;50,32841
 466,95; 6221,599;  305,757;11978,223;50,68203
 467,53; 6086,309;  331,304;11800,226;50,17913
 468,12; 6054,309;  347,998;11551,114;50,93503
 468,71; 5886,518;  317,530;11336,125;50,54172
 469,29; 5802,727;  304,691;11156,963;50,66254
 469,88; 5685,529;  306,155;10905,358;50,75263
 470,47; 5778,077;  369,236;10985,802;50,94718
 471,06; 5731,923;  322,698;10981,688;50,74800
 471,64; 5768,113;  329,081;11044,220;50,76025
 472,23; 5804,634;  306,784;11059,378;51,13046
 472,81; 5785,982;  295,163;11144,820;50,60822
 473,40; 5857,284;  312,630;11217,533;50,84552
 473,99; 6031,389;  436,553;11501,918;50,56170
 474,57; 6012,054;  319,476;11461,339;51,09180
 475,16; 6074,030;  325,088;11615,363;50,91942
 475,75; 6140,854;  357,018;11776,086;50,65069
 476,33; 6212,011;  340,560;11858,873;50,97492
 476,92; 6238,941;  344,708;11859,229;51,18956
 477,51; 6223,621;  348,251;11910,096;50,81689
 478,09; 6248,908;  348,866;11997,173;50,65150
 478,68; 6261,172;  352,252;11893,834;51,19680
 479,27; 6276,379;  380,710;11953,318;50,94503
 479,85; 6233,186;  347,406;11934,602;50,79555
 480,44; 6308,045;  324,716;11975,918;51,35375
 481,02; 6747,356;  349,719;12981,625;50,64665
 481,61; 7609,581;  370,871;14708,811;50,48640
 482,20; 8096,964;  363,258;15763,510;50,21805
 482,78; 8468,318;  382,484;16530,068;50,07457
 483,37; 8712,169;  378,647;17014,725;50,09306
 483,95; 8897,755;  401,418;17232,883;50,47889
 484,54; 8954,924;  398,178;17411,462;50,29450
 485,13; 8913,981;  374,499;17426,056;50,08037
 485,71; 8814,640;  351,113;17141,241;50,40776
 486,30; 8755,311;  390,498;16955,550;50,49676
 486,88; 8626,968;  448,268;16693,670;50,34470
 487,47; 8291,239;  410,500;16195,867;49,92433
 488,05; 7971,034;  395,886;15427,606;50,39442
 488,64; 7445,296;  401,583;14376,701;50,40182
 489,23; 6804,019;  407,118;12963,572;50,94512
 489,81; 5848,550;  407,350;11066,539;51,04703
 490,40; 5472,793;  349,736;10354,466;51,20636
 490,98; 5360,848;  356,045;10124,396;51,23487
 491,57; 5335,480;  376,503;10027,959;51,38061
 492,15; 5287,239;  350,353; 9917,861;51,60054
 492,74; 5211,244;  360,271; 9902,800;50,83529
 493,32; 5195,037;  376,352; 9814,395;51,05597
 493,91; 5159,216;  357,048; 9728,293;51,24365
 494,50; 5123,055;  366,901; 9679,862;51,07026
 495,08; 5064,782;  349,054; 9633,014;50,79436
 495,67; 5066,251;  374,355; 9578,252;50,97728
 496,25; 5012,065;  323,513; 9489,384;51,15228
 496,84; 4959,223;  311,739; 9512,673;50,51101
 497,42; 4966,861;  326,053; 9464,352;50,78416
 498,01; 4958,048;  347,586; 9453,793;50,62988
 498,59; 4887,979;  312,053; 9371,547;50,50973
 499,18; 4879,928;  302,664; 9287,218;50,94593
 499,76; 4843,981;  333,051; 9245,423;50,61425
 500,35; 4767,535;  322,364; 9113,908;50,56189
 500,93; 4727,169;  321,283; 9072,928;50,34352
 501,52; 4674,756;  308,591; 8958,662;50,47548
 502,10; 4678,847;  325,136; 8950,689;50,47457
 502,69; 4576,782;  314,293; 8864,315;49,85354
 503,27; 4505,439;  294,055; 8650,440;50,39720
 503,86; 4454,027;  312,830; 8591,426;50,02294
 504,44; 4382,752;  283,525; 8498,052;49,90217
 505,03; 4302,843;  272,832; 8276,629;50,35124
 505,61; 4262,271;  294,754; 8182,201;50,30165
 506,19; 4182,948;  320,063; 8061,205;49,90072
 506,78; 4076,090;  291,376; 7854,997;50,03839
 507,36; 4018,851;  306,217; 7714,319;50,11585
 507,95; 3955,710;  298,609; 7640,545;49,81112
 508,53; 3922,544;  294,760; 7535,150;50,10482
 509,12; 3856,403;  308,839; 7394,503;50,06678
 509,70; 3810,639;  323,840; 7298,662;49,99123
 510,29; 3749,476;  328,381; 7191,135;49,85017
 510,87; 3633,209;  290,606; 7022,534;49,65297
 511,46; 3570,452;  280,838; 6880,962;49,84170
 512,04; 3512,387;  287,303; 6728,628;50,06864
 512,62; 3439,893;  297,223; 6677,963;49,25244
 513,21; 3327,860;  283,920; 6516,175;48,84172
 513,79; 3289,398;  292,697; 6406,863;49,01242
 514,38; 3232,834;  265,156; 6279,236;49,34550
 514,96; 3202,939;  328,694; 6209,849;48,87212
 515,54; 3091,931;  268,465; 6073,357;48,63942
 516,13; 3096,252;  305,235; 5991,474;49,08370
 516,71; 3013,752;  293,776; 5877,527;48,71233
 517,30; 2968,399;  262,549; 5807,386;48,79946
 517,88; 2937,812;  294,087; 5754,270;48,41825
 518,46; 2863,342;  275,242; 5637,507;48,26505
 519,05; 2843,347;  284,629; 5601,825;48,12156
 519,63; 2819,816;  292,782; 5536,935;48,18766
 520,22; 2772,455;  307,094; 5499,494;47,48017
 520,80; 2748,951;  284,479; 5416,535;48,02114
 521,38; 2774,598;  337,937; 5437,134;47,78519
 521,97; 2710,032;  280,251; 5372,006;47,71992
 522,55; 2710,760;  304,097; 5348,352;47,71096
 523,13; 2670,485;  290,945; 5293,668;47,56490
 523,72; 2684,909;  285,703; 5276,160;48,07587
 524,30; 2740,392;  317,409; 5388,254;47,78263
 524,89; 2715,144;  267,944; 5357,816;48,07979
 525,47; 2736,888;  300,871; 5516,835;46,70309
 526,05; 2741,838;  268,564; 5526,607;47,03792
 526,64; 2786,802;  304,873; 5612,998;46,75716
 527,22; 2825,741;  303,871; 5719,181;46,56926
 527,80; 2890,403;  336,719; 5811,920;46,64092
 528,39; 2871,387;  283,875; 5872,543;46,29927
 528,97; 2926,738;  278,951; 5978,577;46,45545
 529,55; 3000,590;  313,945; 6130,053;46,19318
 530,14; 3095,666;  316,338; 6293,126;46,50204
 530,72; 3073,178;  290,951; 6366,578;45,79326
 531,30; 3127,777;  275,415; 6511,320;45,74095
 531,89; 3156,518;  304,184; 6552,628;45,64872
 532,47; 3222,986;  335,108; 6681,402;45,50494
 533,05; 3170,886;  335,796; 6677,919;44,70254
 533,63; 3209,593;  312,725; 6755,674;44,96184
 534,22; 3195,020;  291,878; 6714,482;45,20194
 534,80; 3236,205;  324,190; 6853,036;44,60230
 535,38; 3339,546;  427,569; 6950,707;44,64073
 535,97; 3225,223;  307,262; 6847,326;44,61671
 536,55; 3256,177;  366,190; 6924,884;44,06345
 537,13; 3218,071;  358,338; 6919,242;43,58749
 537,71; 3285,652;  388,030; 6942,048;44,21139
 538,30; 3304,578;  401,880; 7012,295;43,91098
 538,88; 3325,272;  452,193; 7128,972;43,03092
 539,46; 3399,548;  518,420; 7286,458;42,56961
 540,05; 3414,987;  520,807; 7347,659;42,39406
 540,63; 3491,777;  569,961; 7543,852;41,89649
 541,21; 3547,516;  593,886; 7667,785;41,75392
 541,79; 3578,334;  638,424; 7780,092;41,16559
 542,38; 3644,260;  661,960; 7875,773;41,34152
 542,96; 3682,170;  680,581; 7980,066;41,12056
 543,54; 3761,957;  702,578; 8164,629;40,99917
 544,12; 3746,081;  661,425; 8291,941;40,42527
 544,70; 3780,338;  645,351; 8385,298;40,50398
 545,29; 3817,637;  670,576; 8512,273;40,13240
 545,87; 3808,103;  647,271; 8531,707;40,08952
 546,45; 3765,211;  594,806; 8530,426;39,95157
 547,03; 3786,461;  589,039; 8591,549;39,95524
 547,62; 3786,173;  552,963; 8632,401;40,01775
 548,20; 3833,227;  557,119; 8840,064;39,55245
 548,78; 3844,282;  507,818; 8880,825;39,84786
 549,36; 3842,738;  488,895; 9026,130;39,28488
 549,94; 3849,549;  444,887; 9142,098;39,14660
 550,53; 3905,543;  452,124; 9317,086;38,95582
 551,11; 3904,896;  413,974; 9443,100;38,66291
 551,69; 3984,087;  429,510; 9739,513;38,18020
 552,27; 4017,817;  395,277; 9858,810;38,27894
 552,85; 4102,225;  400,435;10164,715;37,91155
 553,44; 4192,095;  396,664;10360,705;38,09128
 554,02; 4249,828;  410,511;10624,518;37,58874
 554,60; 4271,148;  340,666;10879,871;37,29391
 555,18; 4418,171;  389,202;11148,668;37,44581
 555,76; 4472,611;  364,049;11421,403;37,15683
 556,34; 4574,872;  377,669;11755,460;36,88944
 556,93; 4659,080;  358,356;12065,669;36,73536
 557,51; 4725,725;  337,823;12319,922;36,62048
 558,09; 4833,423;  363,203;12629,092;36,44432
 558,67; 4866,723;  350,287;12942,700;35,86633
 559,25; 4945,766;  380,209;13158,233;35,72976
 559,83; 5021,484;  363,673;13401,977;35,72405
 560,41; 5093,908;  343,207;13674,225;35,63645
 561,00; 5166,597;  364,748;13965,624;35,30544
 561,58; 5203,307;  358,283;14149,608;35,13095
 562,16; 5268,554;  344,820;14381,370;35,07795
 562,74; 5312,177;  341,896;14690,480;34,63953
 563,32; 5407,274;  332,904;15052,900;34,47263
 563,90; 5504,429;  353,210;15327,277;34,40094
 564,48; 5575,098;  361,052;15664,760;34,07048
 565,06; 5694,024;  348,979;16147,122;33,83338
 565,65; 5824,753;  355,676;16690,722;33,48063
 566,23; 5980,639;  403,595;17315,816;32,97642
 566,81; 6132,634;  345,824;17892,079;32,98031
 567,39; 6309,944;  364,366;18582,558;32,63539
 567,97; 6445,521;  374,363;19137,351;32,35710
 568,55; 6626,701;  399,673;19795,822;32,10445
 569,13; 6760,415;  365,595;20353,817;31,99294
 569,71; 6933,421;  338,666;21192,523;31,62367
 570,29; 7236,779;  404,049;22011,707;31,62180
 570,87; 7366,890;  390,281;22564,174;31,46317
 571,45; 7503,458;  378,210;23067,776;31,40319
 572,03; 7506,517;  339,136;23468,330;30,98846
 572,61; 7659,708;  339,365;24101,783;30,80639
 573,20; 7764,222;  360,592;24631,384;30,50428
 573,78; 7914,442;  353,288;25093,400;30,56232
 574,36; 8020,156;  372,903;25566,896;30,35348
 574,94; 8118,474;  451,291;25892,718;30,13661
 575,52; 8095,693;  366,988;26073,775;30,06484
 576,10; 8245,534;  430,601;26511,306;29,96442
 576,68; 8317,629;  420,367;27011,137;29,69926
 577,26; 8398,831;  431,912;27596,784;29,32802
 577,84; 8556,876;  427,903;28050,013;29,42922
 578,42; 8631,851;  493,061;28272,915;29,29745
 579,00; 8530,917;  426,673;28402,900;28,96832
 579,58; 8572,775;  480,675;28528,295;28,85129
 580,16; 8448,304;  439,600;28536,803;28,50356
 580,74; 8456,961;  438,447;28735,573;28,33685
 581,32; 8479,313;  432,138;28727,990;28,43942
 581,90; 8372,158;  465,831;28727,533;27,97541
 582,48; 8375,165;  446,754;28789,380;27,97345
 583,06; 8352,949;  460,983;28904,719;27,74588
 583,64; 8330,831;  463,291;28896,794;27,66996
 584,22; 8231,644;  453,219;28848,125;27,39373
 584,80; 8100,934;  465,677;28643,531;27,09666
 585,38; 7989,362;  483,977;28189,805;27,08955
 585,96; 7879,909;  445,289;28262,787;26,72642
 586,54; 7914,197;  463,218;28201,276;26,86193
 587,12; 7826,289;  431,986;28306,538;26,52708
 587,70; 7847,643;  461,905;28397,943;26,43803
 588,28; 7768,387;  437,986;28413,307;26,20310
 588,86; 7803,981;  449,833;28510,119;26,20839
 589,44; 7715,773;  417,222;28561,562;25,93257
 590,02; 7756,628;  424,144;28762,210;25,87503
 590,59; 7716,127;  407,911;28738,852;25,79588
 591,17; 7730,797;  420,381;28948,390;25,62540
 591,75; 7664,639;  401,070;28960,993;25,43273
 592,33; 7714,591;  438,761;29278,410;25,22857
 592,91; 7671,910;  372,072;29389,885;25,15640
 593,49; 7677,166;  384,074;29615,740;24,94929
 594,07; 7726,327;  403,151;29880,086;24,84375
 594,65; 7658,434;  418,834;29820,624;24,62299
 595,23; 7729,915;  412,605;30113,248;24,63687
 595,81; 7674,634;  391,607;30218,176;24,41792
 596,39; 7664,494;  389,299;30360,793;24,27371
 596,97; 7635,882;  397,072;30557,269;24,00120
 597,55; 7615,153;  390,681;30399,859;24,07421
 598,12; 7514,885;  362,691;30422,591;23,79314
 598,70; 7533,909;  360,073;30555,773;23,75781
 599,28; 7487,028;  379,842;30678,273;23,45727
 599,86; 7458,154;  383,688;30722,849;23,31794
 600,44; 7459,313;  349,074;30806,315;23,34499
 601,02; 7437,860;  406,310;30836,916;23,10684
 601,60; 7323,708;  378,301;30796,416;22,83313
 602,18; 7332,025;  345,459;30779,590;22,95635
 602,75; 7254,977;  345,837;30865,636;22,63822
 603,33; 7263,056;  374,380;30873,889;22,58618
 603,91; 7174,562;  350,846;30885,369;22,34754
 604,49; 7160,950;  387,535;30881,390;22,21240
 605,07; 7087,044;  390,532;30994,608;21,88111
 605,65; 7107,376;  391,536;31052,279;21,90371
 606,23; 7090,666;  453,756;31160,773;21,61366
 606,80; 7111,257;  501,452;31216,713;21,51961
 607,38; 6998,234;  542,615;31197,250;21,05919
 607,96; 7054,341;  601,914;31345,905;20,98760
 608,54; 7091,348;  654,151;31378,740;20,95129
 609,12; 6978,221;  655,683;31435,059;20,54148
 609,70; 6966,965;  685,534;31411,463;20,44342
 610,27; 6927,935;  690,144;31498,749;20,24691
 610,85; 6901,672;  724,303;31566,539;20,02893
 611,43; 6880,741;  715,303;31444,196;20,06398
 612,01; 6760,919;  687,608;31433,067;19,75352
 612,59; 6730,259;  682,995;31332,348;19,73048
 613,16; 6602,518;  633,758;31300,741;19,46315
 613,74; 6620,559;  618,150;31201,927;19,62612
 614,32; 6558,460;  581,997;31156,741;19,54706
 614,90; 6505,890;  545,455;31048,957;19,54016
 615,48; 6372,552;  489,835;30851,821;19,37527
 616,05; 6327,903;  463,603;30803,662;19,32857
 616,63; 6269,331;  471,371;30677,425;19,19469
 617,21; 6238,306;  450,759;30568,403;19,21647
 617,79; 6165,934;  443,838;30588,485;18,98213
 618,36; 6115,401;  452,070;30408,377;18,90530
 618,94; 6029,251;  378,836;30145,323;18,98247
 619,52; 5982,162;  409,526;29994,081;18,83630
 620,10; 5905,522;  395,837;29947,944;18,64397
 620,67; 5905,911;  387,371;29842,233;18,73558
 621,25; 5853,694;  426,070;29745,916;18,51178
 621,83; 5805,495;  386,913;29690,669;18,49109
 622,41; 5820,664;  455,759;29726,591;18,32850
 622,98; 5731,415;  410,294;29382,386;18,36637
 623,56; 5709,632;  415,217;29483,345;18,21382
 624,14; 5688,406;  401,148;29283,806;18,30600
 624,72; 5670,670;  383,759;29263,515;18,30664
 625,29; 5585,366;  380,832;29333,230;17,97618
 625,87; 5642,962;  432,299;29264,793;18,07219
 626,45; 5532,367;  370,370;29152,342;17,93483
 627,02; 5523,605;  383,915;29046,679;17,93159
 627,60; 5481,013;  366,458;29045,507;17,83377
 628,18; 5427,529;  351,991;29089,675;17,66161
 628,76; 5420,072;  350,679;29139,542;17,60887
 629,33; 5429,329;  397,604;29056,934;17,55702
 629,91; 5366,445;  374,145;29023,175;17,42572
 630,49; 5421,679;  391,603;29225,084;17,44526
 631,06; 5408,127;  367,910;29224,120;17,46666
 631,64; 5387,178;  372,678;29211,113;17,38825
 632,22; 5324,250;  335,830;29152,413;17,31093
 632,79; 5336,984;  366,522;29366,452;17,13956
 633,37; 5354,003;  337,608;29387,606;17,26814
 633,95; 5327,731;  350,677;29426,765;17,11734
 634,52; 5327,293;  343,682;29646,937;17,00702
 635,10; 5337,655;  350,067;29565,404;17,07181
 635,68; 5331,264;  338,830;29761,836;16,96779
 636,25; 5314,693;  323,981;29705,248;16,98603
 636,83; 5271,226;  326,295;29912,080;16,71387
 637,41; 5301,229;  332,675;29828,910;16,84471
 637,98; 5337,523;  369,752;30037,063;16,74493
 638,56; 5328,036;  343,903;30170,244;16,71051
 639,13; 5277,828;  313,371;30144,270;16,64199
 639,71; 5397,889;  407,680;30305,928;16,69064
 640,29; 5207,668;  292,757;30073,417;16,50370
 640,86; 5264,903;  320,526;30333,564;16,47410
 641,44; 5243,831;  324,603;30277,866;16,42301
 642,02; 5273,451;  350,834;30228,706;16,47579
 642,59; 5267,455;  318,757;30405,468;16,44812
 643,17; 5204,690;  314,142;30435,231;16,23629
 643,74; 5198,617;  311,373;30417,994;16,23312
 644,32; 5214,237;  351,296;30401,988;16,18246
 644,89; 5222,703;  344,988;30386,520;16,23657
 645,47; 5196,399;  355,681;30405,052;16,10922
 646,05; 5195,173;  345,835;30394,892;16,13807
 646,62; 5151,639;  328,066;30275,962;16,10655
 647,20; 5157,335;  328,527;30494,802;16,00731
 647,77; 5097,801;  306,912;30418,719;15,91033
 648,35; 5119,652;  307,066;30305,712;16,04268
 648,92; 5121,733;  321,066;30254,168;16,03799
 649,50; 5052,968;  289,605;30278,930;15,88353
 650,08; 5047,895;  294,451;30135,001;15,92948
 650,65; 5044,131;  298,836;30321,841;15,80553
 651,23; 5145,135;  278,990;30809,373;15,93870
 651,80; 5264,216;  289,144;31718,213;15,82952
 652,38; 5333,605;  305,452;32069,668;15,82962
 652,95; 5389,840;  277,760;32456,431;15,88655
 653,53; 5422,075;  294,683;32679,040;15,83293
 654,10; 5466,310;  349,529;32812,418;15,76194
 654,68; 5458,007;  282,683;32669,335;15,97980
 655,25; 5396,703;  290,529;32728,790;15,74121
 655,83; 5388,169;  294,453;32816,630;15,66229
 656,40; 5416,866;  324,222;32820,469;15,67148
 656,98; 5376,563;  291,453;32834,232;15,62592
 657,55; 5365,105;  300,684;32723,995;15,61969
 658,13; 5332,648;  293,223;32366,143;15,71240
 658,70; 5322,345;  300,377;32158,367;15,76361
 659,28; 5241,503;  296,607;31474,361;15,86033
 659,85; 5124,507;  328,531;30820,585;15,72861
 660,43; 5081,973;  322,146;30682,117;15,67797
 661,00; 5117,746;  294,531;30825,957;15,79754
 661,58; 5110,674;  302,685;31013,335;15,65577
 662,15; 5143,217;  286,377;31192,098;15,71502
 662,73; 5251,759;  379,070;31424,015;15,69560
 663,30; 5219,533;  313,608;31621,701;15,66983
 663,88; 5240,768;  320,301;31646,540;15,70717
 664,45; 5263,772;  305,916;31939,842;15,67259
 665,03; 5308,084;  311,840;32257,758;15,63970
 665,60; 5432,781;  399,224;32606,598;15,62858
 666,17; 5371,554;  296,455;32631,207;15,69549
 666,75; 5410,482;  300,994;32926,739;15,66091
 667,32; 5475,409;  307,379;33298,194;15,66506
 667,90; 5474,567;  300,456;33444,803;15,61084
 668,47; 5560,033;  322,456;33657,797;15,71179
 669,05; 5589,730;  300,456;33942,791;15,72208
 669,62; 5550,965;  275,225;33967,169;15,65876
 670,19; 5581,046;  275,302;34069,778;15,70003
 670,77; 5629,204;  302,226;34231,233;15,70037
 671,34; 5568,670;  283,841;34088,534;15,63342
 671,92; 5656,598;  296,687;34483,913;15,67811
 672,49; 5669,063;  314,072;34460,368;15,68250
 673,06; 5648,606;  259,611;34466,515;15,75412
 673,64; 5685,610;  279,303;34473,509;15,81059
 674,21; 5696,692;  266,150;34427,349;15,89681
 674,79; 5732,004;  309,304;34672,035;15,78076
 675,36; 5805,162;  307,765;34711,567;15,97904
 675,93; 5696,551;  271,227;34592,407;15,80751
 676,51; 5796,247;  304,842;34809,169;15,91512
 677,08; 5827,559;  300,689;34850,932;15,99662
 677,65; 5822,179;  298,843;34861,234;15,98077
 678,23; 5890,645;  294,151;35089,458;16,08405
 678,80; 5884,957;  283,458;35136,375;16,07182
 679,38; 5926,423;  303,459;35252,830;16,08888
 679,95; 6001,504;  311,382;35525,054;16,15884
 680,52; 6011,816;  295,997;35772,356;16,11163
 681,10; 6081,051;  312,228;36171,888;16,08722
 681,67; 6125,286;  308,459;36259,035;16,18007
 682,24; 6151,137;  272,767;36386,260;16,27749
 682,82; 6222,141;  276,229;36745,792;16,30377
 683,39; 6320,068;  342,536;37066,016;16,27714
 683,96; 6308,996;  295,998;37278,856;16,25888
 684,54; 6357,692;  273,691;37639,850;16,28212
 685,11; 6465,312;  337,537;37925,074;16,30268
 685,68; 6481,624;  282,537;38169,837;16,36191
 686,25; 6484,167;  258,768;38295,369;16,36686
 686,83; 6552,556;  282,845;38387,593;16,45388
 687,40; 6599,021;  258,922;38711,741;16,48800
 687,97; 6679,103;  335,384;39111,427;16,35989
 688,55; 6688,722;  267,384;39122,190;16,52650
 689,12; 6676,419;  243,384;39254,952;16,49007
 689,69; 6732,500;  260,615;39285,254;16,58410
 690,26; 6790,428;  285,923;39464,632;16,60214
 690,84; 6820,970;  289,923;39549,241;16,63566
 691,41; 6837,436;  308,615;39679,081;16,58304
 691,98; 6949,902;  295,385;40035,767;16,74498
 692,56; 6900,753;  280,923;39923,683;16,69871
 693,13; 6972,834;  336,385;40073,985;16,70068
 693,70; 7018,838;  306,154;40198,978;16,82679
 694,27; 7028,842;  274,924;40273,972;16,88520
 694,84; 7068,001;  275,386;40409,196;16,92492
 695,42; 7218,313;  418,309;40562,498;16,93895
 695,99; 7152,394;  295,001;40668,261;16,98499
 696,56; 7165,860;  292,155;40425,177;17,12730
 697,13; 7258,864;  296,078;40928,094;17,13621
 697,71; 7228,637;  295,925;40919,011;17,06594
 698,28; 7279,949;  291,156;41056,697;17,14388
 698,85; 7290,031;  258,925;41095,767;17,21755
 699,42; 7323,035;  254,694;41349,915;17,19991
 699,99; 7394,039;  299,156;41336,447;17,28887
 700,57; 7414,890;  304,618;41415,440;17,29538
 701,14; 7462,663;  281,926;41550,203;17,40014
 701,71; 7545,668;  300,156;41730,889;17,48825
 702,28; 7570,364;  292,772;41843,883;17,51480
 702,85; 7582,445;  292,234;41842,876;17,54536
 703,43; 7640,911;  318,849;42044,947;17,54792
 704,00; 7716,762;  316,003;42261,787;17,64363
 704,57; 7750,151;  302,080;42225,319;17,76597
 705,14; 7791,309;  327,927;42461,928;17,71344
 705,71; 7820,236;  331,773;42584,152;17,72318
 706,28; 7844,779;  305,235;42407,146;17,90784
 706,86; 7855,091;  338,927;42609,524;17,78107
 707,43; 7962,249;  374,696;42608,672;17,96552
 708,00; 7947,561;  331,696;42597,050;18,01917
 708,57; 7913,719;  303,927;42547,890;18,01392
 709,14; 8018,416;  338,004;42677,652;18,14000
 709,71; 8061,343;  309,928;42723,492;18,27579
 710,28; 8085,578;  310,928;42956,101;18,23102
 710,86; 8107,813;  318,543;43044,941;18,23058
 711,43; 8146,972;  345,620;43032,704;18,27567
 712,00; 8179,207;  314,621;43090,159;18,38571
 712,57; 8247,596;  327,544;43237,537;18,45736
 713,14; 8274,292;  312,005;43336,454;18,50642
 713,71; 8315,912;  324,159;43246,371;18,61915
 714,28; 8326,762;  313,160;43236,134;18,66973
 714,85; 8353,459;  288,006;43089,127;18,84402
 715,42; 8320,617;  290,468;43212,505;18,70869
 716,00; 8534,929;  379,929;43356,730;18,97535
 716,57; 8499,856;  299,237;43522,647;18,97263
 717,14; 8539,553;  282,468;43316,486;19,18734
 717,71; 8570,327;  267,084;43472,172;19,21821
 718,28; 8646,408;  330,391;43603,320;19,21760
 718,85; 8614,566;  263,007;43541,621;19,29720
 719,42; 8725,647;  295,930;43593,461;19,46928
 719,99; 8674,421;  267,853;43414,147;19,48387
 720,56; 8776,194;  303,238;43777,140;19,48975
 721,13; 8789,352;  272,392;43855,211;19,54201
 721,70; 8840,972;  264,546;43612,358;19,78514
 722,27; 8838,053;  298,700;43730,814;19,66138
 722,84; 9010,827;  353,162;43911,577;19,87599
 723,41; 8932,447;  265,470;43891,032;19,86674
 723,98; 9042,912;  269,085;43995,487;20,06529
 724,55; 9087,763;  314,778;44173,942;20,00263
 725,12; 9043,383;  237,008;44037,474;20,10566
 725,69; 9150,541;  271,316;44181,468;20,22135
 726,27; 9207,237;  272,624;44316,308;20,28580
 726,84; 9337,626;  278,240;44467,840;20,50117
 727,41; 9374,169;  310,471;44551,833;20,48693
 727,98; 9458,250;  301,855;44802,596;20,57583
 728,55; 9494,716;  324,317;44755,128;20,63973
 729,12; 9443,797;  274,471;44790,891;20,59763
 729,69; 9577,494;  302,471;44922,500;20,78668
 730,26; 9627,267;  302,241;45143,724;20,79554
 730,82; 9638,195;  302,856;45098,103;20,84002
 731,39; 9669,661;  297,933;45088,019;20,92366
 731,96; 9779,280;  269,010;45360,090;21,09125
 732,53; 9788,054;  294,087;45507,699;20,99803
 733,10; 9901,597;  311,010;45678,770;21,13965
 733,67; 9956,063;  303,395;45739,840;21,24433
 734,24; 9913,451;  296,549;45466,218;21,29062
 734,81;10040,379;  321,626;45622,827;21,45363
 735,38; 9954,075;  295,857;45525,744;21,35362
 735,95;10008,926;  309,550;45320,276;21,54903
 736,52;10053,623;  311,934;45478,501;21,56836
 737,09;10014,704;  314,242;45200,725;21,61110
 737,66;10135,554;  364,781;45480,103;21,65733
 738,23;10184,328;  304,089;45489,405;21,86604
 738,80;10315,024;  388,781;45834,783;21,84184
 739,37;10293,259;  331,550;45843,315;21,88821
 739,94;10313,802;  309,781;45876,616;21,95461
 740,51;10455,730;  467,089;46032,610;21,92149
 741,07;10398,349;  304,705;46013,988;22,08226
 741,64;10471,584;  343,090;46088,443;22,14104
 742,21;10513,127;  314,782;46098,437;22,27508
 742,78;10494,824;  276,244;45969,200;22,36358
 743,35;10566,443;  313,782;46198,963;22,34417
 743,92;10697,063;  362,398;46355,341;22,47011
 744,49;10729,914;  352,783;46251,334;22,60884
 745,06;10792,918;  313,706;46256,482;22,80927
 745,63;10734,614;  292,321;46212,937;22,73988
 746,19;10810,773;  310,860;46279,700;22,84137
 746,76;10827,623;  322,014;46202,540;22,89775
 747,33;10876,012;  318,014;46311,072;22,95563
 747,90;11038,247;  330,783;46478,065;23,20280
 748,47;11004,867;  318,399;46369,367;23,20574
 749,04;11055,794;  317,553;46429,822;23,28717
 749,61;11109,568;  359,322;46430,123;23,33418
 750,17;11222,572;  329,246;46419,040;23,63501
 750,74;11164,269;  333,246;46394,187;23,51455
 751,31;11135,658;  310,246;46338,335;23,51914
 751,88;11143,893;  300,015;46223,559;23,61289
 752,45;11233,589;  306,169;46379,168;23,71762
 753,02;11237,670;  339,092;46202,623;23,76306
 753,58;11248,444;  295,477;46049,848;23,93862
 754,15;11319,679;  308,093;46249,380;23,96882
 754,72;11269,991;  301,708;46024,835;23,98848
 755,29;11255,303;  282,631;45829,060;24,09118
 755,86;11304,077;  315,478;45989,361;24,05882
 756,42;11328,619;  311,016;45922,278;24,15544
 756,99;11323,701;  260,247;45845,271;24,26993
 757,56;11342,551;  280,094;45842,726;24,27967
 758,13;11469,248;  229,940;45746,258;24,69292
 758,70;11489,098;  266,094;45813,406;24,64032
 759,26;11483,949;  251,248;45909,323;24,60178
 759,83;11594,107;  253,863;45917,470;24,83431
 760,40;11524,111;  230,556;45844,541;24,75898
 760,97;11534,577;  225,633;45946,611;24,73469
 761,53;11517,043;  217,556;45538,297;24,93226
 762,10;11535,585;  217,633;45633,829;24,92052
 762,67;11591,590;  255,479;45480,900;25,06579
 763,24;11488,748;  211,556;45142,740;25,09881
 763,80;11617,829;  252,480;45303,426;25,22777
 764,37;11645,141;  255,711;45338,419;25,26341
 764,94;11545,838;  240,634;44805,413;25,36802
 765,50;11550,919;  250,249;44845,868;25,34031
 766,07;11712,000;  284,865;44927,939;25,59666
 766,64;11585,620;  269,019;44698,548;25,47090
 767,21;11601,624;  271,711;44582,926;25,56895
 767,77;11676,552;  280,250;44542,304;25,74734
 768,34;11664,633;  286,635;44448,682;25,76420
 768,91;11661,253;  309,635;44302,984;25,80303
 769,47;11696,334;  292,712;44390,746;25,85971
 770,04;11752,184;  292,789;44253,663;26,06726
 770,61;11650,727;  268,943;43964,349;26,04801
 771,18;11711,116;  284,635;43998,112;26,13949
 771,74;11813,813;  284,712;44062,490;26,33551
 772,31;11786,894;  293,174;43868,561;26,37663
 772,88;11761,898;  256,636;43699,785;26,48349
 773,44;11733,749;  273,790;43574,317;26,46609
 774,01;11805,830;  285,252;43676,695;26,55035
 774,58;11769,373;  256,329;43413,381;26,67709
 775,14;11825,761;  276,175;43453,375;26,74927
 775,71;11896,227;  260,175;43417,446;26,96197
 776,27;11973,770;  335,637;43282,978;27,09861
 776,84;12075,774;  390,406;43421,894;27,15539
 777,41;11961,086;  286,945;43214,965;27,19469
 777,97;11914,552;  275,329;42939,420;27,28108
 778,54;11976,249;  297,330;42996,260;27,35178
 779,11;12057,561;  315,022;42979,946;27,52270
 779,67;12038,565;  285,330;42977,324;27,53030
 780,24;12011,108;  286,792;42792,087;27,58319
 780,80;12081,189;  304,715;42735,465;27,75457
 781,37;12135,424;  305,484;42748,228;27,87270
 781,94;12093,967;  294,946;42466,222;27,97881
 782,50;12116,433;  296,484;42478,831;28,02108
 783,07;12178,129;  328,715;42588,055;28,03975
 783,63;12133,518;  283,485;42370,895;28,15577
 784,20;12218,292;  319,023;42269,658;28,36493
 784,77;12174,142;  291,177;42054,805;28,45290
 785,33;12182,993;  264,024;42003,260;28,55579
 785,90;12253,305;  278,024;41958,408;28,73122
 786,46;12235,001;  306,101;41880,325;28,69302
 787,03;12217,775;  275,870;41802,472;28,75724
 787,59;12285,164;  277,640;41700,927;28,98738
 788,16;12306,860;  288,178;41620,844;29,07793
 788,73;12316,788;  283,794;41597,453;29,12595
 789,29;12295,100;  277,794;41260,908;29,32258
 789,86;12346,796;  311,563;41199,056;29,43500
 790,42;12318,032;  290,333;40958,818;29,57499
 790,99;12261,959;  285,871;40754,966;29,59317
 791,55;12352,348;  280,102;40746,421;29,83282
 792,12;12322,891;  322,641;40708,645;29,71388
 792,68;12312,280;  296,564;40461,408;29,91600
 793,25;12268,207;  298,487;40209,171;29,99127
 793,81;12334,904;  390,333;39938,011;30,20296
 794,38;12126,216;  256,795;39787,620;30,02573
 794,94;12210,220;  278,103;39647,383;30,30819
 795,51;12174,224;  296,334;39460,069;30,32880
 796,07;12159,921;  291,488;39260,832;30,45582
 796,64;12215,848;  294,257;39409,210;30,47835
 797,20;12075,468;  309,104;38950,588;30,45008
 797,77;12066,241;  258,565;38631,659;30,77072
 798,33;12068,169;  283,335;38575,345;30,77622
 798,90;12072,404;  303,565;38519,877;30,79533
 799,46;12021,639;  270,489;38056,409;31,09928
 800,03;11997,874;  295,181;38048,556;30,99774
 800,59;12030,263;  294,412;37944,165;31,17112
 801,15;12022,883;  309,181;37662,851;31,35890
 801,72;11954,195;  284,182;37398,383;31,44352
 802,28;11884,891;  303,874;37212,685;31,37738
 802,85;11869,357;  285,797;36984,986;31,56353
 803,41;11875,054;  273,028;36836,980;31,73078
 803,98;11811,673;  292,259;36430,973;31,87555
 804,54;11783,831;  272,028;36340,582;31,91645
 805,11;11781,067;  294,875;36156,345;32,02934
 805,67;11801,148;  329,644;36007,339;32,15315
 806,23;11657,537;  295,567;35717,871;32,07575
 806,80;11675,695;  318,721;35601,403;32,18852
 807,36;11706,930;  302,106;35624,089;32,28818
 807,93;11692,934;  318,952;35394,313;32,42727
 808,49;11594,015;  272,722;35077,230;32,52824
 809,05;11529,097;  258,030;34892,993;32,54245
 809,62;11545,409;  279,107;34816,679;32,62042
 810,18;11496,567;  284,799;34789,826;32,49314
 810,74;11450,340;  249,876;34568,589;32,63661
 811,31;11485,499;  258,492;34472,121;32,81443
 811,87;11474,041;  286,723;34216,269;32,97220
 812,44;11423,969;  313,877;34357,416;32,63495
 813,00;11389,896;  219,954;34017,641;33,04943
 813,56;11470,439;  282,569;34080,173;33,10255
 814,13;11460,520;  276,108;34023,166;33,14189
 814,69;11456,140;  265,493;33879,160;33,29196
 815,25;11381,298;  239,262;33471,154;33,52814
 815,82;11410,995;  286,108;33500,147;33,49453
 816,38;11462,845;  318,262;33346,372;33,74272
 816,94;11323,542;  259,185;33033,134;33,75961
 817,51;11300,854;  242,186;32749,128;34,01940
 818,07;11273,781;  240,340;32706,814;33,98411
 818,63;11232,247;  270,032;32416,269;34,10108
 819,20;11313,559;  269,724;32452,263;34,31623
 819,76;11226,486;  249,109;32109,564;34,45455
 820,32;11277,260;  288,494;32075,173;34,57035
 820,89;11233,033;  267,110;31837,859;34,73444
 821,45;11162,807;  252,417;31549,007;34,86127
 822,01;11199,657;  268,187;31403,616;35,10943
 822,57;11152,739;  286,110;31264,225;35,07841
 823,14;11096,127;  233,879;31097,295;35,19458
 823,70;11094,593;  260,803;30937,212;35,31636
 824,26;11030,213;  239,187;30755,975;35,36095
 824,82;11090,448;  282,187;30647,661;35,59391
 825,39;11057,298;  259,803;30400,577;35,82355
 825,95;11087,072;  267,572;30414,263;35,88951
 826,51;11042,999;  272,265;30120,488;36,08501
 827,08;11078,465;  308,188;30146,327;36,09567
 827,64;11043,162;  275,957;29959,552;36,27325
 828,20;11051,320;  247,111;29785,007;36,57745
 828,76;11059,632;  286,035;29812,385;36,48808
 829,32;11107,713;  299,189;29650,456;36,82473
 829,89;11006,948;  243,496;29518,142;36,76715
 830,45;11095,337;  268,727;29463,674;37,08385
 831,01;11020,726;  265,958;29353,052;36,97436
 831,57;11016,038;  256,035;29269,430;37,08633
 832,14;11032,889;  259,112;29244,193;37,17007
 832,70;11051,278;  242,959;28954,418;37,64462
 833,26;11005,513;  221,728;28888,565;37,61763
 833,82;11020,440;  259,959;28903,713;37,56659
 834,38;11055,521;  248,651;28807,091;37,84125
 834,95;11019,064;  248,267;28727,392;37,81997
 835,51;10985,530;  216,421;28604,463;37,93537
 836,07;11055,688;  253,883;28714,764;37,95317
 836,63;11129,692;  278,344;28682,527;38,20335
 837,19;11093,697;  266,498;28549,982;38,28099
 837,75;11035,547;  217,960;28266,437;38,56747
 838,32;11125,474;  278,575;28343,585;38,64919
 838,88;11155,094;  281,191;28406,809;38,66192
 839,44;11178,098;  263,499;28302,880;38,92597
 840,00;11139,564;  263,807;28280,642;38,81865
 840,56;11049,722;  242,115;28033,021;38,88901
 841,12;11145,111;  243,115;27914,476;39,39812
 841,68;11025,039;  220,192;27790,469;39,19020
 842,25;11076,505;  247,807;27896,155;39,16580
 842,81;11077,894;  230,423;27616,688;39,60916
 843,37;11085,436;  236,654;27647,758;39,57806
 843,93;11097,133;  249,038;27594,059;39,67119
 844,49;11184,137;  264,731;27645,822;39,87937
 845,05;11058,141;  218,269;27405,047;39,87185
 845,61;11214,530;  264,654;27456,886;40,26840
 846,17;11115,458;  245,962;27339,342;40,11864
 846,73;11119,001;  252,193;27315,028;40,15399
 847,29;11067,774;  232,116;27138,637;40,27149
 847,86;11088,471;  235,270;27111,861;40,38161
 848,42;11027,783;  243,886;26990,393;40,31890
 848,98;11079,249;  254,578;26910,387;40,60905
 849,54;11114,407;  247,501;26995,765;40,62658
 850,10;11118,949;  260,578;26909,682;40,74573
 850,66;11045,261;  223,656;26666,829;40,92401
 851,22;11059,881;  221,348;26607,592;41,07645
 851,78;11164,655;  292,348;26678,355;41,20482
 852,34;11086,582;  261,887;26529,195;41,20976
 852,90;11073,356;  240,502;26495,034;41,26089
 853,46;11016,283;  233,041;26244,028;41,45649
 854,02;11076,826;  256,272;26301,252;41,54564
 854,58;10989,445;  253,580;26099,554;41,53787
 855,14;11032,450;  248,887;26025,470;41,83472
 855,70;11016,146;  211,426;25916,464;42,03347
 856,26;11007,381;  251,888;25867,150;41,98861
 856,82;11016,770;  239,888;25749,374;42,24657
 857,38;11021,313;  288,273;25675,906;42,27665
 857,94;10919,317;  242,119;25611,362;42,08718
 858,50;10955,476;  284,042;25480,586;42,35277
 859,06;10863,249;  240,581;25218,503;42,52823
 859,62;10934,484;  268,889;25298,035;42,61270
 860,18;10842,027;  249,196;25060,721;42,69319
 860,74;10834,339;  214,812;25002,714;42,84157
 861,30;10802,036;  226,351;24816,708;43,00745
 861,86;10897,194;  327,197;24890,625;43,03144
 862,42;10829,429;  238,274;24682,695;43,32749
 862,98;10939,895;  277,428;24688,997;43,67793
 863,54;10740,053;  246,505;24474,760;43,31120
 864,10;10763,134;  236,736;24526,907;43,33604
 864,66;10780,984;  219,198;24366,362;43,73924
 865,22;10711,527;  246,275;24190,125;43,70748
 865,78;10758,839;  242,121;24193,811;43,90804
 866,34;10718,151;  228,429;24092,112;43,95685
 866,90;10669,309;  254,967;23978,798;43,89823
 867,45;10643,160;  251,737;23773,330;44,17823
 868,01;10652,549;  251,814;23686,862;44,38111
 868,57;10573,861;  246,506;23600,087;44,22172
 869,13;10566,634;  211,506;23485,080;44,49307
 869,69;10529,254;  236,583;23371,305;44,49014
 870,25;10559,335;  221,507;23242,145;44,90679
 870,81;10552,493;  240,199;23242,754;44,83108
 871,37;10542,575;  261,738;23147,440;44,92253
 871,93;10597,271;  259,738;23046,818;45,36577
 872,49;10518,276;  292,430;22873,273;45,28549
 873,04;10449,357;  225,969;22713,420;45,46263
 873,60;10484,976;  230,123;22635,029;45,77057
 874,16;10450,673;  244,200;22568,177;45,71978
 874,72;10429,981;  246,277;22491,946;45,77837
 875,28;10425,827;  237,585;22428,408;45,91196
 875,84;10474,827;  247,354;22390,869;46,18722
 876,40;10422,135;  232,046;22352,946;46,06543
 876,95;10389,519;  256,738;22299,792;45,96814
 877,51;10487,288;  270,277;22322,254;46,33150
 878,07;10487,365;  280,969;22311,331;46,32877
 878,63;10436,519;  243,123;22296,177;46,22215
 879,19;10518,365;  265,200;22358,331;46,40884
 879,75;10517,673;  237,200;22321,638;46,55076
 880,30;10529,442;  231,738;22373,638;46,50777
 880,86;10638,981;  286,046;22521,562;46,56035
 881,42;10658,519;  219,200;22510,946;46,83042
 881,98;10693,750;  247,277;22569,638;46,79824
 882,54;10677,288;  239,662;22638,485;46,59900
 883,09;10843,058;  261,354;22714,408;47,12813
 883,65;10810,673;  236,585;22761,638;46,94368
 884,21;10918,519;  271,508;22960,177;46,92656
 884,77;10940,673;  230,123;22999,715;47,03883
 885,32;11058,596;  246,738;23011,638;47,49354
 885,88;11164,750;  290,585;23216,792;47,43116
 886,44;11097,135;  244,431;23296,715;47,07865
 887,00;11188,058;  266,046;23317,638;47,38072
 887,56;11277,596;  242,585;23393,946;47,66463
 888,11;11250,212;  258,277;23412,254;47,47320
 888,67;11375,750;  270,738;23560,715;47,68151
 889,23;11354,519;  243,969;23537,869;47,69725
 889,79;11250,519;  230,815;23478,177;47,40195
 890,34;11330,827;  262,046;23438,869;47,75797
 890,90;11438,904;  331,815;23556,100;47,82532
 891,46;11399,135;  233,277;23515,331;47,95908
 892,01;11428,058;  255,200;23481,408;48,10453
 892,57;11487,750;  284,200;23462,100;48,33721
 893,13;11408,673;  243,046;23253,715;48,52369
 893,69;11448,596;  227,738;23210,254;48,82345
 894,24;11426,981;  243,585;23140,023;48,84339
 894,80;11420,365;  243,200;23016,946;49,07917
 895,36;11371,519;  246,354;22917,177;49,07261
 895,91;11314,365;  240,277;22825,408;49,03265
 896,47;11381,442;  261,892;22719,100;49,51439
 897,03;11271,519;  233,892;22567,638;49,42130
 897,58;11253,673;  247,892;22400,946;49,68065
 898,14;11259,981;  247,738;22242,792;50,06690
 898,70;11160,212;  209,585;22143,177;49,92628
 899,25;11179,827;  245,354;22181,715;49,84634
 899,81;11203,058;  250,662;22036,408;50,27322
 900,37;11149,596;  216,662;21764,946;50,73691
 900,92;11202,981;  242,277;21832,023;50,76810
 901,48;11119,442;  230,046;21694,254;50,73281
 902,03;11097,904;  228,277;21513,023;51,06768
 902,59;11079,904;  223,200;21413,408;51,23453
 903,15;11129,365;  253,738;21360,715;51,52622
 903,70;10985,750;  234,508;21169,177;51,35616
 904,26;11011,288;  230,738;21055,177;51,76874
 904,82;11010,750;  230,892;21036,638;51,81193
 905,37;11045,596;  253,354;20925,485;52,20672
 905,93;10991,365;  227,046;20862,100;52,16521
 906,48;10991,135;  255,123;20831,946;52,17526
 907,04;10979,442;  255,277;20762,331;52,29501
 907,60;10945,750;  246,662;20541,562;52,71811
 908,15;10843,904;  231,354;20455,408;52,47489
 908,71;10918,827;  245,815;20409,408;52,93209
 909,26;10888,519;  232,508;20304,177;53,08981
 909,82;10864,135;  242,585;20233,869;53,13090
 910,37;10874,288;  273,892;20174,331;53,26715
 910,93;10773,827;  220,969;19962,485;53,45516
 911,48;10749,135;  229,969;19879,562;53,53376
 912,04;10748,519;  232,969;19814,869;53,70036
 912,60;10749,135;  244,508;19806,562;53,69900
 913,15;10698,288;  229,892;19604,792;54,03071
 913,71;10693,519;  217,585;19536,331;54,22678
 914,26;10653,750;  207,815;19437,023;54,32327
 914,82;10647,904;  233,892;19373,254;54,41149
 915,37;10614,750;  215,585;19328,331;54,40958
 915,93;10660,981;  295,662;19241,254;54,71098
 916,48;10610,212;  220,969;19115,946;54,98415
 917,04;10628,058;  243,662;19033,331;55,26652
 917,59;10632,058;  260,892;18987,254;55,38270
 918,15;10461,827;  201,123;18833,715;55,06858
 918,70;10405,058;  237,200;18762,869;54,88524
 919,26;10472,058;  236,431;18633,638;55,63685
 919,81;10357,673;  227,508;18520,254;55,37805
 920,37;10401,442;  234,431;18455,946;55,79674
 920,92;10438,365;  245,815;18444,177;56,00806
 921,48;10246,365;  208,662;18301,254;55,47963
 922,03;10308,596;  229,123;18233,100;55,98470
 922,59;10315,365;  233,662;18105,562;56,41092
 923,14;10237,519;  241,738;18036,638;56,17217
 923,69;10203,365;  254,815;17984,792;56,11147
 924,25;10266,596;  271,585;17944,254;56,55632
 924,80;10133,981;  230,200;17753,792;56,51684
 925,36;10093,365;  219,508;17678,946;56,55312
 925,91;10118,135;  225,431;17594,408;56,95617
 926,47;10112,212;  197,046;17556,638;57,11635
 927,02;10172,596;  299,892;17558,638;57,20406
 927,57;10047,135;  223,431;17284,023;57,58126
 928,13;10092,365;  218,046;17281,023;57,86985
 928,68;10056,365;  235,585;17233,023;57,77800
 929,24; 9945,673;  197,046;17075,331;57,75840
 929,79; 9945,442;  218,662;16946,638;58,14678
 930,34; 9885,827;  217,277;16873,331;58,04826
 930,90; 9941,673;  210,354;16818,638;58,59316
 931,45; 9951,904;  232,046;16841,023;58,52171
 932,01; 9867,135;  226,123;16796,408;58,18253
 932,56; 9924,750;  250,354;16666,023;58,93391
 933,11; 9943,135;  258,662;16579,485;59,33814
 933,67; 9829,827;  212,738;16498,408;59,05246
 934,22; 9780,904;  236,892;16413,638;58,99834
 934,77; 9789,519;  248,354;16297,100;59,45116
 935,33; 9703,981;  232,662;16237,715;59,17705
 935,88; 9690,981;  229,123;16149,562;59,43214
 936,43; 9678,981;  230,123;16092,562;59,56750
 936,99; 9652,981;  242,200;15959,946;59,87360
 937,54; 9594,673;  209,046;15838,638;60,05036
 938,09; 9565,135;  232,200;15850,485;59,75646
 938,65; 9548,904;  249,046;15749,177;59,99858
 939,20; 9468,673;  210,123;15622,177;60,07343
 939,75; 9459,981;  212,354;15540,100;60,33259
 940,31; 9478,212;  210,277;15446,562;60,82805
 940,86; 9489,827;  231,431;15465,331;60,77496
 941,41; 9541,827;  334,738;15419,946;61,03389
 941,96; 9417,135;  213,277;15296,562;61,02025
 942,52; 9385,981;  217,585;15159,408;61,36063
 943,07; 9368,365;  206,431;15129,792;61,39324
 943,62; 9358,519;  214,815;15026,100;61,73471
 944,18; 9305,981;  206,277;14977,254;61,60529
 944,73; 9326,212;  243,277;14924,946;61,86582
 945,28; 9185,750;  191,892;14737,562;61,83186
 945,83; 9207,212;  212,354;14770,177;61,78711
 946,39; 9238,673;  219,815;14769,177;61,98800
 946,94; 9216,288;  239,892;14655,485;62,26866
 947,49; 9216,058;  216,123;14504,869;62,98617
 948,04; 9222,904;  268,738;14543,946;62,72529
 948,59; 9162,750;  247,354;14437,946;62,82610
 949,15; 9096,596;  206,508;14429,638;62,50444
 949,70; 9065,596;  222,277;14290,792;62,85894
 950,25; 8982,212;  236,892;14228,408;62,50445
 950,80; 8961,519;  184,431;14121,100;62,97838
 951,36; 8972,519;  195,123;14015,715;63,50955
 951,91; 9006,135;  240,354;14056,254;63,44705
 952,46; 8913,673;  223,585;13898,177;63,54916
 953,01; 8915,519;  225,200;13934,254;63,39109
 953,56; 8852,827;  201,969;13775,869;63,73156
 954,11; 8839,750;  229,200;13778,638;63,54913
 954,67; 8776,212;  212,662;13705,023;63,46962
 955,22; 8727,058;  196,508;13541,100;63,92515
 955,77; 8755,135;  250,969;13578,946;63,80687
 956,32; 8705,442;  270,277;13514,023;63,69169
 956,87; 8608,519;  211,662;13390,562;63,71440
 957,42; 8615,135;  214,046;13284,100;64,27738
 957,98; 8566,212;  208,892;13328,485;63,70106
 958,53; 8574,212;  259,354;13253,485;63,98933
 959,08; 8494,288;  211,738;13110,715;64,21091
 959,63; 8425,827;  216,431;13049,023;63,97301
 960,18; 8419,212;  229,738;13036,331;63,94732
 960,73; 8452,519;  225,815;13011,715;64,34200
 961,28; 8367,519;  197,662;12875,408;64,44251
 961,83; 8404,288;  238,508;12834,869;64,82650
 962,39; 8319,981;  202,969;12727,408;64,80938
 962,94; 8297,135;  231,662;12728,254;64,54138
 963,49; 8275,750;  231,200;12643,715;64,80999
 964,04; 8228,288;  241,508;12593,100;64,66195
 964,59; 8165,288;  194,738;12445,869;65,05971
 965,14; 8188,288;  249,508;12509,331;64,75445
 965,69; 8134,904;  211,662;12355,946;65,24256
 966,24; 8091,058;  210,892;12294,177;65,21542
 966,79; 8070,135;  253,815;12194,638;65,45880
 967,34; 8020,750;  196,277;12056,023;65,97505
 967,89; 8050,519;  211,662;12113,869;65,86054
 968,44; 7960,673;  218,892;11975,792;65,84883
 968,99; 7950,442;  233,200;11943,177;65,90314
 969,55; 7909,288;  227,431;11895,023;65,83927
 970,10; 7915,750;  229,585;11827,100;66,27424
 970,65; 7862,827;  253,277;11775,715;66,04114
 971,20; 7831,365;  206,969;11661,562;66,56192
 971,75; 7738,442;  194,969;11527,485;66,56486
 972,30; 7741,365;  221,815;11490,408;66,73016
 972,85; 7683,519;  215,815;11405,331;66,73840
 973,40; 7629,904;  213,123;11288,254;66,96788
 973,95; 7620,827;  232,969;11244,254;67,09351
 974,50; 7604,135;  264,585;11252,023;66,79946
 975,05; 7585,365;  223,123;11099,331;67,69126
 975,60; 7544,288;  241,046;11083,946;67,35506
 976,15; 7516,519;  211,354;11005,869;67,67479
 976,70; 7498,365;  230,662;10919,023;67,99643
 977,25; 7537,673;  241,585;10874,408;68,61854
 977,80; 7405,904;  210,969;10771,946;68,12755
 978,35; 7382,442;  237,892;10640,023;68,68352
 978,89; 7308,212;  207,738;10613,485;68,23608
 979,44; 7323,288;  233,277;10594,408;68,42894
 979,99; 7223,827;  217,738;10429,869;68,60555
 980,54; 7200,750;  254,662;10391,023;68,52645
 981,09; 7191,904;  244,662;10319,177;68,95858
 981,64; 7103,904;  235,354;10235,177;68,68672
 982,19; 7116,212;  273,969;10170,562;69,13736
 982,74; 7000,442;  235,662;10073,023;68,76621
 983,29; 6930,135;  221,892; 9925,331;69,13263
 983,84; 6927,365;  247,738; 9856,562;69,51556
 984,39; 6937,365;  343,200; 9957,638;68,58607
 984,94; 6839,904;  205,815; 9720,715;69,72315
 985,49; 6842,288;  259,431; 9651,562;70,08908
 986,03; 6768,904;  259,662; 9573,408;69,88855
 986,58; 6710,673;  286,969; 9548,869;69,35622
 987,13; 6668,135;  236,508; 9410,638;70,10612
 987,68; 6698,288;  244,892; 9275,715;71,45967
 988,23; 6623,365;  243,585; 9286,485;70,55016
 988,78; 6518,904;  216,046; 9132,177;70,69050
 989,33; 6525,750;  250,585; 9075,100;71,11059
 989,88; 6516,519;  269,969; 9035,177;71,26528
 990,42; 6406,596;  232,969; 8880,408;71,39255
 990,97; 6359,365;  223,738; 8798,485;71,55462
 991,52; 6338,365;  257,277; 8767,100;71,45963
 992,07; 6319,750;  274,508; 8679,100;71,92785
 992,62; 6254,596;  243,892; 8561,715;72,26294
 993,17; 6228,365;  257,123; 8514,946;72,31013
 993,71; 6205,058;  266,585; 8433,177;72,71666
 994,26; 6091,365;  237,508; 8308,485;72,52973
 994,81; 6123,519;  262,123; 8294,485;72,97227
 995,36; 6017,673;  234,431; 8143,562;73,12109
 995,91; 6010,596;  236,892; 8144,638;73,01327
 996,45; 5984,827;  245,738; 8037,408;73,65673
 997,00; 5877,058;  219,969; 7917,715;73,49019
 997,55; 5865,596;  251,585; 7891,638;73,48131
 998,10; 5846,981;  271,892; 7767,792;74,37517
 998,65; 5786,365;  239,046; 7756,177;73,79570
 999,19; 5788,673;  255,585; 7628,023;75,05100
 999,74; 5686,519;  278,200; 7559,869;74,27307
1000,29; 5613,827;  259,892; 7439,177;74,57476
1000,84; 5545,135;  235,277; 7371,254;74,40968
1001,38; 5521,212;  242,662; 7303,254;74,76073
1001,93; 5508,904;  247,200; 7254,408;75,08988
1002,48; 5353,442;  225,123; 7141,023;74,15259
1003,03; 5412,750;  250,585; 7085,715;75,52402
1003,57; 5294,827;  253,354; 6971,638;75,04108
1004,12; 5281,365;  291,585; 6974,715;74,66232
1004,67; 5222,365;  236,508; 6895,715;74,87164
1005,22; 5105,904;  229,277; 6718,177;75,15337
1005,76; 5069,365;  216,431; 6636,562;75,58934
1006,31; 5040,673;  242,277; 6606,946;75,39113
1006,86; 4989,981;  233,969; 6484,485;76,08991
1007,40; 4894,827;  225,123; 6398,869;75,63809
1007,95; 4871,750;  241,277; 6333,715;76,00361
1008,50; 4789,519;  257,046; 6225,715;75,93775
1009,04; 4749,288;  237,277; 6176,638;75,96796
1009,59; 4712,442;  241,508; 6062,254;76,81033
1010,14; 4609,288;  222,354; 5975,792;76,24892
1010,68; 4564,750;  244,200; 5875,715;76,72091
1011,23; 4532,365;  236,508; 5830,408;76,79540
1011,78; 4463,596;  242,508; 5775,023;76,29601
1012,32; 4476,288;  277,815; 5679,485;77,72548
1012,87; 4438,058;  262,662; 5623,562;77,88610
1013,42; 4335,827;  216,508; 5490,638;78,10423
1013,96; 4374,212;  280,431; 5559,254;77,55101
1014,51; 4273,288;  206,969; 5476,408;77,16798
1015,06; 4255,750;  215,200; 5445,715;77,24956
1015,60; 4333,212;  278,969; 5507,100;77,54669
1016,15; 4270,750;  220,200; 5436,638;77,64972
1016,69; 4302,596;  241,662; 5461,562;77,79717
1017,24; 4291,288;  219,354; 5464,254;77,63608
1017,79; 4365,288;  271,046; 5519,869;78,00305
1018,33; 4304,827;  231,508; 5516,792;77,06906
1018,88; 4361,365;  259,354; 5560,946;77,37320
1019,42; 4314,596;  233,508; 5525,869;77,11281
1019,97; 4298,212;  221,354; 5524,638;76,87420
1020,51; 4363,442;  279,123; 5624,638;76,40646
1021,06; 4306,673;  214,662; 5582,408;76,23333
1021,61; 4293,058;  199,354; 5550,869;76,49616
1022,15; 4257,058;  191,815; 5520,869;76,28450
1022,70; 4280,596;  233,892; 5536,331;76,31779
1023,24; 4248,904;  216,277; 5489,562;76,47277
1023,79; 4215,442;  238,354; 5439,869;76,46019
1024,33; 4212,212;  228,123; 5403,023;76,98870
1024,88; 4160,673;  247,585; 5347,946;76,72179
1025,42; 4117,981;  244,200; 5235,485;77,61090
1025,97; 4044,596;  226,200; 5209,946;76,61699
1026,51; 3966,212;  195,585; 5069,946;77,35632
1027,06; 3949,673;  222,123; 5058,023;77,08079
1027,60; 3931,673;  239,046; 4993,100;77,67322
1028,15; 3878,442;  245,431; 4895,023;78,13613
1028,69; 3759,519;  195,431; 4763,869;78,01546
1029,24; 3732,288;  223,969; 4756,869;77,39679
1029,78; 3674,904;  204,123; 4650,485;78,05890
1030,33; 3629,827;  205,123; 4564,792;78,55421
1030,87; 3609,519;  226,815; 4530,869;78,59344
1031,42; 3544,288;  204,815; 4447,869;78,70447
1031,96; 3528,058;  239,738; 4411,254;78,82793
1032,51; 3423,827;  219,662; 4338,331;77,79613
1033,05; 3415,981;  222,277; 4313,485;78,06262
1033,60; 3325,827;  196,815; 4159,023;78,97142
1034,14; 3326,135;  220,277; 4158,408;78,86629
1034,69; 3295,673;  223,123; 4116,869;78,90987
1035,23; 3238,365;  212,046; 4029,331;79,27937
1035,77; 3249,365;  212,738; 3970,869;80,80152
1036,32; 3159,981;  195,354; 3925,792;79,47127
1036,86; 3152,904;  230,892; 3893,946;79,76982
1037,41; 3119,981;  230,969; 3818,408;80,53132
1037,95; 3055,058;  199,354; 3722,946;81,04524
1038,50; 3036,673;  215,277; 3698,792;80,99279
1039,04; 2989,750;  237,815; 3681,023;79,92357
1039,58; 2978,673;  200,738; 3613,638;81,39514
1040,13; 2899,827;  215,277; 3577,254;79,85034
1040,67; 2925,442;  249,969; 3554,946;80,95285
1041,21; 2879,442;  266,354; 3485,946;81,16209
1041,76; 2820,365;  203,508; 3414,715;81,49139
1042,30; 2792,365;  216,815; 3370,023;81,68032
1042,85; 2724,519;  213,508; 3296,023;81,45982
1043,39; 2701,288;  205,662; 3252,331;81,91329
1043,93; 2713,212;  241,585; 3252,638;82,08511
1044,48; 2656,673;  238,123; 3189,177;81,95547
1045,02; 2605,904;  226,431; 3149,023;81,41652
1045,56; 2616,288;  254,662; 3119,946;82,42207
1046,11; 2574,058;  225,431; 3101,792;81,65270
1046,65; 2536,058;  241,200; 3022,638;82,50615
1047,19; 2472,442;  218,662; 2951,715;82,46383
1047,74; 2433,288;  199,585; 2893,869;82,90527
1048,28; 2396,827;  225,046; 2909,254;80,90957
1048,82; 2434,288;  258,892; 2917,562;81,82275
1049,37; 2397,596;  245,508; 2852,485;82,55111
1049,91; 2361,288;  241,892; 2817,792;82,27789
1050,45; 2334,442;  239,508; 2748,715;83,48988
1050,99; 2316,442;  243,200; 2724,946;83,53966
1051,54; 2268,596;  205,431; 2658,869;84,09281
1052,08; 2284,442;  249,892; 2650,023;84,76830
1052,62; 2215,904;  239,738; 2624,869;82,85354
1053,16; 2160,365;  224,892; 2571,254;82,48827
1053,71; 2164,135;  237,508; 2554,562;83,14986
1054,25; 2145,288;  240,738; 2518,946;83,59861
1054,79; 2092,827;  245,969; 2507,792;81,65350
1055,33; 2065,904;  205,123; 2420,408;83,99737
1055,88; 2067,212;  238,508; 2414,331;84,04653
1056,42; 2054,981;  247,123; 2403,792;83,82638
1056,96; 2043,442;  250,046; 2363,638;84,85062
1057,50; 2002,212;  240,200; 2321,331;84,66607
1058,05; 1974,058;  241,354; 2280,023;84,99191
1058,59; 1978,212;  263,431; 2233,946;87,02194
1059,13; 1886,827;  208,969; 2196,715;84,41006
1059,67; 1903,288;  238,200; 2206,254;84,60584
1060,21; 1873,442;  240,508; 2142,638;85,84765
1060,76; 1850,673;  247,815; 2139,408;84,73590
1061,30; 1828,827;  269,200; 2115,562;84,47029
1061,84; 1816,365;  237,969; 2048,869;87,16087
1062,38; 1753,750;  212,969; 2001,023;86,17083
1062,92; 1784,288;  280,508; 2050,946;84,93832
1063,46; 1704,135;  240,046; 1974,946;84,39037
1064,01; 1711,750;  223,046; 1952,562;86,07636
1064,55; 1682,904;  243,354; 1931,638;85,26702
1065,09; 1637,212;  215,200; 1849,177;87,02764
1065,63; 1669,288;  255,969; 1901,946;85,86507
1066,17; 1650,673;  279,969; 1877,946;85,77745
1066,71; 1610,673;  265,123; 1856,254;84,56565
1067,25; 1579,365;  235,046; 1800,638;85,86649
1067,80; 1580,288;  254,738; 1796,792;85,96003
1068,34; 1588,981;  266,431; 1790,023;86,80472
1068,88; 1502,673;  235,431; 1720,023;85,35962
1069,42; 1534,904;  261,123; 1755,485;85,23913
1069,96; 1484,827;  238,431; 1713,023;84,52480
1070,50; 1489,596;  283,892; 1715,869;84,19855
1071,04; 1432,365;  227,123; 1649,408;84,73988
1071,58; 1426,827;  239,354; 1638,408;84,87687
1072,12; 1438,519;  243,585; 1630,562;86,15389
1072,66; 1408,365;  234,123; 1619,177;84,77954
1073,21; 1416,365;  262,277; 1612,562;85,47001
1073,75; 1370,212;  251,508; 1570,562;84,81108
1074,29; 1350,981;  245,200; 1540,869;85,34437
1074,83; 1372,904;  264,277; 1545,408;86,53503
1075,37; 1363,058;  261,046; 1536,100;86,42863
1075,91; 1324,981;  260,585; 1510,485;85,15850
1076,45; 1298,519;  255,200; 1497,331;83,99431
1076,99; 1289,596;  262,585; 1480,254;84,34241
1077,53; 1274,519;  234,046; 1423,100;87,50429
1078,07; 1265,981;  250,662; 1431,408;85,98963
1078,61; 1246,596;  242,277; 1394,023;87,19970
1079,15; 1236,442;  237,892; 1370,408;88,17099
1079,69; 1231,519;  242,508; 1388,254;86,32030
1080,23; 1236,981;  267,354; 1404,408;85,27537
1080,77; 1255,827;  312,738; 1428,946;84,49041
1081,31; 1174,058;  249,662; 1340,100;84,77289
1081,85; 1185,596;  268,815; 1348,100;84,94337
1082,39; 1160,827;  244,046; 1302,792;86,59118
1082,93; 1166,288;  260,354; 1341,485;83,79510
1083,47; 1117,596;  229,585; 1259,715;86,20377
1084,01; 1133,904;  260,046; 1298,254;84,16983
1084,55; 1096,827;  252,123; 1239,485;85,55163
1085,09; 1098,365;  265,585; 1271,254;82,80862
1085,63; 1088,673;  258,431; 1236,177;84,91389
1086,17; 1054,981;  242,969; 1198,177;85,00890
1086,71; 1057,365;  230,508; 1204,100;84,92854
1087,24; 1083,673;  273,892; 1220,485;85,54694
1087,78; 1057,288;  269,892; 1210,562;83,70595
1088,32; 1021,673;  244,969; 1146,562;86,14801
1088,86; 1023,365;  257,738; 1171,254;83,81106
1089,40; 1017,596;  253,508; 1140,485;86,14525
1089,94;  979,519;  226,892; 1116,562;84,59626
1090,48;  981,827;  255,892; 1110,254;84,96808
1091,02;  999,365;  272,354; 1139,023;83,88570
1091,56;  957,596;  247,892; 1093,331;83,94506
1092,10;  931,673;  232,046; 1055,331;84,97996
1092,63;  969,750;  276,738; 1117,331;82,44324
1093,17;  948,135;  260,585; 1074,331;84,49195
1093,71;  909,596;  244,431; 1032,177;84,43905
1094,25;  950,904;  270,738; 1068,946;85,21158
1094,79;  905,058;  241,046; 1016,485;85,63046
1095,33;  906,673;  253,738; 1020,100;85,19929
1095,87;  907,135;  251,277; 1002,254;87,33393
1096,40;  862,750;  228,123;  955,408;87,25978
1096,94;  873,288;  252,046;  993,254;83,81488
1097,48;  882,519;  259,969;  981,023;86,33891
1098,02;  836,212;  242,123;  954,254;83,42407
1098,56;  803,365;  220,815;  921,638;83,12369
1099,10;  825,365;  225,200;  907,254;87,99384
1099,63;  797,135;  221,738;  903,177;84,43846
1100,17;  813,135;  258,200;  926,023;83,09605
1100,71;  849,904;  286,969;  936,485;86,66994

