
Integration time [ms]: 150,000
Averaging Nr. [scans]: 13
Smoothing Nr. [pixels]: 0
Data measured with spectrometer [name]: 2009305U1
Wave   ;Sample   ;Dark     ;Reference;Reflectance
[nm]   ;[counts] ;[counts] ;[counts] ;[%]

 175,72;  233,752;  213,942;  232,391;107,37488
 176,32;  243,611;  248,562;  239,245; 0,00000
 176,92;  295,399;  283,713;  284,805;1069,87594
 177,52;  268,451;  263,481;  288,463;19,89240
 178,12;  259,076;  258,638;  259,823;36,91084
 178,72;  282,628;  287,793;  280,469; 0,00000
 179,32;  269,744;  285,408;  267,745; 0,00000
 179,92;  278,718;  275,791;  268,795; 0,00000
 180,52;  269,807;  256,325;  272,061;85,67247
 181,12;  289,758;  274,252;  289,721;100,24257
 181,73;  300,136;  302,098;  302,762; 0,00000
 182,33;  412,291;  411,173;  406,971; 0,00000
 182,93;  304,597;  293,097;  294,847;657,15421
 183,53;  256,560;  259,948;  249,810; 0,00000
 184,13;  258,641;  259,332;  248,661; 0,00000
 184,73;  315,411;  314,025;  313,345; 0,00000
 185,33;  275,979;  254,895;  344,858;23,43629
 185,93;  278,756;  268,436;  359,913;11,28090
 186,53;  298,247;  274,666;  381,617;22,04859
 187,13;  318,887;  285,970;  414,333;25,64362
 187,73;  294,987;  262,974;  373,416;28,98621
 188,33;  295,180;  249,284;  379,789;35,16852
 188,93;  299,900;  282,673;  384,519;16,91394
 189,53;  290,852;  265,370;  380,835;22,06907
 190,13;  336,449;  301,453;  437,825;25,66222
 190,73;  282,057;  245,679;  384,820;26,14476
 191,34;  307,647;  279,444;  409,815;21,63289
 191,94;  282,490;  263,439;  370,276;17,83166
 192,54;  299,603;  255,737;  399,966;30,41378
 193,14;  317,518;  288,047;  387,600;29,60280
 193,74;  312,151;  296,202;  379,404;19,16890
 194,34;  299,965;  272,354;  392,221;23,03434
 194,94;  266,971;  250,278;  345,600;17,51238
 195,54;  231,192;  229,741;  336,398; 1,36000
 196,14;  267,216;  246,661;  343,765;21,16733
 196,74;  264,975;  250,434;  354,623;13,95659
 197,34;  235,875;  216,429;  347,856;14,79588
 197,94;  258,784;  241,201;  367,795;13,88921
 198,54;  285,040;  253,200;  382,880;24,55320
 199,14;  262,699;  227,043;  362,749;26,27445
 199,74;  251,245;  217,966;  353,672;24,52315
 200,34;  242,379;  216,427;  355,290;18,68864
 200,94;  271,691;  255,891;  406,391;10,49822
 201,54;  254,682;  232,120;  402,629;13,23186
 202,14;  311,248;  282,811;  452,335;16,77454
 202,74;  263,704;  229,889;  425,863;17,25471
 203,34;  235,070;  212,733;  417,845;10,89031
 203,94;  220,288;  190,041;  432,337;12,48340
 204,54;  283,068;  250,816;  504,220;12,72754
 205,14;  250,601;  224,735;  505,171; 9,22327
 205,74;  306,746;  266,041;  591,229;12,51759
 206,34;  256,526;  210,426;  593,142;12,04544
 206,94;  281,616;  235,042;  631,831;11,73754
 207,54;  242,600;  202,119;  644,718; 9,14627
 208,14;  249,020;  222,503;  714,144; 5,39356
 208,74;  272,982;  218,889;  754,132;10,10627
 209,34;  258,766;  212,581;  808,442; 7,75085
 209,94;  275,036;  238,274;  890,249; 5,63858
 210,54;  268,644;  222,657;  966,494; 6,18251
 211,14;  292,943;  227,582; 1025,633; 8,19011
 211,73;  292,628;  228,121; 1111,974; 7,29847
 212,33;  296,298;  248,275; 1188,775; 5,10606
 212,93;  289,120;  234,120; 1272,131; 5,29858
 213,53;  261,452;  200,889; 1281,363; 5,60520
 214,13;  299,160;  218,193; 1379,045; 6,97474
 214,73;  278,325;  199,042; 1377,951; 6,72512
 215,33;  269,497;  194,966; 1390,403; 6,23466
 215,93;  298,841;  224,887; 1496,612; 5,81530
 216,53;  255,313;  186,428; 1531,015; 5,12317
 217,13;  321,016;  232,733; 1687,840; 6,06707
 217,73;  325,396;  210,579; 1839,536; 7,04850
 218,33;  288,943;  175,808; 1944,509; 6,39648
 218,93;  344,840;  212,421; 2182,917; 6,72011
 219,53;  350,951;  216,962; 2401,433; 6,13370
 220,13;  331,005;  168,115; 2581,899; 6,74833
 220,73;  376,052;  202,504; 2851,019; 6,55264
 221,32;  388,290;  201,274; 3120,286; 6,40683
 221,92;  439,344;  213,808; 3428,167; 7,01654
 222,52;  416,245;  194,733; 3717,576; 6,28789
 223,12;  464,962;  200,502; 4022,269; 6,91983
 223,72;  480,585;  204,348; 4372,501; 6,62733
 224,32;  515,806;  220,194; 4616,964; 6,72339
 224,92;  512,379;  195,194; 4835,348; 6,83565
 225,52;  565,316;  219,427; 5110,293; 7,07214
 226,12;  564,986;  199,580; 5350,032; 7,09466
 226,72;  549,206;  174,734; 5553,453; 6,96211
 227,31;  557,241;  161,734; 5830,376; 6,97710
 227,91;  628,177;  223,966; 6177,329; 6,78964
 228,51;  630,423;  185,737; 6407,624; 7,14713
 229,11;  657,203;  199,734; 6726,183; 7,00947
 229,71;  672,916;  185,966; 6921,669; 7,22938
 230,31;  684,587;  179,270; 7217,584; 7,17951
 230,91;  704,888;  179,353; 7438,424; 7,23970
 231,51;  725,507;  184,425; 7630,921; 7,26627
 232,10;  783,678;  185,808; 7920,663; 7,72955
 232,70;  788,657;  201,585; 8050,067; 7,48007
 233,30;  846,510;  215,349; 8212,688; 7,89214
 233,90;  834,698;  193,887; 8357,534; 7,84957
 234,50;  860,025;  191,348; 8338,267; 8,20772
 235,10;  848,609;  188,578; 8361,810; 8,07552
 235,70;  902,225;  215,581; 8439,675; 8,34917
 236,29;  906,483;  200,120; 8272,400; 8,75048
 236,89;  888,284;  174,968; 8134,388; 8,96191
 237,49;  938,119;  209,733; 8099,993; 9,23145
 238,09;  923,911;  191,119; 7834,758; 9,58695
 238,69;  982,531;  244,892; 7651,380; 9,95937
 239,29;  918,717;  194,888; 7392,371;10,05669
 239,89;  915,865;  201,506; 7129,926;10,31055
 240,48;  905,638;  185,042; 6781,450;10,92406
 241,08;  915,804;  193,735; 6490,908;11,46656
 241,68;  909,102;  218,657; 6241,874;11,46306
 242,28;  904,045;  180,579; 5954,187;12,53056
 242,88;  963,552;  238,732; 5729,199;13,20144
 243,48;  956,342;  232,272; 5513,531;13,71017
 244,07;  917,289;  213,889; 5315,560;13,78764
 244,67;  946,190;  210,888; 5200,991;14,73521
 245,27;  951,013;  218,351; 5068,512;15,10592
 245,87;  983,820;  228,809; 5047,813;15,66736
 246,47; 1013,594;  209,044; 4990,205;16,82751
 247,06; 1010,388;  195,273; 4988,255;17,00642
 247,66; 1040,901;  199,734; 5045,375;17,35925
 248,26; 1093,459;  218,736; 5147,014;17,74907
 248,86; 1145,226;  217,351; 5321,282;18,17960
 249,46; 1143,422;  157,348; 5440,689;18,66384
 250,05; 1270,083;  214,503; 5738,680;19,10836
 250,65; 1316,434;  184,429; 5969,510;19,56767
 251,25; 1402,809;  197,889; 6357,869;19,56046
 251,85; 1517,878;  213,276; 6812,734;19,76832
 252,44; 1590,709;  184,659; 7249,516;19,90204
 253,04; 1769,206;  215,889; 7818,327;20,43183
 253,64; 1840,988;  169,044; 8404,469;20,30185
 254,24; 2011,767;  214,196; 9168,218;20,07557
 254,84; 2166,115;  185,887; 9921,228;20,34061
 255,43; 2302,516;  196,120;10750,633;19,95730
 256,03; 2503,166;  192,352;11606,163;20,24577
 256,63; 2696,241;  206,045;12400,234;20,42117
 257,23; 2840,510;  186,506;13216,811;20,36793
 257,82; 3024,141;  206,431;14106,224;20,27160
 258,42; 3098,519;  157,278;14919,565;19,92402
 259,02; 3314,253;  217,504;15677,903;20,03020
 259,62; 3388,804;  192,894;16358,485;19,76984
 260,21; 3514,192;  210,120;16988,555;19,69237
 260,81; 3584,355;  194,580;17427,877;19,66992
 261,41; 3610,758;  174,585;17907,684;19,37717
 262,01; 3672,702;  227,433;18314,057;19,04872
 262,60; 3717,740;  178,660;18710,427;19,09737
 263,20; 3725,907;  185,890;19121,858;18,69467
 263,80; 3782,211;  223,663;19337,865;18,61730
 264,40; 3723,358;  173,894;19593,059;18,27815
 264,99; 3729,880;  213,356;19766,863;17,98411
 265,59; 3704,178;  189,435;19883,310;17,84689
 266,19; 3684,296;  192,586;20100,326;17,53946
 266,78; 3712,660;  232,818;20275,972;17,36175
 267,38; 3650,585;  204,280;20331,852;17,12231
 267,98; 3586,138;  201,664;20347,819;16,79960
 268,58; 3530,619;  206,127;20373,698;16,48435
 269,17; 3519,576;  197,205;20470,340;16,38805
 269,77; 3465,827;  201,507;20310,845;16,23285
 270,37; 3373,004;  163,587;20130,593;16,07360
 270,96; 3342,966;  234,969;20224,724;15,54795
 271,56; 3242,430;  198,276;19928,464;15,42891
 272,16; 3165,525;  194,200;19783,490;15,16811
 272,75; 3102,408;  191,354;19749,068;14,88443
 273,35; 3046,857;  205,123;19603,610;14,64926
 273,95; 3025,570;  203,200;19589,915;14,55827
 274,54; 2964,515;  184,427;19713,410;14,23571
 275,14; 3010,544;  219,738;20045,880;14,07640
 275,74; 2911,358;  175,893;19968,529;13,82062
 276,33; 2980,378;  228,661;20344,883;13,67910
 276,93; 2940,460;  199,734;20646,721;13,40406
 277,53; 2972,799;  199,197;20999,862;13,33420
 278,12; 2981,871;  174,968;21460,082;13,18716
 278,72; 3122,292;  255,582;21988,591;13,19058
 279,32; 3114,247;  197,736;22420,475;13,12399
 279,91; 3150,302;  186,813;22956,548;13,01503
 280,51; 3205,948;  190,351;23409,978;12,98728
 281,11; 3298,413;  194,121;23992,394;13,04419
 281,70; 3293,304;  174,506;24405,547;12,87109
 282,30; 3401,583;  188,737;24945,233;12,97779
 282,90; 3417,750;  186,276;25231,041;12,90279
 283,49; 3514,019;  213,892;25761,610;12,91750
 284,09; 3542,707;  229,583;26079,930;12,81655
 284,69; 3653,560;  229,967;26439,436;13,06243
 285,28; 3652,545;  211,352;26775,853;12,95410
 285,88; 3802,538;  274,970;26939,836;13,22927
 286,47; 3747,666;  205,891;27004,886;13,21607
 287,07; 3852,546;  225,274;27049,551;13,52235
 287,67; 3917,957;  225,195;27202,685;13,68831
 288,26; 3971,265;  186,582;27102,628;14,06107
 288,86; 4045,078;  187,891;27191,277;14,28409
 289,46; 4170,010;  214,505;27293,857;14,60709
 290,05; 4261,647;  191,350;27370,022;14,97607
 290,65; 4387,249;  204,353;27556,115;15,29297
 291,24; 4530,305;  205,043;27630,937;15,77072
 291,84; 4687,241;  212,430;27732,464;16,26020
 292,44; 4840,220;  204,349;27752,918;16,82799
 293,03; 5011,053;  282,582;28043,745;17,03268
 293,63; 5078,939;  187,199;28143,117;17,49805
 294,22; 5188,280;  223,583;28296,048;17,68529
 294,82; 5262,584;  194,432;28317,253;18,02149
 295,41; 5282,765;  181,890;28083,700;18,28152
 296,01; 5367,813;  237,201;28096,142;18,41639
 296,61; 5453,353;  232,890;27923,821;18,85261
 297,20; 5349,628;  202,047;27461,720;18,88350
 297,80; 5370,725;  224,734;27448,525;18,90255
 298,39; 5357,032;  191,430;27120,118;19,18252
 298,99; 5359,547;  238,431;27050,417;19,10010
 299,58; 5380,567;  222,195;26883,144;19,34804
 300,18; 5349,761;  229,273;26738,677;19,31574
 300,78; 5280,866;  198,812;26411,633;19,38766
 301,37; 5290,699;  217,587;26374,822;19,39468
 301,97; 5265,044;  216,429;26462,857;19,23544
 302,56; 5274,201;  202,968;26361,078;19,38685
 303,16; 5222,696;  183,969;26230,113;19,34539
 303,75; 5233,928;  196,735;26281,135;19,31113
 304,35; 5306,394;  187,579;26493,154;19,45905
 304,94; 5275,193;  195,813;26507,819;19,30442
 305,54; 5301,444;  211,197;26480,593;19,37710
 306,13; 5241,277;  168,117;26435,270;19,31370
 306,73; 5181,695;  167,656;26274,725;19,20567
 307,33; 5199,437;  214,734;26205,376;19,17884
 307,92; 5231,250;  212,736;26265,361;19,26299
 308,52; 5256,274;  187,277;26595,919;19,19446
 309,11; 5371,900;  203,278;27114,294;19,20634
 309,71; 5381,493;  181,048;27312,404;19,16766
 310,30; 5426,982;  183,505;27535,013;19,17070
 310,90; 5521,674;  237,813;27768,090;19,19291
 311,49; 5570,671;  211,121;27941,666;19,32724
 312,09; 5501,419;  158,042;28080,139;19,13673
 312,68; 5653,760;  272,659;28453,748;19,09472
 313,28; 5590,711;  183,813;28570,668;19,04719
 313,87; 5608,812;  168,813;28691,474;19,07255
 314,47; 5678,264;  197,508;28880,144;19,10827
 315,06; 5694,202;  184,505;29022,169;19,10591
 315,66; 5735,419;  184,273;29287,908;19,07372
 316,25; 5650,622;  161,738;29046,383;19,00278
 316,85; 5709,448;  157,042;29132,485;19,16246
 317,44; 5714,036;  192,432;29362,911;18,92874
 318,04; 5705,331;  173,045;29264,041;19,01718
 318,63; 5679,716;  162,118;29361,379;18,89636
 319,22; 5722,835;  190,968;29467,076;18,89550
 319,82; 5734,725;  196,737;29597,083;18,83647
 320,41; 5758,641;  213,353;29530,808;18,91463
 321,01; 5741,947;  212,427;29689,791;18,75853
 321,60; 5771,104;  206,814;29706,584;18,86215
 322,20; 5748,860;  179,890;29680,092;18,87774
 322,79; 5788,223;  217,966;29699,284;18,89419
 323,39; 5771,592;  187,271;29847,921;18,82737
 323,98; 5774,290;  181,428;29806,670;18,87871
 324,58; 5725,757;  186,200;29699,958;18,76941
 325,17; 5725,023;  196,199;29622,153;18,78894
 325,76; 5739,530;  207,582;29630,781;18,80131
 326,36; 5667,652;  187,581;29222,829;18,87386
 326,95; 5644,526;  223,506;29064,392;18,79630
 327,55; 5576,905;  181,275;28815,775;18,84311
 328,14; 5503,693;  175,273;28463,180;18,83639
 328,74; 5486,116;  220,815;28041,923;18,92556
 329,33; 5417,909;  208,043;27790,675;18,88821
 329,92; 5352,280;  169,124;27269,257;19,12594
 330,52; 5318,060;  209,349;26750,874;19,24799
 331,11; 5207,664;  186,506;26357,545;19,18593
 331,71; 5138,840;  184,583;25920,241;19,25056
 332,30; 5071,578;  204,967;25450,434;19,27717
 332,89; 5056,983;  270,427;25062,635;19,30669
 333,49; 4932,702;  205,814;24569,585;19,40130
 334,08; 4855,038;  193,122;24255,736;19,37410
 334,68; 4795,101;  192,968;23878,852;19,42986
 335,27; 4757,877;  204,657;23597,646;19,46404
 335,86; 4778,433;  267,198;23330,776;19,56000
 336,46; 4698,949;  219,041;23089,223;19,58842
 337,05; 4652,391;  187,814;22964,391;19,60162
 337,65; 4656,892;  177,122;22873,967;19,73741
 338,24; 4690,303;  237,351;22794,093;19,74111
 338,83; 4706,815;  212,889;22743,478;19,94589
 339,43; 4682,694;  186,584;22695,499;19,97480
 340,02; 4666,354;  195,430;22572,882;19,97959
 340,61; 4713,104;  208,274;22608,053;20,11105
 341,21; 4774,501;  233,507;22675,846;20,23405
 341,80; 4754,764;  211,583;22645,813;20,25111
 342,40; 4757,495;  204,734;22704,721;20,23450
 342,99; 4832,060;  199,350;22802,481;20,49588
 343,58; 4883,602;  202,812;22941,367;20,58526
 344,18; 4964,109;  226,119;23014,638;20,79112
 344,77; 5001,136;  189,430;23305,459;20,81545
 345,36; 5066,065;  181,275;23620,623;20,84013
 345,96; 5210,721;  224,196;23867,521;21,09062
 346,55; 5285,972;  195,964;24027,576;21,35822
 347,14; 5324,789;  186,272;24316,452;21,29498
 347,74; 5439,944;  172,346;24672,474;21,50029
 348,33; 5644,651;  205,885;25204,741;21,75606
 348,92; 5727,298;  219,115;25709,443;21,60892
 349,52; 5864,714;  180,038;26172,362;21,87059
 350,11; 5932,629;  191,277;26345,265;21,95211
 350,70; 5997,502;  208,351;26517,553;22,00428
 351,29; 5981,233;  184,895;26275,357;22,21631
 351,89; 6060,264;  230,893;26317,871;22,34590
 352,48; 6052,900;  187,120;26263,976;22,49420
 353,07; 6128,466;  237,426;26233,108;22,66161
 353,67; 6118,904;  229,191;26088,368;22,77610
 354,26; 6114,349;  210,118;25981,875;22,90969
 354,85; 6102,435;  231,350;25943,832;22,83360
 355,45; 6061,369;  189,968;25704,619;23,01188
 356,04; 6140,819;  215,964;25688,609;23,25968
 356,63; 6161,752;  253,967;25533,278;23,37004
 357,22; 6136,094;  220,894;25399,401;23,49305
 357,82; 6102,610;  214,509;25097,329;23,66332
 358,41; 6168,745;  243,967;25158,396;23,78051
 359,00; 6119,408;  210,969;24921,461;23,91065
 359,60; 6129,820;  234,197;24962,439;23,84166
 360,19; 6157,565;  245,579;24788,803;24,08806
 360,78; 6142,080;  219,045;24602,428;24,29128
 361,37; 6139,165;  223,275;24406,737;24,46254
 361,97; 6132,105;  228,813;24367,164;24,45607
 362,56; 6099,600;  222,123;24060,995;24,65501
 363,15; 6190,120;  294,737;23957,851;24,91381
 363,74; 6077,448;  237,662;23645,721;24,94776
 364,34; 6042,147;  239,738;23324,576;25,13515
 364,93; 5931,974;  217,892;22939,109;25,14866
 365,52; 5913,664;  192,891;22602,468;25,52825
 366,11; 5897,583;  226,969;22335,961;25,64845
 366,71; 5820,450;  214,430;22013,384;25,71692
 367,30; 5806,869;  222,352;21647,546;26,06519
 367,89; 5783,175;  268,658;21460,408;26,02200
 368,48; 5760,079;  251,200;21201,799;26,29461
 369,07; 5704,732;  229,505;20829,245;26,57911
 369,67; 5631,923;  260,277;20648,878;26,34632
 370,26; 5586,056;  220,736;20376,785;26,61891
 370,85; 5563,566;  234,506;20121,968;26,79608
 371,44; 5567,901;  241,813;19945,086;27,03149
 372,03; 5481,169;  208,353;19773,307;26,95031
 372,63; 5452,094;  193,660;19517,739;27,21182
 373,22; 5454,345;  224,967;19254,975;27,47964
 373,81; 5391,622;  201,121;18988,468;27,62764
 374,40; 5336,022;  219,196;18787,296;27,55708
 374,99; 5309,321;  226,122;18529,273;27,77226
 375,59; 5260,515;  208,273;18256,718;27,99267
 376,18; 5255,666;  242,660;18162,390;27,97479
 376,77; 5273,540;  245,121;18035,472;28,26487
 377,36; 5263,348;  258,506;17921,314;28,33549
 377,95; 5215,851;  244,507;17660,616;28,54452
 378,55; 5181,947;  228,119;17528,406;28,63436
 379,14; 5187,866;  253,506;17506,891;28,59937
 379,73; 5182,405;  232,507;17369,001;28,88513
 380,32; 5209,896;  233,890;17444,048;28,91319
 380,91; 5191,621;  207,662;17259,454;29,22836
 381,50; 5192,377;  234,123;17212,303;29,20369
 382,10; 5207,434;  226,198;17167,125;29,40356
 382,69; 5197,340;  213,891;17171,775;29,38721
 383,28; 5215,375;  251,969;17107,921;29,44602
 383,87; 5224,717;  207,430;16945,459;29,97538
 384,46; 5208,340;  205,663;16872,676;30,01544
 385,05; 5273,741;  237,277;16895,573;30,23397
 385,64; 5262,660;  232,353;16911,884;30,15856
 386,24; 5241,324;  203,740;16868,829;30,22836
 386,83; 5320,997;  244,125;16846,250;30,57965
 387,42; 5349,906;  249,507;16948,577;30,54302
 388,01; 5440,344;  254,819;17102,084;30,77962
 388,60; 5497,897;  235,124;17268,178;30,89741
 389,19; 5576,135;  233,129;17501,568;30,94088
 389,78; 5610,900;  226,359;17678,726;30,85279
 390,37; 5841,908;  311,433;18122,707;31,05042
 390,96; 5894,329;  241,971;18184,944;31,50179
 391,56; 5910,129;  251,129;18253,601;31,43457
 392,15; 5992,187;  231,743;18501,421;31,53008
 392,74; 6072,221;  210,901;18682,579;31,73139
 393,33; 6212,144;  246,206;18928,329;31,93394
 393,92; 6333,879;  243,826;19316,299;31,93111
 394,51; 6385,534;  231,899;19480,521;31,96922
 395,10; 6473,491;  280,138;19635,383;31,99832
 395,69; 6545,930;  263,137;19766,542;32,21383
 396,28; 6616,650;  269,678;19821,217;32,46277
 396,87; 6616,507;  276,297;19937,458;32,24738
 397,46; 6721,780;  278,069;20023,477;32,63397
 398,06; 6822,461;  290,841;20210,492;32,78983
 398,65; 6850,446;  282,310;20211,051;32,95811
 399,24; 6932,112;  309,619;20402,464;32,95946
 399,83; 6879,787;  277,169;20340,226;32,90934
 400,42; 6992,333;  328,255;20560,997;32,93709
 401,01; 7057,562;  292,190;20641,873;33,24559
 401,60; 7094,218;  321,513;20678,949;33,26895
 402,19; 7106,019;  344,602;20641,510;33,31255
 402,78; 7127,923;  338,852;20613,213;33,48599
 403,37; 7085,600;  315,485;20529,885;33,49155
 403,96; 7053,535;  326,967;20384,918;33,53566
 404,55; 7020,443;  344,144;20347,433;33,37600
 405,14; 6994,631;  310,166;20218,735;33,57582
 405,73; 7033,351;  333,421;20178,585;33,76102
 406,32; 7034,232;  339,438;20154,650;33,78614
 406,91; 6932,666;  324,611;19866,927;33,81408
 407,50; 6907,323;  338,929;19721,621;33,88793
 408,09; 6787,412;  311,397;19460,606;33,81871
 408,68; 6798,967;  306,633;19344,030;34,10306
 409,27; 6766,370;  306,165;19181,040;34,22648
 409,86; 6726,238;  319,458;19099,654;34,11455
 410,45; 6769,040;  366,060;19034,327;34,29874
 411,04; 6758,849;  355,047;18942,772;34,45178
 411,63; 6742,530;  330,800;18759,861;34,79141
 412,22; 6627,964;  337,554;18649,055;34,35224
 412,81; 6550,906;  360,625;18362,441;34,38698
 413,40; 6517,941;  356,234;18048,340;34,82744
 413,99; 6421,249;  416,236;17831,555;34,48121
 414,58; 6290,968;  342,465;17567,988;34,53308
 415,17; 6217,298;  335,548;17373,903;34,52064
 415,76; 6168,883;  324,477;17144,896;34,74590
 416,35; 6120,934;  321,628;16976,996;34,81944
 416,94; 6157,188;  356,476;16937,137;34,98481
 417,53; 6230,615;  329,855;17167,945;35,04411
 418,12; 6265,257;  331,239;17215,533;35,14520
 418,71; 6369,238;  361,772;17548,188;34,95474
 419,30; 6423,778;  323,854;17690,037;35,12530
 419,89; 6446,780;  319,775;17790,546;35,07003
 420,48; 6536,190;  343,464;18010,919;35,05160
 421,07; 6587,975;  342,386;18116,313;35,13905
 421,66; 6570,380;  314,152;18093,606;35,18796
 422,25; 6602,606;  335,838;18142,382;35,19362
 422,84; 6621,288;  341,299;18160,700;35,24243
 423,43; 6513,853;  329,609;17886,718;35,22359
 424,02; 6479,792;  356,608;17737,342;35,22972
 424,60; 6307,260;  320,601;17411,167;35,02903
 425,19; 6259,894;  332,450;17129,792;35,28799
 425,78; 6255,643;  342,989;17028,026;35,43687
 426,37; 6174,232;  351,601;16867,315;35,25510
 426,96; 6166,625;  333,755;16799,931;35,42334
 427,55; 6116,983;  320,905;16661,577;35,47025
 428,14; 6064,032;  316,057;16449,245;35,62826
 428,73; 5998,022;  318,214;16369,411;35,38557
 429,32; 6035,846;  338,217;16320,889;35,64879
 429,91; 6035,243;  341,060;16369,798;35,52484
 430,50; 5994,605;  347,981;16137,160;35,76262
 431,08; 5930,694;  349,287;16017,676;35,62209
 431,67; 5960,746;  386,208;15979,767;35,74898
 432,26; 5905,606;  400,591;15853,204;35,62514
 432,85; 5865,637;  429,130;15592,354;35,85324
 433,44; 5780,019;  439,050;15364,413;35,78452
 434,03; 5616,735;  458,200;14998,865;35,47661
 434,62; 5505,415;  409,588;14610,684;35,88333
 435,21; 5424,762;  417,745;14402,049;35,80455
 435,79; 5354,841;  420,278;14308,624;35,53024
 436,38; 5355,100;  404,967;14228,421;35,80967
 436,97; 5335,348;  412,274;14135,694;35,87352
 437,56; 5253,874;  402,346;13922,198;35,88448
 438,15; 5187,937;  382,193;13861,187;35,65358
 438,74; 5207,787;  421,269;13872,037;35,58546
 439,33; 5182,353;  387,886;13874,993;35,54852
 439,91; 5212,114;  352,037;13906,896;35,85487
 440,50; 5263,189;  396,037;13936,821;35,94439
 441,09; 5306,521;  393,495;14099,999;35,84449
 441,68; 5257,814;  365,184;14044,600;35,76637
 442,27; 5214,369;  354,801;14012,552;35,58102
 442,86; 5212,865;  337,717;14054,835;35,54062
 443,44; 5268,510;  351,872;14048,363;35,89706
 444,03; 5368,847;  435,948;14172,528;35,91068
 444,62; 5237,595;  348,332;14033,720;35,72615
 445,21; 5221,628;  369,179;13903,483;35,85296
 445,80; 5200,155;  412,406;13780,397;35,81502
 446,39; 5189,157;  453,868;13664,584;35,84430
 446,97; 5029,812;  351,710;13414,540;35,81232
 447,56; 4962,580;  367,476;13310,333;35,50301
 448,15; 4905,168;  370,634;13068,578;35,71077
 448,74; 4844,322;  382,479;12892,158;35,66713
 449,33; 4788,534;  369,015;12755,406;35,68044
 449,91; 4693,669;  367,242;12602,550;35,36018
 450,50; 4672,983;  367,243;12393,082;35,80407
 451,09; 4622,893;  383,935;12337,547;35,46174
 451,68; 4622,748;  391,857;12262,290;35,64227
 452,26; 4561,542;  397,470;12157,571;35,40847
 452,85; 4525,495;  379,010;12043,294;35,54856
 453,44; 4518,555;  381,928;12083,332;35,35154
 454,03; 4495,080;  359,239;12007,425;35,50631
 454,61; 4473,163;  367,081;12032,681;35,19820
 455,20; 4577,615;  384,387;12156,194;35,62093
 455,79; 4578,956;  396,775;12106,479;35,71552
 456,38; 4578,177;  396,462;12250,868;35,27562
 456,97; 4573,846;  396,463;12316,516;35,04501
 457,55; 4590,747;  390,845;12304,032;35,25423
 458,14; 4615,617;  412,463;12335,087;35,25360
 458,73; 4535,125;  392,691;12223,457;35,01408
 459,31; 4582,022;  426,534;12280,096;35,05687
 459,90; 4603,899;  452,151;12332,852;34,94531
 460,49; 4678,399;  509,613;12401,730;35,05503
 461,08; 4598,603;  408,686;12437,299;34,83292
 461,66; 4656,809;  402,073;12567,249;34,97473
 462,25; 4684,818;  403,454;12588,117;35,13732
 462,84; 4685,519;  421,609;12620,187;34,95416
 463,43; 4654,050;  370,220;12623,412;34,96093
 464,01; 4682,260;  405,757;12604,885;35,05581
 464,60; 4700,231;  464,529;12571,250;34,98637
 465,19; 4599,983;  388,756;12424,545;34,98921
 465,77; 4569,777;  412,678;12357,058;34,80381
 466,36; 4563,764;  434,912;12289,374;34,82952
 466,95; 4417,128;  414,297;11978,223;34,61481
 467,53; 4330,428;  422,137;11800,226;34,34927
 468,12; 4280,745;  447,752;11551,114;34,52101
 468,71; 4182,403;  416,679;11336,125;34,48640
 469,29; 4124,074;  400,367;11156,963;34,61790
 469,88; 4046,960;  411,212;10905,358;34,64549
 470,47; 4092,727;  467,978;10985,802;34,46292
 471,06; 4056,807;  424,055;10981,688;34,40877
 471,64; 4064,959;  434,748;11044,220;34,21670
 472,23; 4056,249;  408,512;11059,378;34,24827
 472,81; 4081,673;  387,130;11144,820;34,34328
 473,40; 4096,573;  404,358;11217,533;34,14552
 473,99; 4268,769;  526,358;11501,918;34,09768
 474,57; 4221,262;  409,050;11461,339;34,49251
 475,16; 4263,104;  438,360;11615,363;34,21977
 475,75; 4285,932;  463,433;11776,086;33,78959
 476,33; 4322,101;  448,354;11858,873;33,94892
 476,92; 4324,415;  454,665;11859,229;33,93159
 477,51; 4356,033;  440,201;11910,096;34,14009
 478,09; 4353,579;  442,124;11997,173;33,85062
 478,68; 4284,533;  449,738;11893,834;33,50894
 479,27; 4325,683;  494,740;11953,318;33,43297
 479,85; 4275,321;  450,508;11934,602;33,30531
 480,44; 4298,132;  427,507;11975,918;33,51652
 481,02; 4614,834;  460,120;12981,625;33,18063
 481,61; 5224,461;  469,352;14708,811;33,39389
 482,20; 5590,555;  455,043;15763,510;33,54687
 482,78; 5824,725;  489,969;16530,068;33,25888
 483,37; 6002,773;  464,886;17014,725;33,46188
 483,95; 6108,974;  508,963;17232,883;33,48504
 484,54; 6170,314;  502,968;17411,462;33,51775
 485,13; 6106,175;  467,037;17426,056;33,25156
 485,71; 5984,298;  455,115;17141,241;33,13641
 486,30; 5987,998;  486,269;16955,550;33,40601
 486,88; 5921,151;  554,653;16693,670;33,25170
 487,47; 5679,303;  499,190;16195,867;33,00133
 488,05; 5451,828;  506,497;15427,606;33,14318
 488,64; 5047,193;  474,341;14376,701;32,89263
 489,23; 4553,742;  500,573;12963,572;32,52161
 489,81; 3911,937;  502,803;11066,539;32,27204
 490,40; 3639,813;  458,649;10354,466;32,14655
 490,98; 3550,454;  436,725;10124,396;32,14115
 491,57; 3498,440;  462,496;10027,959;31,73859
 492,15; 3440,664;  447,802; 9917,861;31,60342
 492,74; 3413,377;  448,881; 9902,800;31,35732
 493,32; 3439,234;  469,802; 9814,395;31,77700
 493,91; 3381,078;  449,570; 9728,293;31,59387
 494,50; 3348,539;  446,258; 9679,862;31,43173
 495,08; 3297,934;  428,643; 9633,014;31,17314
 495,67; 3328,624;  472,185; 9578,252;31,36852
 496,25; 3255,472;  398,491; 9489,384;31,42684
 496,84; 3230,963;  416,109; 9512,673;30,94414
 497,42; 3227,990;  399,952; 9464,352;31,19940
 498,01; 3233,518;  437,108; 9453,793;31,01373
 498,59; 3150,522;  386,490; 9371,547;30,76254
 499,18; 3165,460;  393,339; 9287,218;31,16887
 499,76; 3181,039;  424,568; 9245,423;31,24948
 500,35; 3101,167;  415,949; 9113,908;30,87182
 500,93; 3076,680;  393,029; 9072,928;30,91800
 501,52; 3023,877;  386,490; 8958,662;30,76685
 502,10; 3024,709;  404,794; 8950,689;30,65700
 502,69; 2974,680;  387,254; 8864,315;30,52268
 503,27; 2913,542;  368,489; 8650,440;30,73012
 503,86; 2875,690;  392,639; 8591,426;30,28558
 504,44; 2836,268;  358,484; 8498,052;30,44122
 505,03; 2783,366;  357,792; 8276,629;30,63044
 505,61; 2729,572;  375,715; 8182,201;30,15257
 506,19; 2701,021;  381,484; 8061,205;30,20340
 506,78; 2618,414;  365,789; 7854,997;30,07829
 507,36; 2577,180;  375,869; 7714,319;29,99695
 507,95; 2572,335;  371,018; 7640,545;30,28143
 508,53; 2538,902;  369,097; 7535,150;30,27895
 509,12; 2479,710;  366,249; 7394,503;30,07092
 509,70; 2446,311;  391,172; 7298,662;29,75233
 510,29; 2427,136;  393,478; 7191,135;29,91705
 510,87; 2322,244;  349,866; 7022,534;29,55906
 511,46; 2268,277;  339,788; 6880,962;29,48231
 512,04; 2218,559;  357,094; 6728,628;29,21533
 512,62; 2188,901;  375,481; 6677,963;28,77311
 513,21; 2132,216;  341,786; 6516,175;28,99770
 513,79; 2098,814;  355,704; 6406,863;28,80622
 514,38; 2046,050;  327,167; 6279,236;28,87874
 514,96; 2048,625;  379,629; 6209,849;28,62664
 515,54; 1973,210;  333,782; 6073,357;28,56359
 516,13; 1971,468;  344,012; 5991,474;28,81748
 516,71; 1920,645;  344,472; 5877,527;28,48648
 517,30; 1845,690;  326,778; 5807,386;27,71430
 517,88; 1865,499;  352,086; 5754,270;28,01484
 518,46; 1819,159;  322,162; 5637,507;28,16368
 519,05; 1788,156;  340,238; 5601,825;27,51866
 519,63; 1772,269;  335,546; 5536,935;27,62191
 520,22; 1773,980;  356,928; 5499,494;27,55535
 520,80; 1733,614;  339,543; 5416,535;27,45861
 521,38; 1789,923;  398,699; 5437,134;27,61223
 521,97; 1712,304;  341,311; 5372,006;27,25256
 522,55; 1705,317;  346,926; 5348,352;27,16007
 523,13; 1682,966;  335,771; 5293,668;27,17272
 523,72; 1685,660;  339,777; 5276,160;27,26455
 524,30; 1744,815;  356,001; 5388,254;27,59826
 524,89; 1686,708;  317,157; 5357,816;27,17008
 525,47; 1727,917;  350,846; 5516,835;26,65647
 526,05; 1743,812;  305,692; 5526,607;27,54535
 526,64; 1768,044;  351,230; 5612,998;26,92658
 527,22; 1824,888;  350,616; 5719,181;27,46119
 527,80; 1844,558;  389,845; 5811,920;26,82945
 528,39; 1841,558;  325,460; 5872,543;27,33144
 528,97; 1875,302;  325,153; 5978,577;27,41965
 529,55; 1925,394;  335,771; 6130,053;27,43433
 530,14; 1986,530;  367,767; 6293,126;27,31924
 530,72; 1994,079;  329,306; 6366,578;27,57492
 531,30; 2010,626;  312,459; 6511,320;27,39483
 531,89; 2035,045;  330,228; 6552,628;27,39806
 532,47; 2072,646;  364,843; 6681,402;27,03692
 533,05; 2087,165;  360,153; 6677,919;27,33581
 533,63; 2068,527;  348,535; 6755,674;26,84494
 534,22; 2050,668;  324,996; 6714,482;27,00799
 534,80; 2072,258;  354,071; 6853,036;26,43786
 535,38; 2186,863;  462,151; 6950,707;26,58083
 535,97; 2053,312;  321,073; 6847,326;26,54262
 536,55; 2123,914;  397,686; 6924,884;26,44669
 537,13; 2094,756;  368,767; 6919,242;26,34907
 537,71; 2101,737;  400,767; 6942,048;26,00362
 538,30; 2119,598;  402,765; 7012,295;25,97511
 538,88; 2136,320;  439,069; 7128,972;25,37033
 539,46; 2195,887;  495,610; 7286,458;25,03777
 540,05; 2202,454;  485,762; 7347,659;25,01774
 540,63; 2285,295;  508,762; 7543,852;25,25245
 541,21; 2301,199;  526,684; 7667,785;24,84932
 541,79; 2308,618;  549,299; 7780,092;24,33093
 542,38; 2372,127;  581,916; 7875,773;24,54409
 542,96; 2403,754;  584,144; 7980,066;24,60288
 543,54; 2441,355;  604,607; 8164,629;24,29554
 544,12; 2429,478;  565,453; 8291,941;24,12513
 544,70; 2427,701;  562,605; 8385,298;23,84212
 545,29; 2464,926;  566,147; 8512,273;23,89565
 545,87; 2488,157;  578,146; 8531,707;24,01454
 546,45; 2432,167;  536,609; 8530,426;23,71280
 547,03; 2437,410;  516,762; 8591,549;23,78575
 547,62; 2427,343;  498,376; 8632,401;23,71479
 548,20; 2476,064;  516,221; 8840,064;23,54493
 548,78; 2474,581;  477,294; 8880,825;23,76724
 549,36; 2492,679;  465,448; 9026,130;23,68071
 549,94; 2469,381;  428,145; 9142,098;23,42492
 550,53; 2514,988;  439,218; 9317,086;23,38140
 551,11; 2526,596;  414,601; 9443,100;23,39254
 551,69; 2604,355;  430,756; 9739,513;23,35004
 552,27; 2592,495;  374,681; 9858,810;23,38448
 552,85; 2660,434;  388,216;10164,715;23,24163
 553,44; 2718,095;  395,525;10360,705;23,30685
 554,02; 2773,324;  403,986;10624,518;23,18214
 554,60; 2795,209;  352,755;10879,871;23,20155
 555,18; 2900,636;  388,064;11148,668;23,34973
 555,76; 2931,115;  378,832;11421,403;23,11312
 556,34; 2984,944;  380,215;11755,460;22,89823
 556,93; 3044,849;  373,217;12065,669;22,84920
 557,51; 3099,841;  341,676;12319,922;23,02645
 558,09; 3181,323;  375,679;12629,092;22,89684
 558,67; 3244,480;  361,136;12942,700;22,91721
 559,25; 3289,683;  382,599;13158,233;22,75491
 559,83; 3324,604;  356,905;13401,977;22,74958
 560,41; 3369,179;  347,907;13674,225;22,67147
 561,00; 3435,061;  369,906;13965,624;22,54501
 561,58; 3450,044;  352,985;14149,608;22,44795
 562,16; 3474,352;  341,216;14381,370;22,31554
 562,74; 3509,542;  325,448;14690,480;22,16559
 563,32; 3611,442;  324,674;15052,900;22,31612
 563,90; 3651,271;  347,444;15327,277;22,05516
 564,48; 3726,953;  363,677;15664,760;21,98064
 565,06; 3815,427;  342,675;16147,122;21,97326
 565,65; 3902,319;  355,134;16690,722;21,71446
 566,23; 4049,817;  405,059;17315,816;21,55290
 566,81; 4115,367;  340,368;17892,079;21,50787
 567,39; 4262,536;  348,058;18582,558;21,46743
 567,97; 4357,975;  385,752;19137,351;21,18338
 568,55; 4507,811;  409,597;19795,822;21,13982
 569,13; 4585,868;  357,598;20353,817;21,14535
 569,71; 4697,498;  324,832;21192,523;20,95424
 570,29; 4918,281;  404,218;22011,707;20,89120
 570,87; 5002,232;  383,448;22564,174;20,82341
 571,45; 5054,618;  367,137;23067,776;20,64912
 572,03; 5084,866;  315,211;23468,330;20,60048
 572,61; 5201,551;  319,828;24101,783;20,52700
 573,20; 5314,242;  353,368;24631,384;20,43360
 573,78; 5376,156;  330,674;25093,400;20,37531
 574,36; 5420,600;  352,674;25566,896;20,09947
 574,94; 5569,119;  417,134;25892,718;20,22323
 575,52; 5507,503;  325,209;26073,775;20,12654
 576,10; 5589,743;  389,979;26511,306;19,90620
 576,68; 5677,264;  359,288;27011,137;19,95349
 577,26; 5772,272;  381,900;27596,784;19,80671
 577,84; 5856,107;  387,059;28050,013;19,77030
 578,42; 5918,006;  442,595;28272,915;19,67427
 579,00; 5819,023;  368,751;28402,900;19,44155
 579,58; 5865,917;  418,596;28528,295;19,37880
 580,16; 5841,964;  363,825;28536,803;19,44466
 580,74; 5863,570;  365,287;28735,573;19,38043
 581,32; 5846,231;  360,441;28727,990;19,33826
 581,90; 5863,089;  396,441;28727,533;19,29558
 582,48; 5862,370;  376,287;28789,380;19,30829
 583,06; 5826,451;  358,903;28904,719;19,15359
 583,64; 5808,076;  358,288;28896,794;19,09626
 584,22; 5773,324;  383,208;28848,125;18,93600
 584,80; 5724,518;  382,672;28643,531;18,90192
 585,38; 5658,445;  389,292;28189,805;18,95344
 585,96; 5584,751;  343,289;28262,787;18,77348
 586,54; 5596,413;  374,362;28201,276;18,76619
 587,12; 5589,263;  352,056;28306,538;18,73477
 587,70; 5613,125;  385,289;28397,943;18,66241
 588,28; 5532,024;  344,825;28413,307;18,48051
 588,86; 5607,348;  364,670;28510,119;18,62709
 589,44; 5591,595;  328,591;28561,562;18,64134
 590,02; 5589,631;  341,899;28762,210;18,46472
 590,59; 5538,691;  325,209;28738,852;18,34852
 591,17; 5594,688;  348,050;28948,390;18,34467
 591,75; 5619,608;  323,282;28960,993;18,49424
 592,33; 5618,943;  352,283;29278,410;18,20728
 592,91; 5589,612;  294,281;29389,885;18,19976
 593,49; 5617,986;  314,203;29615,740;18,10070
 594,07; 5671,880;  330,742;29880,086;18,07532
 594,65; 5676,082;  350,439;29820,624;18,07129
 595,23; 5708,021;  336,669;30113,248;18,03885
 595,81; 5702,460;  331,976;30218,176;17,96978
 596,39; 5698,715;  325,975;30360,793;17,88837
 596,97; 5698,493;  311,666;30557,269;17,81028
 597,55; 5721,906;  312,515;30399,859;17,97896
 598,12; 5656,348;  294,202;30422,591;17,79765
 598,70; 5650,852;  295,281;30555,773;17,69823
 599,28; 5691,224;  332,127;30678,273;17,65989
 599,86; 5663,024;  313,050;30722,849;17,59293
 600,44; 5657,394;  272,434;30806,315;17,63602
 601,02; 5711,244;  346,123;30836,916;17,59587
 601,60; 5629,022;  319,205;30796,416;17,42225
 602,18; 5656,478;  282,664;30779,590;17,62084
 602,75; 5609,316;  288,899;30865,636;17,40021
 603,33; 5597,343;  306,819;30873,889;17,30792
 603,91; 5597,502;  283,278;30885,369;17,36556
 604,49; 5612,919;  307,665;30881,390;17,35233
 605,07; 5618,292;  317,359;30994,608;17,27969
 605,65; 5587,994;  315,588;31052,279;17,15346
 606,23; 5621,993;  345,978;31160,773;17,12169
 606,80; 5649,966;  355,514;31216,713;17,15569
 607,38; 5615,655;  363,663;31197,250;17,03335
 607,96; 5616,244;  390,130;31345,905;16,88252
 608,54; 5657,798;  435,818;31378,740;16,87617
 609,12; 5633,568;  427,668;31435,059;16,78922
 609,70; 5670,700;  435,281;31411,463;16,90144
 610,27; 5634,785;  419,745;31498,749;16,77994
 610,85; 5648,565;  459,897;31566,539;16,68026
 611,43; 5646,985;  442,050;31444,196;16,78895
 612,01; 5571,790;  406,052;31433,067;16,64916
 612,59; 5577,448;  413,435;31332,348;16,70180
 613,16; 5525,674;  400,208;31300,741;16,58698
 613,74; 5553,484;  383,358;31201,927;16,77601
 614,32; 5512,814;  381,049;31156,741;16,67473
 614,90; 5464,916;  373,743;31048,957;16,59703
 615,48; 5408,158;  347,208;30851,821;16,59077
 616,05; 5410,437;  319,901;30803,662;16,69918
 616,63; 5416,640;  341,363;30677,425;16,73018
 617,21; 5385,225;  331,515;30568,403;16,71373
 617,79; 5366,338;  319,129;30588,485;16,67432
 618,36; 5375,173;  331,975;30408,377;16,76796
 618,94; 5243,519;  265,207;30145,323;16,66095
 619,52; 5254,548;  307,055;29994,081;16,66551
 620,10; 5207,674;  275,591;29947,944;16,62181
 620,67; 5213,935;  293,517;29842,233;16,65188
 621,25; 5202,385;  309,513;29745,916;16,62184
 621,83; 5202,617;  283,515;29690,669;16,72757
 622,41; 5202,481;  350,977;29726,591;16,51542
 622,98; 5127,918;  314,671;29382,386;16,55874
 623,56; 5132,122;  318,671;29483,345;16,50439
 624,14; 5112,315;  296,281;29283,806;16,61416
 624,72; 5081,378;  303,669;29263,515;16,49770
 625,29; 5094,878;  287,056;29333,230;16,55234
 625,87; 5145,304;  335,052;29264,793;16,62736
 626,45; 5035,561;  284,056;29152,342;16,45926
 627,02; 5068,734;  293,744;29046,679;16,60696
 627,60; 5036,134;  267,511;29045,507;16,57038
 628,18; 5037,722;  262,899;29089,675;16,56385
 628,76; 5044,601;  258,055;29139,542;16,57306
 629,33; 5069,661;  307,285;29056,934;16,56499
 629,91; 5051,905;  277,514;29023,175;16,60908
 630,49; 5121,946;  304,593;29225,084;16,65723
 631,06; 5083,227;  287,055;29224,120;16,57449
 631,64; 5122,321;  289,210;29211,113;16,71090
 632,22; 5089,252;  264,826;29152,413;16,70069
 632,79; 5146,624;  292,057;29366,452;16,69705
 633,37; 5160,225;  265,667;29387,606;16,80712
 633,95; 5146,105;  284,595;29426,765;16,68205
 634,52; 5162,656;  274,054;29646,937;16,64325
 635,10; 5217,753;  286,976;29565,404;16,84099
 635,68; 5237,889;  287,134;29761,836;16,79662
 636,25; 5248,846;  263,904;29705,248;16,93177
 636,83; 5305,601;  253,901;29912,080;17,03307
 637,41; 5303,559;  273,596;29828,910;17,01881
 637,98; 5364,535;  306,673;30037,063;17,01243
 638,56; 5383,543;  279,366;30170,244;17,07603
 639,13; 5375,727;  257,902;30144,270;17,12428
 639,71; 5488,487;  341,593;30305,928;17,17673
 640,29; 5372,810;  232,439;30073,417;17,22588
 640,86; 5392,856;  261,132;30333,564;17,06455
 641,44; 5448,364;  266,747;30277,866;17,26566
 642,02; 5506,257;  290,055;30228,706;17,42297
 642,59; 5497,458;  250,901;30405,468;17,39888
 643,17; 5457,274;  257,439;30435,231;17,23067
 643,74; 5505,551;  254,670;30417,994;17,40817
 644,32; 5539,829;  278,593;30401,988;17,46561
 644,89; 5545,568;  278,208;30386,520;17,49470
 645,47; 5577,538;  288,823;30405,052;17,56101
 646,05; 5598,969;  281,823;30394,892;17,65727
 646,62; 5589,400;  263,746;30275,962;17,74495
 647,20; 5589,601;  269,823;30494,802;17,60060
 647,77; 5545,801;  241,131;30418,719;17,57818
 648,35; 5582,233;  231,438;30305,712;17,79193
 648,92; 5632,664;  264,130;30254,168;17,90106
 649,50; 5558,865;  237,207;30278,930;17,71422
 650,08; 5587,450;  230,284;30135,001;17,91412
 650,65; 5633,112;  252,284;30321,841;17,89460
 651,23; 5721,158;  218,515;30809,373;17,98787
 651,80; 5859,359;  227,207;31718,213;17,88495
 652,38; 5950,406;  250,130;32069,668;17,91439
 652,95; 6006,914;  231,515;32456,431;17,92216
 653,53; 6079,191;  245,514;32679,040;17,98656
 654,10; 6179,930;  283,899;32812,418;18,12573
 654,68; 6149,054;  231,745;32669,335;18,24214
 655,25; 6153,255;  224,822;32728,790;18,23910
 655,83; 6172,147;  231,437;32816,630;18,23132
 656,40; 6234,040;  273,360;32820,469;18,31401
 656,98; 6207,241;  241,206;32834,232;18,30464
 657,55; 6194,672;  243,052;32723,995;18,32342
 658,13; 6161,104;  241,821;32366,143;18,42617
 658,70; 6139,919;  268,129;32158,367;18,41250
 659,28; 6065,351;  240,129;31474,361;18,65012
 659,85; 5967,090;  274,667;30820,585;18,63562
 660,43; 5975,675;  259,744;30682,117;18,78858
 661,00; 5981,799;  252,590;30825,957;18,73921
 661,58; 6054,768;  236,898;31013,335;18,90365
 662,15; 6095,969;  235,744;31192,098;18,93060
 662,73; 6211,169;  308,821;31424,015;18,96935
 663,30; 6234,678;  241,975;31621,701;19,09737
 663,88; 6290,032;  249,898;31646,540;19,23815
 664,45; 6298,233;  241,667;31939,842;19,10699
 665,03; 6379,433;  231,820;32257,758;19,19573
 665,60; 6574,480;  341,743;32606,598;19,31742
 666,17; 6499,911;  246,897;32631,207;19,30878
 666,75; 6575,727;  243,282;32926,739;19,37508
 667,32; 6671,697;  266,359;33298,194;19,39141
 667,90; 6734,821;  257,589;33444,803;19,51725
 668,47; 6796,483;  274,743;33657,797;19,53608
 669,05; 6908,606;  239,435;33942,791;19,78785
 669,62; 6925,422;  224,666;33967,169;19,85850
 670,19; 6968,546;  222,974;34069,778;19,92972
 670,77; 7015,362;  253,666;34231,233;19,90047
 671,34; 7031,562;  242,281;34088,534;20,05918
 671,92; 7097,686;  229,973;34483,913;20,04941
 672,49; 7165,887;  259,281;34460,368;20,19411
 673,06; 7206,087;  209,435;34466,515;20,42396
 673,64; 7199,057;  226,281;34473,509;20,36012
 674,21; 7168,104;  212,204;34427,349;20,32989
 674,79; 7298,689;  258,742;34672,035;20,45706
 675,36; 7322,043;  255,127;34711,567;20,50971
 675,93; 7362,090;  207,204;34592,407;20,80804
 676,51; 7420,367;  247,511;34809,169;20,75380
 677,08; 7461,491;  243,280;34850,932;20,85727
 677,65; 7476,999;  246,434;34861,234;20,88865
 678,23; 7518,354;  245,665;35089,458;20,87226
 678,80; 7579,246;  230,434;35136,375;21,05319
 679,38; 7594,293;  233,588;35252,830;21,01903
 679,95; 7718,878;  249,357;35525,054;21,17470
 680,52; 7744,387;  234,203;35772,356;21,13274
 681,10; 7864,049;  258,818;36171,888;21,17678
 681,67; 7853,557;  251,357;36259,035;21,11272
 682,24; 7908,757;  206,280;36386,260;21,28934
 682,82; 8008,035;  237,741;36745,792;21,28378
 683,39; 8185,774;  283,433;37066,016;21,48392
 683,96; 8219,282;  247,895;37278,856;21,52628
 684,54; 8290,406;  213,895;37639,850;21,57997
 685,11; 8433,760;  290,356;37925,074;21,63801
 685,68; 8462,345;  238,664;38169,837;21,68054
 686,25; 8535,777;  221,356;38295,369;21,83752
 686,83; 8606,900;  231,664;38387,593;21,95003
 687,40; 8745,870;  218,971;38711,741;22,15195
 687,97; 8841,148;  273,279;39111,427;22,06045
 688,55; 8835,810;  216,971;39122,190;22,15343
 689,12; 8916,241;  213,663;39254,952;22,29070
 689,69; 9012,595;  213,509;39285,254;22,52033
 690,26; 9015,873;  227,355;39464,632;22,39839
 690,84; 9094,150;  218,586;39549,241;22,56653
 691,41; 9180,505;  244,048;39679,081;22,66121
 691,98; 9267,859;  241,124;40035,767;22,68329
 692,56; 9289,983;  221,817;39923,683;22,84065
 693,13; 9426,568;  276,047;40073,985;22,99245
 693,70; 9474,845;  250,739;40198,978;23,09014
 694,27; 9478,661;  221,970;40273,972;23,11168
 694,84; 9566,785;  227,739;40409,196;23,24218
 695,42; 9776,678;  363,047;40562,498;23,41731
 695,99; 9753,186;  238,201;40668,261;23,53443
 696,56; 9775,771;  229,278;40425,177;23,74992
 697,13; 9966,818;  250,893;40928,094;23,88543
 697,71; 9950,557;  237,354;40919,011;23,87612
 698,28;10019,450;  233,970;41056,697;23,97067
 698,85; 9988,189;  206,970;41095,767;23,92151
 699,42;10065,928;  210,354;41349,915;23,95644
 699,99;10188,436;  255,816;41336,447;24,17835
 700,57;10258,406;  249,123;41415,440;24,31425
 701,14;10299,760;  224,969;41550,203;24,37927
 701,71;10433,038;  251,892;41730,889;24,54530
 702,28;10453,315;  223,277;41843,883;24,57926
 702,85;10454,977;  231,584;41842,876;24,56879
 703,43;10628,332;  252,430;42044,947;24,82718
 704,00;10701,378;  264,353;42261,787;24,85158
 704,57;10714,194;  232,969;42225,319;24,95985
 705,14;10834,472;  260,122;42461,928;25,05663
 705,71;10846,672;  269,507;42584,152;24,99646
 706,28;10891,258;  240,353;42407,146;25,25899
 706,86;11002,920;  267,199;42609,524;25,35458
 707,43;11102,428;  291,507;42608,672;25,54737
 708,00;11084,475;  272,430;42597,050;25,54552
 708,57;11045,444;  234,353;42547,890;25,54996
 709,14;11228,029;  253,045;42677,652;25,86938
 709,71;11268,384;  234,583;42723,492;25,96866
 710,28;11343,431;  249,891;42956,101;25,97641
 710,86;11382,939;  242,199;43044,941;26,02810
 711,43;11555,370;  281,122;43032,704;26,37154
 712,00;11556,109;  244,814;43090,159;26,40029
 712,57;11662,156;  273,968;43237,537;26,50662
 713,14;11756,741;  250,737;43336,454;26,70492
 713,71;11766,942;  267,814;43246,371;26,75550
 714,28;11795,527;  249,583;43236,134;26,85943
 714,85;11820,727;  233,813;43089,127;27,03729
 715,42;11905,620;  242,736;43212,505;27,14207
 716,00;12079,821;  330,044;43356,730;27,30811
 716,57;12099,175;  245,505;43522,647;27,39014
 717,14;12059,530;  235,352;43316,486;27,44630
 717,71;12147,807;  216,275;43472,172;27,58360
 718,28;12252,008;  284,967;43603,320;27,62580
 718,85;12192,977;  212,121;43541,621;27,65058
 719,42;12344,178;  246,736;43593,461;27,90855
 719,99;12292,994;  228,890;43414,147;27,93570
 720,56;12415,502;  266,813;43777,140;27,92139
 721,13;12430,472;  221,889;43855,211;27,97995
 721,70;12462,288;  232,889;43612,358;28,19167
 722,27;12474,565;  257,812;43730,814;28,10193
 722,84;12630,150;  316,120;43911,577;28,24613
 723,41;12579,351;  223,120;43891,032;28,29591
 723,98;12659,090;  233,427;43995,487;28,39369
 724,55;12784,291;  260,274;44173,942;28,51963
 725,12;12792,799;  200,504;44037,474;28,72529
 725,69;12886,922;  243,581;44181,468;28,77549
 726,27;12965,738;  226,658;44316,308;28,89359
 726,84;13059,324;  245,735;44467,840;28,97553
 727,41;13198,986;  256,889;44551,833;29,21800
 727,98;13302,109;  257,042;44802,596;29,28478
 728,55;13360,925;  297,196;44755,128;29,38447
 729,12;13454,587;  226,119;44790,891;29,68369
 729,69;13528,634;  263,811;44922,500;29,70267
 730,26;13653,142;  254,350;45143,724;29,84847
 730,82;13708,881;  253,888;45098,103;30,00386
 731,39;13772,851;  245,965;45088,019;30,16563
 731,96;13996,359;  222,888;45360,090;30,51468
 732,53;14122,483;  252,195;45507,699;30,64884
 733,10;14241,683;  263,426;45678,770;30,77871
 733,67;14301,422;  250,041;45739,840;30,88908
 734,24;14356,546;  237,195;45466,218;31,21746
 734,81;14432,131;  282,195;45622,827;31,20807
 735,38;14432,101;  258,041;45525,744;31,31164
 735,95;14436,225;  263,272;45320,276;31,45560
 736,52;14579,964;  247,426;45478,501;31,68737
 737,09;14586,933;  268,426;45200,725;31,86685
 737,66;14807,442;  318,887;45480,103;32,08185
 738,23;14868,873;  257,349;45489,405;32,30347
 738,80;15060,150;  338,964;45834,783;32,35723
 739,37;15094,582;  289,348;45843,315;32,50043
 739,94;15152,859;  258,810;45876,616;32,64964
 740,51;15355,752;  420,348;46032,610;32,74427
 741,07;15295,722;  262,348;46013,988;32,85866
 741,64;15476,153;  285,502;46088,443;33,16523
 742,21;15525,046;  268,117;46098,437;33,29003
 742,78;15549,016;  239,579;45969,200;33,47816
 743,35;15657,216;  265,886;46198,963;33,50816
 743,92;15805,878;  326,117;46355,341;33,63029
 744,49;15916,079;  314,348;46251,334;33,96333
 745,06;15885,664;  260,886;46256,482;33,97016
 745,63;15901,634;  242,655;46212,937;34,06326
 746,19;16025,835;  266,040;46279,700;34,25025
 746,76;16028,650;  269,270;46202,540;34,30929
 747,33;16078,851;  272,578;46311,072;34,33273
 747,90;16199,052;  277,501;46478,065;34,46181
 748,47;16253,714;  275,116;46369,367;34,66506
 749,04;16254,299;  277,501;46429,822;34,61754
 749,61;16307,576;  314,501;46430,123;34,68039
 750,17;16320,854;  287,885;46419,040;34,75519
 750,74;16356,208;  287,577;46394,187;34,85103
 751,31;16337,409;  247,424;46338,335;34,90924
 751,88;16360,225;  245,962;46223,559;35,04807
 752,45;16420,118;  260,500;46379,168;35,03921
 753,02;16474,164;  281,039;46202,623;35,26256
 753,58;16479,826;  258,192;46049,848;35,42487
 754,15;16558,411;  261,115;46249,380;35,43795
 754,72;16517,458;  250,346;46024,835;35,53751
 755,29;16546,966;  258,115;45829,060;35,74394
 755,86;16689,013;  278,192;45989,361;35,90112
 756,42;16704,444;  281,038;45922,278;35,98370
 756,99;16705,876;  234,115;45845,271;36,11345
 757,56;16720,307;  241,577;45842,726;36,13666
 758,13;16779,892;  194,653;45746,258;36,40978
 758,70;16921,401;  244,576;45813,406;36,59700
 759,26;16935,216;  227,269;45909,323;36,57442
 759,83;17079,571;  244,345;45917,470;36,86024
 760,40;17009,233;  217,115;45844,541;36,80269
 760,97;17018,741;  213,653;45946,611;36,74612
 761,53;17091,403;  201,191;45538,297;37,25472
 762,10;17145,681;  200,191;45633,829;37,29723
 762,67;17232,420;  229,345;45480,900;37,57456
 763,24;17118,082;  178,960;45142,740;37,67282
 763,80;17244,744;  220,576;45303,426;37,76196
 764,37;17279,329;  223,422;45338,419;37,80540
 764,94;17179,530;  217,345;44805,413;38,04198
 765,50;17313,884;  217,114;44845,868;38,30887
 766,07;17373,008;  254,191;44927,939;38,31963
 766,64;17313,362;  233,191;44698,548;38,41231
 767,21;17341,255;  241,114;44582,926;38,56437
 767,77;17428,302;  244,190;44542,304;38,79197
 768,34;17488,502;  257,498;44448,682;38,99195
 768,91;17586,549;  266,190;44302,984;39,33156
 769,47;17648,749;  256,575;44390,746;39,40750
 770,04;17594,335;  263,652;44253,663;39,39686
 770,61;17588,612;  234,959;43964,349;39,68419
 771,18;17692,505;  240,267;43998,112;39,88368
 771,74;17767,090;  255,498;44062,490;39,97442
 772,31;17754,137;  271,344;43868,561;40,10071
 772,88;17764,260;  235,882;43699,785;40,32859
 773,44;17757,769;  234,343;43574,317;40,43248
 774,01;17825,738;  275,574;43676,695;40,43712
 774,58;17797,401;  235,805;43413,381;40,67295
 775,14;17955,832;  238,420;43453,375;40,99833
 775,71;17968,648;  234,035;43417,446;41,06811
 776,27;18068,695;  313,882;43282,978;41,31996
 776,84;18110,203;  366,805;43421,894;41,21092
 777,41;18107,480;  264,958;43214,965;41,54254
 777,97;18031,296;  250,497;42939,420;41,65202
 778,54;18157,497;  260,112;42996,260;41,87880
 779,11;18200,236;  288,727;42979,946;41,95596
 779,67;18268,821;  268,419;42977,324;42,14672
 780,24;18227,021;  265,189;42792,087;42,23640
 780,80;18298,837;  269,035;42735,465;42,45660
 781,37;18349,576;  285,342;42748,228;42,54123
 781,94;18309,469;  267,881;42466,222;42,75426
 782,50;18349,593;  267,342;42478,831;42,83727
 783,07;18320,255;  286,573;42588,055;42,63132
 783,63;18280,532;  257,496;42370,895;42,79644
 784,20;18316,271;  295,803;42269,658;42,93260
 784,77;18221,934;  261,111;42054,805;42,97496
 785,33;18202,134;  240,034;42003,260;43,00937
 785,90;18298,873;  256,957;41958,408;43,26448
 786,46;18312,535;  286,957;41880,325;43,33763
 787,03;18299,120;  260,341;41802,472;43,42285
 787,59;18288,167;  259,726;41700,927;43,50366
 788,16;18328,675;  274,418;41620,844;43,66582
 788,73;18417,184;  274,034;41597,453;43,90525
 789,29;18308,846;  251,110;41260,908;44,03273
 789,86;18350,200;  295,495;41199,056;44,13969
 790,42;18393,785;  271,341;40958,818;44,54059
 790,99;18302,909;  272,341;40754,966;44,53903
 791,55;18318,802;  261,879;40746,421;44,60202
 792,12;18420,771;  306,956;40708,645;44,83430
 792,68;18363,664;  277,033;40461,408;45,00911
 793,25;18304,711;  285,494;40209,171;45,13416
 793,81;18322,373;  366,571;39938,011;45,37566
 794,38;18194,497;  244,033;39787,620;45,39412
 794,94;18213,543;  261,494;39647,383;45,57990
 795,51;18171,282;  273,648;39460,069;45,67305
 796,07;18176,406;  273,879;39260,832;45,91928
 796,64;18256,761;  291,032;39409,210;45,92680
 797,20;18079,884;  286,494;38950,588;46,02045
 797,77;18004,546;  231,878;38631,659;46,28325
 798,33;18021,362;  261,417;38575,345;46,35376
 798,90;18039,178;  280,878;38519,877;46,44028
 799,46;17876,456;  255,032;38056,409;46,61582
 800,03;17953,502;  269,340;38048,556;46,80924
 800,59;17907,395;  281,416;37944,165;46,79950
 801,15;17894,519;  289,032;37662,851;47,10647
 801,72;17831,104;  270,109;37398,383;47,29817
 802,28;17673,304;  292,570;37212,685;47,07660
 802,85;17724,659;  274,493;36984,986;47,53455
 803,41;17671,167;  276,570;36836,980;47,57769
 803,98;17592,752;  262,185;36430,973;47,91581
 804,54;17542,953;  266,954;36340,582;47,89094
 805,11;17528,384;  279,262;36156,345;48,07839
 805,67;17611,508;  303,723;36007,339;48,47628
 806,23;17404,093;  280,493;35717,871;48,32073
 806,80;17506,832;  291,108;35601,403;48,75554
 807,36;17528,494;  299,339;35624,089;48,77361
 807,93;17464,695;  308,108;35394,313;48,89838
 808,49;17345,664;  271,338;35077,230;49,05585
 809,05;17329,403;  253,800;34892,993;49,29562
 809,62;17393,219;  285,877;34816,679;49,54227
 810,18;17389,804;  269,338;34789,826;49,59509
 810,74;17293,928;  239,415;34568,589;49,67936
 811,31;17306,129;  256,953;34472,121;49,82929
 811,87;17343,791;  280,184;34216,269;50,28160
 812,44;17443,530;  294,953;34357,416;50,34450
 813,00;17276,807;  222,953;34017,641;50,46312
 813,56;17395,854;  276,107;34080,173;50,64405
 814,13;17377,824;  279,030;34023,166;50,67190
 814,69;17337,640;  251,876;33879,160;50,80923
 815,25;17266,148;  227,722;33471,154;51,25351
 815,82;17285,579;  277,645;33500,147;51,19402
 816,38;17314,780;  313,568;33346,372;51,46766
 816,94;17254,673;  237,953;33033,134;51,88787
 817,51;17132,181;  235,106;32749,128;51,96858
 818,07;17196,920;  252,568;32706,814;52,20997
 818,63;17198,044;  259,183;32416,269;52,67536
 819,20;17217,629;  265,798;32452,263;52,66758
 819,76;17057,522;  237,721;32109,564;52,77323
 820,32;17173,722;  282,183;32075,173;53,12976
 820,89;17107,307;  268,337;31837,859;53,33933
 821,45;17049,508;  251,952;31549,007;53,67136
 822,01;16982,324;  270,798;31403,616;53,67817
 822,57;17054,986;  274,106;31264,225;54,14913
 823,14;16993,033;  230,798;31097,295;54,30559
 823,70;16900,310;  243,028;30937,212;54,26853
 824,26;16825,049;  249,259;30755,975;54,33489
 824,82;16938,788;  284,721;30647,661;54,84998
 825,39;16854,296;  246,105;30400,577;55,07704
 825,95;16967,805;  263,874;30414,263;55,40204
 826,51;16803,082;  267,874;30120,488;55,38948
 827,08;16908,359;  296,874;30146,327;55,65089
 827,64;16894,252;  284,643;29959,552;55,97190
 828,20;16823,838;  245,182;29785,007;56,12307
 828,76;16926,730;  290,259;29812,385;56,35255
 829,32;16894,239;  298,335;29650,456;56,54073
 829,89;16839,824;  241,105;29518,142;56,69535
 830,45;16870,563;  276,643;29463,674;56,85374
 831,01;16930,071;  271,951;29353,052;57,28160
 831,57;16961,041;  270,489;29269,430;57,55573
 832,14;17008,780;  256,335;29244,193;57,79125
 832,70;16948,134;  244,181;28954,418;58,18118
 833,26;16978,873;  220,027;28888,565;58,45728
 833,82;16998,381;  261,565;28903,713;58,43422
 834,38;17092,351;  250,719;28807,091;58,97679
 834,95;17060,167;  243,565;28727,392;59,03912
 835,51;17037,829;  218,181;28604,463;59,25274
 836,07;17094,568;  249,104;28714,764;59,17820
 836,63;17199,077;  281,257;28682,527;59,56712
 837,19;17195,354;  269,257;28549,982;59,85029
 837,75;17105,862;  221,642;28266,437;60,20447
 838,32;17202,140;  284,719;28343,585;60,29260
 838,88;17257,802;  282,488;28406,809;60,35813
 839,44;17304,925;  273,488;28302,880;60,76278
 840,00;17379,280;  259,949;28280,642;61,09531
 840,56;17230,327;  243,103;28033,021;61,12729
 841,12;17218,066;  239,488;27914,476;61,34990
 841,68;17225,958;  231,334;27790,469;61,66603
 842,25;17346,697;  248,026;27896,155;61,84386
 842,81;17205,744;  241,718;27616,688;61,96911
 843,37;17225,252;  232,026;27647,758;61,98349
 843,93;17346,299;  255,487;27594,059;62,51538
 844,49;17445,577;  262,872;27645,822;62,74965
 845,05;17357,854;  210,025;27405,047;63,05503
 845,61;17537,901;  268,718;27456,886;63,51727
 846,17;17551,947;  238,871;27339,342;63,88478
 846,73;17566,994;  254,948;27315,028;63,97633
 847,29;17546,964;  236,102;27138,637;64,34658
 847,86;17581,088;  241,948;27111,861;64,52994
 848,42;17493,211;  242,794;26990,393;64,49333
 848,98;17547,873;  263,486;26910,387;64,86453
 849,54;17614,612;  252,563;26995,765;64,92136
 850,10;17625,890;  266,179;26909,682;65,15551
 850,66;17607,013;  235,563;26666,829;65,72311
 851,22;17598,060;  226,717;26607,592;65,84824
 851,78;17649,414;  285,178;26678,355;65,79063
 852,34;17605,154;  269,640;26529,195;66,01602
 852,90;17568,200;  248,870;26495,034;65,98804
 853,46;17472,939;  238,563;26244,028;66,27213
 854,02;17646,755;  254,409;26301,252;66,77334
 854,58;17429,033;  250,870;26099,554;66,45662
 855,14;17458,156;  239,562;26025,470;66,77521
 855,70;17370,203;  212,947;25916,464;66,75062
 856,26;17423,711;  256,947;25867,150;67,03096
 856,82;17432,373;  253,870;25749,374;67,37856
 857,38;17425,728;  302,254;25675,906;67,48525
 857,94;17435,313;  248,716;25611,362;67,76342
 858,50;17346,667;  274,254;25480,586;67,73065
 859,06;17221,714;  243,331;25218,503;67,98105
 859,62;17252,530;  271,946;25298,035;67,85153
 860,18;17210,577;  252,100;25060,721;68,35719
 860,74;17011,008;  216,562;25002,714;67,75737
 861,30;16917,670;  246,869;24816,708;67,85067
 861,86;17052,563;  319,946;24890,625;68,09994
 862,42;16921,687;  240,715;24682,695;68,24722
 862,98;16952,272;  291,869;24688,997;68,28838
 863,54;16851,472;  249,023;24474,760;68,53228
 864,10;16902,750;  253,253;24526,907;68,59081
 864,66;16770,873;  218,176;24366,362;68,54634
 865,22;16855,305;  255,022;24190,125;69,35538
 865,78;16804,044;  248,253;24193,811;69,13930
 866,34;16728,552;  238,253;24092,112;69,13053
 866,90;16747,291;  251,791;23978,798;69,52204
 867,45;16620,261;  243,253;23773,330;69,60031
 868,01;16580,461;  257,868;23686,862;69,66835
 868,57;16456,431;  239,714;23600,087;69,41977
 869,13;16525,939;  237,330;23485,080;70,06531
 869,69;16434,601;  233,406;23371,305;70,02017
 870,25;16420,802;  220,022;23242,145;70,37049
 870,81;16491,772;  241,099;23242,754;70,65002
 871,37;16397,434;  257,175;23147,440;70,51146
 871,93;16456,019;  275,175;23046,818;71,05699
 872,49;16351,450;  300,406;22873,273;71,10769
 873,04;16279,574;  226,867;22713,420;71,38803
 873,60;16193,544;  230,867;22635,029;71,24871
 874,16;16203,590;  261,790;22568,177;71,46742
 874,72;16210,898;  232,098;22491,946;71,78306
 875,28;16163,898;  246,329;22428,408;71,75869
 875,84;16189,283;  250,406;22390,869;71,98981
 876,40;16256,667;  237,252;22352,946;72,43460
 876,95;16197,129;  265,637;22299,792;72,30362
 877,51;16215,129;  283,637;22322,254;72,28898
 878,07;16246,283;  297,252;22311,331;72,44923
 878,63;16336,821;  254,483;22296,177;72,96326
 879,19;16306,513;  270,098;22358,331;72,60162
 879,75;16369,513;  247,252;22321,638;73,03606
 880,30;16397,667;  239,406;22373,638;73,00123
 880,86;16454,283;  292,637;22521,562;72,70548
 881,42;16546,667;  232,021;22510,946;73,22905
 881,98;16555,283;  264,406;22569,638;73,03612
 882,54;16611,206;  254,098;22638,485;73,07374
 883,09;16692,667;  268,483;22714,408;73,17223
 883,65;16772,129;  227,406;22761,638;73,42040
 884,21;17014,975;  280,944;22960,177;73,78570
 884,77;16983,129;  238,483;22999,715;73,56652
 885,32;17134,052;  249,329;23011,638;74,17843
 885,88;17262,360;  288,098;23216,792;74,03065
 886,44;17315,590;  257,637;23296,715;74,03922
 887,00;17285,206;  278,252;23317,638;73,81687
 887,56;17488,206;  247,867;23393,946;74,48492
 888,11;17456,437;  256,098;23412,254;74,27977
 888,67;17706,513;  274,790;23560,715;74,85948
 889,23;17734,283;  260,483;23537,869;75,06771
 889,79;17763,052;  236,560;23478,177;75,40995
 890,34;17699,898;  261,637;23438,869;75,23876
 890,90;17863,052;  335,252;23556,100;75,48303
 891,46;17747,052;  251,944;23515,331;75,20447
 892,01;17839,052;  271,637;23481,408;75,68974
 892,57;17779,590;  290,867;23462,100;75,47602
 893,13;17719,283;  254,637;23253,715;75,93629
 893,69;17743,744;  233,175;23210,254;76,20886
 894,24;17648,052;  247,098;23140,023;76,01018
 894,80;17632,283;  248,944;23016,946;76,34986
 895,36;17669,513;  252,713;22917,177;76,84629
 895,91;17510,667;  247,560;22825,408;76,46038
 896,47;17502,975;  278,790;22719,100;76,75556
 897,03;17418,898;  252,252;22567,638;76,92740
 897,58;17442,360;  259,560;22400,946;77,60490
 898,14;17295,821;  261,406;22242,792;77,49473
 898,70;17259,052;  213,406;22143,177;77,72834
 899,25;17351,744;  253,329;22181,715;77,97389
 899,81;17227,513;  251,867;22036,408;77,92520
 900,37;17255,744;  222,713;21764,946;79,06808
 900,92;17296,821;  245,252;21832,023;78,99083
 901,48;17220,513;  243,790;21694,254;79,14385
 902,03;17212,744;  242,713;21513,023;79,78272
 902,59;17160,283;  239,252;21413,408;79,91360
 903,15;17135,206;  255,637;21360,715;79,97871
 903,70;17053,513;  240,406;21169,177;80,33490
 904,26;17060,513;  245,175;21055,177;80,80412
 904,82;17038,360;  243,098;21036,638;80,77153
 905,37;16975,744;  267,406;20925,485;80,88041
 905,93;16999,437;  237,944;20862,100;81,27117
 906,48;16943,975;  261,252;20831,946;81,09947
 907,04;16986,975;  258,098;20762,331;81,58743
 907,60;16961,590;  266,713;20541,562;82,34280
 908,15;16878,744;  227,021;20455,408;82,31859
 908,71;16871,744;  258,406;20409,408;82,44423
 909,26;16790,744;  239,483;20304,177;82,48948
 909,82;16764,283;  261,483;20233,869;82,62808
 910,37;16790,206;  285,944;20174,331;82,98442
 910,93;16616,744;  236,637;19962,485;83,03880
 911,48;16572,590;  224,637;19879,562;83,17485
 912,04;16513,667;  235,329;19814,869;83,13953
 912,60;16617,283;  244,021;19806,562;83,69701
 913,15;16542,437;  252,021;19604,792;84,17614
 913,71;16446,206;  228,175;19536,331;83,99575
 914,26;16385,283;  213,021;19437,023;84,12536
 914,82;16389,283;  258,560;19373,254;84,38912
 915,37;16374,975;  236,560;19328,331;84,53074
 915,93;16408,744;  306,713;19241,254;85,04052
 916,48;16228,975;  217,098;19115,946;84,72409
 917,04;16326,513;  255,560;19033,331;85,58499
 917,59;16339,283;  268,637;18987,254;85,85381
 918,15;16287,052;  210,406;18833,715;86,32540
 918,70;16263,590;  230,713;18762,869;86,51383
 919,26;16289,975;  243,560;18633,638;87,25583
 919,81;16203,206;  220,098;18520,254;87,33864
 920,37;16239,052;  234,329;18455,946;87,83371
 920,92;16221,667;  252,560;18444,177;87,78278
 921,48;16166,667;  224,867;18301,254;88,19130
 922,03;16220,283;  229,637;18233,100;88,81983
 922,59;16193,975;  243,483;18105,562;89,29807
 923,14;16092,283;  251,406;18036,638;89,06758
 923,69;16133,513;  264,637;17984,792;89,55269
 924,25;16179,437;  273,944;17944,254;90,01253
 924,80;16090,667;  234,098;17753,792;90,50711
 925,36;16086,898;  221,021;17678,946;90,88066
 925,91;15996,052;  225,098;17594,408;90,79782
 926,47;15990,437;  207,560;17556,638;90,97242
 927,02;16115,283;  315,098;17558,638;91,62959
 927,57;15966,129;  226,175;17284,023;92,27397
 928,13;15933,590;  215,483;17281,023;92,10437
 928,68;15899,975;  228,637;17233,023;92,16056
 929,24;15787,206;  203,252;17075,331;92,36535
 929,79;15727,744;  224,790;16946,638;92,71077
 930,34;15649,283;  221,713;16873,331;92,64907
 930,90;15686,590;  213,252;16818,638;93,18265
 931,45;15720,206;  232,406;16841,023;93,25159
 932,01;15575,975;  228,252;16796,408;92,63387
 932,56;15522,667;  257,252;16666,023;93,03205
 933,11;15538,129;  260,021;16579,485;93,61893
 933,67;15461,283;  215,790;16498,408;93,63048
 934,22;15396,898;  228,944;16413,638;93,71789
 934,77;15350,129;  262,252;16297,100;94,09429
 935,33;15247,129;  228,790;16237,715;93,81229
 935,88;15173,052;  241,560;16149,562;93,86152
 936,43;15126,975;  232,406;16092,562;93,91187
 936,99;14994,052;  234,175;15959,946;93,85789
 937,54;14775,052;  215,098;15838,638;93,19241
 938,09;14787,052;  239,867;15850,485;93,18776
 938,65;14738,513;  238,637;15749,177;93,48402
 939,20;14677,129;  204,483;15622,177;93,87037
 939,75;14611,744;  211,021;15540,100;93,94383
 940,31;14533,744;  209,252;15446,562;94,00933
 940,86;14660,821;  231,637;15465,331;94,71888
 941,41;14651,975;  337,790;15419,946;94,90808
 941,96;14503,975;  216,790;15296,562;94,74404
 942,52;14444,360;  222,867;15159,408;95,21276
 943,07;14373,667;  206,560;15129,792;94,93324
 943,62;14311,975;  226,944;15026,100;95,17456
 944,18;14340,667;  198,790;14977,254;95,69247
 944,73;14268,360;  245,944;14924,946;95,52704
 945,28;14116,513;  192,790;14737,562;95,73009
 945,83;14208,975;  219,483;14770,177;96,14313
 946,39;14137,898;  217,637;14769,177;95,66177
 946,94;14058,590;  242,329;14655,485;95,85868
 947,49;13992,590;  212,944;14504,869;96,41561
 948,04;14048,898;  274,252;14543,946;96,53077
 948,59;13924,513;  247,175;14437,946;96,38193
 949,15;13965,052;  215,175;14429,638;96,73159
 949,70;13859,667;  225,944;14290,792;96,93473
 950,25;13869,283;  232,329;14228,408;97,43410
 950,80;13771,052;  187,790;14121,100;97,48769
 951,36;13763,744;  179,021;14015,715;98,17896
 951,91;13884,052;  236,329;14056,254;98,75396
 952,46;13736,283;  225,944;13898,177;98,81589
 953,01;13771,975;  224,483;13934,254;98,81633
 953,56;13654,821;  194,406;13775,869;99,10873
 954,11;13586,975;  228,098;13778,638;98,58557
 954,67;13565,052;  224,713;13705,023;98,96166
 955,22;13457,667;  203,790;13541,100;99,37444
 955,77;13469,360;  249,175;13578,946;99,17788
 956,32;13423,667;  279,406;13514,023;99,31728
 956,87;13328,513;  216,098;13390,562;99,52903
 957,42;13258,513;  217,329;13284,100;99,80419
 957,98;13156,744;  209,098;13328,485;98,69094
 958,53;13208,744;  255,329;13253,485;99,65579
 959,08;13066,513;  196,867;13110,715;99,65772
 959,63;13063,744;  223,098;13049,023;100,11478
 960,18;13047,129;  242,713;13036,331;100,08440
 960,73;13011,437;  219,713;13011,715;99,99782
 961,28;12915,513;  197,406;12875,408;100,31634
 961,83;12958,590;  244,560;12834,869;100,98267
 962,39;12794,283;  206,637;12727,408;100,53411
 962,94;12733,513;  227,483;12728,254;100,04207
 963,49;12628,821;  232,713;12643,715;99,87999
 964,04;12706,437;  237,021;12593,100;100,91725
 964,59;12627,513;  209,021;12445,869;101,48440
 965,14;12706,360;  262,021;12509,331;101,60875
 965,69;12554,898;  231,560;12355,946;101,64092
 966,24;12495,129;  218,252;12294,177;101,66407
 966,79;12451,360;  251,406;12194,638;102,14951
 967,34;12357,437;  196,406;12056,023;102,54151
 967,89;12365,590;  226,252;12113,869;102,11751
 968,44;12306,129;  231,098;11975,792;102,81264
 968,99;12285,129;  236,098;11943,177;102,92090
 969,55;12156,821;  235,637;11895,023;102,24538
 970,10;12172,590;  236,560;11827,100;102,98080
 970,65;12011,744;  255,175;11775,715;102,04877
 971,20;11943,667;  221,021;11661,562;102,46584
 971,75;11840,667;  197,021;11527,485;102,76408
 972,30;11791,590;  240,406;11490,408;102,67718
 972,85;11780,129;  209,867;11405,331;103,34777
 973,40;11658,206;  213,790;11288,254;103,34059
 973,95;11612,052;  228,867;11244,254;103,33895
 974,50;11594,513;  266,406;11252,023;103,11763
 975,05;11505,667;  245,713;11099,331;103,74379
 975,60;11389,744;  242,406;11083,946;102,82061
 976,15;11347,206;  216,790;11005,869;103,16372
 976,70;11252,744;  237,637;10919,023;103,12432
 977,25;11283,513;  252,329;10874,408;103,85147
 977,80;11157,975;  230,790;10771,946;103,66211
 978,35;11110,052;  250,867;10640,023;104,52423
 978,89;10986,513;  206,560;10613,485;103,58443
 979,44;10964,667;  233,406;10594,408;103,57359
 979,99;10816,590;  227,637;10429,869;103,79055
 980,54;10775,975;  255,637;10391,023;103,79810
 981,09;10722,744;  253,021;10319,177;104,00915
 981,64;10648,437;  238,867;10235,177;104,13412
 982,19;10616,129;  281,867;10170,562;104,50583
 982,74;10521,360;  239,329;10073,023;104,55919
 983,29;10419,437;  228,560; 9925,331;105,09557
 983,84;10364,667;  242,560; 9856,562;105,28506
 984,39;10364,590;  351,483; 9957,638;104,23637
 984,94;10216,437;  207,560; 9720,715;105,21090
 985,49;10128,283;  263,175; 9651,562;105,07778
 986,03;10151,975;  249,790; 9573,408;106,20540
 986,58;10070,821;  290,175; 9548,869;105,63742
 987,13; 9927,283;  247,560; 9410,638;105,63833
 987,68; 9901,667;  266,098; 9275,715;106,94760
 988,23; 9834,821;  250,790; 9286,485;106,06856
 988,78; 9779,206;  227,252; 9132,177;107,26597
 989,33; 9721,744;  264,329; 9075,100;107,33925
 989,88; 9731,513;  272,252; 9035,177;107,94639
 990,42; 9536,206;  234,560; 8880,408;107,58512
 990,97; 9430,052;  245,098; 8798,485;107,38383
 991,52; 9350,821;  253,637; 8767,100;106,85645
 992,07; 9326,206;  285,483; 8679,100;107,70950
 992,62; 9197,744;  250,098; 8561,715;107,65229
 993,17; 9191,744;  262,790; 8514,946;108,20147
 993,71; 9082,129;  265,021; 8433,177;107,94490
 994,26; 8938,590;  235,098; 8308,485;107,80473
 994,81; 8931,821;  263,329; 8294,485;107,93580
 995,36; 8817,129;  226,560; 8143,562;108,50786
 995,91; 8751,129;  244,329; 8144,638;107,67679
 996,45; 8666,590;  239,790; 8037,408;108,06891
 997,00; 8557,437;  226,790; 7917,715;108,31787
 997,55; 8514,206;  248,098; 7891,638;108,14501
 998,10; 8432,744;  273,790; 7767,792;108,87312
 998,65; 8427,129;  244,560; 7756,177;108,93219
 999,19; 8297,744;  277,252; 7628,023;109,11090
 999,74; 8257,052;  287,944; 7559,869;109,58732
1000,29; 8205,667;  265,483; 7439,177;110,68474
1000,84; 8076,667;  247,483; 7371,254;109,90225
1001,38; 8024,667;  254,637; 7303,254;110,23482
1001,93; 7977,129;  262,790; 7254,408;110,33697
1002,48; 7895,437;  227,252; 7141,023;110,91175
1003,03; 7868,898;  272,867; 7085,715;111,49567
1003,57; 7796,975;  253,021; 6971,638;112,28432
1004,12; 7754,898;  293,790; 6974,715;111,67776
1004,67; 7631,667;  248,175; 6895,715;111,07104
1005,22; 7502,590;  242,637; 6718,177;112,11348
1005,76; 7399,744;  232,867; 6636,562;111,91785
1006,31; 7384,821;  264,329; 6606,946;112,26426
1006,86; 7320,975;  239,713; 6484,485;113,39505
1007,40; 7179,129;  234,098; 6398,869;112,65675
1007,95; 7151,590;  251,329; 6333,715;113,44661
1008,50; 6991,052;  251,790; 6225,715;112,81128
1009,04; 6967,360;  248,944; 6176,638;113,33944
1009,59; 6826,590;  260,329; 6062,254;113,17384
1010,14; 6804,129;  239,329; 5975,792;114,43985
1010,68; 6692,283;  247,560; 5875,715;114,50861
1011,23; 6606,129;  238,329; 5830,408;113,87178
1011,78; 6567,821;  247,483; 5775,023;114,34269
1012,32; 6505,283;  276,560; 5679,485;115,28428
1012,87; 6437,206;  270,021; 5623,562;115,19825
1013,42; 6346,975;  226,329; 5490,638;116,26683
1013,96; 6368,052;  280,637; 5559,254;115,32216
1014,51; 6200,283;  211,098; 5476,408;113,74800
1015,06; 6230,360;  207,867; 5445,715;114,98028
1015,60; 6248,129;  287,713; 5507,100;114,19762
1016,15; 6177,283;  222,329; 5436,638;114,20407
1016,69; 6183,975;  246,790; 5461,562;113,85322
1017,24; 6142,513;  225,560; 5464,254;112,94711
1017,79; 6177,744;  289,175; 5519,869;112,57720
1018,33; 6099,437;  243,483; 5516,792;111,04893
1018,88; 6215,590;  259,175; 5560,946;112,34765
1019,42; 6183,667;  236,252; 5525,869;112,43565
1019,97; 6157,821;  224,175; 5524,638;111,94580
1020,51; 6230,821;  278,944; 5624,638;111,33964
1021,06; 6171,898;  217,560; 5582,408;110,98802
1021,61; 6134,513;  204,483; 5550,869;110,91661
1022,15; 6053,975;  187,944; 5520,869;109,99650
1022,70; 6107,052;  239,637; 5536,331;110,77504
1023,24; 6059,513;  237,483; 5489,562;110,85193
1023,79; 6003,975;  241,483; 5439,869;110,85155
1024,33; 5963,590;  226,329; 5403,023;110,82867
1024,88; 5886,437;  250,252; 5347,946;110,56341
1025,42; 5785,437;  250,944; 5235,485;111,03315
1025,97; 5748,898;  223,713; 5209,946;110,80880
1026,51; 5620,129;  208,713; 5069,946;111,31776
1027,06; 5633,052;  228,252; 5058,023;111,90592
1027,60; 5507,437;  260,867; 4993,100;110,86879
1028,15; 5513,437;  261,944; 4895,023;113,34779
1028,69; 5348,360;  201,483; 4763,869;112,81107
1029,24; 5299,744;  228,098; 4756,869;111,98725
1029,78; 5255,821;  224,790; 4650,485;113,67778
1030,33; 5136,052;  214,944; 4564,792;113,13286
1030,87; 5098,744;  217,713; 4530,869;113,16611
1031,42; 5012,360;  205,021; 4447,869;113,30452
1031,96; 4949,590;  241,713; 4411,254;112,91117
1032,51; 4828,283;  216,483; 4338,331;111,88671
1033,05; 4824,667;  231,098; 4313,485;112,52166
1033,60; 4693,744;  196,406; 4159,023;113,49414
1034,14; 4666,360;  222,790; 4158,408;112,90654
1034,69; 4620,052;  228,790; 4116,869;112,94168
1035,23; 4510,052;  228,483; 4029,331;112,64773
1035,77; 4488,590;  223,637; 3970,869;113,81609
1036,32; 4422,821;  192,944; 3925,792;113,31500
1036,86; 4379,667;  239,637; 3893,946;113,29174
1037,41; 4313,437;  231,252; 3818,408;113,80004
1037,95; 4216,360;  197,483; 3722,946;113,99570
1038,50; 4181,975;  211,944; 3698,792;113,85729
1039,04; 4166,667;  247,560; 3681,023;114,14444
1039,58; 4059,283;  206,483; 3613,638;113,07966
1040,13; 4010,513;  222,098; 3577,254;112,91325
1040,67; 4000,206;  253,329; 3554,946;113,48611
1041,21; 3953,821;  259,637; 3485,946;114,50186
1041,76; 3864,052;  220,329; 3414,715;114,06644
1042,30; 3816,744;  213,098; 3370,023;114,15052
1042,85; 3759,129;  218,944; 3296,023;115,05018
1043,39; 3714,360;  216,329; 3252,331;115,21833
1043,93; 3712,898;  238,406; 3252,638;115,26954
1044,48; 3648,129;  244,560; 3189,177;115,58613
1045,02; 3636,129;  226,329; 3149,023;116,66633
1045,56; 3567,052;  251,098; 3119,946;115,58485
1046,11; 3500,513;  228,406; 3101,792;113,87635
1046,65; 3474,283;  242,867; 3022,638;116,24753
1047,19; 3384,744;  205,713; 2951,715;115,76943
1047,74; 3354,360;  207,252; 2893,869;117,14016
1048,28; 3332,744;  233,637; 2909,254;115,82776
1048,82; 3307,898;  266,329; 2917,562;114,72283
1049,37; 3279,590;  243,560; 2852,485;116,37095
1049,91; 3218,437;  238,329; 2817,792;115,53208
1050,45; 3168,129;  238,098; 2748,715;116,70559
1050,99; 3137,513;  239,175; 2724,946;116,59716
1051,54; 3069,206;  211,713; 2658,869;116,76790
1052,08; 3062,360;  251,021; 2650,023;117,18784
1052,62; 3026,129;  246,790; 2624,869;116,87327
1053,16; 2983,898;  225,098; 2571,254;117,58810
1053,71; 2919,821;  246,175; 2554,562;115,82316
1054,25; 2886,360;  245,406; 2518,946;116,16041
1054,79; 2853,283;  247,867; 2507,792;115,28769
1055,33; 2768,283;  202,098; 2420,408;115,68199
1055,88; 2779,975;  228,790; 2414,331;116,73015
1056,42; 2798,052;  239,098; 2403,792;118,21318
1056,96; 2742,975;  253,790; 2363,638;117,97933
1057,50; 2723,975;  248,790; 2321,331;119,42757
1058,05; 2669,898;  241,637; 2280,023;119,12665
1058,59; 2654,437;  259,252; 2233,946;121,29395
1059,13; 2577,667;  211,790; 2196,715;119,19226
1059,67; 2543,206;  246,483; 2206,254;117,19343
1060,21; 2497,667;  238,867; 2142,638;118,64871
1060,76; 2477,590;  237,944; 2139,408;117,78539
1061,30; 2479,052;  265,175; 2115,562;119,64402
1061,84; 2417,667;  243,406; 2048,869;120,42678
1062,38; 2344,206;  216,175; 2001,023;119,22756
1062,92; 2378,052;  278,944; 2050,946;118,45967
1063,46; 2329,667;  246,713; 1974,946;120,52508
1064,01; 2248,360;  236,713; 1952,562;117,23918
1064,55; 2268,898;  257,867; 1931,638;120,14969
1065,09; 2190,206;  214,713; 1849,177;120,86488
1065,63; 2220,821;  268,790; 1901,946;119,52508
1066,17; 2206,360;  270,867; 1877,946;120,43543
1066,71; 2166,129;  266,098; 1856,254;119,48708
1067,25; 2103,360;  232,944; 1800,638;119,30996
1067,80; 2108,206;  258,252; 1796,792;120,24084
1068,34; 2105,975;  282,713; 1790,023;120,96132
1068,88; 2014,360;  229,329; 1720,023;119,74493
1069,42; 2063,052;  270,098; 1755,485;120,70621
1069,96; 1986,437;  251,252; 1713,023;118,70426
1070,50; 1992,667;  284,175; 1715,869;119,33360
1071,04; 1927,360;  229,406; 1649,408;119,57405
1071,58; 1920,513;  240,790; 1638,408;120,18477
1072,12; 1914,744;  250,790; 1630,562;120,59636
1072,66; 1892,667;  249,944; 1619,177;119,97399
1073,21; 1881,975;  266,790; 1612,562;120,01926
1073,75; 1847,975;  246,637; 1570,562;120,95387
1074,29; 1805,052;  243,713; 1540,869;120,36630
1074,83; 1819,590;  266,944; 1545,408;121,44627
1075,37; 1792,283;  270,483; 1536,100;120,24172
1075,91; 1789,360;  250,021; 1510,485;122,12480
1076,45; 1754,975;  260,867; 1497,331;120,83719
1076,99; 1729,744;  267,637; 1480,254;120,57454
1077,53; 1677,360;  252,483; 1423,100;121,72013
1078,07; 1681,590;  259,867; 1431,408;121,35502
1078,61; 1666,667;  250,867; 1394,023;123,85014
1079,15; 1625,590;  249,175; 1370,408;122,75912
1079,69; 1627,513;  247,944; 1388,254;120,98199
1080,23; 1622,437;  272,713; 1404,408;119,26570
1080,77; 1655,283;  318,483; 1428,946;120,38217
1081,31; 1556,667;  251,021; 1340,100;119,88537
1081,85; 1569,975;  257,560; 1348,100;120,34542
1082,39; 1530,129;  244,483; 1302,792;121,48110
1082,93; 1524,129;  267,406; 1341,485;117,00473
1083,47; 1479,744;  235,790; 1259,715;121,48877
1084,01; 1487,898;  260,560; 1298,254;118,27554
1084,55; 1465,744;  240,944; 1239,485;122,65904
1085,09; 1450,513;  255,944; 1271,254;117,65566
1085,63; 1413,206;  244,406; 1236,177;117,84977
1086,17; 1398,052;  244,021; 1198,177;120,94784
1086,71; 1358,667;  227,637; 1204,100;115,82930
1087,24; 1399,206;  272,867; 1220,485;118,86006
1087,78; 1391,821;  274,252; 1210,562;119,35894
1088,32; 1329,513;  230,944; 1146,562;119,98127
1088,86; 1341,590;  262,021; 1171,254;118,73410
1089,40; 1334,129;  252,867; 1140,485;121,81618
1089,94; 1291,975;  227,713; 1116,562;119,73492
1090,48; 1274,437;  259,790; 1110,254;119,30508
1091,02; 1291,437;  262,175; 1139,023;117,38197
1091,56; 1254,360;  239,560; 1093,331;118,86089
1092,10; 1228,206;  228,406; 1055,331;120,90577
1092,63; 1248,898;  272,637; 1117,331;115,57573
1093,17; 1226,052;  262,098; 1074,331;118,67952
1093,71; 1186,129;  243,713; 1032,177;119,52556
1094,25; 1206,052;  264,252; 1068,946;117,03824
1094,79; 1178,052;  244,483; 1016,485;120,92836
1095,33; 1180,975;  256,483; 1020,100;121,06749
1095,87; 1153,744;  258,329; 1002,254;120,36366
1096,40; 1114,667;  227,329;  955,408;121,87395
1096,94; 1129,360;  257,329;  993,254;118,49452
1097,48; 1128,975;  267,637;  981,023;120,73938
1098,02; 1094,129;  239,944;  954,254;119,58184
1098,56; 1069,975;  223,637;  921,638;121,25159
1099,10; 1060,437;  227,483;  907,254;122,53445
1099,63; 1034,821;  236,483;  903,177;119,74582
1100,17; 1059,898;  254,944;  926,023;119,94922
1100,71; 1080,206;  282,790;  936,485;121,98599

