
Integration time [ms]: 150,000
Averaging Nr. [scans]: 13
Smoothing Nr. [pixels]: 0
Data measured with spectrometer [name]: 2009305U1
Wave   ;Sample   ;Dark     ;Reference;Reflectance
[nm]   ;[counts] ;[counts] ;[counts] ;[%]

 175,72;  211,757;  198,103;  193,484; 0,00000
 176,32;  235,653;  234,943;  221,613; 0,00000
 176,92;  262,020;  269,024;  238,591; 0,00000
 177,52;  269,351;  269,794;  248,001; 0,00000
 178,12;  241,906;  249,174;  215,364; 0,00000
 178,72;  268,253;  271,404;  246,874; 0,00000
 179,32;  260,791;  266,790;  239,650; 0,00000
 179,92;  254,574;  266,022;  239,043; 0,00000
 180,52;  255,722;  247,567;  250,796;252,57393
 181,12;  259,434;  256,484;  235,695; 0,00000
 181,73;  283,912;  288,408;  270,933; 0,00000
 182,33;  383,685;  373,488;  327,421; 0,00000
 182,93;  285,749;  271,640;  255,301; 0,00000
 183,53;  244,485;  237,864;  228,835; 0,00000
 184,13;  238,974;  259,557;  218,138; 0,00000
 184,73;  294,522;  283,402;  251,462; 0,00000
 185,33;  262,883;  246,293;  315,949;23,81688
 185,93;  275,189;  238,827;  337,037;37,02397
 186,53;  295,417;  250,137;  346,852;46,81818
 187,13;  314,061;  279,372;  376,947;35,55096
 187,73;  269,270;  248,828;  335,898;23,47774
 188,33;  279,284;  243,287;  330,691;41,18506
 188,93;  285,757;  254,203;  363,946;28,75210
 189,53;  294,627;  252,428;  366,168;37,10083
 190,13;  320,592;  288,727;  404,992;27,40688
 190,73;  271,281;  228,041;  348,595;35,86765
 191,34;  301,900;  268,432;  370,908;32,65920
 191,94;  272,616;  243,516;  324,660;35,86245
 192,54;  294,619;  255,375;  353,399;40,03507
 193,14;  300,570;  266,756;  363,717;34,87342
 193,74;  296,789;  257,909;  345,454;44,41166
 194,34;  289,604;  259,757;  344,192;35,34863
 194,94;  253,582;  226,141;  328,402;26,83482
 195,54;  246,659;  216,908;  304,045;34,14255
 196,14;  254,837;  233,989;  327,818;22,21879
 196,74;  244,625;  229,830;  316,800;17,01093
 197,34;  230,022;  201,222;  323,526;23,54734
 197,94;  257,850;  236,295;  331,112;22,73273
 198,54;  271,051;  240,220;  346,393;29,03896
 199,14;  242,534;  212,608;  351,854;21,49137
 199,74;  239,368;  209,455;  336,092;23,62103
 200,34;  233,202;  207,455;  333,220;20,47237
 200,94;  271,398;  246,068;  379,772;18,94524
 201,54;  249,324;  223,531;  385,595;15,91571
 202,14;  290,996;  246,918;  410,596;26,92991
 202,74;  252,883;  222,762;  409,803;16,10407
 203,34;  230,644;  206,150;  429,957;10,94421
 203,94;  204,625;  164,072;  415,248;16,14535
 204,54;  281,738;  248,680;  493,181;13,52059
 205,14;  235,134;  202,685;  497,583;11,00322
 205,74;  278,362;  250,304;  568,943; 8,80553
 206,34;  250,224;  206,841;  572,933;11,85023
 206,94;  258,710;  215,071;  621,645;10,73325
 207,54;  226,662;  187,225;  621,567; 9,07973
 208,14;  258,250;  207,610;  710,039;10,07895
 208,74;  263,495;  207,993;  762,832;10,00334
 209,34;  258,067;  209,070;  825,187; 7,95249
 209,94;  266,153;  223,455;  893,056; 6,37669
 210,54;  275,165;  205,457;  966,753; 9,15644
 211,14;  280,717;  206,378; 1048,964; 8,82274
 211,73;  289,205;  223,530; 1147,679; 7,10651
 212,33;  291,180;  228,991; 1211,534; 6,32944
 212,93;  282,136;  218,300; 1278,664; 6,02017
 213,53;  255,944;  181,454; 1310,378; 6,59830
 214,13;  295,202;  210,767; 1378,513; 7,23056
 214,73;  272,842;  191,533; 1380,519; 6,83853
 215,33;  261,999;  171,685; 1409,363; 7,29703
 215,93;  304,509;  209,535; 1512,002; 7,29188
 216,53;  277,914;  156,839; 1553,379; 8,66970
 217,13;  326,444;  221,996; 1758,951; 6,79578
 217,73;  333,022;  200,458; 1892,324; 7,83538
 218,33;  306,466;  160,152; 1995,560; 7,97171
 218,93;  359,936;  187,849; 2251,336; 8,33963
 219,53;  374,222;  193,306; 2452,106; 8,00939
 220,13;  360,192;  164,615; 2657,881; 7,84422
 220,73;  406,128;  192,378; 2963,993; 7,71210
 221,32;  430,341;  191,916; 3277,525; 7,72702
 221,92;  478,368;  199,307; 3533,665; 8,36925
 222,52;  477,353;  172,381; 3875,844; 8,23477
 223,12;  532,469;  175,458; 4174,712; 8,92692
 223,72;  560,071;  197,228; 4446,103; 8,53976
 224,32;  598,681;  200,766; 4732,206; 8,78119
 224,92;  626,033;  181,843; 4959,587; 9,29707
 225,52;  649,543;  209,148; 5226,036; 8,77825
 226,12;  667,825;  190,765; 5421,903; 9,11962
 226,72;  692,353;  163,995; 5656,684; 9,61929
 227,31;  697,167;  163,380; 5935,526; 9,24764
 227,91;  783,359;  202,225; 6274,421; 9,57042
 228,51;  812,720;  185,376; 6479,501; 9,96713
 229,11;  853,407;  191,303; 6828,087; 9,97628
 229,71;  865,040;  180,146; 7000,346;10,04213
 230,31;  886,926;  169,613; 7299,439;10,06073
 230,91;  930,522;  159,759; 7478,421;10,53146
 231,51;  977,528;  166,458; 7715,474;10,74406
 232,10; 1009,959;  169,152; 7915,179;10,85469
 232,70; 1053,835;  188,911; 8069,269;10,97569
 233,30; 1092,008;  214,534; 8210,826;10,97351
 233,90; 1128,130;  180,919; 8285,745;11,68700
 234,50; 1140,897;  170,381; 8320,203;11,90843
 235,10; 1167,187;  172,305; 8345,971;12,17180
 235,70; 1227,741;  201,609; 8326,989;12,62872
 236,29; 1199,043;  199,762; 8224,701;12,45220
 236,89; 1200,147;  165,683; 8084,564;13,06327
 237,49; 1223,578;  191,534; 7934,171;13,32936
 238,09; 1202,377;  177,072; 7713,395;13,60486
 238,69; 1227,209;  218,143; 7481,056;13,89340
 239,29; 1187,825;  180,379; 7242,589;14,26531
 239,89; 1165,333;  197,606; 6933,875;14,36593
 240,48; 1132,653;  180,302; 6614,391;14,80164
 241,08; 1106,677;  182,148; 6355,718;14,97561
 241,68; 1101,830;  199,918; 6120,373;15,23383
 242,28; 1057,601;  181,227; 5822,844;15,53410
 242,88; 1085,804;  215,537; 5597,751;16,16933
 243,48; 1049,437;  211,534; 5429,240;16,05884
 244,07; 1005,250;  188,994; 5258,110;16,10254
 244,67; 1021,532;  206,072; 5116,054;16,60821
 245,27; 1024,513;  213,761; 4979,756;17,01117
 245,87; 1031,637;  211,228; 4983,407;17,19149
 246,47; 1002,083;  189,838; 4954,914;17,04580
 247,06; 1011,655;  176,917; 4971,164;17,41125
 247,66; 1021,141;  173,533; 5041,805;17,41085
 248,26; 1058,773;  212,762; 5154,987;17,11803
 248,86; 1083,289;  203,838; 5294,928;17,27431
 249,46; 1086,541;  154,227; 5470,082;17,53837
 250,05; 1166,448;  200,994; 5757,223;17,37605
 250,65; 1184,884;  173,069; 6056,951;17,19639
 251,25; 1268,026;  183,379; 6461,282;17,27723
 251,85; 1359,439;  174,221; 6895,908;17,63274
 252,44; 1406,155;  155,224; 7424,213;17,20916
 253,04; 1530,897;  197,993; 7968,301;17,15381
 253,64; 1610,777;  158,837; 8622,567;17,15485
 254,24; 1787,306;  202,764; 9398,600;17,23109
 254,84; 1897,464;  178,535;10143,928;17,24899
 255,43; 2037,762;  184,070;10912,037;17,27906
 256,03; 2186,585;  182,991;11773,050;17,28718
 256,63; 2387,577;  190,144;12705,714;17,55759
 257,23; 2514,183;  172,144;13399,999;17,70535
 257,82; 2667,855;  190,758;14309,939;17,54420
 258,42; 2745,190;  160,757;15051,193;17,35633
 259,02; 2951,970;  206,916;15850,561;17,54741
 259,62; 3052,631;  169,064;16478,907;17,67992
 260,21; 3166,556;  195,070;17007,638;17,67420
 260,81; 3240,696;  190,688;17507,735;17,61275
 261,41; 3300,874;  179,911;17880,291;17,63218
 262,01; 3403,895;  218,063;18425,718;17,49721
 262,60; 3479,567;  171,067;18684,076;17,87122
 263,20; 3541,432;  175,684;19012,401;17,86802
 263,80; 3634,199;  204,832;19273,824;17,98400
 264,40; 3575,524;  164,294;19449,600;17,68823
 264,99; 3631,930;  193,909;19623,033;17,69519
 265,59; 3631,405;  175,906;19822,783;17,58803
 266,19; 3664,494;  179,294;19888,139;17,68343
 266,78; 3730,642;  219,908;20074,807;17,68195
 267,38; 3717,041;  190,676;20161,299;17,65776
 267,98; 3713,309;  185,677;20112,591;17,70285
 268,58; 3722,162;  198,830;20169,526;17,64251
 269,17; 3682,212;  174,597;20151,755;17,55813
 269,77; 3689,646;  186,913;20086,421;17,60211
 270,37; 3621,695;  151,063;19993,447;17,49101
 270,96; 3652,377;  222,758;19920,129;17,41156
 271,56; 3569,698;  189,452;19668,249;17,35347
 272,16; 3542,620;  180,219;19510,848;17,39416
 272,75; 3513,764;  181,296;19535,287;17,21851
 273,35; 3502,971;  180,066;19559,576;17,14649
 273,95; 3464,752;  182,450;19511,987;16,98076
 274,54; 3440,983;  168,610;19481,868;16,94366
 275,14; 3540,930;  216,143;19785,089;16,99012
 275,74; 3480,745;  159,988;19866,276;16,85126
 276,33; 3566,828;  210,913;20295,993;16,70850
 276,93; 3577,388;  185,303;20583,307;16,62950
 277,53; 3661,953;  181,147;20939,939;16,76787
 278,12; 3706,071;  171,068;21363,530;16,68048
 278,72; 3836,514;  228,992;21935,646;16,61943
 279,32; 3847,997;  193,069;22421,045;16,44292
 279,91; 3979,284;  173,299;23000,991;16,67267
 280,51; 4088,681;  177,608;23456,144;16,80120
 281,11; 4165,483;  190,453;24067,449;16,64795
 281,70; 4267,457;  163,299;24401,035;16,93293
 282,30; 4347,698;  170,298;24906,633;16,88771
 282,90; 4487,419;  180,683;25220,051;17,19986
 283,49; 4536,881;  189,835;25700,045;17,04042
 284,09; 4681,142;  205,299;26040,633;17,32450
 284,69; 4776,116;  215,069;26282,071;17,49740
 285,28; 4888,617;  199,683;26635,318;17,73717
 285,88; 5028,418;  243,834;26841,727;17,98858
 286,47; 5007,432;  191,298;26828,736;18,08032
 287,07; 5148,548;  214,607;27005,654;18,41638
 287,67; 5264,437;  200,149;27022,856;18,88060
 288,26; 5301,760;  173,223;27038,797;19,08962
 288,86; 5437,037;  176,376;26974,907;19,63041
 289,46; 5632,644;  190,684;27074,313;20,24265
 290,05; 5778,578;  166,763;27307,813;20,67648
 290,65; 5919,021;  186,451;27361,553;21,09493
 291,24; 6112,312;  194,992;27523,987;21,65217
 291,84; 6338,961;  201,760;27641,791;22,36587
 292,44; 6462,155;  193,996;27779,039;22,72304
 293,03; 6708,296;  272,146;27803,177;23,37780
 293,63; 6809,926;  184,990;27984,817;23,83085
 294,22; 6980,807;  207,761;28131,028;24,25592
 294,82; 7070,021;  180,987;28172,959;24,61075
 295,41; 7142,611;  172,145;27859,728;25,17542
 296,01; 7234,161;  219,680;27828,006;25,40712
 296,61; 7242,462;  197,838;27575,016;25,73174
 297,20; 7177,600;  199,526;27293,529;25,75505
 297,80; 7226,120;  198,764;27120,058;26,10334
 298,39; 7152,670;  167,144;26873,293;26,15699
 298,99; 7144,179;  210,296;26842,056;26,03614
 299,58; 7117,853;  201,380;26679,739;26,12123
 300,18; 7099,030;  210,379;26523,560;26,17947
 300,78; 7018,640;  187,454;26270,887;26,18975
 301,37; 6990,483;  198,909;26244,722;26,07549
 301,97; 7014,842;  202,453;26256,310;26,14734
 302,56; 6964,871;  191,221;26184,293;26,05944
 303,16; 6942,219;  175,759;26161,352;26,03928
 303,75; 6951,208;  186,301;26161,041;26,04418
 304,35; 6960,696;  175,766;26457,049;25,81659
 304,94; 6952,186;  188,915;26489,669;25,71512
 305,54; 6896,880;  201,454;26332,679;25,62232
 306,13; 6822,302;  157,843;26267,027;25,52534
 306,73; 6772,877;  175,457;26170,841;25,37920
 307,33; 6772,815;  194,457;26163,991;25,33106
 307,92; 6748,943;  202,454;26169,719;25,21055
 308,52; 6776,228;  172,758;26552,374;25,03247
 309,11; 6860,859;  181,372;27022,519;24,88525
 309,71; 6900,988;  160,140;27212,296;24,91797
 310,30; 6900,952;  169,761;27443,280;24,68032
 310,90; 6963,414;  208,377;27707,357;24,56468
 311,49; 6963,006;  183,684;27831,683;24,52012
 312,09; 6910,985;  156,071;27962,564;24,29258
 312,68; 7003,021;  240,993;28366,686;24,04217
 313,28; 6948,943;  165,762;28473,027;23,96269
 313,87; 6899,747;  152,454;28618,112;23,70328
 314,47; 6918,386;  179,296;28819,339;23,53031
 315,06; 6891,716;  167,531;28859,613;23,43568
 315,66; 6875,908;  172,302;29008,641;23,24708
 316,25; 6809,011;  163,990;28943,026;23,08980
 316,85; 6752,373;  142,686;29060,381;22,85689
 317,44; 6748,250;  172,295;29159,845;22,68545
 318,04; 6660,759;  154,606;29180,901;22,41469
 318,63; 6586,431;  159,227;29207,958;22,12559
 319,22; 6611,018;  182,451;29373,506;22,02239
 319,82; 6547,059;  185,068;29420,153;21,76149
 320,41; 6510,470;  198,451;29394,637;21,61933
 321,01; 6454,513;  187,763;29527,883;21,35898
 321,60; 6428,094;  185,376;29660,666;21,17950
 322,20; 6324,363;  171,146;29533,847;20,95590
 322,79; 6321,655;  203,608;29668,499;20,76385
 323,39; 6242,670;  170,919;29748,789;20,52802
 323,98; 6149,572;  157,685;29701,525;20,28134
 324,58; 6058,629;  169,912;29599,030;20,00983
 325,17; 6058,678;  179,451;29463,964;20,07623
 325,76; 5995,728;  200,223;29338,562;19,88962
 326,36; 5853,388;  157,994;29047,762;19,71423
 326,95; 5793,469;  204,607;28782,105;19,55687
 327,55; 5637,270;  169,760;28504,834;19,29591
 328,14; 5581,252;  168,918;28277,582;19,25504
 328,74; 5461,268;  199,451;27799,209;19,06472
 329,33; 5328,523;  181,686;27546,905;18,80795
 329,92; 5228,279;  163,218;27036,262;18,84811
 330,52; 5086,413;  188,687;26475,754;18,63169
 331,11; 4966,572;  185,760;26155,629;18,40907
 331,71; 4843,515;  179,530;25668,606;18,29798
 332,30; 4763,878;  203,453;25274,976;18,18966
 332,89; 4695,730;  242,686;24867,385;18,08365
 333,49; 4553,716;  192,684;24392,991;18,02057
 334,08; 4435,177;  185,991;24082,025;17,78197
 334,68; 4344,302;  190,068;23721,453;17,65401
 335,27; 4298,491;  195,380;23479,797;17,62170
 335,86; 4280,956;  240,837;23251,937;17,55726
 336,46; 4178,526;  187,149;23066,156;17,44559
 337,05; 4086,232;  185,529;22888,318;17,18160
 337,65; 4045,472;  173,914;22750,340;17,14868
 338,24; 4061,062;  243,531;22796,942;16,92662
 338,83; 4016,543;  211,993;22712,261;16,90891
 339,43; 3959,431;  170,759;22642,462;16,85975
 340,02; 3926,174;  186,143;22608,894;16,67962
 340,61; 3952,546;  191,146;22673,188;16,73069
 341,21; 3909,037;  218,836;22706,132;16,41016
 341,80; 3937,299;  183,068;22638,175;16,71883
 342,40; 3911,586;  189,226;22717,765;16,52287
 342,99; 3933,192;  188,686;22810,924;16,55233
 343,58; 3914,523;  189,455;22995,444;16,33373
 344,18; 3952,962;  199,840;23048,736;16,42584
 344,77; 3958,587;  182,835;23348,235;16,29910
 345,36; 4019,931;  170,683;23588,797;16,43705
 345,96; 4080,170;  207,147;23896,293;16,34936
 346,55; 4100,397;  180,304;24099,840;16,38867
 347,14; 4143,096;  175,687;24472,116;16,32918
 347,74; 4198,470;  159,614;24807,651;16,38611
 348,33; 4278,671;  188,306;25336,036;16,26534
 348,92; 4357,226;  203,077;25780,587;16,24141
 349,52; 4456,936;  172,384;26265,742;16,42009
 350,11; 4454,148;  186,374;26483,173;16,22925
 350,70; 4517,421;  176,377;26525,298;16,47522
 351,29; 4477,379;  173,677;26381,649;16,42135
 351,89; 4466,997;  201,910;26354,017;16,30877
 352,48; 4489,142;  158,146;26313,023;16,55904
 353,07; 4540,664;  197,149;26224,424;16,68832
 353,67; 4524,990;  209,693;26177,536;16,61785
 354,26; 4466,651;  193,533;26002,233;16,55689
 354,85; 4479,883;  205,148;25927,348;16,61885
 355,45; 4452,058;  183,067;25726,648;16,71258
 356,04; 4455,412;  186,226;25691,562;16,73840
 356,63; 4482,505;  223,068;25498,233;16,85226
 357,22; 4483,186;  195,909;25351,095;17,04331
 357,82; 4436,386;  196,064;25238,794;16,93235
 358,41; 4458,368;  217,146;25062,086;17,07077
 359,00; 4411,062;  185,220;24906,117;17,09421
 359,60; 4487,508;  195,993;24915,364;17,36094
 360,19; 4479,839;  205,534;24729,247;17,42927
 360,78; 4434,978;  205,606;24670,721;17,28736
 361,37; 4436,735;  208,222;24404,266;17,47605
 361,97; 4458,252;  199,915;24320,911;17,65407
 362,56; 4415,529;  191,297;24083,818;17,68014
 363,15; 4491,141;  250,298;23846,435;17,97262
 363,74; 4390,697;  206,450;23514,540;17,95191
 364,34; 4368,136;  212,605;23263,993;18,02725
 364,93; 4299,826;  184,681;22918,290;18,10159
 365,52; 4272,264;  170,914;22591,091;18,29312
 366,11; 4286,079;  195,067;22289,081;18,51638
 366,71; 4222,941;  191,067;21957,044;18,52374
 367,30; 4239,899;  192,683;21586,717;18,91750
 367,89; 4238,803;  235,609;21485,992;18,83822
 368,48; 4176,056;  211,450;21243,862;18,84998
 369,07; 4139,575;  204,146;20848,913;19,06260
 369,67; 4148,499;  213,835;20603,357;19,29748
 370,26; 4104,626;  197,377;20367,851;19,37113
 370,85; 4095,094;  194,683;20203,819;19,49315
 371,44; 4091,079;  197,991;19992,361;19,66765
 372,03; 4054,844;  173,067;19758,187;19,82004
 372,63; 4017,858;  180,145;19476,614;19,88816
 373,22; 4049,629;  195,069;19258,624;20,21952
 373,81; 3973,309;  180,299;18972,856;20,18358
 374,40; 3999,807;  186,764;18811,853;20,47262
 374,99; 4010,599;  194,606;18550,849;20,78853
 375,59; 3929,983;  185,148;18376,098;20,58625
 376,18; 3971,744;  220,914;18273,673;20,77705
 376,77; 3973,656;  210,453;18103,921;21,03116
 377,36; 4030,354;  221,222;18078,852;21,33056
 377,95; 3978,300;  200,759;17800,136;21,46406
 378,55; 3942,744;  187,455;17632,729;21,52611
 379,14; 3988,107;  207,606;17600,043;21,73646
 379,73; 4011,121;  206,913;17514,612;21,97986
 380,32; 4043,884;  207,838;17619,028;22,03207
 380,91; 4012,310;  174,296;17458,459;22,20538
 381,50; 4060,593;  204,451;17395,056;22,43169
 382,10; 4084,038;  179,992;17244,258;22,87849
 382,69; 4052,366;  167,529;17261,384;22,72651
 383,28; 4133,421;  219,374;17235,242;23,00233
 383,87; 4160,235;  191,528;17091,392;23,48366
 384,46; 4171,762;  171,295;17033,849;23,72397
 385,05; 4198,577;  224,374;17053,400;23,61517
 385,64; 4214,848;  191,682;17003,773;23,93019
 386,24; 4229,095;  180,064;17004,988;24,06567
 386,83; 4342,789;  226,679;17033,146;24,49123
 387,42; 4375,130;  212,067;17219,172;24,47838
 388,01; 4441,573;  211,599;17332,247;24,70686
 388,60; 4551,451;  206,603;17602,306;24,97656
 389,19; 4620,301;  195,135;17766,781;25,18356
 389,78; 4660,956;  190,982;17938,923;25,18588
 390,37; 4865,236;  263,985;18387,989;25,38761
 390,96; 4927,521;  211,756;18453,091;25,85208
 391,56; 4976,559;  217,365;18558,111;25,94875
 392,15; 5016,022;  190,598;18862,666;25,84301
 392,74; 5123,236;  176,361;18945,899;26,35587
 393,33; 5222,375;  195,364;19251,804;26,37959
 393,92; 5385,966;  189,820;19544,058;26,84759
 394,51; 5461,647;  189,134;19705,445;27,01593
 395,10; 5547,656;  228,046;19880,404;27,06856
 395,69; 5612,395;  212,354;20106,641;27,14368
 396,28; 5700,241;  217,582;20114,893;27,55477
 396,87; 5722,041;  219,269;20202,517;27,53692
 397,46; 5786,627;  227,804;20267,154;27,73954
 398,06; 5911,396;  249,184;20522,861;27,92889
 398,65; 5948,779;  223,713;20526,991;28,19774
 399,24; 6026,188;  241,095;20678,696;28,30613
 399,83; 6058,650;  210,157;20671,725;28,58282
 400,42; 6193,217;  257,297;20813,759;28,87618
 401,01; 6232,803;  231,974;20872,634;29,07285
 401,60; 6316,672;  239,107;20881,994;29,44145
 402,19; 6333,293;  270,090;20843,145;29,47158
 402,78; 6408,393;  271,141;20885,092;29,77232
 403,37; 6368,831;  253,886;20792,972;29,77224
 403,96; 6381,799;  244,934;20615,537;30,12609
 404,55; 6386,648;  257,594;20535,207;30,22572
 405,14; 6372,420;  232,873;20493,395;30,30301
 405,73; 6371,076;  253,454;20327,609;30,47511
 406,32; 6417,062;  249,738;20246,099;30,84223
 406,91; 6375,170;  254,943;20005,024;30,98836
 407,50; 6401,398;  244,775;19885,363;31,34643
 408,09; 6350,688;  222,996;19643,958;31,55195
 408,68; 6318,231;  236,528;19528,700;31,52420
 409,27; 6326,728;  230,460;19303,952;31,96199
 409,86; 6317,595;  237,096;19255,160;31,97223
 410,45; 6361,410;  266,883;19173,452;32,23497
 411,04; 6359,656;  263,362;19109,784;32,34722
 411,63; 6337,401;  257,616;18833,393;32,72964
 412,22; 6331,868;  254,329;18703,835;32,94147
 412,81; 6264,451;  259,721;18427,411;33,05170
 413,40; 6224,465;  274,039;18207,537;33,18051
 413,99; 6192,408;  321,343;17920,185;33,36052
 414,58; 6054,306;  243,576;17580,788;33,51594
 415,17; 6047,900;  248,337;17386,495;33,84006
 415,76; 5996,995;  247,944;17293,147;33,72826
 416,35; 5968,696;  237,410;17119,770;33,94837
 416,94; 6044,274;  257,177;17229,087;34,09809
 417,53; 6116,123;  239,876;17407,978;34,22770
 418,12; 6176,482;  237,801;17480,734;34,44125
 418,71; 6285,075;  273,193;17788,563;34,32346
 419,30; 6355,571;  256,032;17881,382;34,60662
 419,89; 6419,507;  247,496;18024,655;34,71877
 420,48; 6526,001;  265,500;18232,303;34,84482
 421,07; 6563,966;  263,733;18341,994;34,84977
 421,66; 6590,953;  230,968;18333,217;35,13367
 422,25; 6619,429;  247,669;18349,183;35,20015
 422,84; 6639,413;  276,209;18269,501;35,36431
 423,43; 6533,101;  256,128;17976,123;35,42311
 424,02; 6557,912;  265,438;17806,968;35,87187
 424,60; 6420,004;  244,909;17463,215;35,86354
 425,19; 6377,791;  251,673;17159,461;36,23252
 425,78; 6389,779;  263,674;17219,589;36,12961
 426,37; 6313,707;  272,523;17035,505;36,03883
 426,96; 6295,848;  251,447;16951,820;36,19321
 427,55; 6308,693;  244,760;16797,350;36,63435
 428,14; 6200,689;  239,070;16595,930;36,44721
 428,73; 6207,400;  247,835;16449,297;36,78412
 429,32; 6235,933;  267,984;16502,568;36,76071
 429,91; 6255,394;  278,527;16388,091;37,10136
 430,50; 6207,589;  264,838;16344,788;36,95752
 431,08; 6226,676;  284,687;16189,020;37,36082
 431,67; 6172,771;  325,536;16139,428;36,97531
 432,26; 6177,337;  335,538;15994,089;37,30741
 432,85; 6081,355;  358,922;15606,936;37,52904
 433,44; 5998,860;  353,849;15317,643;37,72446
 434,03; 5898,258;  381,854;15006,554;37,71978
 434,62; 5763,408;  332,388;14695,939;37,81113
 435,21; 5731,971;  350,769;14446,748;38,17544
 435,79; 5696,036;  345,237;14373,603;38,14271
 436,38; 5629,169;  345,780;14344,924;37,74080
 436,97; 5597,302;  332,704;14251,107;37,82472
 437,56; 5613,016;  331,635;14031,975;38,54927
 438,15; 5554,762;  306,325;14011,944;38,29405
 438,74; 5595,636;  337,787;14032,940;38,39204
 439,33; 5566,246;  307,171;14041,190;38,29232
 439,91; 5583,243;  268,559;14092,242;38,44623
 440,50; 5619,994;  324,021;14121,890;38,38254
 441,09; 5666,715;  316,871;14230,908;38,44925
 441,68; 5708,349;  293,799;14218,596;38,88423
 442,27; 5642,868;  275,874;14181,151;38,59681
 442,86; 5664,881;  262,422;14154,585;38,88854
 443,44; 5681,198;  277,189;14278,173;38,59735
 444,03; 5750,196;  350,730;14277,065;38,77162
 444,62; 5666,180;  277,653;14105,948;38,96740
 445,21; 5627,754;  284,113;14005,224;38,94467
 445,80; 5614,416;  326,888;13897,215;38,96389
 446,39; 5589,507;  346,656;13667,861;39,35718
 446,97; 5463,654;  277,431;13477,185;39,29030
 447,56; 5355,394;  279,359;13306,675;38,96455
 448,15; 5319,727;  284,200;13199,060;38,99018
 448,74; 5265,501;  290,047;12942,844;39,32296
 449,33; 5169,642;  286,358;12823,753;38,94975
 449,91; 5143,240;  286,132;12683,814;39,17754
 450,50; 5047,372;  283,670;12505,178;38,97802
 451,09; 5051,117;  297,363;12411,159;39,24248
 451,68; 5028,330;  314,365;12307,472;39,30562
 452,26; 5003,363;  305,290;12228,800;39,40177
 452,85; 4943,146;  293,827;12101,479;39,37547
 453,44; 4943,833;  305,526;12128,967;39,22976
 454,03; 4910,815;  282,830;12104,938;39,14687
 454,61; 4928,773;  276,681;12140,128;39,21367
 455,20; 5001,224;  311,144;12294,767;39,13741
 455,79; 4988,433;  319,602;12293,997;38,99012
 456,38; 5013,094;  317,764;12338,001;39,06187
 456,97; 5027,146;  300,762;12400,087;39,06320
 457,55; 5023,649;  296,227;12428,168;38,96674
 458,14; 5044,160;  326,377;12394,578;39,09268
 458,73; 5010,973;  314,381;12346,483;39,03385
 459,31; 5054,136;  319,847;12353,721;39,34136
 459,90; 5086,317;  353,229;12440,891;39,15636
 460,49; 5137,472;  391,766;12522,347;39,12183
 461,08; 5088,855;  301,464;12621,492;38,85861
 461,66; 5133,360;  313,001;12615,779;39,18106
 462,25; 5148,721;  312,005;12665,091;39,15391
 462,84; 5163,565;  333,234;12761,422;38,86593
 463,43; 5106,869;  269,702;12702,870;38,90535
 464,01; 5117,309;  301,704;12761,674;38,64861
 464,60; 5161,244;  352,008;12634,799;39,15426
 465,19; 5018,475;  294,628;12484,212;38,75315
 465,77; 5034,970;  308,092;12456,078;38,91080
 466,36; 5016,731;  334,625;12302,603;39,12195
 466,95; 4889,566;  319,010;12038,038;39,00115
 467,53; 4804,322;  319,556;11819,010;38,99982
 468,12; 4704,236;  342,172;11554,492;38,90421
 468,71; 4584,755;  313,475;11344,145;38,72186
 469,29; 4513,565;  300,403;11156,239;38,81011
 469,88; 4432,645;  312,790;10969,644;38,65921
 470,47; 4528,996;  368,870;11095,736;38,78231
 471,06; 4430,558;  329,794;11030,871;38,32104
 471,64; 4450,318;  329,562;11113,304;38,21268
 472,23; 4424,838;  299,569;11155,993;37,99841
 472,81; 4487,554;  298,335;11239,572;38,28835
 473,40; 4500,813;  321,339;11323,239;37,98865
 473,99; 4657,998;  407,262;11557,088;38,12379
 474,57; 4614,405;  317,262;11659,026;37,88778
 475,16; 4680,537;  326,644;11730,033;38,18070
 475,75; 4729,677;  341,726;11897,800;37,97095
 476,33; 4717,402;  351,422;11935,706;37,68882
 476,92; 4737,391;  343,801;12009,458;37,66260
 477,51; 4774,937;  336,574;12047,652;37,89884
 478,09; 4757,155;  355,959;12014,121;37,75206
 478,68; 4704,937;  345,421;11981,504;37,46549
 479,27; 4754,915;  358,111;12064,357;37,55947
 479,85; 4721,314;  346,960;12034,717;37,42681
 480,44; 4727,568;  335,730;12186,705;37,05887
 481,02; 5154,093;  355,502;13722,340;35,89922
 481,61; 5763,651;  373,501;15308,729;36,09017
 482,20; 6183,019;  366,195;16263,079;36,59097
 482,78; 6438,855;  390,114;16904,727;36,62660
 483,37; 6595,287;  367,045;17307,043;36,76649
 483,95; 6749,885;  406,584;17547,580;37,00661
 484,54; 6769,480;  415,039;17683,337;36,79830
 485,13; 6710,328;  386,818;17558,207;36,82585
 485,71; 6591,085;  358,048;17323,439;36,73972
 486,30; 6565,303;  406,202;17081,754;36,93492
 486,88; 6450,982;  448,126;16766,109;36,78675
 487,47; 6260,429;  413,358;16100,309;37,27347
 488,05; 5928,237;  404,974;15294,645;37,09459
 488,64; 5539,455;  413,516;14139,708;37,34422
 489,23; 4934,081;  399,975;12365,761;37,89225
 489,81; 4259,099;  399,130;10727,273;37,37331
 490,40; 3983,876;  358,054;10315,104;36,41463
 490,98; 3911,847;  351,747;10144,924;36,35286
 491,57; 3859,973;  376,822;10037,647;36,05439
 492,15; 3823,605;  351,210; 9983,205;36,05063
 492,74; 3778,785;  360,975; 9946,172;35,65717
 493,32; 3777,853;  376,901; 9828,283;35,98365
 493,91; 3706,598;  342,442; 9745,544;35,77709
 494,50; 3692,116;  359,140; 9760,371;35,45256
 495,08; 3638,892;  337,832; 9711,576;35,21602
 495,67; 3652,735;  357,980; 9661,845;35,41276
 496,25; 3583,816;  314,291; 9564,795;35,34429
 496,84; 3583,065;  308,980; 9548,860;35,43428
 497,42; 3552,578;  314,600; 9517,475;35,18442
 498,01; 3572,582;  329,596; 9472,812;35,46877
 498,59; 3515,210;  291,138; 9340,636;35,62708
 499,18; 3462,195;  297,135; 9364,500;34,90607
 499,76; 3471,127;  317,445; 9282,765;35,17646
 500,35; 3403,366;  312,064; 9164,926;34,91867
 500,93; 3331,709;  298,599; 9070,109;34,57910
 501,52; 3327,283;  299,831; 9009,127;34,76117
 502,10; 3328,692;  312,143; 8978,598;34,80718
 502,69; 3251,221;  296,607; 8798,856;34,75097
 503,27; 3199,755;  273,601; 8670,506;34,84800
 503,86; 3156,607;  301,606; 8616,278;34,33691
 504,44; 3129,073;  274,146; 8555,991;34,47211
 505,03; 3013,320;  261,300; 8325,493;34,12641
 505,61; 3000,507;  280,299; 8219,303;34,26384
 506,19; 2937,175;  305,300; 8073,977;33,87803
 506,78; 2854,152;  266,920; 7917,903;33,81568
 507,36; 2822,216;  275,069; 7791,387;33,88823
 507,95; 2772,200;  281,537; 7685,535;33,63944
 508,53; 2715,517;  277,996; 7556,969;33,48715
 509,12; 2693,362;  281,151; 7405,975;33,85643
 509,70; 2667,397;  303,152; 7322,912;33,67984
 510,29; 2609,452;  312,154; 7213,332;33,28849
 510,87; 2518,408;  279,612; 7027,350;33,17846
 511,46; 2467,823;  259,689; 6916,778;33,16966
 512,04; 2427,760;  267,307; 6776,941;33,18855
 512,62; 2377,656;  277,690; 6655,862;32,92427
 513,21; 2320,629;  256,001; 6517,544;32,97315
 513,79; 2293,543;  259,007; 6414,095;33,05453
 514,38; 2215,128;  256,543; 6290,276;32,46057
 514,96; 2236,960;  298,697; 6201,779;32,83477
 515,54; 2112,640;  250,775; 6070,023;31,99493
 516,13; 2137,240;  279,622; 5986,334;32,55146
 516,71; 2089,563;  263,778; 5898,771;32,40083
 517,30; 2050,074;  256,780; 5798,831;32,35794
 517,88; 2046,237;  280,473; 5722,315;32,44791
 518,46; 1959,662;  254,551; 5589,424;31,96162
 519,05; 1943,480;  263,783; 5577,209;31,61232
 519,63; 1939,693;  274,090; 5514,774;31,78217
 520,22; 1943,137;  291,555; 5475,599;31,85895
 520,80; 1875,750;  265,325; 5442,441;31,10661
 521,38; 1910,385;  307,091; 5408,934;31,42577
 521,97; 1850,414;  259,634; 5399,227;30,95148
 522,55; 1842,366;  269,481; 5352,414;30,94444
 523,13; 1822,093;  264,328; 5358,009;30,58231
 523,72; 1812,364;  267,089; 5347,830;30,41436
 524,30; 1848,876;  283,791; 5479,206;30,12434
 524,89; 1812,258;  251,481; 5458,146;29,97652
 525,47; 1879,304;  288,561; 5540,549;30,28838
 526,05; 1849,766;  247,100; 5628,747;29,78022
 526,64; 1905,929;  276,025; 5713,467;29,97557
 527,22; 1925,223;  276,254; 5806,194;29,81894
 527,80; 1962,428;  311,024; 5914,984;29,46852
 528,39; 1935,726;  260,564; 6015,968;29,10590
 528,97; 1985,914;  263,102; 6165,624;29,18772
 529,55; 2021,433;  282,482; 6293,782;28,92804
 530,14; 2064,885;  298,642; 6486,179;28,54517
 530,72; 2088,132;  264,410; 6560,862;28,96428
 531,30; 2080,960;  248,950; 6657,406;28,58738
 531,89; 2126,466;  271,796; 6732,787;28,70566
 532,47; 2151,193;  299,336; 6838,493;28,31950
 533,05; 2161,903;  292,870; 6874,977;28,39565
 533,63; 2181,857;  293,567; 6902,658;28,57110
 534,22; 2144,905;  269,644; 6932,163;28,14643
 534,80; 2186,539;  289,954; 7007,417;28,23365
 535,38; 2284,929;  378,181; 7078,138;28,45910
 535,97; 2161,520;  280,644; 7058,812;27,74903
 536,55; 2205,553;  331,801; 7120,069;27,60280
 537,13; 2201,306;  322,796; 7054,154;27,90684
 537,71; 2213,923;  375,642; 7116,696;27,26994
 538,30; 2222,417;  387,491; 7194,679;26,95571
 538,88; 2277,564;  414,726; 7330,338;26,93670
 539,46; 2324,953;  481,493; 7454,681;26,43640
 540,05; 2351,562;  484,187; 7618,251;26,17547
 540,63; 2421,290;  533,341; 7774,302;26,07318
 541,21; 2435,056;  571,804; 7904,996;25,40847
 541,79; 2480,408;  594,265; 7964,301;25,59205
 542,38; 2533,410;  633,186; 8138,486;25,31843
 542,96; 2544,102;  623,652; 8251,855;25,17565
 543,54; 2595,536;  647,957; 8449,887;24,96278
 544,12; 2595,442;  629,266; 8599,348;24,66945
 544,70; 2617,295;  610,576; 8651,723;24,95564
 545,29; 2649,875;  614,340; 8776,225;24,93952
 545,87; 2613,024;  604,727; 8820,070;24,44569
 546,45; 2608,189;  544,417; 8766,508;25,10033
 547,03; 2594,592;  517,418; 8799,602;25,08003
 547,62; 2608,435;  496,189; 8996,406;24,84932
 548,20; 2629,121;  501,575; 9156,823;24,58099
 548,78; 2637,853;  455,196; 9203,532;24,94940
 549,36; 2635,250;  429,580; 9421,712;24,52889
 549,94; 2624,814;  393,882; 9528,091;24,42393
 550,53; 2675,264;  391,810; 9724,050;24,46845
 551,11; 2689,583;  364,966; 9847,901;24,51369
 551,69; 2751,429;  386,426;10144,620;24,23607
 552,27; 2760,790;  336,962;10330,743;24,25336
 552,85; 2815,981;  346,428;10627,894;24,01946
 553,44; 2881,349;  341,580;10898,342;24,05822
 554,02; 2948,104;  346,504;11203,774;23,96183
 554,60; 2954,488;  296,428;11471,857;23,78486
 555,18; 3086,141;  334,657;11783,170;24,03355
 555,76; 3110,504;  320,504;12091,429;23,70248
 556,34; 3191,284;  322,815;12454,320;23,64479
 556,93; 3214,840;  300,119;12770,957;23,37230
 557,51; 3265,149;  298,046;13053,869;23,26078
 558,09; 3339,484;  323,349;13386,759;23,08842
 558,67; 3414,179;  311,509;13652,413;23,25682
 559,25; 3436,651;  330,354;13928,781;22,84306
 559,83; 3465,858;  306,510;14224,658;22,69948
 560,41; 3501,859;  299,968;14512,178;22,52916
 561,00; 3601,672;  312,893;14767,109;22,75308
 561,58; 3592,776;  304,275;15018,621;22,34894
 562,16; 3638,401;  295,582;15353,022;22,20045
 562,74; 3680,767;  270,350;15598,202;22,24981
 563,32; 3732,178;  272,202;15927,958;22,10034
 563,90; 3813,810;  302,201;16305,531;21,94299
 564,48; 3859,742;  302,429;16681,959;21,71805
 565,06; 3971,521;  304,432;17197,190;21,70806
 565,65; 4063,181;  307,820;17859,249;21,39632
 566,23; 4217,490;  354,740;18448,461;21,34857
 566,81; 4281,817;  299,123;18989,158;21,30919
 567,39; 4434,465;  309,742;19764,679;21,20142
 567,97; 4549,681;  325,585;20380,088;21,06308
 568,55; 4690,127;  336,356;21058,328;21,01041
 569,13; 4771,125;  298,124;21688,318;20,91145
 569,71; 4893,798;  288,120;22469,476;20,76374
 570,29; 5104,067;  337,118;23282,448;20,77525
 570,87; 5217,056;  331,658;23983,312;20,65563
 571,45; 5255,896;  323,893;24502,707;20,39804
 572,03; 5291,562;  286,819;24881,041;20,34926
 572,61; 5385,969;  281,510;25538,358;20,21020
 573,20; 5521,586;  307,276;26177,961;20,15528
 573,78; 5574,964;  305,510;26563,691;20,06785
 574,36; 5651,754;  304,432;27021,124;20,01491
 574,94; 5767,352;  376,281;27366,788;19,97395
 575,52; 5697,414;  301,362;27594,078;19,77103
 576,10; 5824,949;  363,206;28110,947;19,68356
 576,68; 5896,514;  333,281;28665,074;19,63601
 577,26; 5998,173;  361,055;29139,062;19,58829
 577,84; 6062,963;  362,433;29656,724;19,45952
 578,42; 6104,447;  415,205;29808,069;19,35586
 579,00; 6026,287;  359,741;29967,654;19,13862
 579,58; 6089,817;  399,512;30137,605;19,13473
 580,16; 6057,112;  361,360;30131,387;19,13250
 580,74; 6059,644;  361,975;30340,720;19,00570
 581,32; 6030,478;  358,974;30314,414;18,93314
 581,90; 5986,724;  389,206;30354,109;18,68025
 582,48; 5975,974;  377,513;30400,581;18,64720
 583,06; 5993,929;  373,589;30555,502;18,62155
 583,64; 5973,474;  362,358;30610,400;18,55034
 584,22; 5928,822;  376,439;30447,103;18,46445
 584,80; 5826,851;  378,667;30242,772;18,24325
 585,38; 5758,447;  400,661;29839,880;18,19948
 585,96; 5709,029;  354,972;29935,126;18,10016
 586,54; 5701,154;  372,592;29987,199;17,99302
 587,12; 5675,341;  347,130;30077,888;17,92154
 587,70; 5662,100;  378,588;30372,690;17,61517
 588,28; 5592,200;  363,283;30276,496;17,48029
 588,86; 5637,640;  376,053;30369,140;17,54267
 589,44; 5597,523;  338,903;30455,368;17,46095
 590,02; 5610,274;  345,133;30592,010;17,40722
 590,59; 5591,997;  324,669;30782,843;17,29364
 591,17; 5612,560;  330,907;30952,595;17,24808
 591,75; 5566,004;  321,058;31018,385;17,08600
 592,33; 5619,767;  338,519;31226,866;17,09787
 592,91; 5590,497;  293,444;31450,779;17,00098
 593,49; 5607,020;  309,677;31721,173;16,86434
 594,07; 5651,170;  316,138;31908,664;16,88701
 594,65; 5607,274;  317,747;31864,729;16,76714
 595,23; 5675,008;  331,594;32274,959;16,72777
 595,81; 5641,670;  310,211;32311,504;16,66014
 596,39; 5636,709;  303,980;32475,679;16,57584
 596,97; 5616,234;  302,367;32579,545;16,46323
 597,55; 5579,936;  314,671;32575,044;16,32115
 598,12; 5535,682;  277,755;32589,872;16,27231
 598,70; 5523,412;  283,060;32640,570;16,19516
 599,28; 5535,998;  323,060;32766,460;16,06779
 599,86; 5556,251;  290,060;32819,475;16,18901
 600,44; 5475,208;  264,907;32998,181;15,91744
 601,02; 5538,682;  324,142;32968,774;15,97365
 601,60; 5433,007;  304,366;32905,125;15,73166
 602,18; 5402,258;  279,139;32980,004;15,66662
 602,75; 5400,830;  276,210;33018,094;15,65157
 603,33; 5391,876;  300,368;33086,233;15,52958
 603,91; 5382,134;  279,602;33004,856;15,59203
 604,49; 5341,560;  302,445;33044,672;15,39026
 605,07; 5332,555;  303,751;33084,147;15,34089
 605,65; 5289,392;  308,292;33104,258;15,18815
 606,23; 5315,951;  355,746;33386,726;15,01683
 606,80; 5364,105;  385,518;33424,475;15,06884
 607,38; 5283,745;  399,448;33422,150;14,79072
 607,96; 5293,794;  443,826;33416,966;14,70885
 608,54; 5321,744;  500,292;33503,715;14,60894
 609,12; 5264,769;  496,903;33582,057;14,41089
 609,70; 5265,353;  515,137;33563,537;14,37351
 610,27; 5275,428;  506,056;33595,779;14,41345
 610,85; 5311,192;  523,521;33707,211;14,42778
 611,43; 5239,242;  519,214;33696,684;14,22660
 612,01; 5168,156;  487,981;33466,188;14,19172
 612,59; 5178,106;  491,445;33500,651;14,19804
 613,16; 5103,316;  468,824;33409,568;14,06918
 613,74; 5080,232;  453,291;33306,431;14,08371
 614,32; 5039,103;  419,754;33334,191;14,03442
 614,90; 5025,854;  401,367;33208,091;14,09616
 615,48; 4944,336;  365,978;32880,622;14,08091
 616,05; 4890,116;  339,285;32836,605;14,00371
 616,63; 4897,127;  350,207;32662,818;14,07166
 617,21; 4854,489;  347,671;32659,585;13,94785
 617,79; 4805,004;  329,596;32538,994;13,89473
 618,36; 4804,215;  337,366;32409,528;13,92750
 618,94; 4697,763;  277,363;32220,076;13,83852
 619,52; 4647,157;  308,900;32001,587;13,68851
 620,10; 4648,772;  292,749;31889,489;13,78631
 620,67; 4598,560;  297,053;31794,170;13,65683
 621,25; 4607,299;  325,443;31701,623;13,64683
 621,83; 4580,472;  299,825;31661,424;13,64933
 622,41; 4563,773;  338,748;31670,252;13,48491
 622,98; 4510,047;  313,053;31422,617;13,49101
 623,56; 4504,831;  320,053;31406,229;13,46186
 624,14; 4470,272;  307,367;31334,292;13,41707
 624,72; 4466,946;  300,594;31269,648;13,45328
 625,29; 4420,264;  281,514;31228,042;13,37387
 625,87; 4444,652;  327,211;31236,152;13,32120
 626,45; 4364,888;  289,206;31051,252;13,24906
 627,02; 4337,322;  288,673;31068,829;13,15344
 627,60; 4355,512;  272,292;30986,441;13,29427
 628,18; 4310,615;  260,287;31085,057;13,13985
 628,76; 4308,964;  262,976;31142,796;13,10237
 629,33; 4324,749;  297,978;31064,458;13,08818
 629,91; 4305,618;  277,903;31061,643;13,08391
 630,49; 4331,421;  302,516;31181,711;13,04731
 631,06; 4301,282;  279,977;31335,323;12,94883
 631,64; 4312,113;  285,129;31288,046;12,98905
 632,22; 4249,263;  250,282;31192,146;12,92418
 632,79; 4304,927;  292,051;31420,344;12,89141
 633,37; 4286,791;  253,289;31415,583;12,94353
 633,95; 4306,160;  272,898;31561,816;12,89038
 634,52; 4293,866;  256,209;31661,523;12,85660
 635,10; 4318,406;  269,749;31675,841;12,89131
 635,68; 4337,587;  275,974;31826,802;12,87324
 636,25; 4282,791;  253,818;31728,493;12,80068
 636,83; 4305,426;  240,515;31980,565;12,80688
 637,41; 4328,028;  250,666;32023,594;12,83282
 637,98; 4362,143;  276,896;32249,649;12,77728
 638,56; 4369,597;  271,125;32253,350;12,81484
 639,13; 4347,979;  246,361;32412,408;12,75139
 639,71; 4439,824;  300,900;32399,063;12,89458
 640,29; 4308,143;  221,131;32231,476;12,76778
 640,86; 4365,236;  234,054;32476,941;12,81269
 641,44; 4340,484;  250,208;32413,252;12,71732
 642,02; 4354,577;  278,362;32332,717;12,71657
 642,59; 4355,517;  245,362;32566,798;12,71650
 643,17; 4327,302;  243,131;32495,878;12,66302
 643,74; 4354,627;  246,054;32592,343;12,70183
 644,32; 4371,412;  274,824;32517,886;12,70533
 644,89; 4359,737;  262,901;32494,966;12,71044
 645,47; 4392,753;  270,439;32542,431;12,77366
 646,05; 4356,924;  265,132;32478,512;12,70215
 646,62; 4340,402;  249,901;32457,823;12,70029
 647,20; 4367,111;  252,517;32615,288;12,71397
 647,77; 4329,281;  234,978;32408,907;12,72553
 648,35; 4327,605;  233,594;32332,064;12,75454
 648,92; 4325,006;  240,286;32438,222;12,68628
 649,50; 4306,561;  210,517;32310,225;12,76038
 650,08; 4299,347;  226,748;32246,075;12,71919
 650,65; 4311,748;  235,594;32497,617;12,63453
 651,23; 4369,380;  219,441;33275,313;12,55432
 651,80; 4499,474;  213,441;34028,316;12,67499
 652,38; 4567,029;  225,287;34442,320;12,68883
 652,95; 4591,892;  208,518;34666,093;12,72107
 653,53; 4628,677;  236,518;34757,712;12,72308
 654,10; 4666,771;  263,210;34953,100;12,69407
 654,68; 4676,095;  231,441;34841,411;12,84212
 655,25; 4646,189;  217,518;35001,492;12,73193
 655,83; 4630,205;  208,057;34949,880;12,72860
 656,40; 4708,606;  253,288;34941,422;12,84393
 656,98; 4663,315;  221,672;34810,349;12,84132
 657,55; 4616,101;  218,288;34663,967;12,76739
 658,13; 4621,887;  223,673;34428,433;12,85849
 658,70; 4612,288;  236,211;34117,975;12,91573
 659,28; 4517,074;  218,442;33307,363;12,99115
 659,85; 4418,090;  250,904;32717,905;12,83514
 660,43; 4429,876;  245,904;32914,293;12,80740
 661,00; 4412,969;  218,058;32983,450;12,80287
 661,58; 4438,986;  212,289;33237,762;12,79829
 662,15; 4505,080;  204,673;33443,611;12,93786
 662,73; 4610,404;  279,674;33659,615;12,97405
 663,30; 4566,266;  228,443;33846,311;12,90333
 663,88; 4614,129;  225,905;33988,391;12,99734
 664,45; 4627,992;  217,674;34199,010;12,97865
 665,03; 4668,932;  218,366;34561,398;12,95915
 665,60; 4824,871;  300,520;34915,556;13,07048
 666,17; 4750,888;  206,213;34897,790;13,10023
 666,75; 4806,443;  223,674;35266,178;13,07774
 667,32; 4910,382;  242,982;35578,490;13,20881
 667,90; 4887,476;  228,751;35786,878;13,10172
 668,47; 4957,031;  246,136;35987,189;13,18063
 669,05; 5002,047;  211,906;36290,193;13,27708
 669,62; 5009,526;  186,367;36350,504;13,33685
 670,19; 5041,619;  201,213;36430,277;13,36056
 670,77; 5058,020;  215,675;36514,819;13,34011
 671,34; 5065,037;  226,137;36506,591;13,33748
 671,92; 5111,438;  201,137;36829,672;13,40567
 672,49; 5139,070;  228,368;36828,599;13,41713
 673,06; 5140,548;  179,752;36885,064;13,51520
 673,64; 5115,257;  197,522;36774,452;13,44491
 674,21; 5174,966;  186,983;36826,917;13,61351
 674,79; 5222,905;  230,368;36961,228;13,59221
 675,36; 5248,922;  227,522;37128,924;13,60761
 675,93; 5211,938;  198,676;36984,620;13,62820
 676,51; 5266,570;  224,061;37171,085;13,64794
 677,08; 5266,279;  218,676;37237,781;13,63513
 677,65; 5345,142;  214,907;37349,400;13,81528
 678,23; 5372,082;  206,369;37514,788;13,84597
 678,80; 5399,098;  206,138;37530,945;13,91289
 679,38; 5413,653;  205,984;37659,795;13,90424
 679,95; 5499,593;  225,600;38042,953;13,94596
 680,52; 5524,302;  214,908;38260,418;13,95538
 681,10; 5630,549;  224,523;38454,114;14,14095
 681,67; 5667,565;  219,600;38774,425;14,13044
 682,24; 5656,044;  188,600;38904,582;14,12193
 682,82; 5777,137;  200,831;39379,509;14,23301
 683,39; 5889,231;  250,908;39656,974;14,30826
 683,96; 5878,555;  197,985;39919,901;14,30084
 684,54; 5914,802;  193,370;40233,904;14,28910
 685,11; 6069,665;  244,139;40508,985;14,46802
 685,68; 6065,143;  205,063;40817,450;14,42929
 686,25; 6079,852;  188,294;40902,607;14,47048
 686,83; 6126,791;  198,524;41025,611;14,52043
 687,40; 6193,962;  187,601;41336,307;14,59672
 687,97; 6300,748;  234,678;41732,541;14,61779
 688,55; 6269,841;  182,371;41679,083;14,66977
 689,12; 6304,319;  166,217;41940,856;14,69337
 689,69; 6333,490;  186,140;42076,859;14,67473
 690,26; 6421,275;  205,217;42067,632;14,84878
 690,84; 6464,907;  201,910;42217,866;14,90624
 691,41; 6505,232;  217,525;42302,947;14,94034
 691,98; 6579,940;  211,295;42622,258;15,01651
 692,56; 6586,726;  195,910;42671,800;15,04575
 693,13; 6658,974;  252,679;42643,342;15,11251
 693,70; 6692,913;  220,449;42858,115;15,18016
 694,27; 6711,468;  188,680;42899,196;15,27209
 694,84; 6728,254;  184,526;42996,430;15,28483
 695,42; 6865,655;  296,988;43204,510;15,30889
 695,99; 6818,364;  201,680;43368,975;15,32800
 696,56; 6828,688;  195,142;43220,902;15,41762
 697,13; 6914,089;  212,142;43454,367;15,49862
 697,71; 6995,414;  188,219;43485,755;15,72190
 698,28; 6965,507;  200,834;43796,144;15,51697
 698,85; 6983,293;  161,758;43791,070;15,63521
 699,42; 7066,540;  171,219;44034,458;15,72005
 699,99; 7167,864;  213,989;44070,616;15,85593
 700,57; 7202,035;  213,373;44075,619;15,93321
 701,14; 7215,051;  181,143;44246,469;15,96246
 701,71; 7292,453;  206,527;44406,857;16,03139
 702,28; 7307,700;  192,451;44439,476;16,08074
 702,85; 7374,024;  202,451;44544,711;16,17323
 703,43; 7420,041;  208,528;44672,483;16,21878
 704,00; 7500,519;  218,220;44903,179;16,29698
 704,57; 7472,612;  197,220;44980,414;16,24581
 705,14; 7636,013;  216,066;45157,032;16,51043
 705,71; 7662,338;  227,067;45211,267;16,52863
 706,28; 7675,047;  199,374;45139,424;16,63477
 706,86; 7713,217;  219,298;45317,043;16,61706
 707,43; 7796,157;  230,836;45260,970;16,80057
 708,00; 7796,327;  216,144;45277,127;16,82205
 708,57; 7805,497;  179,221;45206,285;16,93709
 709,14; 7862,052;  226,375;45335,365;16,92717
 709,71; 7897,223;  195,375;45351,907;17,05589
 710,28; 8006,701;  198,144;45535,526;17,22322
 710,86; 7988,871;  193,606;45650,068;17,14886
 711,43; 8077,965;  238,452;45694,995;17,24617
 712,00; 8067,981;  205,529;45768,921;17,25607
 712,57; 8190,844;  219,991;45910,310;17,44539
 713,14; 8186,091;  203,376;45984,159;17,43683
 713,71; 8209,031;  222,299;45896,932;17,48614
 714,28; 8264,894;  195,837;45992,013;17,61950
 714,85; 8216,372;  192,376;45774,478;17,60339
 715,42; 8339,465;  202,915;45894,789;17,80743
 716,00; 8415,097;  266,992;46016,254;17,81035
 716,57; 8405,960;  207,376;46158,411;17,84200
 717,14; 8375,669;  193,607;46019,723;17,85458
 717,71; 8472,378;  189,607;46144,649;18,02364
 718,28; 8560,933;  225,684;46141,807;18,15321
 718,85; 8527,488;  185,761;46136,656;18,15357
 719,42; 8625,427;  210,223;46372,045;18,22979
 719,99; 8590,905;  183,223;46120,741;18,30243
 720,56; 8659,845;  217,916;46406,052;18,27727
 721,13; 8706,477;  192,147;46481,055;18,39389
 721,70; 8730,032;  186,377;46425,213;18,47723
 722,27; 8769,895;  213,762;46411,216;18,52079
 722,84; 8929,373;  260,993;46546,528;18,72805
 723,41; 8854,466;  181,455;46637,916;18,66912
 723,98; 8955,252;  202,993;46601,612;18,86319
 724,55; 9024,192;  221,916;46784,923;18,90401
 725,12; 9060,054;  154,301;46765,234;19,10658
 725,69; 9090,456;  186,840;46883,622;19,06687
 726,27; 9160,088;  193,301;46973,472;19,16792
 726,84; 9261,181;  198,994;47240,014;19,26444
 727,41; 9356,736;  211,532;47266,864;19,43500
 727,98; 9376,060;  214,686;47464,175;19,38936
 728,55; 9465,154;  232,148;47331,717;19,60316
 729,12; 9447,401;  179,379;47562,259;19,55985
 729,69; 9541,187;  214,148;47657,647;19,65926
 730,26; 9624,665;  214,071;47766,728;19,78984
 730,82; 9595,835;  200,841;47760,577;19,75409
 731,39; 9706,313;  195,456;47806,043;19,97635
 731,96; 9775,330;  182,226;48100,123;20,01988
 732,53; 9874,500;  202,687;48235,127;20,13600
 733,10; 9957,286;  208,072;48239,361;20,29763
 733,67;10002,226;  214,457;48419,211;20,30457
 734,24; 9965,473;  201,380;48201,214;20,34193
 734,81;10075,720;  224,534;48290,295;20,49523
 735,38;10040,660;  211,226;48075,606;20,53601
 735,95;10105,523;  203,457;48042,610;20,69866
 736,52;10133,770;  191,765;48050,998;20,77343
 737,09;10133,017;  208,380;47903,847;20,80834
 737,66;10235,419;  251,073;48030,851;20,89659
 738,23;10295,897;  213,919;48049,932;21,07612
 738,80;10456,067;  258,842;48311,935;21,22075
 739,37;10449,084;  224,150;48523,477;21,16993
 739,94;10459,716;  209,227;48466,327;21,24141
 740,51;10703,809;  322,996;48483,253;21,55473
 741,07;10614,210;  198,304;48505,411;21,56185
 741,64;10704,842;  228,843;48680,261;21,62166
 742,21;10733,705;  204,920;48728,418;21,69832
 742,78;10775,568;  186,458;48539,883;21,89940
 743,35;10842,738;  207,382;48686,656;21,93794
 743,92;11008,755;  236,613;48802,198;22,18061
 744,49;11053,463;  239,305;48708,201;22,31154
 745,06;10994,942;  190,074;48755,743;22,24795
 745,63;11084,420;  188,844;48677,670;22,47028
 746,19;11123,821;  199,228;48740,597;22,50574
 746,76;11190,607;  214,152;48797,370;22,59310
 747,33;11212,623;  196,844;48724,912;22,69981
 747,90;11288,717;  229,152;48952,915;22,69850
 748,47;11300,426;  219,537;48958,457;22,73520
 749,04;11362,519;  217,306;48905,999;22,89076
 749,61;11483,689;  239,383;48891,464;23,11167
 750,17;11511,167;  238,152;48882,160;23,17452
 750,74;11489,953;  216,229;48823,548;23,19347
 751,31;11541,585;  197,922;48623,244;23,42507
 751,88;11536,140;  182,537;48689,094;23,40633
 752,45;11667,311;  197,999;48811,559;23,59282
 753,02;11675,481;  216,691;48565,486;23,70026
 753,58;11696,036;  197,153;48547,566;23,78239
 754,15;11783,822;  204,153;48645,493;23,90452
 754,72;11749,454;  193,845;48335,573;24,00331
 755,29;11759,932;  180,999;48252,808;24,08674
 755,86;11832,564;  197,076;48397,119;24,13999
 756,42;11899,965;  223,461;48349,661;24,26226
 756,99;11882,289;  188,461;48226,741;24,34273
 757,56;11973,767;  194,000;48240,514;24,51742
 758,13;11939,784;  162,462;48201,902;24,51594
 758,70;12025,800;  181,077;48225,829;24,65352
 759,26;12071,663;  184,769;48312,679;24,69855
 759,83;12166,603;  193,923;48469,298;24,80080
 760,40;12243,235;  178,923;48268,455;25,08719
 760,97;12191,944;  173,770;48322,074;24,96074
 761,53;12208,883;  169,001;47931,539;25,20779
 762,10;12162,823;  166,924;48003,081;25,07705
 762,67;12266,224;  195,924;47963,700;25,26871
 763,24;12217,471;  158,386;47494,858;25,47525
 763,80;12337,565;  190,001;47722,400;25,55639
 764,37;12335,658;  185,386;47659,480;25,59348
 764,94;12283,521;  167,694;47303,561;25,70405
 765,50;12270,922;  174,232;47304,641;25,66642
 766,07;12401,323;  201,771;47275,260;25,91597
 766,64;12353,109;  173,002;47024,033;25,99752
 767,21;12419,587;  181,694;46946,113;26,16924
 767,77;12467,296;  193,617;46853,348;26,30465
 768,34;12491,620;  188,387;46793,967;26,39863
 768,91;12542,406;  208,310;46626,970;26,57142
 769,47;12565,423;  199,848;46586,281;26,65774
 770,04;12576,978;  200,233;46604,131;26,67178
 770,61;12561,071;  177,079;46275,365;26,86432
 771,18;12627,318;  179,618;46172,907;27,06417
 771,74;12733,181;  189,772;46309,911;27,19725
 772,31;12734,352;  202,157;46182,915;27,25530
 772,88;12694,291;  172,695;45898,380;27,38416
 773,44;12691,385;  183,541;45693,229;27,48391
 774,01;12811,786;  203,157;45764,618;27,67389
 774,58;12835,956;  172,696;45492,775;27,94183
 775,14;12874,434;  169,157;45580,625;27,97813
 775,71;12924,682;  185,773;45505,474;28,10899
 776,27;13032,467;  228,234;45354,940;28,37396
 776,84;13154,638;  276,158;45515,943;28,46716
 777,41;13078,424;  194,927;45304,024;28,56075
 777,97;13054,133;  189,389;45007,950;28,70405
 778,54;13170,841;  196,927;45085,108;28,90274
 779,11;13200,396;  218,466;44993,265;28,99383
 779,67;13218,028;  183,850;45136,038;28,99565
 780,24;13239,891;  200,543;44853,657;29,20143
 780,80;13316,985;  211,928;44858,968;29,35258
 781,37;13326,001;  214,081;44847,049;29,37721
 781,94;13277,402;  200,159;44557,821;29,48136
 782,50;13360,573;  204,082;44577,748;29,64932
 783,07;13411,512;  229,313;44628,982;29,68986
 783,63;13352,990;  198,774;44403,294;29,75763
 784,20;13453,392;  227,467;44325,297;29,99223
 784,77;13372,408;  202,698;44170,224;29,95327
 785,33;13432,348;  178,544;44022,381;30,22957
 785,90;13414,287;  197,390;43930,308;30,22185
 786,46;13478,535;  217,852;43863,850;30,38236
 787,03;13377,782;  182,852;43677,700;30,33677
 787,59;13380,799;  201,237;43688,472;30,30674
 788,16;13492,738;  211,006;43619,707;30,59694
 788,73;13509,986;  225,006;43399,095;30,77072
 789,29;13402,233;  204,314;43146,483;30,73417
 789,86;13489,711;  228,006;43107,948;30,92752
 790,42;13396,804;  206,314;42960,952;30,85160
 790,99;13377,283;  221,776;42593,186;31,04807
 791,55;13421,145;  198,853;42714,574;31,09977
 792,12;13462,239;  233,468;42579,809;31,23947
 792,68;13464,101;  206,622;42295,581;31,49871
 793,25;13451,118;  209,545;42106,970;31,60474
 793,81;13482,135;  290,776;41832,665;31,75435
 794,38;13289,613;  184,776;41583,746;31,65498
 794,94;13401,937;  195,930;41538,442;31,94292
 795,51;13313,800;  215,777;41288,599;31,88976
 796,07;13341,201;  207,623;41080,680;32,13261
 796,64;13407,294;  231,623;41038,222;32,28809
 797,20;13341,618;  219,469;40640,918;32,46333
 797,77;13233,558;  183,854;40481,613;32,38320
 798,33;13287,498;  221,239;40323,925;32,58200
 798,90;13307,745;  221,239;40165,082;32,76226
 799,46;13267,146;  199,470;39853,009;32,95463
 800,03;13254,163;  218,547;39732,089;32,99025
 800,59;13251,949;  231,393;39487,247;33,16844
 801,15;13243,273;  228,239;39369,019;33,25185
 801,72;13158,597;  220,086;39112,946;33,26706
 802,28;13125,921;  239,701;38883,411;33,34623
 802,85;13039,246;  214,009;38680,338;33,34146
 803,41;13126,493;  208,624;38565,572;33,67804
 803,98;13062,971;  203,855;38109,268;33,92422
 804,54;13117,218;  216,317;37928,502;34,20884
 805,11;13068,235;  226,625;37763,044;34,21107
 805,67;13051,021;  244,317;37716,202;34,17683
 806,23;12988,114;  219,702;37327,513;34,40896
 806,80;12989,823;  236,856;37176,901;34,52342
 807,36;13025,532;  237,702;37223,674;34,57481
 807,93;13011,856;  250,625;37033,908;34,69302
 808,49;12950,950;  209,087;36620,527;34,99412
 809,05;12909,120;  188,549;36478,839;35,05227
 809,62;12970,290;  237,164;36414,381;35,19653
 810,18;13029,538;  228,780;36358,153;35,43034
 810,74;12906,554;  195,703;36147,157;35,35560
 811,31;12905,494;  190,164;35957,545;35,55007
 811,87;12958,280;  218,780;35826,087;35,77777
 812,44;12970,681;  244,165;35693,398;35,90068
 813,00;12876,620;  171,626;35566,710;35,89480
 813,56;12982,176;  223,011;35518,175;36,14989
 814,13;13002,884;  226,550;35462,024;36,25986
 814,69;12908,670;  215,473;35334,951;36,14290
 815,25;12839,841;  195,704;34916,185;36,41694
 815,82;12879,857;  232,319;34985,266;36,39271
 816,38;12892,643;  265,935;34690,577;36,67927
 816,94;12777,044;  210,550;34422,965;36,73080
 817,51;12701,214;  191,781;34280,354;36,69685
 818,07;12678,231;  199,166;34105,588;36,80443
 818,63;12697,632;  221,474;33899,745;37,04513
 819,20;12647,803;  221,397;33874,210;36,92531
 819,76;12569,896;  204,243;33426,829;37,22062
 820,32;12525,220;  239,012;33314,910;37,14550
 820,89;12485,929;  226,782;33239,144;37,13502
 821,45;12417,561;  202,628;32965,994;37,28229
 822,01;12398,962;  233,859;32742,151;37,42154
 822,57;12395,210;  234,090;32676,616;37,48512
 823,14;12312,457;  204,628;32396,620;37,61131
 823,70;12303,243;  215,551;32244,777;37,73957
 824,26;12296,259;  217,782;32061,627;37,93033
 824,82;12314,199;  234,552;31946,938;38,09126
 825,39;12248,062;  206,321;31670,096;38,27176
 825,95;12321,847;  233,552;31677,407;38,44406
 826,51;12243,172;  226,783;31378,641;38,57359
 827,08;12267,881;  262,860;31418,491;38,53243
 827,64;12226,512;  244,937;31318,341;38,55894
 828,20;12167,452;  206,014;31105,652;38,71061
 828,76;12194,546;  243,322;30994,271;38,86457
 829,32;12216,178;  260,476;30926,582;38,98670
 829,89;12194,425;  200,476;30823,124;39,16692
 830,45;12205,057;  217,630;30730,974;39,28585
 831,01;12189,843;  213,938;30574,670;39,44538
 831,57;12188,705;  214,938;30514,443;39,51803
 832,14;12226,799;  207,169;30428,831;39,77157
 832,70;12251,123;  202,092;30234,834;40,11965
 833,26;12192,524;  185,938;30163,607;40,05177
 833,82;12176,310;  222,938;30088,688;40,02368
 834,38;12254,788;  208,630;30130,691;40,25845
 834,95;12235,035;  198,631;29934,233;40,47809
 835,51;12218,898;  177,477;29779,775;40,67732
 836,07;12330,838;  215,323;29845,394;40,88925
 836,63;12384,162;  238,092;29896,475;40,95324
 837,19;12352,025;  223,862;29733,709;41,09870
 837,75;12313,657;  185,170;29452,020;41,44104
 838,32;12420,365;  240,785;29500,101;41,62633
 838,88;12424,767;  236,016;29625,181;41,47362
 839,44;12491,245;  231,708;29426,416;41,99232
 840,00;12509,569;  216,555;29415,342;42,10111
 840,56;12478,509;  205,632;29154,269;42,39535
 841,12;12527,448;  219,016;29126,042;42,57938
 841,68;12494,388;  189,017;29033,968;42,66040
 842,25;12620,712;  205,786;28972,049;43,15794
 842,81;12572,190;  191,324;28778,591;43,30902
 843,37;12675,745;  176,940;28784,056;43,69125
 843,93;12652,608;  216,248;28716,906;43,63534
 844,49;12763,548;  226,248;28746,140;43,95984
 845,05;12659,949;  188,556;28571,297;43,94006
 845,61;12804,888;  224,325;28631,301;44,28688
 846,17;12782,059;  219,710;28475,305;44,45969
 846,73;12840,768;  220,479;28441,539;44,71940
 847,29;12706,323;  196,018;28266,389;44,56765
 847,86;12756,801;  202,787;28199,854;44,84046
 848,42;12700,817;  205,403;28047,088;44,88024
 848,98;12706,603;  216,941;28043,476;44,88400
 849,54;12752,235;  207,710;28086,480;44,99669
 850,10;12808,329;  216,403;27946,329;45,40916
 850,66;12736,576;  197,095;27857,564;45,33358
 851,22;12723,208;  196,249;27686,106;45,56938
 851,78;12789,840;  241,403;27694,186;45,70916
 852,34;12749,241;  210,788;27601,421;45,77643
 852,90;12664,334;  210,634;27480,424;45,66849
 853,46;12681,197;  203,250;27263,505;46,11171
 854,02;12787,598;  223,942;27362,124;46,29513
 854,58;12613,999;  203,788;27066,589;46,19850
 855,14;12621,247;  197,019;27042,362;46,28076
 855,70;12636,725;  178,173;26945,980;46,54304
 856,26;12656,895;  213,173;26768,830;46,85903
 856,82;12638,450;  204,250;26726,680;46,88183
 857,38;12699,236;  247,250;26530,607;47,37593
 857,94;12643,099;  208,328;26552,302;47,20158
 858,50;12635,423;  230,020;26370,075;47,45745
 859,06;12582,286;  207,866;26171,540;47,66051
 859,62;12602,995;  217,482;26167,698;47,72798
 860,18;12617,780;  220,405;26070,163;47,95935
 860,74;12520,720;  194,097;25966,628;47,82853
 861,30;12469,967;  190,713;25774,093;47,99700
 861,86;12539,830;  265,482;25764,327;48,13688
 862,42;12502,616;  214,328;25631,946;48,34555
 862,98;12601,632;  240,559;25603,027;48,73766
 863,54;12527,034;  207,867;25361,261;48,97616
 864,10;12563,050;  205,560;25480,342;48,89257
 864,66;12426,297;  190,252;25276,422;48,77606
 865,22;12495,776;  211,560;25127,580;49,30248
 865,78;12488,100;  218,252;25091,275;49,32994
 866,34;12457,039;  190,175;25035,664;49,37260
 866,90;12474,902;  212,329;24905,975;49,65882
 867,45;12401,380;  212,176;24722,440;49,73102
 868,01;12360,551;  217,099;24550,597;49,90426
 868,57;12355,183;  209,176;24517,062;49,96735
 869,13;12348,045;  193,945;24297,681;50,42413
 869,69;12279,908;  207,945;24291,762;50,12479
 870,25;12274,309;  192,638;24177,458;50,37216
 870,81;12268,249;  208,330;24075,769;50,52875
 871,37;12232,419;  219,638;24026,003;50,46037
 871,93;12196,743;  225,407;23867,007;50,63674
 872,49;12144,991;  253,100;23702,087;50,71388
 873,04;12045,315;  191,407;23554,706;50,73730
 873,60;12049,485;  189,946;23479,479;50,92219
 874,16;12065,887;  217,177;23356,098;51,20684
 874,72;12050,040;  201,715;23300,790;51,29350
 875,28;12017,502;  212,715;23269,790;51,19811
 875,84;12054,579;  205,715;23193,483;51,54421
 876,40;12014,425;  206,562;23143,406;51,47990
 876,95;12065,117;  220,254;23156,713;51,64207
 877,51;12111,963;  244,715;23167,175;51,77127
 878,07;12173,656;  250,177;23148,406;52,07162
 878,63;12190,887;  210,638;23137,483;52,25424
 879,19;12222,963;  219,792;23059,098;52,55489
 879,75;12286,810;  202,331;23187,098;52,57603
 880,30;12332,579;  211,023;23173,483;52,78858
 880,86;12484,887;  247,869;23314,713;53,05024
 881,42;12537,425;  204,946;23328,713;53,33248
 881,98;12622,425;  229,100;23396,790;53,49400
 882,54;12686,810;  202,792;23431,252;53,74449
 883,09;12839,733;  214,177;23552,021;54,09907
 883,65;12854,194;  199,638;23574,944;54,13643
 884,21;13121,502;  233,792;23773,637;54,74849
 884,77;13085,348;  203,023;23795,175;54,60428
 885,32;13245,194;  210,023;23929,252;54,95613
 885,88;13378,579;  254,177;24069,021;55,11017
 886,44;13507,963;  211,715;24144,560;55,55649
 887,00;13527,271;  240,100;24150,867;55,56982
 887,56;13627,117;  206,715;24227,944;55,86892
 888,11;13639,733;  215,869;24284,021;55,77438
 888,67;13805,117;  245,254;24452,790;56,01505
 889,23;13824,656;  225,946;24396,329;56,26187
 889,79;13790,579;  211,254;24371,867;56,20439
 890,34;13833,040;  225,562;24235,175;56,67513
 890,90;13923,733;  281,408;24340,790;56,70272
 891,46;13879,117;  207,946;24413,944;56,47844
 892,01;13912,963;  237,177;24288,867;56,85998
 892,57;13930,579;  246,485;24216,790;57,08769
 893,13;13883,425;  210,946;24067,483;57,31125
 893,69;13880,425;  208,715;24016,560;57,42523
 894,24;13895,194;  218,177;23897,944;57,75824
 894,80;13867,425;  229,638;23760,560;57,95687
 895,36;13830,733;  226,869;23692,713;57,97304
 895,91;13840,194;  223,869;23459,560;58,60091
 896,47;13821,733;  239,562;23394,867;58,65684
 897,03;13745,733;  212,946;23263,790;58,70842
 897,58;13711,117;  231,869;23156,021;58,79933
 898,14;13676,733;  229,254;22986,483;59,09102
 898,70;13582,887;  192,638;22892,944;58,98708
 899,25;13679,271;  220,946;22925,175;59,27673
 899,81;13616,040;  231,408;22727,867;59,49662
 900,37;13519,271;  195,485;22561,021;59,57285
 900,92;13596,887;  220,792;22541,021;59,92812
 901,48;13597,348;  211,177;22426,252;60,25715
 902,03;13511,887;  215,792;22163,560;60,58062
 902,59;13555,579;  214,715;22145,329;60,83215
 903,15;13481,040;  244,023;22103,713;60,55446
 903,70;13404,040;  225,408;21814,098;61,04415
 904,26;13375,271;  215,100;21688,790;61,28509
 904,82;13422,348;  218,869;21729,867;61,38013
 905,37;13358,271;  222,177;21596,329;61,45785
 905,93;13372,810;  206,100;21468,175;61,92580
 906,48;13346,579;  234,715;21463,175;61,76550
 907,04;13396,425;  226,638;21425,713;62,12435
 907,60;13294,117;  224,562;21221,560;62,24488
 908,15;13236,040;  208,562;21170,713;62,14762
 908,71;13249,194;  235,869;21108,483;62,34641
 909,26;13204,040;  218,485;20934,790;62,68278
 909,82;13194,579;  232,562;20892,483;62,73992
 910,37;13231,271;  253,946;20749,021;63,31924
 910,93;13149,887;  202,715;20633,175;63,37190
 911,48;13151,040;  213,331;20452,252;63,92490
 912,04;13066,194;  214,254;20378,021;63,73779
 912,60;13135,271;  221,715;20365,483;64,10695
 913,15;13028,963;  216,869;20261,560;63,91765
 913,71;12974,348;  207,100;20084,098;64,23127
 914,26;13018,887;  193,485;20005,944;64,73402
 914,82;12990,194;  221,562;19936,021;64,76786
 915,37;13017,348;  206,946;19909,175;65,02006
 915,93;13011,656;  264,946;19735,637;65,46614
 916,48;12982,733;  204,023;19633,944;65,76820
 917,04;12965,425;  222,638;19596,175;65,77419
 917,59;12971,579;  251,946;19514,713;66,03222
 918,15;12797,040;  192,023;19294,944;65,98476
 918,70;12824,810;  205,331;19253,944;66,24881
 919,26;12875,810;  230,408;19240,021;66,52109
 919,81;12750,656;  202,562;19001,252;66,74983
 920,37;12755,271;  213,177;18971,252;66,86237
 920,92;12713,040;  229,331;18955,406;66,66485
 921,48;12633,271;  197,562;18764,021;66,97943
 922,03;12643,117;  199,792;18779,637;66,97217
 922,59;12667,425;  210,485;18575,329;67,83036
 923,14;12575,810;  214,485;18548,713;67,42212
 923,69;12580,887;  232,562;18498,252;67,60393
 924,25;12647,656;  238,100;18406,406;68,30332
 924,80;12505,963;  212,023;18234,790;68,21339
 925,36;12554,348;  198,562;18139,790;68,86812
 925,91;12415,040;  203,408;18047,790;68,43404
 926,47;12509,117;  193,100;18020,329;69,08543
 927,02;12511,963;  277,100;17909,713;69,38769
 927,57;12376,656;  215,485;17783,713;69,22252
 928,13;12429,040;  208,638;17742,637;69,69547
 928,68;12391,117;  210,562;17641,790;69,87778
 929,24;12291,271;  177,946;17513,637;69,87507
 929,79;12204,963;  202,331;17454,329;69,57242
 930,34;12196,733;  209,485;17284,560;70,20319
 930,90;12229,040;  205,869;17241,637;70,57605
 931,45;12271,425;  216,254;17229,637;70,85699
 932,01;12257,425;  222,792;17161,252;71,04916
 932,56;12190,733;  224,408;16974,406;71,44075
 933,11;12236,579;  240,869;17018,021;71,50027
 933,67;12095,656;  202,485;16806,944;71,62637
 934,22;12064,425;  215,331;16756,098;71,63570
 934,77;11996,040;  236,023;16617,790;71,78723
 935,33;11980,040;  221,485;16576,098;71,89749
 935,88;11916,040;  224,715;16473,098;71,95378
 936,43;11952,040;  214,792;16464,175;72,23196
 936,99;11889,810;  218,100;16404,252;72,10923
 937,54;11811,271;  202,100;16224,790;72,45457
 938,09;11831,348;  218,946;16155,867;72,86478
 938,65;11806,194;  223,023;16009,713;73,37302
 939,20;11695,271;  190,792;15984,713;72,84118
 939,75;11692,502;  193,869;15881,483;73,29753
 940,31;11700,348;  195,792;15795,406;73,74898
 940,86;11732,194;  214,177;15800,252;73,89941
 941,41;11683,810;  292,715;15740,098;73,74126
 941,96;11551,117;  199,177;15524,944;74,07094
 942,52;11557,271;  208,408;15493,867;74,24614
 943,07;11472,194;  190,023;15400,021;74,17602
 943,62;11476,579;  201,869;15361,021;74,37560
 944,18;11463,271;  199,254;15295,790;74,61326
 944,73;11439,810;  225,100;15183,560;74,97236
 945,28;11324,040;  175,177;15010,406;75,15127
 945,83;11440,810;  213,023;15033,867;75,75673
 946,39;11405,348;  203,792;15086,329;75,26644
 946,94;11431,117;  219,254;14992,406;75,89351
 947,49;11362,194;  206,485;14865,944;76,09905
 948,04;11386,348;  247,023;14786,560;76,61403
 948,59;11285,656;  224,715;14786,713;75,95757
 949,15;11285,117;  192,562;14630,790;76,82768
 949,70;11221,810;  217,485;14593,560;76,54610
 950,25;11165,271;  227,946;14546,483;76,38577
 950,80;11154,502;  168,869;14397,021;77,21054
 951,36;11105,810;  174,638;14343,021;77,15186
 951,91;11187,733;  221,023;14369,021;77,51421
 952,46;11073,502;  194,408;14128,021;78,07805
 953,01;11169,963;  225,023;14218,944;78,21211
 953,56;11024,656;  189,715;14071,560;78,05116
 954,11;10996,733;  221,177;14053,713;77,90007
 954,67;11016,271;  205,100;13999,021;78,37634
 955,22;10903,117;  181,100;13851,175;78,43422
 955,77;10920,963;  230,792;13886,252;78,28496
 956,32;10904,579;  258,792;13705,329;79,17122
 956,87;10791,117;  209,946;13579,867;79,14161
 957,42;10804,348;  195,715;13540,483;79,49657
 957,98;10773,348;  200,638;13546,252;79,22236
 958,53;10785,656;  244,485;13477,713;79,65683
 959,08;10749,963;  198,331;13357,713;80,18334
 959,63;10716,733;  203,100;13272,098;80,44712
 960,18;10701,425;  219,638;13271,175;80,31075
 960,73;10654,502;  209,869;13201,560;80,39472
 961,28;10579,040;  186,946;13142,098;80,21592
 961,83;10593,425;  224,562;13070,560;80,71668
 962,39;10484,810;  189,177;12959,021;80,62458
 962,94;10461,502;  216,715;12949,790;80,45807
 963,49;10382,271;  206,946;12787,175;80,88347
 964,04;10398,887;  223,023;12787,175;80,99125
 964,59;10334,040;  182,254;12647,329;81,44184
 965,14;10375,656;  215,715;12593,944;82,07911
 965,69;10287,810;  214,023;12512,867;81,90840
 966,24;10260,425;  195,485;12437,406;82,21700
 966,79;10234,579;  221,562;12360,098;82,48949
 967,34;10183,810;  188,408;12251,790;82,85737
 967,89;10167,887;  198,023;12180,713;83,20221
 968,44;10093,963;  211,485;12157,406;82,72680
 968,99;10033,656;  213,715;12092,406;82,66854
 969,55;10028,117;  211,792;12033,329;83,03764
 970,10; 9981,348;  212,715;11980,329;83,01286
 970,65;10006,194;  227,100;11872,329;83,97511
 971,20; 9847,579;  201,485;11767,560;83,39989
 971,75; 9821,656;  182,869;11679,713;83,83854
 972,30; 9786,348;  210,177;11650,713;83,70386
 972,85; 9743,887;  199,485;11555,560;84,04666
 973,40; 9659,040;  197,638;11380,175;84,60873
 973,95; 9651,656;  217,485;11371,867;84,57816
 974,50; 9635,810;  233,408;11328,406;84,74451
 975,05; 9561,810;  206,485;11217,560;84,96287
 975,60; 9516,040;  223,254;11175,713;84,84657
 976,15; 9448,502;  202,100;11068,175;85,09422
 976,70; 9420,810;  225,331;11034,175;85,07365
 977,25; 9409,963;  218,408;11004,021;85,22052
 977,80; 9278,887;  205,100;10851,098;85,23190
 978,35; 9180,040;  222,869;10707,483;85,43158
 978,89; 9178,733;  198,715;10631,252;86,07703
 979,44; 9192,117;  215,562;10651,252;86,01784
 979,99; 9038,810;  199,715;10490,098;85,89665
 980,54; 9030,425;  238,331;10451,329;86,08730
 981,09; 8974,733;  232,638;10355,713;86,35809
 981,64; 8966,810;  216,485;10231,713;87,37020
 982,19; 8939,348;  249,023;10220,637;87,15064
 982,74; 8861,425;  218,254;10103,021;87,43930
 983,29; 8801,117;  193,331;10002,867;87,74917
 983,84; 8730,117;  220,254; 9879,406;88,10156
 984,39; 8763,194;  290,869; 9855,944;88,57563
 984,94; 8614,733;  187,331; 9729,713;88,31549
 985,49; 8607,810;  239,331; 9680,175;88,64121
 986,03; 8529,733;  240,485; 9641,021;88,17846
 986,58; 8515,117;  269,254; 9509,790;89,23576
 987,13; 8427,348;  224,792; 9420,944;89,19552
 987,68; 8355,579;  227,715; 9312,329;89,46846
 988,23; 8311,887;  230,638; 9285,329;89,24930
 988,78; 8154,656;  209,100; 9157,406;88,79397
 989,33; 8175,117;  237,100; 9065,406;89,91552
 989,88; 8101,425;  253,562; 9057,098;89,14444
 990,42; 8008,579;  217,331; 8915,483;89,57360
 990,97; 7936,579;  212,562; 8832,483;89,60659
 991,52; 7912,887;  243,792; 8792,637;89,70914
 992,07; 7887,963;  256,331; 8680,637;90,59064
 992,62; 7757,963;  227,254; 8580,713;90,15079
 993,17; 7703,348;  235,177; 8529,560;90,03890
 993,71; 7662,733;  231,638; 8440,560;90,52461
 994,26; 7576,117;  210,638; 8310,098;90,93790
 994,81; 7584,502;  239,715; 8265,175;91,51858
 995,36; 7425,348;  217,254; 8174,867;90,58111
 995,91; 7386,579;  225,946; 8099,252;90,94824
 996,45; 7308,656;  233,331; 8006,637;91,02080
 997,00; 7157,425;  199,638; 7855,637;90,88020
 997,55; 7167,502;  225,177; 7839,867;91,17015
 998,10; 7093,579;  239,100; 7781,560;90,87856
 998,65; 7012,502;  225,254; 7703,175;90,76384
 999,19; 6965,810;  239,408; 7618,483;91,15508
 999,74; 6893,348;  259,792; 7516,867;91,40812
1000,29; 6815,502;  233,177; 7431,098;91,44758
1000,84; 6711,579;  224,869; 7340,483;91,16164
1001,38; 6649,810;  229,638; 7245,406;91,51061
1001,93; 6629,656;  229,946; 7256,560;91,07815
1002,48; 6499,579;  213,715; 7089,175;91,42463
1003,03; 6487,733;  231,100; 7075,252;91,41575
1003,57; 6396,963;  241,408; 6972,175;91,45400
1004,12; 6339,810;  268,485; 6877,329;91,86667
1004,67; 6232,579;  219,715; 6810,560;91,23055
1005,22; 6138,117;  214,715; 6647,867;92,07620
1005,76; 6033,810;  208,485; 6564,098;91,65638
1006,31; 5998,117;  233,946; 6554,637;91,19528
1006,86; 5953,579;  219,562; 6436,252;92,23585
1007,40; 5846,425;  205,562; 6317,098;92,29861
1007,95; 5815,348;  224,946; 6310,867;91,85794
1008,50; 5723,040;  223,869; 6163,637;92,58227
1009,04; 5687,887;  224,946; 6098,944;93,00208
1009,59; 5551,656;  234,715; 5957,867;92,90231
1010,14; 5491,502;  210,946; 5891,252;92,96253
1010,68; 5431,040;  230,946; 5771,252;93,85934
1011,23; 5352,733;  222,485; 5694,021;93,76247
1011,78; 5287,271;  237,715; 5675,637;92,85820
1012,32; 5232,348;  246,638; 5556,406;93,89695
1012,87; 5247,117;  252,177; 5573,252;93,87089
1013,42; 5113,194;  199,485; 5415,175;94,21015
1013,96; 5189,502;  246,100; 5468,406;94,65937
1014,51; 5054,117;  191,715; 5382,252;93,67821
1015,06; 5082,040;  199,869; 5395,560;93,96578
1015,60; 5166,194;  259,100; 5456,098;94,42171
1016,15; 5138,963;  209,485; 5349,867;95,89712
1016,69; 5176,348;  219,177; 5406,867;95,55642
1017,24; 5198,963;  209,100; 5425,252;95,66177
1017,79; 5221,656;  260,100; 5460,329;95,41034
1018,33; 5230,733;  226,792; 5405,637;96,62272
1018,88; 5286,656;  241,254; 5491,944;96,09026
1019,42; 5302,579;  221,792; 5490,713;96,42935
1019,97; 5314,271;  211,100; 5490,713;96,65804
1020,51; 5396,194;  256,408; 5532,175;97,42254
1021,06; 5350,502;  213,023; 5509,406;96,99977
1021,61; 5379,963;  195,254; 5492,867;97,86878
1022,15; 5342,271;  180,715; 5424,098;98,43942
1022,70; 5350,348;  215,331; 5411,560;98,82200
1023,24; 5303,348;  213,562; 5396,790;98,19722
1023,79; 5282,040;  218,562; 5382,098;98,06223
1024,33; 5263,425;  215,485; 5292,867;99,42013
1024,88; 5195,579;  229,023; 5239,560;99,12223
1025,42; 5124,656;  212,485; 5147,713;99,53279
1025,97; 5019,425;  216,485; 5067,098;99,01717
1026,51; 4900,040;  181,638; 4978,713;98,35998
1027,06; 4897,117;  209,715; 4955,021;98,77977
1027,60; 4838,194;  229,254; 4867,560;99,36689
1028,15; 4785,733;  239,562; 4798,560;99,71865
1028,69; 4672,425;  196,331; 4661,790;100,23815
1029,24; 4609,963;  201,177; 4672,560;98,60007
1029,78; 4542,348;  201,331; 4575,867;99,23376
1030,33; 4471,117;  194,792; 4464,021;100,16622
1030,87; 4428,887;  204,254; 4402,098;100,63815
1031,42; 4323,194;  189,177; 4300,713;100,54677
1031,96; 4279,963;  223,638; 4315,098;99,14127
1032,51; 4215,194;  203,100; 4151,944;101,60173
1033,05; 4179,887;  217,946; 4159,483;100,51766
1033,60; 4074,425;  185,946; 4070,021;100,11338
1034,14; 4035,733;  208,254; 4019,175;100,43448
1034,69; 4001,963;  208,715; 4005,252;99,91338
1035,23; 3923,194;  211,638; 3916,560;100,17908
1035,77; 3887,117;  200,715; 3850,637;100,99949
1036,32; 3837,656;  184,562; 3798,098;101,09471
1036,86; 3760,040;  219,100; 3801,713;98,83680
1037,41; 3754,117;  223,715; 3708,560;101,30731
1037,95; 3624,733;  192,792; 3644,098;99,43890
1038,50; 3598,271;  201,946; 3604,098;99,82873
1039,04; 3571,040;  226,254; 3587,483;99,51082
1039,58; 3509,810;  190,100; 3475,560;101,04247
1040,13; 3477,656;  200,331; 3436,790;101,26266
1040,67; 3471,579;  239,946; 3463,867;100,23920
1041,21; 3416,963;  233,254; 3390,867;100,82645
1041,76; 3314,271;  189,254; 3317,944;99,88260
1042,30; 3285,425;  205,946; 3261,483;100,78357
1042,85; 3244,733;  203,023; 3224,021;100,68559
1043,39; 3195,425;  208,408; 3166,406;100,98104
1043,93; 3169,117;  224,485; 3149,406;100,67392
1044,48; 3112,579;  214,485; 3092,637;100,69289
1045,02; 3036,348;  198,562; 3006,637;101,05807
1045,56; 3040,271;  234,715; 3001,713;101,39348
1046,11; 2996,040;  221,100; 2952,483;101,59471
1046,65; 2944,348;  219,485; 2913,021;101,16304
1047,19; 2899,194;  196,869; 2861,790;101,40356
1047,74; 2847,656;  185,485; 2822,098;100,96934
1048,28; 2840,425;  221,946; 2795,329;101,75241
1048,82; 2825,887;  236,177; 2775,790;101,97259
1049,37; 2788,348;  231,408; 2728,560;102,39427
1049,91; 2736,733;  214,792; 2678,329;102,37073
1050,45; 2713,579;  228,177; 2654,560;102,43240
1050,99; 2690,271;  210,792; 2609,098;103,38460
1051,54; 2605,502;  208,331; 2561,637;101,86399
1052,08; 2600,887;  240,177; 2549,790;102,21232
1052,62; 2551,117;  235,023; 2515,483;101,56261
1053,16; 2504,194;  205,715; 2436,098;103,05312
1053,71; 2486,271;  214,562; 2442,560;101,96192
1054,25; 2485,502;  235,638; 2398,560;104,01967
1054,79; 2437,733;  227,562; 2365,944;103,35714
1055,33; 2363,271;  187,100; 2299,713;103,00849
1055,88; 2397,656;  225,562; 2303,021;104,55530
1056,42; 2348,271;  223,100; 2282,637;103,18686
1056,96; 2322,425;  231,331; 2247,329;103,72501
1057,50; 2294,348;  227,408; 2189,867;105,32397
1058,05; 2236,502;  224,100; 2140,790;104,99358
1058,59; 2227,040;  240,254; 2142,252;104,45786
1059,13; 2155,502;  206,562; 2083,021;103,86263
1059,67; 2151,117;  231,254; 2069,790;104,42346
1060,21; 2090,040;  216,100; 2047,560;102,31950
1060,76; 2088,810;  230,177; 2012,021;104,30949
1061,30; 2100,194;  240,177; 1992,329;106,15617
1061,84; 2035,502;  229,715; 1959,637;104,38548
1062,38; 1972,117;  210,254; 1909,098;103,70954
1062,92; 2009,117;  259,485; 1937,021;104,29774
1063,46; 1955,040;  237,331; 1890,713;103,89063
1064,01; 1923,579;  219,023; 1842,329;105,00522
1064,55; 1920,040;  234,177; 1838,867;105,05849
1065,09; 1843,117;  199,485; 1787,406;103,50846
1065,63; 1883,194;  249,869; 1806,790;104,90737
1066,17; 1877,579;  259,638; 1780,944;106,35208
1066,71; 1839,348;  249,331; 1753,713;105,69234
1067,25; 1788,194;  222,485; 1689,175;106,75120
1067,80; 1771,656;  230,946; 1721,867;103,33944
1068,34; 1784,656;  246,869; 1708,098;105,23927
1068,88; 1706,502;  211,562; 1638,098;104,79510
1069,42; 1722,348;  259,792; 1659,483;104,49138
1069,96; 1680,963;  222,023; 1611,713;104,98312
1070,50; 1689,656;  262,100; 1644,175;103,29076
1071,04; 1628,348;  215,254; 1569,021;104,38236
1071,58; 1631,194;  223,715; 1550,252;106,10178
1072,12; 1618,502;  226,100; 1546,252;105,47285
1072,66; 1578,656;  227,100; 1529,021;103,81241
1073,21; 1599,810;  241,023; 1530,867;105,34501
1073,75; 1537,887;  228,331; 1487,021;104,04114
1074,29; 1508,040;  220,946; 1493,252;101,16234
1074,83; 1517,656;  244,177; 1469,175;103,95762
1075,37; 1509,502;  238,177; 1451,713;104,76199
1075,91; 1481,271;  241,485; 1441,406;103,32233
1076,45; 1460,271;  238,177; 1416,944;103,67561
1076,99; 1432,194;  241,946; 1405,483;102,29572
1077,53; 1401,425;  216,485; 1384,483;101,45054
1078,07; 1422,271;  241,254; 1357,790;105,77507
1078,61; 1376,810;  229,638; 1341,098;103,21303
1079,15; 1354,963;  223,485; 1332,098;102,06252
1079,69; 1341,733;  230,023; 1328,021;101,24878
1080,23; 1353,887;  249,792; 1318,867;103,27566
1080,77; 1383,810;  278,869; 1317,560;106,37822
1081,31; 1295,425;  217,715; 1253,483;104,04939
1081,85; 1304,117;  245,715; 1263,637;103,97681
1082,39; 1289,887;  228,792; 1244,560;104,46233
1082,93; 1277,810;  239,562; 1207,098;107,30841
1083,47; 1250,040;  209,946; 1203,329;104,70227
1084,01; 1260,656;  249,177; 1220,252;104,16073
1084,55; 1213,194;  229,946; 1179,406;103,55870
1085,09; 1230,425;  249,715; 1190,637;104,22867
1085,63; 1204,117;  234,792; 1170,483;103,59463
1086,17; 1189,348;  225,177; 1149,021;104,36512
1086,71; 1165,502;  221,100; 1134,944;103,34386
1087,24; 1191,579;  254,100; 1152,713;104,32504
1087,78; 1190,733;  247,562; 1117,560;108,41072
1088,32; 1131,963;  215,638; 1080,098;105,99975
1088,86; 1150,502;  246,023; 1107,483;104,99376
1089,40; 1118,579;  237,408; 1070,637;105,75380
1089,94; 1083,963;  215,792; 1035,637;105,89465
1090,48; 1079,502;  240,715; 1033,637;105,78436
1091,02; 1093,348;  246,177; 1045,329;106,00877
1091,56; 1090,502;  233,792; 1025,944;108,14966
1092,10; 1041,194;  207,023; 1002,406;104,87670
1092,63; 1066,040;  255,177; 1024,098;105,45470
1093,17; 1046,733;  241,638; 1004,252;105,57042
1093,71; 1005,271;  226,485;  978,637;103,54112
1094,25; 1020,194;  257,869;  995,483;103,35020
1094,79;  986,194;  238,715;  960,713;103,52920
1095,33;  995,887;  234,023;  940,483;107,84246
1095,87;  981,502;  234,792;  936,021;106,48587
1096,40;  946,271;  210,792;  896,329;107,28514
1096,94;  969,733;  233,562;  933,175;105,22541
1097,48;  958,963;  244,946;  905,021;108,17215
1098,02;  930,117;  226,715;  903,175;103,98284
1098,56;  898,425;  202,715;  853,713;106,86815
1099,10;  899,579;  211,715;  861,483;105,86305
1099,63;  874,887;  207,562;  840,098;105,49983
1100,17;  886,733;  237,408;  861,483;104,04599
1100,71;  917,040;  261,254;  868,329;108,02397

