
Integration time [ms]: 150,000
Averaging Nr. [scans]: 13
Smoothing Nr. [pixels]: 0
Data measured with spectrometer [name]: 2009305U1
Wave   ;Sample   ;Dark     ;Reference;Reflectance
[nm]   ;[counts] ;[counts] ;[counts] ;[%]

 175,72;  195,347;  192,674;  193,484; 0,00000
 176,32;  221,434;  217,749;  221,613;95,35432
 176,92;  252,716;  238,673;  238,591; 0,00000
 177,52;  250,500;  243,366;  248,001;153,91821
 178,12;  224,021;  229,134;  215,364; 0,00000
 178,72;  265,350;  250,057;  246,874; 0,00000
 179,32;  264,576;  238,288;  239,650;1929,97691
 179,92;  254,535;  237,904;  239,043;1459,17521
 180,52;  237,378;  223,213;  250,796;51,35436
 181,12;  248,994;  232,519;  235,695;518,74094
 181,73;  261,433;  262,904;  270,933;-18,31648
 182,33;  345,293;  316,366;  327,421;261,67933
 182,93;  267,685;  257,827;  255,301; 0,00000
 183,53;  238,090;  237,595;  228,835; 0,00000
 184,13;  240,085;  228,749;  218,138; 0,00000
 184,73;  277,679;  254,133;  251,462; 0,00000
 185,33;  255,176;  225,970;  315,949;32,45858
 185,93;  259,518;  231,662;  337,037;26,43505
 186,53;  271,773;  239,201;  346,852;30,25725
 187,13;  308,922;  270,740;  376,947;35,95024
 187,73;  264,464;  226,893;  335,898;34,46769
 188,33;  265,163;  233,507;  330,691;32,57318
 188,93;  272,040;  234,967;  363,946;28,74367
 189,53;  279,680;  252,350;  366,168;24,01184
 190,13;  305,311;  275,732;  404,992;22,88275
 190,73;  259,552;  213,119;  348,595;34,27421
 191,34;  291,292;  240,889;  370,908;38,76583
 191,94;  260,067;  238,430;  324,660;25,09251
 192,54;  269,794;  231,510;  353,399;31,40841
 193,14;  274,452;  253,356;  363,717;19,11536
 193,74;  267,314;  235,278;  345,454;29,07701
 194,34;  274,561;  244,971;  344,192;29,82170
 194,94;  240,175;  216,202;  328,402;21,36663
 195,54;  205,290;  180,970;  304,045;19,76045
 196,14;  238,185;  220,048;  327,818;16,82938
 196,74;  233,720;  202,816;  316,800;27,11222
 197,34;  221,583;  197,895;  323,526;18,85546
 197,94;  241,990;  221,048;  331,112;19,02748
 198,54;  257,943;  227,895;  346,393;25,35782
 199,14;  228,132;  207,049;  351,854;14,55906
 199,74;  222,408;  186,280;  336,092;24,11545
 200,34;  211,574;  183,819;  333,220;18,57745
 200,94;  253,503;  222,126;  379,772;19,90365
 201,54;  239,786;  205,665;  385,595;18,96385
 202,14;  263,709;  219,588;  410,596;23,09865
 202,74;  241,513;  208,665;  409,803;16,33131
 203,34;  221,924;  184,204;  429,957;15,34856
 203,94;  200,860;  163,819;  415,248;14,73208
 204,54;  273,954;  227,740;  493,181;17,41000
 205,14;  231,505;  190,203;  497,583;13,43665
 205,74;  264,525;  226,204;  568,943;11,18071
 206,34;  229,421;  189,358;  572,933;10,44466
 206,94;  254,056;  204,511;  621,645;11,87734
 207,54;  215,141;  184,665;  621,567; 6,97552
 208,14;  243,834;  195,742;  710,039; 9,35099
 208,74;  247,226;  199,511;  762,832; 8,47022
 209,34;  235,830;  197,203;  825,187; 6,15088
 209,94;  270,112;  198,434;  893,056;10,31896
 210,54;  259,749;  203,512;  966,753; 7,36825
 211,14;  270,405;  210,357; 1048,964; 7,16044
 211,73;  264,669;  199,049; 1147,679; 6,91735
 212,33;  289,150;  215,126; 1211,534; 7,42909
 212,93;  269,057;  199,203; 1278,664; 6,47120
 213,53;  248,425;  170,049; 1310,378; 6,87307
 214,13;  268,757;  175,820; 1378,513; 7,72740
 214,73;  259,324;  180,896; 1380,519; 6,53771
 215,33;  246,420;  157,126; 1409,363; 7,13069
 215,93;  287,949;  189,281; 1512,002; 7,45948
 216,53;  251,262;  155,434; 1553,379; 6,85494
 217,13;  312,322;  203,743; 1758,951; 6,98167
 217,73;  305,348;  196,127; 1892,324; 6,43916
 218,33;  277,361;  147,974; 1995,560; 7,00304
 218,93;  317,211;  175,129; 2251,336; 6,84334
 219,53;  348,715;  180,666; 2452,106; 7,39832
 220,13;  342,932;  162,282; 2657,881; 7,23874
 220,73;  382,665;  183,203; 2963,993; 7,17283
 221,32;  397,918;  181,588; 3277,525; 6,98754
 221,92;  426,476;  177,436; 3533,665; 7,42023
 222,52;  444,858;  167,589; 3875,844; 7,47709
 223,12;  471,764;  172,512; 4174,712; 7,47720
 223,72;  514,195;  191,051; 4446,103; 7,59436
 224,32;  521,201;  191,897; 4732,206; 7,25290
 224,92;  545,947;  174,435; 4959,587; 7,76385
 225,52;  596,101;  188,050; 5226,036; 8,09950
 226,12;  609,573;  191,435; 5421,903; 7,99427
 226,72;  597,632;  154,819; 5656,684; 8,04841
 227,31;  634,532;  154,358; 5935,526; 8,30584
 227,91;  687,400;  186,434; 6274,421; 8,22876
 228,51;  728,501;  171,357; 6479,501; 8,83214
 229,11;  754,968;  166,973; 6828,087; 8,82728
 229,71;  772,681;  174,203; 7000,346; 8,76744
 230,31;  807,011;  158,743; 7299,439; 9,07849
 230,91;  818,297;  156,972; 7478,421; 9,03271
 231,51;  839,556;  160,973; 7715,474; 8,98250
 232,10;  895,076;  161,820; 7915,179; 9,45727
 232,70;  942,484;  174,356; 8069,269; 9,72940
 233,30;  975,351;  193,666; 8210,826; 9,75015
 233,90;  984,866;  163,127; 8285,745;10,11668
 234,50;  999,468;  168,127; 8320,203;10,19790
 235,10; 1027,639;  166,051; 8345,971;10,53297
 235,70; 1062,728;  181,127; 8326,989;10,82269
 236,29; 1053,046;  188,126; 8224,701;10,76229
 236,89; 1046,545;  150,510; 8084,564;11,29354
 237,49; 1085,638;  178,589; 7934,171;11,69544
 238,09; 1073,113;  171,896; 7713,395;11,95011
 238,69; 1111,154;  200,356; 7481,056;12,50976
 239,29; 1047,423;  169,204; 7242,589;12,41583
 239,89; 1043,799;  179,280; 6933,875;12,79898
 240,48; 1010,706;  164,588; 6614,391;13,11850
 241,08;  991,802;  176,665; 6355,718;13,19194
 241,68;  995,524;  189,588; 6120,373;13,58901
 242,28;  970,302;  159,819; 5822,844;14,31183
 242,88;  997,264;  191,435; 5597,751;14,90532
 243,48;  987,362;  193,204; 5429,240;15,16715
 244,07;  950,070;  184,896; 5258,110;15,08262
 244,67;  957,387;  189,973; 5116,054;15,57859
 245,27;  944,977;  195,203; 4979,756;15,67072
 245,87;  961,805;  194,128; 4983,407;16,02908
 246,47;  944,769;  182,818; 4954,914;15,96679
 247,06;  939,873;  172,358; 4971,164;15,99389
 247,66;  981,811;  178,204; 5041,805;16,52289
 248,26; 1017,063;  206,049; 5154,987;16,38763
 248,86; 1032,399;  193,818; 5294,928;16,43917
 249,46; 1040,434;  143,050; 5470,082;16,84584
 250,05; 1106,691;  182,742; 5757,223;16,57462
 250,65; 1148,287;  160,818; 6056,951;16,74774
 251,25; 1184,261;  169,127; 6461,282;16,13333
 251,85; 1256,072;  173,972; 6895,908;16,09805
 252,44; 1328,818;  132,434; 7424,213;16,40730
 253,04; 1437,665;  193,511; 7968,301;16,00241
 253,64; 1517,586;  133,587; 8622,567;16,30347
 254,24; 1635,338;  186,511; 9398,600;15,72745
 254,84; 1742,203;  169,666;10143,928;15,76595
 255,43; 1851,152;  171,511;10912,037;15,63834
 256,03; 1997,492;  174,280;11773,050;15,71901
 256,63; 2118,600;  192,510;12705,714;15,39245
 257,23; 2213,933;  164,741;13399,999;15,48283
 257,82; 2349,518;  182,664;14309,939;15,33809
 258,42; 2404,167;  143,663;15051,193;15,16350
 259,02; 2538,685;  191,050;15850,561;14,99175
 259,62; 2609,671;  169,740;16478,907;14,96049
 260,21; 2709,522;  172,973;17007,638;15,06742
 260,81; 2746,251;  168,973;17507,735;14,86425
 261,41; 2785,851;  162,587;17880,291;14,80590
 262,01; 2868,972;  203,278;18425,718;14,62863
 262,60; 2840,471;  164,510;18684,076;14,44937
 263,20; 2894,920;  160,203;19012,401;14,50609
 263,80; 2918,300;  187,894;19273,824;14,30586
 264,40; 2881,277;  152,509;19449,600;14,14083
 264,99; 2935,624;  185,971;19623,033;14,14645
 265,59; 2904,357;  165,585;19822,783;13,93267
 266,19; 2902,807;  166,355;19888,139;13,87527
 266,78; 2941,774;  201,124;20074,807;13,79035
 267,38; 2898,392;  176,047;20161,299;13,62177
 267,98; 2876,558;  168,893;20112,591;13,57654
 268,58; 2879,984;  184,662;20169,526;13,48682
 269,17; 2849,225;  169,739;20151,755;13,40949
 269,77; 2848,827;  190,356;20086,421;13,36179
 270,37; 2743,644;  163,663;19993,447;13,01064
 270,96; 2788,430;  204,202;19920,129;13,10731
 271,56; 2693,961;  169,895;19668,249;12,94502
 272,16; 2667,110;  166,279;19510,848;12,92782
 272,75; 2669,598;  183,664;19535,287;12,84613
 273,35; 2613,194;  182,048;19559,576;12,54621
 273,95; 2577,567;  177,125;19511,987;12,41509
 274,54; 2562,865;  153,588;19481,868;12,46503
 275,14; 2654,427;  185,510;19785,089;12,59679
 275,74; 2591,914;  153,356;19866,276;12,37035
 276,33; 2653,177;  197,895;20295,993;12,21649
 276,93; 2659,592;  174,742;20583,307;12,17552
 277,53; 2718,707;  174,434;20939,939;12,25240
 278,12; 2748,742;  157,587;21363,530;12,21900
 278,72; 2819,866;  202,895;21935,646;12,04160
 279,32; 2861,872;  166,742;22421,045;12,11060
 279,91; 2920,299;  149,895;23000,991;12,12372
 280,51; 2986,325;  179,973;23456,144;12,05676
 281,11; 3073,814;  175,126;24067,449;12,13230
 281,70; 3120,170;  157,049;24401,035;12,22209
 282,30; 3182,423;  157,203;24906,633;12,22339
 282,90; 3253,004;  167,279;25220,051;12,31690
 283,49; 3373,086;  180,664;25700,045;12,50979
 284,09; 3431,364;  205,203;26040,633;12,48735
 284,69; 3505,407;  198,434;26282,071;12,67834
 285,28; 3584,164;  179,049;26635,318;12,87073
 285,88; 3654,384;  212,664;26841,727;12,92468
 286,47; 3685,728;  189,972;26828,736;13,12282
 287,07; 3767,903;  199,895;27005,654;13,31060
 287,67; 3840,285;  190,358;27022,856;13,60264
 288,26; 3914,988;  172,357;27038,797;13,93051
 288,86; 4021,167;  169,280;26974,907;14,36970
 289,46; 4146,236;  184,280;27074,313;14,73392
 290,05; 4227,138;  167,511;27307,813;14,95793
 290,65; 4386,468;  174,279;27361,553;15,49324
 291,24; 4550,447;  189,203;27523,987;15,95493
 291,84; 4688,907;  189,203;27641,791;16,39082
 292,44; 4771,083;  172,281;27779,039;16,65825
 293,03; 4975,744;  236,126;27803,177;17,19305
 293,63; 5032,981;  181,664;27984,817;17,44880
 294,22; 5204,980;  193,280;28131,028;17,93881
 294,82; 5254,050;  176,355;28172,959;18,13682
 295,41; 5271,170;  162,280;27859,728;18,44535
 296,01; 5398,509;  213,202;27828,006;18,77727
 296,61; 5394,775;  185,742;27575,016;19,01852
 297,20; 5397,734;  181,817;27293,529;19,23861
 297,80; 5406,546;  193,588;27120,058;19,35997
 298,39; 5396,842;  154,664;26873,293;19,61994
 298,99; 5415,299;  197,279;26842,056;19,58365
 299,58; 5396,803;  190,896;26679,739;19,65321
 300,18; 5387,010;  204,511;26523,560;19,69106
 300,78; 5391,867;  172,896;26270,887;19,99760
 301,37; 5353,823;  185,740;26244,722;19,83225
 301,97; 5399,059;  190,126;26256,310;19,98349
 302,56; 5373,371;  174,510;26184,293;19,98810
 303,16; 5410,864;  160,972;26161,352;20,19160
 303,75; 5387,953;  168,819;26161,041;20,07960
 304,35; 5415,246;  171,051;26457,049;19,95053
 304,94; 5458,216;  175,357;26489,669;20,07599
 305,54; 5476,149;  192,434;26332,679;20,21295
 306,13; 5408,041;  153,820;26267,027;20,12093
 306,73; 5402,664;  158,743;26170,841;20,15955
 307,33; 5421,863;  188,665;26163,991;20,14680
 307,92; 5425,690;  168,203;26169,719;20,21992
 308,52; 5511,838;  160,433;26552,374;20,27666
 309,11; 5562,503;  173,125;27022,519;20,07263
 309,71; 5595,907;  147,971;27212,296;20,12958
 310,30; 5674,510;  164,895;27443,280;20,19773
 310,90; 5724,818;  186,203;27707,357;20,12494
 311,49; 5732,154;  172,280;27831,683;20,10121
 312,09; 5717,264;  148,973;27962,564;20,02004
 312,68; 5902,656;  212,049;28366,686;20,21197
 313,28; 5821,613;  155,972;28473,027;20,00787
 313,87; 5855,880;  148,511;28618,112;20,04724
 314,47; 5858,438;  163,125;28819,339;19,87462
 315,06; 5884,900;  149,280;28859,613;19,97755
 315,66; 5907,264;  152,665;29008,641;19,94248
 316,25; 5876,220;  146,741;28943,026;19,89659
 316,85; 5858,244;  146,204;29060,381;19,75515
 317,44; 5904,925;  155,279;29159,845;19,82324
 318,04; 5841,258;  148,356;29180,901;19,60869
 318,63; 5864,137;  145,127;29207,958;19,67809
 319,22; 5869,642;  170,587;29373,506;19,51536
 319,82; 5884,403;  167,049;29420,153;19,54444
 320,41; 5825,129;  171,279;29394,637;19,34702
 321,01; 5826,862;  174,204;29527,883;19,25707
 321,60; 5794,637;  161,357;29660,666;19,09631
 322,20; 5717,923;  158,896;29533,847;18,92438
 322,79; 5755,373;  191,280;29668,499;18,87591
 323,39; 5718,679;  166,127;29748,789;18,76961
 323,98; 5719,302;  154,742;29701,525;18,83305
 324,58; 5660,080;  166,433;29599,030;18,66518
 325,17; 5630,619;  174,202;29463,964;18,62909
 325,76; 5598,812;  190,588;29338,562;18,55437
 326,36; 5526,520;  146,896;29047,762;18,61406
 326,95; 5466,817;  181,818;28782,105;18,47883
 327,55; 5391,335;  157,049;28504,834;18,46453
 328,14; 5296,617;  153,281;28277,582;18,28787
 328,74; 5221,556;  197,972;27799,209;18,20058
 329,33; 5181,451;  180,511;27546,905;18,27402
 329,92; 5028,968;  149,971;27036,262;18,14678
 330,52; 4944,193;  169,050;26475,754;18,15181
 331,11; 4876,802;  168,664;26155,629;18,11731
 331,71; 4755,299;  167,664;25668,606;17,99006
 332,30; 4686,447;  175,126;25274,976;17,97350
 332,89; 4583,249;  204,050;24867,385;17,75591
 333,49; 4485,674;  184,434;24392,991;17,76744
 334,08; 4431,785;  166,664;24082,025;17,83423
 334,68; 4316,973;  168,587;23721,453;17,61308
 335,27; 4288,698;  186,819;23479,797;17,60994
 335,86; 4256,802;  205,203;23251,937;17,57993
 336,46; 4154,701;  183,050;23066,156;17,35626
 337,05; 4147,549;  167,203;22888,318;17,51827
 337,65; 4101,985;  147,741;22750,340;17,49464
 338,24; 4114,807;  212,819;22796,942;17,27757
 338,83; 4086,491;  197,819;22712,261;17,27190
 339,43; 4050,223;  166,587;22642,462;17,27913
 340,02; 4026,810;  173,741;22608,894;17,17425
 340,61; 4038,581;  161,049;22673,188;17,22418
 341,21; 4022,403;  210,818;22706,132;16,94391
 341,80; 4029,685;  163,357;22638,175;17,20294
 342,40; 4049,723;  174,973;22717,765;17,18842
 342,99; 4046,710;  173,896;22810,924;17,10832
 343,58; 4079,836;  167,050;22995,444;17,14000
 344,18; 4103,907;  175,819;23048,736;17,17353
 344,77; 4120,929;  167,818;23348,235;17,05367
 345,36; 4170,278;  150,818;23588,797;17,14935
 345,96; 4269,089;  194,742;23896,293;17,19021
 346,55; 4278,374;  162,589;24099,840;17,19406
 347,14; 4296,680;  153,512;24472,116;17,03703
 347,74; 4361,385;  135,282;24807,651;17,12889
 348,33; 4464,991;  164,666;25336,036;17,08419
 348,92; 4608,272;  177,898;25780,587;17,30433
 349,52; 4663,946;  153,051;26265,742;17,27472
 350,11; 4705,165;  159,895;26483,173;17,26712
 350,70; 4694,778;  164,972;26525,298;17,18418
 351,29; 4645,059;  157,278;26381,649;17,11302
 351,89; 4674,184;  179,971;26354,017;17,17049
 352,48; 4672,974;  139,742;26313,023;17,32008
 353,07; 4677,074;  167,819;26224,424;17,30561
 353,67; 4665,585;  193,052;26177,536;17,21232
 354,26; 4619,538;  169,742;26002,233;17,22558
 354,85; 4613,047;  159,127;25927,348;17,28455
 355,45; 4559,976;  153,587;25726,648;17,23059
 356,04; 4563,453;  161,819;25691,562;17,24120
 356,63; 4540,051;  205,049;25498,233;17,13901
 357,22; 4548,379;  167,740;25351,095;17,39498
 357,82; 4502,058;  183,894;25238,794;17,23481
 358,41; 4528,182;  183,588;25062,086;17,46325
 359,00; 4494,850;  156,741;24906,117;17,52815
 359,60; 4483,718;  167,511;24915,364;17,44073
 360,19; 4443,416;  179,435;24729,247;17,36869
 360,78; 4454,039;  177,741;24670,721;17,45928
 361,37; 4415,469;  163,434;24404,266;17,54080
 361,97; 4405,968;  174,972;24320,911;17,52260
 362,56; 4393,339;  154,818;24083,818;17,71291
 363,15; 4409,936;  192,280;23846,435;17,83051
 363,74; 4302,110;  175,202;23514,540;17,68220
 364,34; 4295,870;  185,741;23263,993;17,80953
 364,93; 4194,014;  159,741;22918,290;17,72641
 365,52; 4166,418;  140,126;22591,091;17,93371
 366,11; 4148,938;  162,818;22289,081;18,01533
 366,71; 4080,949;  152,895;21957,044;18,01517
 367,30; 4060,794;  164,434;21586,717;18,18835
 367,89; 4061,298;  196,973;21485,992;18,15173
 368,48; 4013,433;  169,740;21243,862;18,23892
 369,07; 3947,624;  169,434;20848,913;18,27024
 369,67; 3907,715;  185,587;20603,357;18,22985
 370,26; 3876,562;  165,357;20367,851;18,37003
 370,85; 3885,022;  172,049;20203,819;18,53542
 371,44; 3845,977;  171,434;19992,361;18,53870
 372,03; 3825,035;  150,972;19758,187;18,73832
 372,63; 3790,874;  142,664;19476,614;18,86945
 373,22; 3746,114;  160,895;19258,624;18,77301
 373,81; 3686,241;  159,741;18972,856;18,74490
 374,40; 3708,398;  160,050;18811,853;19,02416
 374,99; 3669,648;  160,433;18550,849;19,08176
 375,59; 3610,711;  152,127;18376,098;18,97821
 376,18; 3649,828;  188,510;18273,673;19,13899
 376,77; 3655,729;  177,126;18103,921;19,40449
 377,36; 3653,218;  195,818;18078,852;19,33341
 377,95; 3633,810;  172,356;17800,136;19,63636
 378,55; 3597,092;  149,204;17632,729;19,72079
 379,14; 3629,592;  175,664;17600,043;19,82238
 379,73; 3624,824;  162,049;17514,612;19,95541
 380,32; 3675,441;  185,664;17619,028;20,01780
 380,91; 3643,789;  163,664;17458,459;20,12238
 381,50; 3651,923;  176,202;17395,056;20,18555
 382,10; 3608,595;  161,126;17244,258;20,18054
 382,69; 3642,096;  146,126;17261,384;20,42604
 383,28; 3686,052;  187,125;17235,242;20,52383
 383,87; 3667,260;  164,433;17091,392;20,69377
 384,46; 3677,007;  151,663;17033,849;20,88203
 385,05; 3709,066;  193,587;17053,400;20,85123
 385,64; 3725,400;  171,049;17003,773;21,11572
 386,24; 3733,608;  146,048;17004,988;21,27987
 386,83; 3837,776;  183,509;17033,146;21,68751
 387,42; 3829,029;  180,279;17219,172;21,41424
 388,01; 3878,167;  170,893;17332,247;21,60246
 388,60; 3958,070;  178,663;17602,306;21,69125
 389,19; 3996,751;  145,200;17766,781;21,85701
 389,78; 4085,547;  163,277;17938,923;22,06541
 390,37; 4222,658;  215,201;18387,989;22,05197
 390,96; 4251,836;  164,740;18453,091;22,34808
 391,56; 4300,862;  175,277;18558,111;22,44259
 392,15; 4371,328;  165,970;18862,666;22,49252
 392,74; 4414,249;  147,199;18945,899;22,69864
 393,33; 4521,468;  155,507;19251,804;22,86287
 393,92; 4589,996;  174,891;19544,058;22,79451
 394,51; 4667,465;  155,815;19705,445;23,07793
 395,10; 4770,684;  192,966;19880,404;23,25197
 395,69; 4820,440;  170,274;20106,641;23,32504
 396,28; 4846,483;  178,581;20114,893;23,41407
 396,87; 4918,082;  186,964;20202,517;23,63721
 397,46; 4961,963;  182,117;20267,154;23,79804
 398,06; 5050,549;  189,346;20522,861;23,90734
 398,65; 5022,515;  167,651;20526,991;23,84588
 399,24; 5140,923;  173,882;20678,696;24,22378
 399,83; 5135,062;  154,493;20671,725;24,27505
 400,42; 5265,666;  197,335;20813,759;24,58395
 401,01; 5285,718;  168,485;20872,634;24,71598
 401,60; 5323,068;  177,864;20881,994;24,85110
 402,19; 5323,282;  189,782;20843,145;24,85552
 402,78; 5347,637;  197,698;20885,092;24,89409
 403,37; 5336,625;  190,307;20792,972;24,97889
 403,96; 5356,378;  187,761;20615,537;25,30191
 404,55; 5354,981;  191,752;20535,207;25,38030
 405,14; 5347,618;  168,359;20493,395;25,48216
 405,73; 5347,892;  190,196;20327,609;25,61250
 406,32; 5368,815;  193,190;20246,099;25,80985
 406,91; 5361,255;  174,644;20005,024;26,15487
 407,50; 5312,990;  173,102;19885,363;26,07457
 408,09; 5275,603;  161,946;19643,958;26,24810
 408,68; 5258,563;  173,251;19528,700;26,27328
 409,27; 5270,855;  161,715;19303,952;26,69040
 409,86; 5255,824;  167,721;19255,160;26,65681
 410,45; 5303,129;  195,418;19173,452;26,91381
 411,04; 5291,455;  193,884;19109,784;26,94860
 411,63; 5289,975;  183,814;18833,393;27,37950
 412,22; 5206,361;  187,820;18703,835;27,10378
 412,81; 5203,016;  190,898;18427,411;27,48397
 413,40; 5151,654;  199,286;18207,537;27,50055
 413,99; 5150,611;  233,285;17920,185;27,80208
 414,58; 4980,126;  165,901;17580,788;27,64431
 415,17; 5002,523;  178,668;17386,495;28,03292
 415,76; 4959,904;  177,281;17293,147;27,94263
 416,35; 4945,600;  164,667;17119,770;28,19761
 416,94; 4975,746;  191,743;17229,087;28,07951
 417,53; 5037,823;  171,976;17407,978;28,23072
 418,12; 5102,030;  165,668;17480,734;28,50905
 418,71; 5221,814;  186,824;17788,563;28,60507
 419,30; 5237,552;  177,361;17881,382;28,58216
 419,89; 5287,929;  172,054;18024,655;28,65619
 420,48; 5368,717;  201,286;18232,303;28,65857
 421,07; 5422,214;  186,979;18341,994;28,83630
 421,66; 5446,904;  157,595;18333,217;29,10112
 422,25; 5450,931;  166,982;18349,183;29,06111
 422,84; 5456,112;  196,290;18269,501;29,10286
 423,43; 5395,516;  180,828;17976,123;29,30375
 424,02; 5364,706;  209,290;17806,968;29,29600
 424,60; 5293,540;  176,292;17463,215;29,60184
 425,19; 5198,032;  191,676;17159,461;29,50506
 425,78; 5204,274;  205,830;17219,589;29,37884
 426,37; 5183,562;  195,523;17035,505;29,62022
 426,96; 5155,762;  185,831;16951,820;29,64293
 427,55; 5117,017;  174,447;16797,350;29,73349
 428,14; 5069,028;  166,525;16595,930;29,83981
 428,73; 5079,947;  185,139;16449,297;30,09567
 429,32; 5072,385;  198,369;16502,568;29,89424
 429,91; 5090,799;  215,139;16388,091;30,14700
 430,50; 5062,061;  208,140;16344,788;30,08010
 431,08; 5046,069;  214,141;16189,020;30,24704
 431,67; 5081,051;  253,449;16139,428;30,38907
 432,26; 5009,238;  257,758;15994,089;30,19434
 432,85; 4966,451;  283,527;15606,936;30,56059
 433,44; 4856,953;  275,605;15317,643;30,45697
 434,03; 4835,177;  298,298;15006,554;30,84580
 434,62; 4700,355;  254,374;14695,939;30,78601
 435,21; 4638,341;  262,373;14446,748;30,85062
 435,79; 4595,728;  254,452;14373,603;30,74743
 436,38; 4616,641;  260,684;14344,924;30,92788
 436,97; 4609,217;  250,376;14251,107;31,13295
 437,56; 4547,406;  250,071;14031,975;31,18100
 438,15; 4538,088;  231,532;14011,944;31,25129
 438,74; 4542,852;  247,070;14032,940;31,16076
 439,33; 4551,555;  225,455;14041,190;31,31285
 439,91; 4555,729;  193,148;14092,242;31,38752
 440,50; 4622,088;  241,148;14121,890;31,56128
 441,09; 4622,621;  229,688;14230,908;31,37536
 441,68; 4623,719;  211,535;14218,596;31,49971
 442,27; 4620,612;  207,996;14181,151;31,57924
 442,86; 4569,557;  176,537;14154,585;31,42800
 443,44; 4615,185;  196,306;14278,173;31,37993
 444,03; 4668,518;  251,537;14277,065;31,49244
 444,62; 4570,660;  200,229;14105,948;31,42902
 445,21; 4552,822;  200,614;14005,224;31,52721
 445,80; 4560,991;  228,692;13897,215;31,69544
 446,39; 4534,993;  250,076;13667,861;31,93461
 446,97; 4443,408;  188,770;13477,185;32,01765
 447,56; 4381,472;  190,464;13306,675;31,95289
 448,15; 4341,198;  185,155;13199,060;31,93540
 448,74; 4296,452;  210,540;12942,844;32,09091
 449,33; 4218,762;  187,618;12823,753;31,90172
 449,91; 4205,347;  193,004;12683,814;32,12236
 450,50; 4119,731;  179,080;12505,178;31,96998
 451,09; 4129,866;  201,234;12411,159;32,17572
 451,68; 4128,340;  218,004;12307,472;32,34498
 452,26; 4082,675;  215,774;12228,800;32,18924
 452,85; 4061,250;  187,235;12101,479;32,51583
 453,44; 4077,443;  209,545;12128,967;32,45039
 454,03; 4050,850;  189,390;12104,938;32,40691
 454,61; 4036,113;  180,468;12140,128;32,23876
 455,20; 4135,010;  220,776;12294,767;32,41873
 455,79; 4117,898;  210,313;12293,997;32,33769
 456,38; 4121,905;  210,854;12338,001;32,25038
 456,97; 4123,462;  196,084;12400,087;32,18106
 457,55; 4123,262;  191,316;12428,168;32,13201
 458,14; 4145,695;  227,161;12394,578;32,20514
 458,73; 4116,778;  198,778;12346,483;32,25301
 459,31; 4165,013;  228,240;12353,721;32,46694
 459,90; 4186,358;  241,163;12440,891;32,33839
 460,49; 4251,671;  249,239;12522,347;32,61139
 461,08; 4186,541;  188,395;12621,492;32,15729
 461,66; 4239,668;  203,702;12615,779;32,51644
 462,25; 4260,033;  213,241;12665,091;32,49952
 462,84; 4309,442;  227,933;12761,422;32,56483
 463,43; 4236,607;  168,627;12702,870;32,45493
 464,01; 4254,024;  207,243;12761,674;32,23389
 464,60; 4278,517;  234,935;12634,799;32,60989
 465,19; 4173,974;  180,936;12484,212;32,45508
 465,77; 4189,232;  197,167;12456,078;32,56460
 466,36; 4149,080;  221,781;12302,603;32,50854
 466,95; 4035,553;  197,551;12038,038;32,41423
 467,53; 3966,431;  209,322;11819,010;32,36185
 468,12; 3899,423;  223,322;11554,492;32,44238
 468,71; 3850,359;  201,321;11344,145;32,74788
 469,29; 3745,304;  186,784;11156,239;32,44026
 469,88; 3704,630;  199,400;10969,644;32,54551
 470,47; 3786,286;  242,324;11095,736;32,65298
 471,06; 3723,104;  207,478;11030,871;32,48174
 471,64; 3759,211;  205,400;11113,304;32,58014
 472,23; 3711,633;  180,864;11155,993;32,17064
 472,81; 3765,157;  182,402;11239,572;32,40210
 473,40; 3806,186;  191,479;11323,239;32,47202
 473,99; 3923,055;  277,172;11557,088;32,32190
 474,57; 3864,676;  203,249;11659,026;31,96140
 475,16; 3906,560;  202,556;11730,033;32,13196
 475,75; 3952,169;  211,326;11897,800;32,01002
 476,33; 3940,533;  218,866;11935,706;31,76340
 476,92; 3981,828;  221,941;12009,458;31,89719
 477,51; 3985,634;  212,788;12047,652;31,87908
 478,09; 3976,065;  216,250;12014,121;31,86859
 478,68; 3950,014;  223,250;11981,504;31,69488
 479,27; 4002,975;  239,557;12064,357;31,82648
 479,85; 3971,131;  221,327;12034,717;31,74198
 480,44; 4032,098;  191,328;12186,705;32,01876
 481,02; 4465,519;  217,482;13722,340;31,45562
 481,61; 4963,438;  236,789;15308,729;31,36059
 482,20; 5253,730;  228,790;16263,079;31,33871
 482,78; 5444,756;  256,789;16904,727;31,16282
 483,37; 5573,007;  240,945;17307,043;31,24359
 483,95; 5623,102;  276,483;17547,580;30,95703
 484,54; 5707,076;  277,482;17683,337;31,19407
 485,13; 5657,802;  249,869;17558,207;31,24467
 485,71; 5592,391;  226,869;17323,439;31,38362
 486,30; 5532,898;  271,561;17081,754;31,29849
 486,88; 5475,973;  287,946;16766,109;31,48426
 487,47; 5278,586;  274,177;16100,309;31,62118
 488,05; 4999,488;  271,023;15294,645;31,47353
 488,64; 4663,952;  270,717;14139,708;31,67668
 489,23; 4162,440;  285,101;12365,761;32,09543
 489,81; 3641,923;  273,639;10727,273;32,22117
 490,40; 3429,849;  220,640;10315,104;31,79177
 490,98; 3338,340;  212,255;10144,924;31,47276
 491,57; 3370,384;  246,024;10037,647;31,90850
 492,15; 3317,660;  228,871; 9983,205;31,66581
 492,74; 3295,813;  231,639; 9946,172;31,54217
 493,32; 3264,565;  229,717; 9828,283;31,61773
 493,91; 3213,661;  221,564; 9745,544;31,41646
 494,50; 3196,617;  224,334; 9760,371;31,16895
 495,08; 3138,073;  208,026; 9711,576;30,83107
 495,67; 3163,222;  239,717; 9661,845;31,02807
 496,25; 3095,390;  180,564; 9564,795;31,06089
 496,84; 3086,227;  196,563; 9548,860;30,89791
 497,42; 3063,809;  176,641; 9517,475;30,90910
 498,01; 3074,188;  216,564; 9472,812;30,87238
 498,59; 3022,249;  179,103; 9340,636;31,03351
 499,18; 3016,482;  188,641; 9364,500;30,81827
 499,76; 3003,216;  205,103; 9282,765;30,82416
 500,35; 2943,219;  202,335; 9164,926;30,58139
 500,93; 2904,145;  177,718; 9070,109;30,66023
 501,52; 2873,961;  187,949; 9009,127;30,44958
 502,10; 2895,466;  199,797; 8978,598;30,70658
 502,69; 2804,300;  179,336; 8798,856;30,45371
 503,27; 2769,743;  168,796; 8670,506;30,59322
 503,86; 2769,501;  186,182; 8616,278;30,64401
 504,44; 2703,366;  159,721; 8555,991;30,29495
 505,03; 2632,532;  149,567; 8325,493;30,36922
 505,61; 2601,525;  165,028; 8219,303;30,25098
 506,19; 2580,429;  196,259; 8073,977;30,26473
 506,78; 2501,871;  170,337; 7917,903;30,09376
 507,36; 2463,887;  167,874; 7791,387;30,11752
 507,95; 2439,021;  180,876; 7685,535;30,08990
 508,53; 2388,572;  171,645; 7556,969;30,01800
 509,12; 2347,644;  176,337; 7405,975;30,03341
 509,70; 2349,907;  198,338; 7322,912;30,19927
 510,29; 2271,940;  201,646; 7213,332;29,52634
 510,87; 2224,780;  175,491; 7027,350;29,90851
 511,46; 2181,370;  166,953; 6916,778;29,84399
 512,04; 2132,714;  170,876; 6776,941;29,69752
 512,62; 2106,185;  187,107; 6655,862;29,66689
 513,21; 2022,142;  157,184; 6517,544;29,32158
 513,79; 2012,544;  168,725; 6414,095;29,52297
 514,38; 1957,112;  152,339; 6290,276;29,40356
 514,96; 1972,807;  187,724; 6201,779;29,68185
 515,54; 1891,463;  172,494; 6070,023;29,14728
 516,13; 1884,725;  179,724; 5986,334;29,36311
 516,71; 1819,112;  165,725; 5898,771;28,83959
 517,30; 1785,382;  152,495; 5798,831;28,91941
 517,88; 1810,125;  197,495; 5722,315;29,18883
 518,46; 1746,118;  167,572; 5589,424;29,11451
 519,05; 1736,498;  159,419; 5577,209;29,10927
 519,63; 1715,477;  179,803; 5514,774;28,78505
 520,22; 1697,760;  186,958; 5475,599;28,56692
 520,80; 1691,900;  171,958; 5442,441;28,83875
 521,38; 1704,627;  195,880; 5408,934;28,94170
 521,97; 1655,511;  172,113; 5399,227;28,37892
 522,55; 1658,861;  182,805; 5352,414;28,55258
 523,13; 1626,937;  161,036; 5358,009;28,20681
 523,72; 1627,323;  169,111; 5347,830;28,15777
 524,30; 1698,776;  199,498; 5479,206;28,39698
 524,89; 1646,728;  166,113; 5458,146;27,97819
 525,47; 1685,167;  181,883; 5540,549;28,05332
 526,05; 1649,979;  152,037; 5628,747;27,35113
 526,64; 1701,718;  181,191; 5713,467;27,48465
 527,22; 1744,033;  181,806; 5806,194;27,77594
 527,80; 1757,273;  217,576; 5914,984;27,02453
 528,39; 1766,217;  179,268; 6015,968;27,18915
 528,97; 1789,211;  181,191; 6165,624;26,87005
 529,55; 1843,806;  194,882; 6293,782;27,03641
 530,14; 1879,668;  202,268; 6486,179;26,69357
 530,72; 1894,026;  182,960; 6560,862;26,82803
 531,30; 1884,808;  163,961; 6657,406;26,50130
 531,89; 1914,401;  177,499; 6732,787;26,49619
 532,47; 1966,433;  200,423; 6838,493;26,60427
 533,05; 1961,458;  193,499; 6874,977;26,46061
 533,63; 1961,587;  202,500; 6902,658;26,25442
 534,22; 1943,314;  188,807; 6932,163;26,01830
 534,80; 1949,911;  195,731; 7007,417;25,75251
 535,38; 2035,444;  270,807; 7078,138;25,92259
 535,97; 1945,501;  200,653; 7058,812;25,44193
 536,55; 1989,217;  242,039; 7120,069;25,40230
 537,13; 1992,287;  251,730; 7054,154;25,58730
 537,71; 2006,839;  296,884; 7116,696;25,07335
 538,30; 2016,588;  302,423; 7194,679;24,87089
 538,88; 2066,580;  334,809; 7330,338;24,75540
 539,46; 2134,339;  397,347; 7454,681;24,61258
 540,05; 2154,032;  402,501; 7618,251;24,27373
 540,63; 2203,805;  445,501; 7774,302;23,99170
 541,21; 2232,555;  483,271; 7904,996;23,56978
 541,79; 2289,148;  509,963; 7964,301;23,86778
 542,38; 2308,123;  551,578; 8138,486;23,15232
 542,96; 2365,999;  555,117; 8251,855;23,52791
 543,54; 2395,350;  574,501; 8449,887;23,12075
 544,12; 2392,291;  544,578; 8599,348;22,93936
 544,70; 2400,136;  533,964; 8651,723;22,98876
 545,29; 2401,257;  516,039; 8776,225;22,82295
 545,87; 2420,379;  498,732; 8820,070;23,09300
 546,45; 2368,328;  462,039; 8766,508;22,95498
 547,03; 2366,007;  432,655; 8799,602;23,10703
 547,62; 2370,715;  387,117; 8996,406;23,04021
 548,20; 2398,178;  403,040; 9156,823;22,79172
 548,78; 2385,276;  363,965; 9203,532;22,86664
 549,36; 2400,803;  342,426; 9421,712;22,67113
 549,94; 2409,687;  316,579; 9528,091;22,72275
 550,53; 2464,882;  303,734; 9724,050;22,94136
 551,11; 2450,827;  280,042; 9847,901;22,68831
 551,69; 2486,943;  277,657;10144,620;22,39073
 552,27; 2504,394;  232,272;10330,743;22,49966
 552,85; 2569,089;  255,427;10627,894;22,30581
 553,44; 2631,270;  244,503;10898,342;22,40288
 554,02; 2698,345;  261,888;11203,774;22,26725
 554,60; 2702,802;  204,350;11471,857;22,17396
 555,18; 2825,703;  243,734;11783,170;22,37518
 555,76; 2816,433;  215,196;12091,429;21,90288
 556,34; 2907,100;  226,504;12454,320;21,92211
 556,93; 2996,433;  215,273;12770,957;22,15061
 557,51; 2987,245;  203,889;13053,869;21,66039
 558,09; 3061,322;  218,273;13386,759;21,58979
 558,67; 3121,557;  218,889;13652,413;21,60764
 559,25; 3196,964;  220,505;13928,781;21,71286
 559,83; 3202,367;  206,736;14224,658;21,37001
 560,41; 3241,843;  211,273;14512,178;21,19145
 561,00; 3306,580;  211,428;14767,109;21,26422
 561,58; 3371,036;  206,504;15018,621;21,36448
 562,16; 3367,400;  206,658;15353,022;20,86799
 562,74; 3434,918;  177,196;15598,202;21,12522
 563,32; 3480,091;  173,890;15927,958;20,98633
 563,90; 3557,953;  207,120;16305,531;20,81468
 564,48; 3608,432;  206,581;16681,959;20,64809
 565,06; 3703,363;  198,966;17197,190;20,61625
 565,65; 3780,447;  209,506;17859,249;20,23225
 566,23; 3947,922;  251,736;18448,461;20,31237
 566,81; 4008,380;  205,120;18989,158;20,24730
 567,39; 4166,744;  212,428;19764,679;20,22435
 567,97; 4259,588;  230,735;20380,088;19,99495
 568,55; 4387,615;  243,121;21058,328;19,91090
 569,13; 4468,375;  210,582;21688,318;19,82422
 569,71; 4587,585;  205,658;22469,476;19,68183
 570,29; 4784,376;  236,965;23282,448;19,73233
 570,87; 4846,123;  244,196;23983,312;19,38542
 571,45; 4940,081;  227,120;24502,707;19,41441
 572,03; 4940,779;  188,890;24881,041;19,24453
 572,61; 5100,635;  193,813;25538,358;19,36047
 573,20; 5204,029;  223,428;26177,961;19,18972
 573,78; 5240,333;  208,428;26563,691;19,09260
 574,36; 5296,142;  220,505;27021,124;18,93851
 574,94; 5400,660;  259,198;27366,788;18,96687
 575,52; 5386,341;  217,737;27594,078;18,87982
 576,10; 5492,211;  273,045;28110,947;18,74842
 576,68; 5550,129;  258,121;28665,074;18,62927
 577,26; 5641,439;  274,122;29139,062;18,59459
 577,84; 5682,675;  283,505;29656,724;18,38127
 578,42; 5743,911;  321,891;29808,069;18,38835
 579,00; 5727,345;  277,274;29967,654;18,35635
 579,58; 5759,640;  310,121;30137,605;18,27013
 580,16; 5714,296;  287,814;30131,387;18,18309
 580,74; 5777,071;  286,198;30340,720;18,26971
 581,32; 5738,045;  287,660;30314,414;18,15176
 581,90; 5729,470;  297,506;30354,109;18,07245
 582,48; 5721,615;  299,045;30400,581;18,01427
 583,06; 5733,258;  290,583;30555,502;17,98345
 583,64; 5720,175;  296,967;30610,400;17,89045
 584,22; 5704,048;  306,507;30447,103;17,90788
 584,80; 5604,056;  310,044;30242,772;17,68637
 585,38; 5548,920;  311,427;29839,880;17,73711
 585,96; 5470,422;  299,505;29935,126;17,44832
 586,54; 5476,529;  313,199;29987,199;17,40018
 587,12; 5466,018;  276,045;30077,888;17,41494
 587,70; 5503,197;  305,736;30372,690;17,28629
 588,28; 5464,587;  294,814;30276,496;17,24311
 588,86; 5476,240;  300,968;30369,140;17,21180
 589,44; 5422,320;  270,431;30455,368;17,06775
 590,02; 5455,992;  279,892;30592,010;17,07601
 590,59; 5462,625;  267,968;30782,843;17,02336
 591,17; 5445,631;  266,662;30952,595;16,87734
 591,75; 5421,846;  256,508;31018,385;16,79136
 592,33; 5465,164;  268,431;31226,866;16,78616
 592,91; 5448,633;  225,739;31450,779;16,72662
 593,49; 5490,122;  230,739;31721,173;16,70152
 594,07; 5500,449;  249,509;31908,664;16,58585
 594,65; 5500,723;  264,276;31864,729;16,57080
 595,23; 5500,989;  256,815;32274,959;16,37876
 595,81; 5509,745;  242,892;32311,504;16,42370
 596,39; 5516,189;  224,815;32475,679;16,40692
 596,97; 5510,456;  246,201;32579,545;16,28120
 597,55; 5474,632;  229,584;32575,044;16,21572
 598,12; 5455,724;  211,509;32589,872;16,19666
 598,70; 5452,548;  218,970;32640,570;16,14226
 599,28; 5458,121;  234,047;32766,460;16,05806
 599,86; 5451,665;  229,970;32819,475;16,02263
 600,44; 5425,082;  193,739;32998,181;15,94705
 601,02; 5432,911;  250,356;32968,774;15,83987
 601,60; 5394,134;  229,200;32905,125;15,80654
 602,18; 5346,587;  197,740;32980,004;15,70620
 602,75; 5337,585;  202,892;33018,094;15,64730
 603,33; 5354,298;  215,278;33086,233;15,63392
 603,91; 5344,591;  214,048;33004,856;15,64628
 604,49; 5333,708;  228,124;33044,672;15,55796
 605,07; 5308,339;  243,046;33084,147;15,42364
 605,65; 5315,629;  252,432;33104,258;15,41222
 606,23; 5323,144;  311,583;33386,726;15,15204
 606,80; 5289,408;  359,354;33424,475;14,91014
 607,38; 5361,183;  413,278;33422,150;14,98962
 607,96; 5338,428;  461,430;33416,966;14,79872
 608,54; 5396,529;  533,509;33503,715;14,74974
 609,12; 5339,289;  508,200;33582,057;14,60697
 609,70; 5343,035;  558,585;33563,537;14,49616
 610,27; 5344,223;  566,046;33595,779;14,46629
 610,85; 5352,690;  579,124;33707,211;14,40942
 611,43; 5340,306;  585,970;33696,684;14,35891
 612,01; 5251,110;  545,815;33466,188;14,29296
 612,59; 5227,178;  545,970;33500,651;14,20499
 613,16; 5189,917;  503,968;33409,568;14,24058
 613,74; 5135,332;  471,970;33306,431;14,20264
 614,32; 5096,697;  433,970;33334,191;14,17233
 614,90; 5044,869;  417,047;33208,091;14,11307
 615,48; 4966,259;  347,276;32880,622;14,19769
 616,05; 4915,819;  320,814;32836,605;14,13161
 616,63; 4924,764;  325,506;32662,818;14,22276
 617,21; 4840,827;  322,430;32659,585;13,97277
 617,79; 4846,773;  301,123;32538,994;14,10034
 618,36; 4833,008;  300,816;32409,528;14,11515
 618,94; 4722,991;  256,046;32220,076;13,97491
 619,52; 4726,312;  275,660;32001,587;14,02844
 620,10; 4707,423;  259,277;31889,489;14,06297
 620,67; 4646,876;  276,583;31794,170;13,86620
 621,25; 4636,584;  284,739;31701,623;13,85193
 621,83; 4605,541;  271,507;31661,424;13,80709
 622,41; 4650,427;  305,430;31670,252;13,85309
 622,98; 4557,092;  275,583;31422,617;13,74612
 623,56; 4601,676;  272,737;31406,229;13,90444
 624,14; 4510,396;  262,124;31334,292;13,67228
 624,72; 4456,573;  268,353;31269,648;13,50982
 625,29; 4443,556;  255,737;31228,042;13,52117
 625,87; 4479,104;  291,815;31236,152;13,53168
 626,45; 4394,718;  243,198;31051,252;13,47544
 627,02; 4377,560;  261,969;31068,829;13,35933
 627,60; 4341,717;  247,047;30986,441;13,32059
 628,18; 4296,289;  227,277;31085,057;13,18634
 628,76; 4337,713;  228,507;31142,796;13,29226
 629,33; 4316,874;  253,968;31064,458;13,18676
 629,91; 4287,423;  254,815;31061,643;13,08998
 630,49; 4319,532;  259,045;31181,711;13,13110
 631,06; 4286,961;  258,199;31335,323;12,96376
 631,64; 4308,493;  244,968;31288,046;13,08996
 632,22; 4232,518;  217,429;31192,146;12,96247
 632,79; 4271,860;  242,275;31420,344;12,92442
 633,37; 4280,025;  225,277;31415,583;13,00003
 633,95; 4261,946;  227,506;31561,816;12,87547
 634,52; 4246,746;  208,661;31661,523;12,83853
 635,10; 4287,294;  220,046;31675,841;12,93004
 635,68; 4264,760;  217,583;31826,802;12,80379
 636,25; 4216,308;  213,198;31728,493;12,70212
 636,83; 4255,713;  198,968;31980,565;12,76445
 637,41; 4273,264;  191,967;32023,594;12,82151
 637,98; 4303,665;  228,967;32249,649;12,72521
 638,56; 4268,436;  222,890;32253,350;12,63031
 639,13; 4282,374;  217,122;32412,408;12,62686
 639,71; 4336,557;  239,430;32399,063;12,73997
 640,29; 4234,873;  182,122;32231,476;12,64534
 640,86; 4241,554;  197,122;32476,941;12,52929
 641,44; 4242,005;  216,353;32413,252;12,50323
 642,02; 4273,072;  241,507;32332,717;12,56283
 642,59; 4238,061;  203,661;32566,798;12,46604
 643,17; 4227,974;  210,199;32495,878;12,44445
 643,74; 4221,040;  198,815;32592,343;12,41676
 644,32; 4231,568;  225,507;32517,886;12,40559
 644,89; 4211,327;  221,584;32494,966;12,36233
 645,47; 4207,163;  232,815;32542,431;12,30082
 646,05; 4185,998;  224,430;32478,512;12,28238
 646,62; 4153,372;  218,968;32457,823;12,20392
 647,20; 4164,746;  216,507;32615,288;12,18638
 647,77; 4092,659;  194,738;32408,907;12,10002
 648,35; 4099,033;  195,738;32332,064;12,14605
 648,92; 4116,946;  224,507;32438,222;12,08317
 649,50; 4074,704;  183,969;32310,225;12,11077
 650,08; 4077,617;  189,276;32246,075;12,12953
 650,65; 4120,991;  190,661;32497,617;12,16558
 651,23; 4143,442;  185,892;33275,313;11,96017
 651,80; 4238,739;  184,046;34028,316;11,98044
 652,38; 4303,805;  197,200;34442,320;11,99180
 652,95; 4283,949;  175,969;34666,093;11,91060
 653,53; 4317,477;  205,969;34757,712;11,89957
 654,10; 4361,928;  230,892;34953,100;11,89739
 654,68; 4348,994;  189,969;34841,411;12,00246
 655,25; 4374,599;  182,969;35001,492;12,03851
 655,83; 4324,435;  179,354;34949,880;11,92125
 656,40; 4345,424;  211,584;34941,422;11,90285
 656,98; 4358,414;  178,738;34810,349;12,06896
 657,55; 4314,941;  199,508;34663,967;11,94110
 658,13; 4291,469;  206,738;34428,433;11,93609
 658,70; 4241,536;  195,661;34117,975;11,92688
 659,28; 4139,371;  190,123;33307,363;11,92505
 659,85; 4049,438;  203,508;32717,905;11,82839
 660,43; 4107,812;  215,815;32914,293;11,90268
 661,00; 4140,417;  200,277;32983,450;12,01879
 661,58; 4114,868;  197,662;33237,762;11,85592
 662,15; 4143,242;  176,892;33443,611;11,92288
 662,73; 4213,539;  234,892;33659,615;11,90330
 663,30; 4195,375;  191,354;33846,311;11,89727
 663,88; 4201,980;  195,431;33988,391;11,85616
 664,45; 4232,123;  192,277;34199,010;11,87955
 665,03; 4255,420;  198,354;34561,398;11,80648
 665,60; 4386,102;  248,970;34915,556;11,93406
 666,17; 4327,784;  194,662;34897,790;11,90994
 666,75; 4364,619;  184,585;35266,178;11,91518
 667,32; 4426,840;  213,508;35578,490;11,91385
 667,90; 4385,906;  185,123;35786,878;11,79937
 668,47; 4471,511;  213,662;35987,189;11,90223
 669,05; 4485,193;  185,124;36290,193;11,90988
 669,62; 4480,490;  169,739;36350,504;11,91448
 670,19; 4492,325;  173,970;36430,277;11,91063
 670,77; 4508,546;  192,201;36514,819;11,88335
 671,34; 4482,304;  204,124;36506,591;11,78482
 671,92; 4542,601;  180,124;36829,672;11,90322
 672,49; 4568,514;  205,816;36828,599;11,91252
 673,06; 4537,503;  149,201;36885,064;11,94556
 673,64; 4552,185;  167,508;36774,452;11,97772
 674,21; 4531,867;  175,970;36826,917;11,88481
 674,79; 4583,780;  195,047;36961,228;11,93687
 675,36; 4609,692;  199,970;37128,924;11,94110
 675,93; 4544,066;  181,509;36984,620;11,85377
 676,51; 4624,210;  200,509;37171,085;11,96546
 677,08; 4622,122;  195,970;37237,781;11,94907
 677,65; 4623,958;  203,893;37349,400;11,89932
 678,23; 4625,024;  195,047;37514,788;11,87033
 678,80; 4662,167;  174,816;37530,945;12,01236
 679,38; 4692,388;  188,047;37659,795;12,02063
 679,95; 4737,377;  196,970;38042,953;11,99706
 680,52; 4747,905;  183,047;38260,418;11,98837
 681,10; 4820,279;  195,970;38454,114;12,08712
 681,67; 4855,499;  197,432;38774,425;12,07473
 682,24; 4849,181;  176,124;38904,582;12,06621
 682,82; 4901,632;  190,278;39379,509;12,02206
 683,39; 4984,237;  225,970;39656,974;12,06732
 683,96; 4961,534;  184,201;39919,901;12,02277
 684,54; 4987,447;  171,509;40233,904;12,02109
 685,11; 5085,667;  213,124;40508,985;12,09192
 685,68; 5119,118;  195,817;40817,450;12,11990
 686,25; 5149,108;  177,971;40902,607;12,20671
 686,83; 5140,482;  166,740;41025,611;12,17298
 687,40; 5189,317;  176,740;41336,307;12,17840
 687,97; 5289,076;  219,509;41732,541;12,21199
 688,55; 5244,604;  167,663;41679,083;12,23023
 689,12; 5208,286;  167,125;41940,856;12,06778
 689,69; 5285,583;  172,894;42076,859;12,20097
 690,26; 5333,265;  183,894;42067,632;12,29444
 690,84; 5354,254;  183,586;42217,866;12,30107
 691,41; 5430,013;  187,894;42302,947;12,44714
 691,98; 5444,310;  185,817;42622,258;12,39146
 692,56; 5452,300;  181,432;42671,800;12,40485
 693,13; 5521,597;  236,202;42643,342;12,46346
 693,70; 5512,586;  199,586;42858,115;12,45472
 694,27; 5523,499;  178,433;42899,196;12,51164
 694,84; 5522,257;  187,356;42996,430;12,46208
 695,42; 5657,632;  255,971;43204,510;12,57705
 695,99; 5620,929;  186,510;43368,975;12,58478
 696,56; 5613,072;  176,202;43220,902;12,63075
 697,13; 5641,061;  203,663;43454,367;12,57181
 697,71; 5659,051;  159,125;43485,755;12,69410
 698,28; 5692,502;  187,433;43796,144;12,62378
 698,85; 5699,261;  150,587;43791,070;12,71451
 699,42; 5739,404;  159,894;44034,458;12,71696
 699,99; 5796,547;  199,048;44070,616;12,75883
 700,57; 5838,383;  197,202;44075,619;12,85639
 701,14; 5835,219;  177,818;44246,469;12,83770
 701,71; 5872,593;  192,048;44406,857;12,84761
 702,28; 5883,582;  188,279;44439,476;12,87039
 702,85; 5894,110;  183,433;44544,711;12,87311
 703,43; 5967,946;  200,587;44672,483;12,96855
 704,00; 6055,397;  215,741;44903,179;13,06778
 704,57; 5996,386;  204,202;44980,414;12,93585
 705,14; 6119,606;  228,279;45157,032;13,11260
 705,71; 6094,134;  230,433;45211,267;13,03600
 706,28; 6087,201;  192,049;45139,424;13,11568
 706,86; 6184,344;  231,433;45317,043;13,20357
 707,43; 6199,564;  234,818;45260,970;13,24729
 708,00; 6194,169;  220,972;45277,127;13,25723
 708,57; 6152,928;  193,895;45206,285;13,23865
 709,14; 6233,302;  216,664;45335,365;13,33513
 709,71; 6253,676;  197,818;45351,907;13,41154
 710,28; 6294,896;  193,049;45535,526;13,45724
 710,86; 6320,578;  206,280;45650,068;13,45464
 711,43; 6392,645;  227,510;45694,995;13,55944
 712,00; 6418,403;  202,741;45768,921;13,64095
 712,57; 6465,239;  211,434;45910,310;13,68481
 713,14; 6491,921;  190,741;45984,159;13,76001
 713,71; 6493,756;  203,741;45896,932;13,76576
 714,28; 6529,592;  208,049;45992,013;13,80733
 714,85; 6533,581;  185,664;45774,478;13,92429
 715,42; 6580,571;  203,895;45894,789;13,95612
 716,00; 6667,714;  246,972;46016,254;14,02850
 716,57; 6660,088;  191,895;46158,411;14,07153
 717,14; 6614,462;  170,126;46019,723;14,05538
 717,71; 6626,067;  173,203;46144,649;14,03668
 718,28; 6725,211;  201,126;46141,807;14,20111
 718,85; 6729,662;  175,665;46136,656;14,25991
 719,42; 6760,728;  201,588;46372,045;14,20636
 719,99; 6757,948;  182,972;46120,741;14,31279
 720,56; 6784,630;  191,972;46406,052;14,26547
 721,13; 6829,235;  178,588;46481,055;14,36348
 721,70; 6812,147;  169,511;46425,213;14,36069
 722,27; 6879,368;  205,434;46411,216;14,44394
 722,84; 6933,434;  232,665;46546,528;14,46817
 723,41; 6915,270;  173,588;46637,916;14,50937
 723,98; 6981,951;  182,280;46601,612;14,64836
 724,55; 7046,095;  219,973;46784,923;14,65936
 725,12; 7011,007;  157,896;46765,234;14,70393
 725,69; 7085,381;  176,127;46883,622;14,79260
 726,27; 7097,063;  189,588;46973,472;14,76465
 726,84; 7209,053;  190,588;47240,014;14,91722
 727,41; 7200,888;  212,281;47266,864;14,85213
 727,98; 7271,185;  201,973;47464,175;14,95743
 728,55; 7280,252;  227,973;47331,717;14,97180
 729,12; 7293,318;  165,434;47562,259;15,03874
 729,69; 7382,000;  203,588;47657,647;15,12708
 730,26; 7443,451;  210,665;47766,728;15,20897
 730,82; 7405,056;  184,127;47760,577;15,17753
 731,39; 7426,738;  204,742;47806,043;15,17184
 731,96; 7508,112;  179,127;48100,123;15,29389
 732,53; 7606,870;  195,358;48235,127;15,42787
 733,10; 7643,014;  202,896;48239,361;15,48848
 733,67; 7665,696;  199,281;48419,211;15,48408
 734,24; 7676,377;  186,358;48201,214;15,59938
 734,81; 7704,982;  220,358;48290,295;15,57028
 735,38; 7707,279;  201,127;48075,606;15,67882
 735,95; 7710,577;  195,896;48042,610;15,70574
 736,52; 7787,181;  206,358;48050,998;15,84467
 737,09; 7764,556;  202,819;47903,847;15,85235
 737,66; 7835,853;  244,435;48030,851;15,88614
 738,23; 7877,765;  188,743;48049,932;16,06526
 738,80; 7978,909;  243,743;48311,935;16,09207
 739,37; 7940,821;  222,973;48523,477;15,97881
 739,94; 7981,426;  200,589;48466,327;16,12083
 740,51; 8085,185;  281,589;48483,253;16,18947
 741,07; 8023,713;  195,204;48505,411;16,20467
 741,64; 8078,394;  219,435;48680,261;16,21714
 742,21; 8101,615;  197,589;48728,418;16,28661
 742,78; 8053,450;  172,666;48539,883;16,29365
 743,35; 8141,286;  202,358;48686,656;16,37422
 743,92; 8204,198;  231,128;48802,198;16,41527
 744,49; 8236,957;  203,820;48708,201;16,56167
 745,06; 8263,870;  196,897;48755,743;16,61278
 745,63; 8246,552;  185,205;48677,670;16,62392
 746,19; 8306,849;  186,743;48740,597;16,72392
 746,76; 8334,377;  203,128;48797,370;16,73295
 747,33; 8339,981;  189,589;48724,912;16,79270
 747,90; 8399,048;  218,743;48952,915;16,78556
 748,47; 8436,653;  207,512;48958,457;16,87996
 749,04; 8500,258;  205,205;48905,999;17,03268
 749,61; 8498,786;  229,512;48891,464;16,99330
 750,17; 8597,775;  210,359;48882,160;17,23260
 750,74; 8589,764;  210,666;48823,548;17,23637
 751,31; 8571,292;  190,282;48623,244;17,30435
 751,88; 8572,743;  181,897;48689,094;17,29815
 752,45; 8664,118;  189,820;48811,559;17,42903
 753,02; 8712,184;  210,128;48565,486;17,58245
 753,58; 8740,250;  190,359;48547,566;17,68070
 754,15; 8758,701;  187,128;48645,493;17,68853
 754,72; 8739,768;  199,359;48335,573;17,74217
 755,29; 8727,450;  190,205;48252,808;17,76276
 755,86; 8806,208;  215,205;48397,119;17,83035
 756,42; 8888,121;  211,359;48349,661;18,02465
 756,99; 8865,572;  180,821;48226,741;18,07594
 757,56; 8847,638;  196,359;48240,514;18,00693
 758,13; 8905,474;  154,667;48201,902;18,21293
 758,70; 8979,386;  181,359;48225,829;18,31226
 759,26; 9025,607;  193,744;48312,679;18,35424
 759,83; 9056,904;  196,667;48469,298;18,35458
 760,40; 9071,278;  178,744;48268,455;18,49155
 760,97; 9066,806;  176,667;48322,074;18,46519
 761,53; 9083,641;  166,359;47931,539;18,66900
 762,10; 9055,016;  162,744;48003,081;18,58739
 762,67; 9145,390;  195,898;47963,700;18,73541
 763,24; 9063,687;  145,590;47494,858;18,83471
 763,80; 9108,599;  181,513;47722,400;18,77770
 764,37; 9115,897;  184,436;47659,480;18,81296
 764,94; 9061,348;  167,283;47303,561;18,86883
 765,50; 9149,183;  164,744;47304,641;19,05910
 766,07; 9162,326;  212,744;47275,260;19,01637
 766,64; 9186,085;  169,436;47024,033;19,24389
 767,21; 9163,305;  179,360;46946,113;19,21011
 767,77; 9225,141;  197,975;46853,348;19,34861
 768,34; 9197,823;  189,898;46793,967;19,32862
 768,91; 9217,505;  198,437;46626,970;19,42570
 769,47; 9218,879;  190,283;46586,281;19,45986
 770,04; 9259,022;  195,283;46604,131;19,53020
 770,61; 9233,319;  183,437;46275,365;19,63442
 771,18; 9260,616;  168,514;46172,907;19,76355
 771,74; 9309,606;  182,744;46309,911;19,78630
 772,31; 9313,134;  189,975;46182,915;19,83600
 772,88; 9226,892;  167,052;45898,380;19,81102
 773,44; 9240,267;  172,283;45693,229;19,92046
 774,01; 9333,256;  199,052;45764,618;20,04629
 774,58; 9319,092;  169,206;45492,775;20,18792
 775,14; 9356,773;  172,745;45580,625;20,22563
 775,71; 9398,148;  182,129;45505,474;20,33393
 776,27; 9444,675;  223,052;45354,940;20,43261
 776,84; 9499,819;  229,899;45515,943;20,46971
 777,41; 9528,578;  191,360;45304,024;20,69755
 777,97; 9448,798;  176,437;45007,950;20,68269
 778,54; 9477,787;  195,052;45085,108;20,67882
 779,11; 9513,238;  206,283;44993,265;20,78049
 779,67; 9500,843;  170,745;45136,038;20,74956
 780,24; 9556,217;  191,976;44853,657;20,96706
 780,80; 9589,822;  207,360;44858,968;21,01260
 781,37; 9585,735;  200,591;44847,049;21,02103
 781,94; 9548,570;  189,822;44557,821;21,09346
 782,50; 9603,483;  205,360;44577,748;21,18011
 783,07; 9638,626;  223,130;44628,982;21,20328
 783,63; 9638,154;  197,745;44403,294;21,35571
 784,20; 9674,759;  219,284;44325,297;21,43806
 784,77; 9684,671;  194,207;44170,224;21,58100
 785,33; 9652,738;  180,822;44022,381;21,60488
 785,90; 9699,035;  199,207;43930,308;21,72328
 786,46; 9759,794;  214,591;43863,850;21,86796
 787,03; 9721,476;  183,361;43677,700;21,92955
 787,59; 9723,080;  190,591;43688,472;21,91484
 788,16; 9782,762;  205,515;43619,707;22,06018
 788,73; 9802,290;  214,130;43399,095;22,20254
 789,29; 9799,972;  195,438;43146,483;22,36158
 789,86; 9828,654;  207,822;43107,948;22,42611
 790,42; 9783,797;  209,053;42960,952;22,39607
 790,99; 9760,479;  216,053;42593,186;22,52258
 791,55; 9788,007;  196,438;42714,574;22,55877
 792,12; 9880,381;  213,822;42579,809;22,81679
 792,68; 9789,601;  195,669;42295,581;22,78849
 793,25; 9840,898;  215,053;42106,970;22,97781
 793,81; 9848,965;  248,899;41832,665;23,08609
 794,38; 9694,800;  182,438;41583,746;22,97599
 794,94; 9729,559;  197,515;41538,442;23,05716
 795,51; 9738,702;  213,592;41288,599;23,18955
 796,07; 9693,153;  201,746;41080,680;23,21833
 796,64; 9755,527;  220,053;41038,222;23,36086
 797,20; 9670,825;  197,207;40640,918;23,42420
 797,77; 9600,199;  184,130;40481,613;23,36639
 798,33; 9549,957;  192,977;40323,925;23,31612
 798,90; 9624,408;  224,823;40165,082;23,53411
 799,46; 9534,244;  190,977;39853,009;23,55721
 800,03; 9551,926;  212,746;39732,089;23,63192
 800,59; 9585,377;  215,361;39487,247;23,85935
 801,15; 9522,366;  227,669;39369,019;23,74649
 801,72; 9475,740;  214,361;39112,946;23,80904
 802,28; 9417,730;  233,977;38883,411;23,76168
 802,85; 9392,796;  215,823;38680,338;23,85828
 803,41; 9397,555;  203,362;38565,572;23,96680
 803,98; 9374,006;  207,669;38109,268;24,18456
 804,54; 9346,380;  217,515;37928,502;24,20744
 805,11; 9343,293;  215,900;37763,044;24,30915
 805,67; 9352,974;  234,285;37716,202;24,32824
 806,23; 9264,118;  212,285;37327,513;24,38846
 806,80; 9274,646;  228,592;37176,901;24,48300
 807,36; 9306,327;  234,285;37223,674;24,52607
 807,93; 9282,548;  236,516;37033,908;24,58335
 808,49; 9268,922;  197,439;36620,527;24,90586
 809,05; 9252,296;  183,439;36478,839;24,98624
 809,62; 9340,824;  216,670;36414,381;25,20644
 810,18; 9294,429;  220,823;36358,153;25,10868
 810,74; 9244,649;  192,593;36147,157;25,17638
 811,31; 9280,177;  196,670;35957,545;25,40068
 811,87; 9309,936;  210,670;35826,087;25,54867
 812,44; 9344,233;  247,747;35693,398;25,66319
 813,00; 9263,145;  179,285;35566,710;25,66974
 813,56; 9332,981;  226,208;35518,175;25,80410
 814,13; 9325,509;  210,824;35462,024;25,85638
 814,69; 9352,729;  221,516;35334,951;26,00490
 815,25; 9295,180;  186,593;34916,185;26,22716
 815,82; 9322,785;  228,824;34985,266;26,16482
 816,38; 9366,390;  239,516;34690,577;26,49229
 816,94; 9188,995;  197,978;34422,965;26,27033
 817,51; 9204,753;  191,132;34280,354;26,44127
 818,07; 9259,435;  194,747;34105,588;26,73094
 818,63; 9262,425;  210,132;33899,745;26,86968
 819,20; 9202,414;  211,439;33874,210;26,70896
 819,76; 9170,173;  197,055;33426,829;27,00325
 820,32; 9172,393;  230,670;33314,910;27,02714
 820,89; 9147,383;  229,593;33239,144;27,01578
 821,45; 9097,757;  204,670;32965,994;27,14508
 822,01; 9117,977;  227,055;32742,151;27,34398
 822,57; 9112,659;  227,209;32676,616;27,38247
 823,14; 9094,648;  185,286;32396,620;27,65909
 823,70; 9023,561;  206,593;32244,777;27,52018
 824,26; 9011,012;  203,824;32061,627;27,64531
 824,82; 9058,232;  211,593;31946,938;27,87630
 825,39; 9014,914;  199,670;31670,096;28,01120
 825,95; 9027,826;  225,978;31677,407;27,98553
 826,51; 9006,277;  215,670;31378,641;28,20850
 827,08; 9071,574;  256,209;31418,491;28,28857
 827,64; 9018,102;  219,594;31318,341;28,29216
 828,20; 9005,400;  204,747;31105,652;28,48024
 828,76; 9034,158;  223,517;30994,271;28,63317
 829,32; 9020,378;  233,517;30926,582;28,62817
 829,89; 8933,983;  187,517;30823,124;28,55000
 830,45; 9030,357;  213,209;30730,974;28,89185
 831,01; 8978,501;  210,132;30574,670;28,87700
 831,57; 8971,875;  212,132;30514,443;28,90784
 832,14; 8991,787;  200,902;30428,831;29,08200
 832,70; 8944,931;  196,363;30234,834;29,12454
 833,26; 8952,459;  183,209;30163,607;29,24994
 833,82; 8984,833;  207,132;30088,688;29,37498
 834,38; 8995,053;  201,594;30130,691;29,38097
 834,95; 8990,504;  194,209;29934,233;29,57730
 835,51; 8937,417;  168,286;29779,775;29,61395
 836,07; 9001,714;  215,825;29845,394;29,65244
 836,63; 9049,011;  225,517;29896,475;29,73781
 837,19; 9059,693;  207,671;29733,709;29,98039
 837,75; 8965,221;  175,363;29452,020;30,02343
 838,32; 9064,441;  233,363;29500,101;30,17445
 838,88; 9128,046;  227,440;29625,181;30,27649
 839,44; 9059,651;  207,594;29426,416;30,29573
 840,00; 9135,948;  210,671;29415,342;30,56113
 840,56; 9015,168;  196,440;29154,269;30,45369
 841,12; 9032,696;  192,364;29126,042;30,55378
 841,68; 9025,070;  183,133;29033,968;30,64708
 842,25; 9053,598;  196,441;28972,049;30,78009
 842,81; 9011,895;  185,364;28778,591;30,86931
 843,37; 9035,885;  171,671;28784,056;30,98034
 843,93; 9058,643;  199,518;28716,906;31,06570
 844,49; 9109,940;  209,210;28746,140;31,19022
 845,05; 9034,853;  176,210;28571,297;31,19780
 845,61; 9124,150;  212,748;28631,301;31,35769
 846,17; 9097,755;  191,902;28475,305;31,48791
 846,73; 9062,898;  208,749;28441,539;31,36123
 847,29; 9028,888;  184,672;28266,389;31,49457
 847,86; 9083,954;  193,287;28199,854;31,74494
 848,42; 9040,713;  188,518;28047,088;31,77548
 848,98; 9051,549;  200,210;28043,476;31,78987
 849,54; 9041,538;  186,749;28086,480;31,73790
 850,10; 9033,451;  204,441;27946,329;31,82555
 850,66; 9088,979;  187,056;27857,564;32,17116
 851,22; 9031,968;  187,595;27686,106;32,16310
 851,78; 9137,958;  232,056;27694,186;32,42975
 852,34; 9075,409;  207,595;27601,421;32,37158
 852,90; 9058,936;  203,133;27480,424;32,46585
 853,46; 9054,003;  196,133;27263,505;32,72527
 854,02; 9138,608;  192,749;27362,124;32,92626
 854,58; 9039,213;  195,364;27066,589;32,91197
 855,14; 9048,202;  182,057;27042,362;33,00836
 855,70; 9022,192;  161,134;26945,980;33,08235
 856,26; 9031,412;  206,749;26768,830;33,22278
 856,82; 9026,940;  184,595;26726,680;33,31443
 857,38; 9075,314;  217,903;26530,607;33,66211
 857,94; 9012,380;  200,441;26552,302;33,43953
 858,50; 9019,524;  206,057;26370,075;33,68545
 859,06; 8969,821;  193,749;26171,540;33,78298
 859,62; 8990,579;  210,211;26167,698;33,82596
 860,18; 8988,877;  197,672;26070,163;33,97896
 860,74; 8948,866;  172,057;25966,628;34,02580
 861,30; 8939,009;  174,595;25774,093;34,23666
 861,86; 8982,922;  221,134;25764,327;34,30185
 862,42; 8913,988;  208,211;25631,946;34,24272
 862,98; 9005,670;  223,596;25603,027;34,60312
 863,54; 8911,352;  198,826;25361,261;34,62513
 864,10; 8989,957;  209,134;25480,342;34,74635
 864,66; 8877,946;  183,288;25276,422;34,64955
 865,22; 8921,013;  197,519;25127,580;34,99187
 865,78; 8855,387;  202,826;25091,275;34,76537
 866,34; 8868,453;  190,211;25035,664;34,92890
 866,90; 8816,212;  198,827;24905,975;34,87811
 867,45; 8793,278;  202,673;24722,440;35,03543
 868,01; 8769,037;  205,134;24550,597;35,17659
 868,57; 8736,334;  199,057;24517,062;35,10681
 869,13; 8718,170;  184,365;24297,681;35,39042
 869,69; 8701,698;  193,519;24291,762;35,30622
 870,25; 8675,764;  181,057;24177,458;35,39992
 870,81; 8739,754;  192,827;24075,769;35,78674
 871,37; 8726,666;  204,596;24026,003;35,77484
 871,93; 8718,886;  213,288;23867,007;35,95882
 872,49; 8686,414;  220,519;23702,087;36,05336
 873,04; 8617,711;  185,519;23554,706;36,08252
 873,60; 8639,932;  176,981;23479,479;36,31778
 874,16; 8576,690;  202,365;23356,098;36,16836
 874,72; 8634,690;  208,442;23300,790;36,48935
 875,28; 8618,075;  204,981;23269,790;36,47589
 875,84; 8599,229;  199,365;23193,483;36,53049
 876,40; 8607,844;  193,212;23143,406;36,66476
 876,95; 8645,383;  211,827;23156,713;36,75571
 877,51; 8627,383;  226,673;23167,175;36,61955
 878,07; 8685,921;  237,519;23148,406;36,87505
 878,63; 8687,767;  194,288;23137,483;37,01960
 879,19; 8739,383;  221,596;23059,098;37,29737
 879,75; 8794,383;  199,827;23187,098;37,38833
 880,30; 8776,306;  195,212;23173,483;37,34439
 880,86; 8834,613;  234,673;23314,713;37,26137
 881,42; 8796,152;  195,827;23328,713;37,17792
 881,98; 8828,844;  221,442;23396,790;37,14034
 882,54; 8943,921;  196,596;23431,252;37,64775
 883,09; 8986,537;  206,288;23552,021;37,60965
 883,65; 9031,152;  187,212;23574,944;37,81444
 884,21; 9196,537;  225,135;23773,637;38,09755
 884,77; 9223,921;  197,058;23795,175;38,25247
 885,32; 9296,460;  202,750;23929,252;38,32722
 885,88; 9347,537;  230,442;24069,021;38,24512
 886,44; 9413,537;  206,442;24144,560;38,46206
 887,00; 9431,998;  219,981;24150,867;38,49426
 887,56; 9523,690;  203,827;24227,944;38,79378
 888,11; 9557,383;  209,135;24284,021;38,82987
 888,67; 9614,921;  233,519;24452,790;38,73528
 889,23; 9623,998;  218,981;24396,329;38,90012
 889,79; 9552,383;  193,442;24371,867;38,70782
 890,34; 9631,844;  201,058;24235,175;39,23916
 890,90; 9732,460;  262,596;24340,790;39,32962
 891,46; 9645,152;  199,212;24413,944;39,00906
 892,01; 9638,383;  225,365;24288,867;39,11740
 892,57; 9695,998;  230,442;24216,790;39,46226
 893,13; 9684,844;  203,673;24067,483;39,73033
 893,69; 9675,229;  198,750;24016,560;39,78736
 894,24; 9648,306;  207,288;23897,944;39,85123
 894,80; 9677,844;  220,519;23760,560;40,17548
 895,36; 9620,921;  209,519;23692,713;40,07718
 895,91; 9602,075;  205,904;23459,560;40,40729
 896,47; 9604,229;  210,212;23394,867;40,51825
 897,03; 9522,383;  201,519;23263,790;40,41607
 897,58; 9520,613;  215,673;23156,021;40,56146
 898,14; 9538,921;  211,904;22986,483;40,95363
 898,70; 9479,844;  185,827;22892,944;40,92997
 899,25; 9518,229;  201,981;22925,175;40,99885
 899,81; 9482,998;  223,212;22727,867;41,14609
 900,37; 9402,998;  172,827;22561,021;41,22785
 900,92; 9453,921;  208,596;22541,021;41,39866
 901,48; 9415,460;  194,981;22426,252;41,47527
 902,03; 9368,921;  193,981;22163,560;41,76202
 902,59; 9408,075;  199,212;22145,329;41,96124
 903,15; 9422,690;  213,288;22103,713;42,07046
 903,70; 9369,306;  206,827;21814,098;42,40461
 904,26; 9307,229;  197,673;21688,790;42,38754
 904,82; 9326,537;  206,135;21729,867;42,37370
 905,37; 9282,998;  206,904;21596,329;42,43262
 905,93; 9240,921;  194,596;21468,175;42,52376
 906,48; 9304,229;  219,288;21463,175;42,76496
 907,04; 9316,306;  226,212;21425,713;42,87881
 907,60; 9197,152;  201,365;21221,560;42,79592
 908,15; 9173,998;  195,981;21170,713;42,80397
 908,71; 9218,306;  222,288;21108,483;43,07160
 909,26; 9158,306;  195,058;20934,790;43,21776
 909,82; 9179,229;  224,058;20892,483;43,32779
 910,37; 9190,152;  236,750;20749,021;43,64900
 910,93; 9081,690;  197,365;20633,175;43,47430
 911,48; 9073,383;  192,596;20452,252;43,83483
 912,04; 9067,075;  196,365;20378,021;43,95432
 912,60; 9073,229;  198,212;20365,483;44,00703
 913,15; 9031,921;  213,827;20261,560;43,98549
 913,71; 8961,460;  194,827;20084,098;44,07719
 914,26; 8939,383;  187,442;20005,944;44,16045
 914,82; 8986,690;  213,827;19936,021;44,48219
 915,37; 8908,229;  197,981;19909,175;44,18935
 915,93; 8943,229;  232,519;19735,637;44,66317
 916,48; 8903,075;  199,365;19633,944;44,78466
 917,04; 8858,998;  215,596;19596,175;44,59827
 917,59; 8900,383;  226,212;19514,713;44,97068
 918,15; 8792,998;  179,212;19294,944;45,06124
 918,70; 8835,460;  196,365;19253,944;45,33154
 919,26; 8807,690;  206,981;19240,021;45,18831
 919,81; 8720,460;  191,212;19001,252;45,34412
 920,37; 8742,921;  187,750;18971,252;45,54620
 920,92; 8793,152;  212,673;18955,406;45,78030
 921,48; 8677,537;  187,212;18764,021;45,70389
 922,03; 8658,844;  204,981;18779,637;45,51289
 922,59; 8615,921;  192,442;18575,329;45,82239
 923,14; 8563,613;  197,981;18548,713;45,58746
 923,69; 8631,152;  216,058;18498,252;46,02891
 924,25; 8575,306;  219,288;18406,406;45,94470
 924,80; 8543,460;  203,596;18234,790;46,25242
 925,36; 8498,152;  203,673;18139,790;46,24456
 925,91; 8553,998;  197,212;18047,790;46,81521
 926,47; 8506,537;  186,442;18020,329;46,65329
 927,02; 8520,229;  233,519;17909,713;46,88062
 927,57; 8437,613;  205,596;17783,713;46,83105
 928,13; 8439,152;  200,442;17742,637;46,96510
 928,68; 8418,306;  195,058;17641,790;47,13346
 929,24; 8358,690;  175,135;17513,637;47,19875
 929,79; 8379,383;  190,596;17454,329;47,43346
 930,34; 8286,460;  201,365;17284,560;47,32777
 930,90; 8318,075;  193,212;17241,637;47,65756
 931,45; 8340,921;  218,596;17229,637;47,74737
 932,01; 8333,383;  211,673;17161,252;47,91688
 932,56; 8266,306;  219,981;16974,406;48,02507
 933,11; 8273,075;  222,596;17018,021;47,93257
 933,67; 8210,075;  194,288;16806,944;48,25108
 934,22; 8208,460;  206,750;16756,098;48,35060
 934,77; 8233,767;  224,827;16617,790;48,85596
 935,33; 8138,306;  209,519;16576,098;48,44498
 935,88; 8143,460;  215,827;16473,098;48,76361
 936,43; 8062,844;  196,058;16464,175;48,35708
 936,99; 8045,613;  201,135;16404,252;48,41339
 937,54; 7985,690;  186,212;16224,790;48,62949
 938,09; 8026,460;  207,135;16155,867;49,02788
 938,65; 8000,998;  215,750;16009,713;49,29255
 939,20; 7936,921;  186,135;15984,713;49,06002
 939,75; 7951,537;  187,596;15881,483;49,47111
 940,31; 7910,844;  181,981;15795,406;49,50140
 940,86; 7928,152;  201,827;15800,252;49,53273
 941,41; 7960,229;  255,519;15740,098;49,75731
 941,96; 7851,537;  195,212;15524,944;49,94428
 942,52; 7838,998;  197,981;15493,867;49,95472
 943,07; 7726,998;  181,904;15400,021;49,57968
 943,62; 7782,383;  195,673;15361,021;50,02661
 944,18; 7792,690;  184,904;15295,790;50,34639
 944,73; 7723,075;  204,904;15183,560;50,19256
 945,28; 7698,229;  171,058;15010,406;50,72441
 945,83; 7702,921;  198,288;15033,867;50,58537
 946,39; 7733,306;  187,058;15086,329;50,64844
 946,94; 7707,537;  216,058;14992,406;50,69912
 947,49; 7636,613;  205,827;14865,944;50,68709
 948,04; 7648,460;  215,827;14786,560;51,01070
 948,59; 7635,152;  220,135;14786,713;50,90432
 949,15; 7604,921;  186,212;14630,790;51,35982
 949,70; 7597,537;  199,288;14593,560;51,39717
 950,25; 7555,383;  215,519;14546,483;51,21682
 950,80; 7561,921;  166,904;14397,021;51,96737
 951,36; 7542,537;  176,058;14343,021;51,99758
 951,91; 7608,537;  216,135;14369,021;52,23247
 952,46; 7474,229;  165,442;14128,021;52,34553
 953,01; 7510,998;  217,827;14218,944;52,08992
 953,56; 7443,229;  180,981;14071,560;52,28182
 954,11; 7475,229;  214,904;14053,713;52,46351
 954,67; 7456,152;  196,904;13999,021;52,59518
 955,22; 7350,229;  169,596;13851,175;52,48395
 955,77; 7363,075;  224,596;13886,252;52,25193
 956,32; 7392,998;  241,673;13705,329;53,11577
 956,87; 7360,767;  190,827;13579,867;53,55082
 957,42; 7310,690;  201,673;13540,483;53,29574
 957,98; 7253,075;  189,365;13546,252;52,88440
 958,53; 7273,998;  205,981;13477,713;53,25618
 959,08; 7194,921;  193,904;13357,713;53,18382
 959,63; 7177,921;  190,904;13272,098;53,41269
 960,18; 7141,690;  206,135;13271,175;53,08484
 960,73; 7149,537;  196,058;13201,560;53,46567
 961,28; 7083,152;  174,365;13142,098;53,27675
 961,83; 7108,537;  207,442;13070,560;53,65025
 962,39; 7040,921;  183,519;12959,021;53,67618
 962,94; 7077,690;  207,904;12949,790;53,91499
 963,49; 6920,306;  189,365;12787,175;53,42945
 964,04; 6971,383;  210,288;12787,175;53,75809
 964,59; 6926,383;  174,058;12647,329;54,13436
 965,14; 6966,229;  211,442;12593,944;54,55106
 965,69; 6928,306;  197,442;12512,867;54,65393
 966,24; 6892,460;  183,904;12437,406;54,74807
 966,79; 6884,767;  208,442;12360,098;54,94169
 967,34; 6849,690;  182,750;12251,790;55,24002
 967,89; 6830,383;  194,750;12180,713;55,36170
 968,44; 6813,690;  195,827;12157,406;55,32600
 968,99; 6784,767;  208,442;12092,406;55,33781
 969,55; 6745,998;  203,673;12033,329;55,30444
 970,10; 6689,075;  199,365;11980,329;55,08641
 970,65; 6706,537;  210,365;11872,329;55,70392
 971,20; 6613,537;  188,673;11767,560;55,48775
 971,75; 6577,383;  176,442;11679,713;55,64452
 972,30; 6588,075;  196,288;11650,713;55,80190
 972,85; 6550,844;  185,673;11555,560;55,98271
 973,40; 6457,767;  178,827;11380,175;56,05522
 973,95; 6475,998;  212,981;11371,867;56,12583
 974,50; 6446,998;  210,827;11328,406;56,09289
 975,05; 6419,844;  198,904;11217,560;56,45825
 975,60; 6379,075;  213,596;11175,713;56,24350
 976,15; 6380,383;  193,673;11068,175;56,89189
 976,70; 6308,613;  204,288;11034,175;56,36555
 977,25; 6287,844;  204,827;11004,021;56,32844
 977,80; 6264,998;  196,058;10851,098;56,95840
 978,35; 6233,229;  210,135;10707,483;57,37729
 978,89; 6152,306;  183,750;10631,252;57,12902
 979,44; 6176,998;  201,904;10651,252;57,18150
 979,99; 6061,998;  185,750;10490,098;57,02688
 980,54; 6055,152;  220,288;10451,329;57,03099
 981,09; 6018,690;  209,058;10355,713;57,25663
 981,64; 5922,767;  205,827;10231,713;57,02179
 982,19; 5965,767;  238,135;10220,637;57,37673
 982,74; 5889,537;  217,288;10103,021;57,37813
 983,29; 5836,998;  184,981;10002,867;57,56857
 983,84; 5781,152;  209,981; 9879,406;57,61636
 984,39; 5813,613;  240,827; 9855,944;57,95859
 984,94; 5748,921;  185,442; 9729,713;58,29129
 985,49; 5729,075;  226,365; 9680,175;58,20627
 986,03; 5714,921;  220,981; 9641,021;58,32183
 986,58; 5724,537;  240,827; 9509,790;59,16206
 987,13; 5641,075;  206,519; 9420,944;58,97878
 987,68; 5576,998;  215,673; 9312,329;58,93732
 988,23; 5566,229;  220,673; 9285,329;58,97141
 988,78; 5510,075;  193,673; 9157,406;59,31013
 989,33; 5501,921;  220,442; 9065,406;59,71171
 989,88; 5523,921;  228,519; 9057,098;59,98023
 990,42; 5380,690;  200,288; 8915,483;59,44104
 990,97; 5348,844;  210,442; 8832,483;59,59612
 991,52; 5312,383;  227,212; 8792,637;59,36858
 992,07; 5318,844;  238,365; 8680,637;60,17905
 992,62; 5223,383;  202,673; 8580,713;59,92702
 993,17; 5203,306;  210,673; 8529,560;60,01564
 993,71; 5140,844;  211,750; 8440,560;59,90045
 994,26; 5085,767;  196,750; 8310,098;60,25894
 994,81; 5095,229;  230,981; 8265,175;60,54432
 995,36; 5033,998;  204,058; 8174,867;60,59536
 995,91; 5038,075;  218,596; 8099,252;61,15581
 996,45; 5014,613;  210,135; 8006,637;61,62352
 997,00; 4908,613;  192,750; 7855,637;61,54161
 997,55; 4934,613;  212,058; 7839,867;61,91234
 998,10; 4881,229;  233,058; 7781,560;61,57740
 998,65; 4841,229;  211,058; 7703,175;61,80057
 999,19; 4801,767;  219,827; 7618,483;61,92936
 999,74; 4775,537;  241,442; 7516,867;62,32068
1000,29; 4744,229;  225,673; 7431,098;62,71047
1000,84; 4677,690;  206,519; 7340,483;62,67443
1001,38; 4617,152;  215,212; 7245,406;62,61478
1001,93; 4647,613;  215,827; 7256,560;62,94496
1002,48; 4541,460;  201,981; 7089,175;63,00793
1003,03; 4548,075;  217,827; 7075,252;63,14685
1003,57; 4488,998;  233,135; 6972,175;63,15237
1004,12; 4448,998;  242,212; 6877,329;63,40184
1004,67; 4383,229;  211,596; 6810,560;63,21648
1005,22; 4313,460;  201,904; 6647,867;63,78497
1005,76; 4208,075;  196,288; 6564,098;63,00104
1006,31; 4237,844;  224,365; 6554,637;63,40137
1006,86; 4214,460;  214,904; 6436,252;64,28761
1007,40; 4132,767;  192,904; 6317,098;64,33276
1007,95; 4070,075;  210,750; 6310,867;63,26641
1008,50; 4035,767;  220,058; 6163,637;64,19886
1009,04; 3957,306;  213,904; 6098,944;63,60877
1009,59; 3903,998;  221,442; 5957,867;64,19601
1010,14; 3842,690;  191,673; 5891,252;64,05767
1010,68; 3804,844;  207,212; 5771,252;64,65864
1011,23; 3741,383;  197,750; 5694,021;64,47340
1011,78; 3757,613;  223,750; 5675,637;64,81909
1012,32; 3680,613;  219,519; 5556,406;64,85231
1012,87; 3682,152;  237,596; 5573,252;64,55731
1013,42; 3586,767;  199,442; 5415,175;64,94438
1013,96; 3613,613;  240,596; 5468,406;64,52066
1014,51; 3562,767;  174,827; 5382,252;65,05980
1015,06; 3582,690;  178,750; 5395,560;65,24947
1015,60; 3640,998;  247,904; 5456,098;65,14915
1016,15; 3583,767;  205,135; 5349,867;65,67169
1016,69; 3600,306;  217,904; 5406,867;65,18454
1017,24; 3576,537;  192,442; 5425,252;64,67069
1017,79; 3681,306;  235,288; 5460,329;65,95197
1018,33; 3602,844;  206,135; 5405,637;65,32760
1018,88; 3698,460;  215,904; 5491,944;66,00700
1019,42; 3666,921;  205,212; 5490,713;65,49443
1019,97; 3673,075;  199,288; 5490,713;65,64936
1020,51; 3724,460;  214,981; 5532,175;66,00246
1021,06; 3702,460;  189,596; 5509,406;66,03363
1021,61; 3668,613;  176,365; 5492,867;65,68695
1022,15; 3656,998;  166,827; 5424,098;66,38751
1022,70; 3699,460;  200,981; 5411,560;67,14185
1023,24; 3683,460;  200,904; 5396,790;67,02525
1023,79; 3672,075;  212,827; 5382,098;66,91945
1024,33; 3618,921;  202,750; 5292,867;67,11380
1024,88; 3575,306;  212,596; 5239,560;66,89346
1025,42; 3516,460;  201,058; 5147,713;67,02310
1025,97; 3480,152;  188,596; 5067,098;67,47063
1026,51; 3386,998;  174,596; 4978,713;66,86768
1027,06; 3439,229;  188,827; 4955,021;68,19701
1027,60; 3366,383;  212,827; 4867,560;67,74945
1028,15; 3331,383;  212,135; 4798,560;68,01045
1028,69; 3241,075;  172,365; 4661,790;68,35418
1029,24; 3235,613;  198,981; 4672,560;67,87927
1029,78; 3189,152;  192,750; 4575,867;68,36235
1030,33; 3087,537;  181,750; 4464,021;67,85620
1030,87; 3104,306;  195,750; 4402,098;69,14682
1031,42; 3050,460;  177,596; 4300,713;69,67698
1031,96; 2998,767;  197,288; 4315,098;68,03323
1032,51; 2950,383;  179,827; 4151,944;69,75010
1033,05; 2953,152;  209,442; 4159,483;69,46029
1033,60; 2887,460;  167,058; 4070,021;69,70093
1034,14; 2814,613;  207,673; 4019,175;68,39667
1034,69; 2829,537;  192,596; 4005,252;69,16282
1035,23; 2799,998;  204,827; 3916,560;69,91805
1035,77; 2740,537;  193,827; 3850,637;69,64294
1036,32; 2698,306;  172,058; 3798,098;69,66961
1036,86; 2684,075;  197,519; 3801,713;68,99062
1037,41; 2663,537;  211,442; 3708,560;70,11759
1037,95; 2620,075;  170,288; 3644,098;70,52161
1038,50; 2605,921;  186,288; 3604,098;70,79484
1039,04; 2556,229;  207,288; 3587,483;69,49128
1039,58; 2497,537;  181,596; 3475,560;70,30862
1040,13; 2471,844;  201,058; 3436,790;70,17843
1040,67; 2502,383;  211,365; 3463,867;70,43862
1041,21; 2455,306;  223,519; 3390,867;70,46231
1041,76; 2373,537;  186,750; 3317,944;69,83874
1042,30; 2373,921;  194,596; 3261,483;71,05985
1042,85; 2341,844;  186,596; 3224,021;70,95642
1043,39; 2295,383;  194,827; 3166,406;70,68821
1043,93; 2270,383;  197,981; 3149,406;70,21699
1044,48; 2247,075;  207,135; 3092,637;70,69621
1045,02; 2207,383;  190,904; 3006,637;71,61471
1045,56; 2208,460;  209,904; 3001,713;71,58639
1046,11; 2174,921;  200,904; 2952,483;71,74126
1046,65; 2152,152;  210,058; 2913,021;71,85055
1047,19; 2110,613;  185,904; 2861,790;71,92792
1047,74; 2066,613;  166,442; 2822,098;71,55186
1048,28; 2076,844;  197,904; 2795,329;72,33858
1048,82; 2052,152;  224,365; 2775,790;71,63787
1049,37; 2011,075;  205,596; 2728,560;71,56183
1049,91; 1991,537;  187,135; 2678,329;72,43120
1050,45; 1966,229;  212,135; 2654,560;71,81773
1050,99; 1941,998;  206,904; 2609,098;72,22956
1051,54; 1878,460;  191,135; 2561,637;71,18007
1052,08; 1898,460;  213,519; 2549,790;72,12093
1052,62; 1864,844;  210,212; 2515,483;71,77606
1053,16; 1818,460;  195,288; 2436,098;72,43682
1053,71; 1824,690;  205,519; 2442,560;72,38006
1054,25; 1766,844;  212,442; 2398,560;71,10332
1054,79; 1773,537;  209,673; 2365,944;72,52629
1055,33; 1716,075;  184,673; 2299,713;72,40533
1055,88; 1739,767;  217,519; 2303,021;72,99193
1056,42; 1738,690;  226,212; 2282,637;73,54894
1056,96; 1707,921;  215,904; 2247,329;73,44683
1057,50; 1677,998;  208,212; 2189,867;74,16962
1058,05; 1637,921;  202,673; 2140,790;74,05373
1058,59; 1635,921;  228,827; 2142,252;73,53799
1059,13; 1580,537;  194,442; 2083,021;73,39351
1059,67; 1593,921;  222,288; 2069,790;74,24256
1060,21; 1572,306;  213,058; 2047,560;74,09358
1060,76; 1557,152;  217,058; 2012,021;74,65858
1061,30; 1524,075;  229,904; 1992,329;73,43128
1061,84; 1496,767;  211,519; 1959,637;73,52184
1062,38; 1444,460;  196,212; 1909,098;72,87395
1062,92; 1503,306;  243,135; 1937,021;74,39525
1063,46; 1448,229;  224,596; 1890,713;73,44217
1064,01; 1423,075;  202,904; 1842,329;74,42677
1064,55; 1413,844;  216,519; 1838,867;73,80198
1065,09; 1360,844;  192,750; 1787,406;73,25056
1065,63; 1407,229;  241,365; 1806,790;74,47584
1066,17; 1398,075;  235,135; 1780,944;75,23180
1066,71; 1372,229;  223,135; 1753,713;75,07579
1067,25; 1332,383;  206,827; 1689,175;75,93060
1067,80; 1339,152;  227,673; 1721,867;74,38650
1068,34; 1342,613;  244,519; 1708,098;75,02802
1068,88; 1289,152;  207,212; 1638,098;75,61329
1069,42; 1320,152;  229,904; 1659,483;76,26358
1069,96; 1283,152;  205,212; 1611,713;76,63981
1070,50; 1290,075;  250,596; 1644,175;74,59060
1071,04; 1237,690;  203,750; 1569,021;75,73150
1071,58; 1228,229;  204,212; 1550,252;76,07627
1072,12; 1216,767;  206,519; 1546,252;75,40669
1072,66; 1220,690;  209,212; 1529,021;76,63824
1073,21; 1220,537;  226,981; 1530,867;76,19956
1073,75; 1191,613;  219,519; 1487,021;76,69371
1074,29; 1187,537;  226,673; 1493,252;75,86290
1074,83; 1184,383;  230,596; 1469,175;77,00653
1075,37; 1159,075;  233,981; 1451,713;75,96858
1075,91; 1134,690;  228,673; 1441,406;74,70874
1076,45; 1134,613;  227,212; 1416,944;76,26939
1076,99; 1130,998;  230,904; 1405,483;76,63123
1077,53; 1103,767;  198,750; 1384,483;76,32558
1078,07; 1114,921;  229,058; 1357,790;78,48302
1078,61; 1093,921;  218,058; 1341,098;77,99038
1079,15; 1068,306;  217,904; 1332,098;76,32439
1079,69; 1058,075;  222,058; 1328,021;75,59177
1080,23; 1059,690;  239,981; 1318,867;75,97737
1080,77; 1076,229;  252,827; 1317,560;77,33414
1081,31; 1029,844;  203,442; 1253,483;78,70192
1081,85; 1039,690;  228,519; 1263,637;78,36514
1082,39;  996,844;  203,981; 1244,560;76,19446
1082,93; 1009,921;  218,750; 1207,098;80,04985
1083,47;  967,767;  198,981; 1203,329;76,54583
1084,01;  984,460;  232,827; 1220,252;76,12048
1084,55;  956,306;  199,288; 1179,406;77,23742
1085,09;  971,613;  228,904; 1190,637;77,22620
1085,63;  944,460;  218,981; 1170,483;76,24565
1086,17;  915,229;  202,981; 1149,021;75,28728
1086,71;  914,229;  211,442; 1134,944;76,10017
1087,24;  928,460;  234,596; 1152,713;75,57460
1087,78;  918,152;  222,596; 1117,560;77,71890
1088,32;  875,383;  203,827; 1080,098;76,63790
1088,86;  899,844;  228,442; 1107,483;76,37896
1089,40;  899,460;  216,981; 1070,637;79,94778
1089,94;  842,844;  194,750; 1035,637;77,07273
1090,48;  860,690;  224,827; 1033,637;78,61720
1091,02;  860,460;  229,135; 1045,329;77,34985
1091,56;  853,998;  219,442; 1025,944;78,68001
1092,10;  801,075;  200,827; 1002,406;74,88322
1092,63;  845,844;  240,288; 1024,098;77,25802
1093,17;  807,690;  233,058; 1004,252;74,51206
1093,71;  798,383;  215,288;  978,637;76,38642
1094,25;  814,537;  248,212;  995,483;75,78574
1094,79;  785,998;  215,288;  960,713;76,56164
1095,33;  794,152;  221,212;  940,483;79,65569
1095,87;  777,383;  224,673;  936,021;77,69890
1096,40;  752,767;  193,904;  896,329;79,56201
1096,94;  754,690;  227,288;  933,175;74,71483
1097,48;  755,767;  226,135;  905,021;78,01491
1098,02;  740,075;  217,519;  903,175;76,21255
1098,56;  710,229;  192,673;  853,713;78,29412
1099,10;  700,229;  200,519;  861,483;75,60321
1099,63;  680,690;  192,365;  840,098;75,38990
1100,17;  717,998;  229,904;  861,483;77,28160
1100,71;  727,460;  232,596;  868,329;77,84144

