
Integration time [ms]: 160,000
Averaging Nr. [scans]: 13
Smoothing Nr. [pixels]: 0
Data measured with spectrometer [name]: 2009305U1
Wave   ;Sample   ;Dark     ;Reference;Reflectance
[nm]   ;[counts] ;[counts] ;[counts] ;[%]

 175,72;  204,547;  191,519;  191,486; 0,00000
 176,32;  228,997;  226,381;  214,940; 0,00000
 176,92;  267,022;  241,524;  244,812;775,53475
 177,52;  264,657;  247,676;  245,839; 0,00000
 178,12;  248,638;  222,611;  217,278; 0,00000
 178,72;  275,822;  259,077;  248,897; 0,00000
 179,32;  252,603;  243,304;  231,741; 0,00000
 179,92;  249,641;  248,144;  237,554; 0,00000
 180,52;  251,959;  228,126;  237,935;242,97821
 181,12;  269,059;  232,682;  237,833;706,11451
 181,73;  296,216;  263,757;  264,029; 0,00000
 182,33;  365,818;  317,286;  327,322;483,58911
 182,93;  279,389;  258,060;  265,199;298,79244
 183,53;  257,727;  223,541;  225,512;1734,98689
 184,13;  253,486;  226,770;  231,532;560,98936
 184,73;  289,852;  254,697;  264,670;352,50301
 185,33;  267,116;  232,099;  346,488;30,61189
 185,93;  267,419;  234,572;  343,963;30,02717
 186,53;  290,525;  246,720;  358,116;39,32409
 187,13;  309,525;  264,246;  412,664;30,50798
 187,73;  270,306;  228,801;  351,876;33,72306
 188,33;  280,162;  231,269;  359,775;38,04736
 188,93;  291,566;  241,675;  374,002;37,70280
 189,53;  295,090;  236,613;  379,198;41,01220
 190,13;  321,123;  276,331;  414,750;32,35922
 190,73;  264,801;  219,314;  352,281;34,20969
 191,34;  299,343;  248,296;  381,720;38,25925
 191,94;  280,550;  221,276;  358,118;43,31569
 192,54;  292,444;  259,775;  371,233;29,31077
 193,14;  291,867;  247,555;  368,494;36,64041
 193,74;  292,349;  243,865;  364,133;40,31301
 194,34;  293,181;  238,014;  369,577;41,93238
 194,94;  252,368;  207,324;  338,161;34,42774
 195,54;  239,594;  189,329;  331,243;35,41909
 196,14;  251,630;  216,165;  357,725;25,05342
 196,74;  254,741;  215,486;  327,390;35,07945
 197,34;  224,980;  195,926;  336,271;20,70136
 197,94;  264,505;  224,630;  362,240;28,97632
 198,54;  274,159;  226,165;  386,988;29,84319
 199,14;  250,066;  218,614;  377,550;19,78883
 199,74;  244,796;  191,614;  370,422;29,74234
 200,34;  230,981;  183,689;  369,521;25,44849
 200,94;  255,354;  218,082;  405,289;19,90946
 201,54;  253,181;  202,847;  404,126;25,00721
 202,14;  283,225;  220,609;  436,391;29,01806
 202,74;  262,539;  209,153;  447,622;22,38689
 203,34;  232,634;  192,066;  473,783;14,40023
 203,94;  202,797;  163,300;  464,363;13,11896
 204,54;  284,048;  246,937;  543,462;12,51537
 205,14;  238,287;  185,307;  540,736;14,90608
 205,74;  287,251;  229,143;  624,348;14,70326
 206,34;  250,178;  197,610;  653,244;11,53746
 206,94;  254,648;  200,611;  693,120;10,97172
 207,54;  235,075;  184,687;  719,137; 9,42806
 208,14;  250,482;  195,455;  803,345; 9,05212
 208,74;  252,646;  198,230;  855,552; 8,27838
 209,34;  256,505;  193,229;  944,023; 8,42783
 209,94;  271,805;  199,537; 1044,543; 8,55235
 210,54;  265,329;  203,376; 1111,898; 6,81909
 211,14;  281,576;  212,922; 1222,339; 6,80136
 211,73;  274,715;  209,464; 1314,673; 5,90395
 212,33;  293,547;  222,082; 1403,956; 6,04675
 212,93;  289,648;  202,385; 1461,117; 6,93264
 213,53;  276,376;  170,923; 1512,962; 7,85768
 214,13;  306,932;  181,292; 1572,742; 9,02941
 214,73;  275,994;  172,302; 1608,237; 7,22126
 215,33;  265,651;  150,922; 1633,236; 7,73989
 215,93;  308,773;  194,451; 1783,978; 7,19218
 216,53;  263,641;  152,924; 1831,099; 6,59747
 217,13;  332,280;  215,607; 2029,263; 6,43305
 217,73;  326,848;  194,989; 2219,797; 6,51215
 218,33;  297,944;  149,983; 2354,982; 6,71027
 218,93;  359,350;  179,356; 2654,801; 7,27119
 219,53;  366,213;  172,214; 2901,699; 7,10753
 220,13;  364,412;  151,903; 3178,988; 7,02025
 220,73;  419,726;  174,152; 3474,978; 7,43977
 221,32;  441,646;  179,077; 3842,860; 7,16662
 221,92;  471,829;  174,981; 4170,791; 7,42898
 222,52;  492,566;  178,373; 4533,597; 7,21416
 223,12;  514,755;  176,988; 4906,673; 7,14143
 223,72;  542,946;  192,680; 5246,005; 6,93140
 224,32;  594,385;  176,448; 5603,170; 7,70146
 224,92;  598,597;  176,372; 5860,465; 7,42819
 225,52;  630,070;  187,457; 6182,069; 7,38351
 226,12;  666,772;  178,684; 6419,963; 7,82032
 226,72;  648,708;  148,377; 6719,830; 7,61371
 227,31;  682,459;  153,223; 7036,048; 7,68922
 227,91;  762,951;  189,458; 7401,206; 7,95219
 228,51;  765,772;  171,850; 7795,414; 7,79060
 229,11;  823,298;  172,070; 8048,723; 8,26783
 229,71;  843,515;  157,539; 8378,618; 8,34411
 230,31;  882,643;  162,677; 8740,754; 8,39309
 230,91;  911,394;  159,469; 9042,583; 8,46466
 231,51;  969,214;  152,605; 9274,862; 8,95183
 232,10; 1013,040;  156,214; 9507,841; 9,16232
 232,70; 1045,643;  178,475; 9699,423; 9,10800
 233,30; 1130,430;  189,760; 9927,902; 9,65965
 233,90; 1120,103;  165,990;10050,274; 9,65283
 234,50; 1170,820;  171,451;10084,509;10,08134
 235,10; 1190,674;  164,141;10103,619;10,32784
 235,70; 1260,673;  183,459;10081,290;10,88334
 236,29; 1268,562;  182,077;10024,611;11,03867
 236,89; 1257,765;  158,776; 9855,716;11,33336
 237,49; 1322,993;  180,376; 9778,456;11,90464
 238,09; 1284,871;  172,610; 9429,552;12,01542
 238,69; 1340,591;  199,549; 9207,673;12,66681
 239,29; 1293,376;  165,918; 8939,888;12,85003
 239,89; 1303,169;  192,314; 8592,882;13,22356
 240,48; 1274,390;  168,379; 8220,540;13,73559
 241,08; 1279,937;  166,611; 7864,646;14,46247
 241,68; 1279,955;  179,455; 7641,109;14,74874
 242,28; 1266,481;  171,299; 7287,026;15,39101
 242,88; 1296,585;  196,830; 7036,382;16,07933
 243,48; 1281,494;  201,761; 6783,508;16,40496
 244,07; 1256,009;  183,382; 6590,809;16,74037
 244,67; 1255,403;  192,916; 6405,549;17,10204
 245,27; 1263,253;  186,310; 6269,980;17,70220
 245,87; 1289,244;  194,678; 6247,872;18,08245
 246,47; 1281,118;  181,617; 6208,147;18,24434
 247,06; 1303,443;  172,841; 6224,536;18,68240
 247,66; 1312,463;  180,224; 6324,025;18,42897
 248,26; 1383,603;  196,232; 6477,766;18,90257
 248,86; 1425,039;  190,232; 6660,735;19,08363
 249,46; 1416,099;  151,374; 6845,606;18,89276
 250,05; 1538,854;  189,072; 7218,028;19,20317
 250,65; 1570,297;  158,465; 7524,316;19,16726
 251,25; 1663,948;  170,535; 8010,795;19,04801
 251,85; 1769,602;  156,161; 8552,748;19,21545
 252,44; 1835,089;  145,384; 9145,462;18,77433
 253,04; 2004,726;  186,614; 9842,055;18,82993
 253,64; 2103,946;  150,389;10539,607;18,80370
 254,24; 2282,355;  195,456;11361,387;18,68987
 254,84; 2424,561;  172,682;12305,836;18,55971
 255,43; 2586,788;  178,461;13226,711;18,45709
 256,03; 2742,751;  172,388;14130,990;18,41418
 256,63; 2920,439;  180,622;15117,241;18,34295
 257,23; 3015,369;  171,006;16015,952;17,95123
 257,82; 3197,539;  182,243;16908,150;18,02770
 258,42; 3307,216;  147,938;17764,253;17,93382
 259,02; 3483,910;  187,922;18666,985;17,83634
 259,62; 3567,935;  167,170;19291,834;17,78209
 260,21; 3650,098;  174,538;19848,507;17,66578
 260,81; 3728,851;  174,454;20382,836;17,58873
 261,41; 3723,140;  154,474;20849,883;17,24375
 262,01; 3834,167;  207,557;21322,768;17,17534
 262,60; 3807,677;  161,160;21668,644;16,95464
 263,20; 3850,206;  163,925;22129,526;16,78206
 263,80; 3871,351;  198,096;22143,160;16,73841
 264,40; 3841,969;  157,018;22440,048;16,53703
 264,99; 3870,931;  171,250;22611,931;16,48649
 265,59; 3861,717;  165,258;22695,679;16,40652
 266,19; 3854,311;  157,480;22951,570;16,21837
 266,78; 3859,052;  207,177;23081,355;15,96506
 267,38; 3798,536;  173,026;23060,175;15,84081
 267,98; 3755,589;  161,176;23065,252;15,69333
 268,58; 3763,132;  179,026;23071,394;15,65634
 269,17; 3712,593;  163,570;23156,529;15,43526
 269,77; 3680,890;  199,624;22992,643;15,27339
 270,37; 3592,807;  155,635;22842,399;15,15056
 270,96; 3587,145;  207,243;22664,798;15,05018
 271,56; 3520,651;  173,622;22521,767;14,97676
 272,16; 3488,575;  171,244;22350,314;14,95703
 272,75; 3391,659;  172,782;22239,717;14,58688
 273,35; 3405,036;  176,627;22288,149;14,60057
 273,95; 3346,389;  167,936;22291,511;14,36682
 274,54; 3330,269;  146,687;22325,343;14,35426
 275,14; 3380,870;  175,472;22688,769;14,23780
 275,74; 3343,373;  145,783;22698,525;14,17828
 276,33; 3406,785;  197,471;23172,509;13,96870
 276,93; 3429,472;  180,378;23513,454;13,92484
 277,53; 3463,753;  169,231;24008,482;13,81974
 278,12; 3551,221;  149,005;24511,251;13,96511
 278,72; 3650,785;  199,155;25045,285;13,89203
 279,32; 3738,356;  162,463;25561,472;14,07887
 279,91; 3831,921;  155,465;26301,822;14,06107
 280,51; 3899,588;  172,230;26734,257;14,03265
 281,11; 4027,595;  180,311;27427,118;14,12013
 281,70; 4076,368;  157,696;27831,402;14,16027
 282,30; 4189,651;  158,392;28455,152;14,24636
 282,90; 4289,700;  175,392;28714,479;14,41640
 283,49; 4410,919;  180,011;29265,866;14,54627
 284,09; 4575,275;  196,466;29706,031;14,83861
 284,69; 4649,675;  195,233;29993,775;14,94852
 285,28; 4741,468;  183,005;30359,468;15,10602
 285,88; 4917,393;  206,014;30554,411;15,52431
 286,47; 4930,201;  168,546;30631,454;15,63099
 287,07; 5080,703;  199,155;30623,447;16,04490
 287,67; 5239,187;  189,761;30817,047;16,48669
 288,26; 5338,262;  169,925;30760,410;16,89525
 288,86; 5505,764;  175,543;30852,165;17,37552
 289,46; 5717,227;  182,772;30893,103;18,02148
 290,05; 5910,142;  170,766;30991,385;18,62187
 290,65; 6172,359;  169,931;31207,431;19,33928
 291,24; 6406,219;  183,847;31324,458;19,98153
 291,84; 6591,439;  194,930;31426,472;20,48093
 292,44; 6851,952;  166,452;31550,147;21,30246
 293,03; 7171,902;  241,539;31674,721;22,04792
 293,63; 7360,681;  164,930;31864,697;22,69970
 294,22; 7576,604;  196,465;32001,316;23,20445
 294,82; 7750,112;  175,633;31976,361;23,81857
 295,41; 7800,830;  166,927;31701,402;24,20812
 296,01; 7974,090;  214,015;31546,618;24,76677
 296,61; 8056,018;  186,155;31399,312;25,21329
 297,20; 8082,519;  192,860;30949,353;25,65201
 297,80; 8123,182;  188,457;30910,298;25,82764
 298,39; 8116,756;  163,161;30481,286;26,23380
 298,99; 8224,471;  191,089;30377,195;26,61285
 299,58; 8194,827;  192,839;30282,139;26,59413
 300,18; 8245,072;  189,688;30016,711;27,00700
 300,78; 8183,422;  174,384;29772,955;27,05887
 301,37; 8201,408;  190,329;29760,979;27,09132
 301,97; 8258,054;  176,080;29827,091;27,25700
 302,56; 8298,252;  176,700;29648,270;27,55724
 303,16; 8317,270;  159,164;29629,421;27,68251
 303,75; 8320,080;  173,613;29682,510;27,60682
 304,35; 8430,247;  165,834;29957,757;27,74045
 304,94; 8440,966;  187,849;30010,558;27,67394
 305,54; 8439,415;  195,154;29870,013;27,78197
 306,13; 8450,562;  139,218;29866,698;27,95845
 306,73; 8393,770;  154,914;29594,398;27,98573
 307,33; 8434,939;  181,531;29596,215;28,05880
 307,92; 8453,767;  181,616;29674,734;28,04773
 308,52; 8592,262;  161,241;30113,941;28,14778
 309,11; 8721,651;  166,631;30634,145;28,07915
 309,71; 8792,791;  155,634;30744,044;28,23670
 310,30; 8867,913;  159,771;31007,254;28,22967
 310,90; 9011,528;  192,617;31364,177;28,29153
 311,49; 9041,118;  179,002;31494,531;28,29943
 312,09; 9045,860;  150,842;31694,108;28,19942
 312,68; 9220,837;  203,769;32062,500;28,30329
 313,28; 9158,613;  148,539;32155,195;28,15062
 313,87; 9233,377;  147,002;32277,050;28,27999
 314,47; 9287,452;  172,860;32460,552;28,22931
 315,06; 9285,583;  156,077;32557,804;28,17598
 315,66; 9311,476;  162,765;32782,723;28,04636
 316,25; 9245,757;  140,548;32727,606;27,94118
 316,85; 9277,984;  136,611;32728,331;28,04814
 317,44; 9311,052;  158,553;32934,054;27,92482
 318,04; 9263,642;  138,392;32953,723;27,80789
 318,63; 9243,625;  145,222;33027,981;27,66922
 319,22; 9275,312;  170,009;33123,668;27,63063
 319,82; 9258,566;  169,698;33174,968;27,53763
 320,41; 9201,166;  164,239;33110,840;27,42901
 321,01; 9194,258;  170,228;33235,514;27,29155
 321,60; 9131,554;  167,697;33353,128;27,01142
 322,20; 9068,370;  161,539;33306,047;26,87272
 322,79; 9072,592;  196,462;33478,541;26,66940
 323,39; 9017,251;  163,451;33505,425;26,55452
 323,98; 8981,184;  146,615;33346,321;26,61038
 324,58; 8888,195;  165,856;33324,986;26,30449
 325,17; 8879,986;  171,086;33255,271;26,32345
 325,76; 8812,244;  187,464;33026,705;26,26364
 326,36; 8651,230;  137,997;32587,456;26,23536
 326,95; 8568,254;  183,081;32303,069;26,10578
 327,55; 8438,894;  155,544;31954,546;26,04909
 328,14; 8239,304;  152,456;31669,956;25,65828
 328,74; 8130,445;  192,085;31195,168;25,60507
 329,33; 8021,405;  178,920;30908,649;25,52084
 329,92; 7862,101;  152,861;30305,305;25,56755
 330,52; 7634,398;  160,225;29683,788;25,31596
 331,11; 7519,718;  162,620;29303,557;25,24661
 331,71; 7318,229;  168,618;28648,438;25,10413
 332,30; 7195,966;  184,541;28346,327;24,89695
 332,89; 7083,456;  210,383;27737,003;24,96882
 333,49; 6868,033;  171,620;27301,652;24,68266
 334,08; 6748,270;  169,159;26966,501;24,55135
 334,68; 6611,452;  174,775;26522,251;24,42996
 335,27; 6510,930;  170,839;26254,324;24,30692
 335,86; 6462,487;  220,082;25924,326;24,28550
 336,46; 6328,918;  186,992;25644,406;24,12628
 337,05; 6244,699;  164,620;25591,314;23,91219
 337,65; 6150,230;  148,621;25424,219;23,74468
 338,24; 6210,849;  212,538;25449,418;23,76804
 338,83; 6134,059;  192,230;25322,071;23,64451
 339,43; 6086,361;  162,316;25317,303;23,55018
 340,02; 6059,981;  168,471;25204,126;23,53248
 340,61; 6047,804;  154,385;25279,682;23,45612
 341,21; 5988,753;  192,931;25300,629;23,08384
 341,80; 5976,712;  166,083;25175,412;23,23385
 342,40; 5953,992;  182,147;25335,441;22,94668
 342,99; 5946,456;  177,306;25400,234;22,87264
 343,58; 5977,559;  173,228;25552,957;22,86995
 344,18; 6010,296;  181,535;25673,231;22,86533
 344,77; 6029,183;  152,087;26017,069;22,72221
 345,36; 6103,716;  152,158;26354,530;22,71381
 345,96; 6155,116;  204,074;26514,816;22,61830
 346,55; 6182,240;  148,835;26760,815;22,67176
 347,14; 6251,251;  148,147;27187,191;22,57145
 347,74; 6292,985;  142,212;27508,203;22,47597
 348,33; 6421,712;  160,752;28244,109;22,29420
 348,92; 6531,572;  180,131;28836,764;22,16395
 349,52; 6640,333;  146,980;29272,577;22,29432
 350,11; 6681,369;  166,087;29417,410;22,27346
 350,70; 6711,930;  157,155;29458,240;22,37042
 351,29; 6622,034;  154,792;29074,266;22,36293
 351,89; 6621,026;  177,938;29185,870;22,21147
 352,48; 6571,209;  139,693;29141,337;22,17639
 353,07; 6597,371;  171,915;29109,592;22,20446
 353,67; 6560,780;  179,977;29116,544;22,05100
 354,26; 6491,030;  165,993;28760,313;22,11991
 354,85; 6453,781;  177,303;28634,543;22,05582
 355,45; 6381,188;  152,237;28403,279;22,04857
 356,04; 6362,261;  168,222;28404,482;21,93647
 356,63; 6353,320;  191,004;28218,074;21,98701
 357,22; 6300,933;  176,020;28075,419;21,95357
 357,82; 6218,902;  177,402;27867,785;21,81804
 358,41; 6224,015;  178,772;27794,578;21,89052
 359,00; 6156,447;  153,316;27598,963;21,87280
 359,60; 6139,455;  178,461;27560,373;21,76982
 360,19; 6129,959;  175,067;27301,935;21,95201
 360,78; 6073,442;  166,929;27225,129;21,82892
 361,37; 6029,326;  165,005;26908,077;21,92837
 361,97; 5979,210;  174,003;26860,887;21,75304
 362,56; 5941,784;  145,549;26577,032;21,92928
 363,15; 5930,127;  194,237;26303,342;21,96893
 363,74; 5848,344;  168,860;26023,083;21,96734
 364,34; 5699,170;  187,624;25690,124;21,61178
 364,93; 5656,567;  151,704;25203,284;21,97411
 365,52; 5562,256;  158,389;24911,711;21,83088
 366,11; 5529,687;  169,316;24585,008;21,95462
 366,71; 5445,928;  154,701;24238,207;21,97033
 367,30; 5359,235;  165,697;23887,287;21,89372
 367,89; 5370,504;  201,996;23672,088;22,02168
 368,48; 5290,342;  178,551;23411,826;22,00203
 369,07; 5215,314;  170,693;22951,471;22,14420
 369,67; 5169,280;  191,704;22739,631;22,07554
 370,26; 5071,851;  167,000;22519,906;21,94279
 370,85; 5026,247;  161,774;22237,512;22,03538
 371,44; 5015,000;  165,157;22032,849;22,17812
 372,03; 4949,718;  150,547;21881,015;22,08498
 372,63; 4915,916;  148,158;21489,600;22,34038
 373,22; 4873,135;  162,309;21189,979;22,40298
 373,81; 4792,776;  154,236;20916,621;22,34108
 374,40; 4771,006;  165,917;20720,540;22,40415
 374,99; 4728,388;  154,929;20468,887;22,51387
 375,59; 4678,576;  159,841;20201,958;22,54620
 376,18; 4723,395;  181,698;20077,213;22,82774
 376,77; 4671,343;  173,464;19852,848;22,85579
 377,36; 4688,449;  189,159;19814,532;22,92589
 377,95; 4619,310;  169,162;19639,334;22,85623
 378,55; 4597,181;  150,920;19462,283;23,02407
 379,14; 4629,056;  174,005;19361,333;23,21871
 379,73; 4609,923;  160,085;19264,769;23,29187
 380,32; 4669,066;  181,003;19354,470;23,40767
 380,91; 4609,445;  157,320;19136,857;23,45750
 381,50; 4625,899;  183,241;19149,288;23,42427
 382,10; 4616,835;  153,003;19045,162;23,62796
 382,69; 4613,258;  140,467;18996,353;23,72093
 383,28; 4702,605;  172,471;18951,478;24,12340
 383,87; 4636,664;  152,164;18828,773;24,01132
 384,46; 4692,293;  152,402;18778,418;24,37393
 385,05; 4735,120;  193,241;18749,782;24,47589
 385,64; 4727,380;  165,009;18796,701;24,48715
 386,24; 4733,526;  157,479;18710,830;24,66426
 386,83; 4830,425;  181,249;18770,672;25,00979
 387,42; 4890,301;  172,393;18884,905;25,21259
 388,01; 4987,974;  180,794;19073,879;25,44413
 388,60; 5057,087;  169,631;19409,038;25,40336
 389,19; 5165,254;  154,264;19546,738;25,83987
 389,78; 5244,283;  158,108;19700,810;26,02595
 390,37; 5494,245;  213,175;20191,011;26,43464
 390,96; 5536,307;  166,710;20351,286;26,60248
 391,56; 5594,238;  166,882;20451,610;26,75587
 392,15; 5688,930;  163,491;20695,832;26,91090
 392,74; 5767,887;  132,663;20900,341;27,13459
 393,33; 5890,580;  157,499;21161,285;27,29547
 393,92; 6070,923;  166,438;21593,886;27,55571
 394,51; 6145,746;  153,345;21704,972;27,80486
 395,10; 6375,068;  185,762;21908,982;28,49166
 395,69; 6428,806;  172,298;22015,194;28,64321
 396,28; 6499,558;  180,230;22096,663;28,83374
 396,87; 6588,177;  176,015;22212,768;29,09758
 397,46; 6709,194;  174,332;22389,836;29,41577
 398,06; 6837,858;  185,191;22498,999;29,81413
 398,65; 6886,513;  163,451;22630,643;29,92391
 399,24; 7032,048;  188,149;22754,828;30,32745
 399,83; 7062,734;  155,424;22728,789;30,59938
 400,42; 7186,090;  197,771;22877,609;30,81291
 401,01; 7300,579;  158,970;22988,168;31,28278
 401,60; 7378,719;  182,878;22929,712;31,63447
 402,19; 7461,647;  203,773;22941,894;31,91941
 402,78; 7529,457;  205,310;22956,374;32,19255
 403,37; 7532,913;  189,151;22829,248;32,43697
 403,96; 7612,810;  181,234;22622,689;33,11539
 404,55; 7672,762;  182,405;22586,377;33,43316
 405,14; 7635,422;  175,874;22450,519;33,48897
 405,73; 7686,795;  181,896;22343,367;33,86462
 406,32; 7807,941;  183,732;22345,064;34,40321
 406,91; 7753,212;  178,579;21967,375;34,76389
 407,50; 7790,318;  181,465;21751,722;35,27475
 408,09; 7764,726;  151,954;21563,625;35,55431
 408,68; 7832,184;  173,436;21473,709;35,95610
 409,27; 7776,305;  163,333;21246,772;36,10878
 409,86; 7849,384;  172,196;21121,603;36,64632
 410,45; 7933,678;  190,838;21022,469;37,16867
 411,04; 7955,024;  204,786;20952,857;37,35402
 411,63; 7932,683;  193,641;20688,927;37,76011
 412,22; 7908,822;  197,965;20532,710;37,91962
 412,81; 7914,925;  201,866;20271,681;38,43114
 413,40; 7846,855;  205,146;20048,553;38,51006
 413,99; 7887,356;  238,232;19682,137;39,33944
 414,58; 7764,128;  167,303;19278,259;39,75115
 415,17; 7745,655;  184,328;19139,167;39,89128
 415,76; 7782,141;  172,659;18944,690;40,53627
 416,35; 7728,084;  159,493;18859,431;40,47388
 416,94; 7867,866;  193,731;18884,203;41,05908
 417,53; 8045,349;  179,018;19111,182;41,55009
 418,12; 8123,352;  173,089;19221,766;41,73656
 418,71; 8403,371;  192,376;19514,718;42,49482
 419,30; 8430,870;  189,703;19578,357;42,50510
 419,89; 8635,069;  174,006;19798,096;43,11570
 420,48; 8831,494;  201,684;20076,557;43,42071
 421,07; 8874,588;  188,064;20149,470;43,51659
 421,66; 8967,807;  166,282;20169,254;44,00109
 422,25; 9023,956;  170,565;20084,052;44,45927
 422,84; 9072,490;  208,099;20020,387;44,74189
 423,43; 9031,356;  187,340;19716,558;45,28607
 424,02; 8994,988;  204,643;19509,009;45,53553
 424,60; 8869,758;  174,152;19135,956;45,85854
 425,19; 8829,798;  191,398;18867,548;46,25365
 425,78; 8851,752;  204,550;18828,493;46,43057
 426,37; 8858,733;  209,232;18675,167;46,84031
 426,96; 8875,078;  184,694;18627,269;47,12131
 427,55; 8870,502;  178,446;18405,796;47,68689
 428,14; 8810,170;  171,824;18210,337;47,88835
 428,73; 8805,666;  193,837;18109,465;48,06881
 429,32; 8851,461;  200,388;18035,870;48,50485
 429,91; 8908,720;  217,144;18027,245;48,80139
 430,50; 8900,210;  203,674;17922,001;49,08215
 431,08; 8858,142;  231,204;17790,207;49,13114
 431,67; 8878,452;  254,427;17645,625;49,58845
 432,26; 8860,524;  273,343;17443,178;50,01318
 432,85; 8777,977;  282,345;17148,684;50,37034
 433,44; 8660,916;  299,796;16804,357;50,65945
 434,03; 8524,510;  309,473;16399,778;51,05582
 434,62; 8315,979;  271,872;16063,336;50,93959
 435,21; 8345,817;  283,113;15909,450;51,59689
 435,79; 8284,882;  278,402;15782,611;51,64069
 436,38; 8287,794;  276,618;15723,949;51,86123
 436,97; 8254,525;  279,000;15590,912;52,08706
 437,56; 8218,288;  276,209;15432,003;52,40292
 438,15; 8194,488;  237,599;15359,670;52,61772
 438,74; 8270,324;  262,982;15371,844;52,99765
 439,33; 8240,212;  225,062;15379,396;52,89015
 439,91; 8322,099;  187,744;15453,700;53,28428
 440,50; 8417,575;  237,281;15497,506;53,60533
 441,09; 8491,652;  236,577;15605,746;53,71192
 441,68; 8491,121;  226,794;15592,005;53,78596
 442,27; 8540,060;  208,800;15526,973;54,38808
 442,86; 8565,835;  190,926;15618,999;54,28357
 443,44; 8602,131;  198,239;15634,063;54,44407
 444,03; 8669,006;  252,618;15656,216;54,63910
 444,62; 8604,535;  193,079;15499,248;54,95468
 445,21; 8532,897;  211,467;15270,256;55,25962
 445,80; 8553,509;  232,452;15293,612;55,24845
 446,39; 8478,531;  246,532;15035,740;55,66220
 446,97; 8328,701;  187,899;14795,739;55,72899
 447,56; 8186,835;  191,425;14604,710;55,47250
 448,15; 8160,578;  198,899;14427,208;55,95660
 448,74; 8058,695;  220,513;14189,352;56,11191
 449,33; 7991,903;  200,350;14136,677;55,90822
 449,91; 7882,709;  201,951;13859,162;56,23958
 450,50; 7811,665;  182,184;13693,054;56,46921
 451,09; 7727,888;  206,567;13569,870;56,28339
 451,68; 7734,138;  227,253;13481,362;56,63817
 452,26; 7666,310;  220,093;13403,982;56,47967
 452,85; 7598,107;  198,943;13360,190;56,21932
 453,44; 7648,188;  219,077;13312,491;56,73930
 454,03; 7691,559;  197,858;13327,613;57,07419
 454,61; 7626,499;  185,691;13289,071;56,78541
 455,20; 7739,535;  209,069;13479,934;56,74435
 455,79; 7739,629;  214,696;13459,602;56,81379
 456,38; 7837,341;  224,212;13555,954;57,10528
 456,97; 7862,020;  200,600;13592,776;57,20818
 457,55; 7824,586;  196,130;13600,224;56,91139
 458,14; 7857,503;  220,295;13573,980;57,19176
 458,73; 7817,051;  216,898;13484,112;57,28522
 459,31; 7840,534;  232,193;13586,777;56,97175
 459,90; 7895,045;  251,200;13604,728;57,24214
 460,49; 7992,649;  269,896;13688,038;57,55456
 461,08; 7999,381;  198,341;13829,795;57,22823
 461,66; 8021,132;  208,579;13871,714;57,17980
 462,25; 8042,519;  204,259;13941,058;57,06031
 462,84; 8051,153;  237,801;14034,529;56,63192
 463,43; 7987,217;  187,630;13949,598;56,67493
 464,01; 7985,497;  195,086;13943,406;56,66446
 464,60; 8025,603;  247,865;13873,776;57,08050
 465,19; 7871,087;  187,082;13654,917;57,05449
 465,77; 7829,643;  209,230;13609,383;56,86811
 466,36; 7772,226;  217,630;13468,566;57,01179
 466,95; 7592,873;  202,321;13203,127;56,84687
 467,53; 7406,801;  196,838;12918,904;56,67289
 468,12; 7239,033;  227,451;12626,842;56,54779
 468,71; 7114,185;  220,927;12418,817;56,51189
 469,29; 6948,160;  193,219;12210,569;56,20990
 469,88; 6808,058;  199,752;11986,018;56,06785
 470,47; 6887,920;  249,510;12106,153;55,98895
 471,06; 6798,099;  216,432;12121,030;55,28677
 471,64; 6873,480;  229,282;12183,743;55,57924
 472,23; 6873,847;  188,259;12228,146;55,52866
 472,81; 6888,146;  190,501;12284,568;55,37960
 473,40; 6965,076;  196,413;12468,504;55,15493
 473,99; 7057,787;  273,412;12629,363;54,90775
 474,57; 7055,050;  199,105;12718,704;54,76169
 475,16; 7161,616;  210,267;12926,140;54,66671
 475,75; 7197,693;  228,866;13002,768;54,55519
 476,33; 7226,728;  233,550;13063,774;54,50551
 476,92; 7245,566;  239,641;13125,500;54,36910
 477,51; 7253,439;  222,861;13194,398;54,20004
 478,09; 7237,477;  217,323;13186,654;54,12888
 478,68; 7199,297;  229,088;13142,473;53,97662
 479,27; 7221,633;  246,866;13202,831;53,83441
 479,85; 7156,434;  215,704;13235,564;53,30879
 480,44; 7209,087;  219,315;13332,746;53,30239
 481,02; 7859,686;  216,923;15223,998;50,92773
 481,61; 8764,577;  253,388;16832,268;51,33754
 482,20; 9254,656;  236,230;17846,529;51,21109
 482,78; 9644,422;  273,548;18530,404;51,32797
 483,37; 9877,879;  250,449;19003,367;51,33830
 483,95;10007,657;  284,754;19237,862;51,29978
 484,54;10025,804;  291,851;19346,842;51,08348
 485,13; 9916,688;  253,052;19237,891;50,90186
 485,71; 9788,099;  247,594;19011,303;50,84552
 486,30; 9718,982;  283,902;18742,020;51,11616
 486,88; 9484,576;  317,284;18346,123;50,84793
 487,47; 9071,554;  300,281;17589,841;50,73161
 488,05; 8640,524;  284,431;16764,992;50,70272
 488,64; 8031,116;  289,268;15436,548;51,11049
 489,23; 7108,926;  287,813;13403,608;52,00686
 489,81; 6114,000;  294,579;11755,569;50,77590
 490,40; 5824,010;  243,193;11302,629;50,46204
 490,98; 5644,358;  236,650;11124,761;49,66617
 491,57; 5560,594;  255,427;11095,592;48,93991
 492,15; 5477,850;  233,033;10996,937;48,72597
 492,74; 5417,433;  242,507;10833,893;48,85977
 493,32; 5364,150;  252,343;10845,750;48,25460
 493,91; 5259,993;  235,875;10701,946;48,00386
 494,50; 5225,669;  241,782;10673,204;47,77763
 495,08; 5145,230;  233,475;10579,732;47,47374
 495,67; 5124,374;  236,569;10566,058;47,31895
 496,25; 5055,822;  190,252;10474,505;47,31088
 496,84; 5053,483;  202,339;10436,707;47,40053
 497,42; 5002,125;  194,095;10452,287;46,87015
 498,01; 4922,753;  218,106;10343,209;46,46517
 498,59; 4889,128;  186,324;10299,944;46,49971
 499,18; 4878,700;  187,259;10242,521;46,65658
 499,76; 4825,638;  198,021;10174,575;46,38493
 500,35; 4699,582;  202,009;10037,163;45,72957
 500,93; 4667,330;  183,865; 9971,333;45,80822
 501,52; 4586,466;  193,786; 9918,412;45,17068
 502,10; 4569,437;  203,310; 9872,661;45,15429
 502,69; 4456,911;  189,766; 9709,597;44,82375
 503,27; 4374,156;  171,243; 9539,466;44,86351
 503,86; 4347,124;  188,614; 9468,596;44,81161
 504,44; 4251,945;  176,455; 9385,353;44,25600
 505,03; 4146,493;  152,532; 9109,013;44,59297
 505,61; 4010,725;  171,611; 9022,948;43,37326
 506,19; 3954,563;  201,763; 8915,456;43,06784
 506,78; 3895,334;  164,597; 8724,724;43,58273
 507,36; 3792,113;  169,533; 8542,528;43,26504
 507,95; 3744,213;  174,131; 8423,391;43,27761
 508,53; 3695,124;  177,982; 8358,917;42,99193
 509,12; 3583,751;  182,055; 8156,607;42,65689
 509,70; 3541,065;  200,745; 8071,460;42,43985
 510,29; 3445,192;  200,047; 7914,882;42,06369
 510,87; 3332,567;  162,059; 7730,674;41,89020
 511,46; 3275,219;  166,826; 7573,303;41,96857
 512,04; 3193,103;  173,358; 7446,115;41,52132
 512,62; 3132,641;  178,441; 7338,558;41,25909
 513,21; 3048,910;  153,585; 7126,451;41,52274
 513,79; 3005,874;  176,951; 7032,609;41,26406
 514,38; 2918,210;  155,188; 6900,213;40,96386
 514,96; 2881,869;  193,189; 6805,625;40,66096
 515,54; 2777,072;  168,878; 6674,648;40,09048
 516,13; 2730,903;  183,030; 6581,831;39,81797
 516,71; 2717,781;  163,638; 6470,795;40,49595
 517,30; 2626,270;  159,785; 6343,152;39,88903
 517,88; 2581,032;  189,016; 6325,749;38,97865
 518,46; 2523,439;  161,782; 6208,664;39,05578
 519,05; 2497,626;  172,392; 6162,716;38,81650
 519,63; 2488,783;  174,857; 6103,985;39,02642
 520,22; 2440,731;  186,999; 6063,011;38,35479
 520,80; 2398,371;  174,537; 5974,169;38,34440
 521,38; 2421,718;  200,314; 5943,214;38,68087
 521,97; 2374,404;  163,301; 5948,913;38,21727
 522,55; 2350,222;  192,916; 5899,087;37,80654
 523,13; 2331,453;  164,527; 5895,475;37,81095
 523,72; 2294,201;  176,783; 5902,339;36,98188
 524,30; 2370,190;  187,446; 6033,060;37,33986
 524,89; 2310,428;  173,761; 6062,840;36,28185
 525,47; 2355,035;  188,366; 6140,356;36,40243
 526,05; 2343,260;  156,288; 6214,583;36,09879
 526,64; 2407,495;  185,593; 6331,409;36,15308
 527,22; 2424,911;  173,521; 6435,363;35,95413
 527,80; 2464,459;  212,670; 6570,642;35,41678
 528,39; 2439,786;  166,051; 6667,042;34,97520
 528,97; 2478,710;  178,591; 6853,054;34,46148
 529,55; 2547,087;  199,835; 7020,103;34,41583
 530,14; 2605,743;  200,586; 7212,337;34,30180
 530,72; 2601,824;  172,745; 7298,694;34,08780
 531,30; 2610,921;  168,277; 7399,341;33,77987
 531,89; 2632,979;  185,662; 7495,713;33,47880
 532,47; 2709,447;  210,275; 7550,258;34,04875
 533,05; 2705,653;  197,824; 7607,309;33,84619
 533,63; 2685,776;  213,042; 7692,081;33,06219
 534,22; 2698,651;  183,581; 7735,523;33,30362
 534,80; 2719,806;  209,034; 7776,864;33,17691
 535,38; 2788,511;  271,738; 7846,710;33,22486
 535,97; 2677,964;  206,659; 7879,065;32,21031
 536,55; 2704,301;  240,649; 7922,144;32,07257
 537,13; 2690,732;  257,586; 7916,035;31,77074
 537,71; 2712,631;  305,971; 7930,261;31,56569
 538,30; 2742,512;  342,193; 8009,190;31,30716
 538,88; 2771,447;  369,412; 8121,348;30,98626
 539,46; 2844,855;  426,881; 8317,961;30,64187
 540,05; 2832,459;  452,799; 8419,354;29,87063
 540,63; 2904,602;  504,337; 8682,437;29,34991
 541,21; 2987,252;  544,871; 8800,746;29,58356
 541,79; 2992,003;  586,409; 8912,041;28,89383
 542,38; 3072,358;  611,262; 9088,735;29,03102
 542,96; 3075,617;  610,018; 9235,033;28,58661
 543,54; 3155,699;  634,103; 9425,864;28,68136
 544,12; 3127,015;  591,023; 9550,281;28,30583
 544,70; 3127,499;  579,787; 9584,185;28,29408
 545,29; 3174,559;  600,723; 9717,112;28,23306
 545,87; 3133,541;  559,948; 9808,195;27,82791
 546,45; 3121,428;  513,647; 9799,178;28,08435
 547,03; 3082,342;  478,489; 9875,906;27,70818
 547,62; 3109,614;  445,178;10013,911;27,84524
 548,20; 3141,987;  434,327;10169,689;27,81263
 548,78; 3146,962;  390,234;10269,133;27,90521
 549,36; 3155,161;  358,159;10444,419;27,73082
 549,94; 3140,431;  312,406;10634,534;27,39769
 550,53; 3216,491;  320,161;10831,701;27,55381
 551,11; 3191,168;  289,308;10993,979;27,10836
 551,69; 3259,240;  284,390;11224,446;27,19228
 552,27; 3303,440;  256,396;11579,805;26,90925
 552,85; 3377,054;  265,770;11906,569;26,72741
 553,44; 3458,424;  250,390;12238,837;26,75938
 554,02; 3512,864;  268,849;12547,017;26,42100
 554,60; 3520,029;  209,538;12851,477;26,18658
 555,18; 3615,450;  240,236;13202,791;26,03819
 555,76; 3689,873;  224,772;13524,216;26,05448
 556,34; 3768,184;  221,916;13983,264;25,76977
 556,93; 3833,697;  216,158;14324,777;25,64063
 557,51; 3876,317;  207,531;14638,994;25,42213
 558,09; 3968,593;  219,620;14998,720;25,36672
 558,67; 4017,833;  224,373;15294,009;25,17287
 559,25; 4087,423;  230,991;15618,759;25,06167
 559,83; 4101,266;  209,369;15858,724;24,86938
 560,41; 4183,155;  206,688;16227,961;24,81992
 561,00; 4220,390;  220,603;16632,483;24,37129
 561,58; 4265,446;  212,304;16808,744;24,42176
 562,16; 4333,273;  198,000;17096,652;24,47103
 562,74; 4351,584;  184,157;17464,767;24,11621
 563,32; 4441,921;  178,600;17929,237;24,01785
 563,90; 4541,534;  204,757;18317,284;23,94352
 564,48; 4606,510;  216,843;18674,966;23,78176
 565,06; 4730,597;  203,066;19318,017;23,68581
 565,65; 4849,991;  207,746;19974,149;23,48553
 566,23; 5005,572;  246,988;20618,232;23,35932
 566,81; 5097,847;  205,760;21366,734;23,11844
 567,39; 5289,575;  202,136;22241,662;23,08325
 567,97; 5384,620;  214,682;22799,929;22,89077
 568,55; 5586,154;  230,292;23663,033;22,85632
 569,13; 5728,474;  203,218;24286,578;22,94221
 569,71; 5887,467;  205,539;25217,088;22,71722
 570,29; 6119,805;  237,928;26141,861;22,70650
 570,87; 6194,137;  235,002;26799,188;22,43297
 571,45; 6320,527;  223,373;27338,343;22,48630
 572,03; 6361,856;  188,750;27757,081;22,39202
 572,61; 6490,184;  193,062;28431,502;22,29982
 573,20; 6590,700;  227,146;29223,429;21,94610
 573,78; 6693,084;  212,446;29730,513;21,95482
 574,36; 6804,123;  217,602;30180,703;21,98211
 574,94; 6853,521;  270,902;30540,039;21,74697
 575,52; 6855,830;  232,507;30775,368;21,68534
 576,10; 6948,002;  282,050;31426,377;21,40342
 576,68; 7029,904;  264,827;31935,562;21,36066
 577,26; 7136,233;  284,118;32591,692;21,20900
 577,84; 7205,552;  279,447;32998,208;21,16860
 578,42; 7241,902;  326,284;33286,154;20,98194
 579,00; 7188,709;  280,676;33355,019;20,88638
 579,58; 7228,568;  318,748;33645,109;20,73380
 580,16; 7214,309;  300,128;33576,362;20,77813
 580,74; 7210,363;  303,435;33816,220;20,60983
 581,32; 7200,081;  298,747;33898,785;20,53966
 581,90; 7179,185;  317,129;33832,369;20,47444
 582,48; 7149,626;  320,590;34061,484;20,23964
 583,06; 7144,479;  314,901;34178,422;20,16795
 583,64; 7150,656;  318,287;34207,103;20,16113
 584,22; 7122,619;  324,659;33989,857;20,19284
 584,80; 6980,805;  336,130;33728,577;19,89874
 585,38; 6880,869;  336,763;33398,400;19,79365
 585,96; 6820,808;  318,136;33540,919;19,57293
 586,54; 6831,242;  337,584;33549,195;19,55237
 587,12; 6811,557;  295,664;33623,671;19,55080
 587,70; 6816,631;  326,751;33915,700;19,32147
 588,28; 6759,366;  310,588;33990,030;19,14752
 588,86; 6767,174;  309,124;34064,532;19,13190
 589,44; 6699,404;  290,421;34138,220;18,93471
 590,02; 6714,253;  295,962;34368,719;18,83702
 590,59; 6670,580;  267,738;34487,740;18,71082
 591,17; 6704,018;  266,411;34747,061;18,67020
 591,75; 6652,702;  267,340;34803,563;18,48888
 592,33; 6722,129;  286,112;35112,345;18,48037
 592,91; 6666,655;  229,721;35426,881;18,28822
 593,49; 6710,651;  245,101;35671,600;18,25061
 594,07; 6762,297;  259,562;35832,838;18,27983
 594,65; 6725,863;  261,352;35821,340;18,17917
 595,23; 6761,726;  246,578;36210,868;18,11560
 595,81; 6759,464;  243,729;36274,311;18,08390
 596,39; 6722,268;  248,883;36486,386;17,86377
 596,97; 6754,636;  243,029;36605,638;17,90743
 597,55; 6748,370;  235,273;36543,706;17,93825
 598,12; 6665,081;  225,713;36555,274;17,72487
 598,70; 6670,118;  216,258;36759,588;17,66084
 599,28; 6682,223;  244,565;36890,184;17,56733
 599,86; 6637,947;  238,027;36873,218;17,46932
 600,44; 6637,184;  204,178;37010,993;17,47776
 601,02; 6687,867;  242,858;37089,574;17,49141
 601,60; 6587,210;  224,878;37007,479;17,29712
 602,18; 6589,815;  213,406;36958,737;17,35298
 602,75; 6561,256;  211,576;37145,530;17,19198
 603,33; 6570,934;  227,411;37128,658;17,19054
 603,91; 6514,100;  209,094;37075,905;17,10212
 604,49; 6527,787;  238,180;37155,830;17,03686
 605,07; 6476,434;  247,802;37247,076;16,83447
 605,65; 6522,919;  252,716;37232,933;16,95556
 606,23; 6528,682;  339,047;37403,294;16,69975
 606,80; 6485,468;  378,730;37512,518;16,44523
 607,38; 6466,829;  435,941;37444,992;16,29571
 607,96; 6479,575;  486,731;37561,063;16,16440
 608,54; 6498,593;  544,639;37598,074;16,06856
 609,12; 6467,881;  574,807;37652,883;15,89369
 609,70; 6461,565;  603,412;37699,629;15,79178
 610,27; 6441,637;  613,886;37760,335;15,68858
 610,85; 6411,394;  621,182;37945,412;15,51328
 611,43; 6431,647;  642,335;37815,543;15,57388
 612,01; 6310,939;  590,418;37537,258;15,48311
 612,59; 6284,094;  573,566;37568,892;15,43581
 613,16; 6251,022;  538,274;37494,408;15,45819
 613,74; 6168,116;  509,257;37388,638;15,34423
 614,32; 6142,898;  459,177;37376,355;15,39587
 614,90; 6055,973;  404,492;37241,860;15,34171
 615,48; 5950,610;  353,657;36952,366;15,29276
 616,05; 5918,124;  322,583;36924,578;15,28753
 616,63; 5841,099;  337,740;36705,328;15,13259
 617,21; 5788,320;  317,732;36719,598;15,02832
 617,79; 5756,229;  301,652;36551,488;15,04718
 618,36; 5746,800;  311,494;36451,140;15,03973
 618,94; 5593,154;  262,272;36145,819;14,85606
 619,52; 5581,449;  278,970;35926,114;14,87491
 620,10; 5528,235;  268,499;35857,414;14,77914
 620,67; 5465,281;  276,048;35802,232;14,60679
 621,25; 5456,278;  291,802;35702,434;14,58454
 621,83; 5438,317;  276,887;35486,864;14,65900
 622,41; 5414,762;  310,888;35527,570;14,49278
 622,98; 5339,744;  295,894;35265,104;14,42369
 623,56; 5303,145;  290,742;35286,075;14,32306
 624,14; 5264,447;  279,414;35205,024;14,27329
 624,72; 5232,203;  269,810;35071,300;14,25914
 625,29; 5189,557;  246,434;35144,209;14,16458
 625,87; 5210,940;  293,805;35131,731;14,11431
 626,45; 5091,479;  242,897;34865,656;14,00403
 627,02; 5090,138;  258,574;34892,390;13,95043
 627,60; 5053,214;  251,640;34812,462;13,89311
 628,18; 5024,804;  234,576;34819,037;13,85081
 628,76; 5035,491;  235,893;34911,423;13,84145
 629,33; 5036,127;  258,197;34923,927;13,78286
 629,91; 4963,697;  241,653;34861,414;13,63974
 630,49; 4988,462;  257,430;35011,585;13,61285
 631,06; 4966,939;  251,046;35169,940;13,50527
 631,64; 4925,841;  256,281;35102,744;13,40039
 632,22; 4895,475;  215,670;35023,676;13,44462
 632,79; 4925,888;  236,439;35310,657;13,37007
 633,37; 4901,226;  219,187;35335,373;13,33299
 633,95; 4885,337;  224,590;35409,881;13,24629
 634,52; 4877,310;  210,118;35526,999;13,21519
 635,10; 4887,913;  208,116;35525,147;13,25082
 635,68; 4902,023;  216,593;35702,106;13,20378
 636,25; 4828,099;  208,060;35657,472;13,03277
 636,83; 4798,952;  194,432;35948,269;12,87840
 637,41; 4804,358;  209,825;35891,686;12,87638
 637,98; 4826,861;  235,749;36229,688;12,75524
 638,56; 4832,531;  220,908;36289,400;12,78574
 639,13; 4787,506;  202,510;36304,779;12,70002
 639,71; 4867,601;  239,892;36412,703;12,79334
 640,29; 4704,761;  182,815;36232,811;12,54354
 640,86; 4744,200;  202,969;36414,071;12,54099
 641,44; 4740,870;  203,661;36446,331;12,51897
 642,02; 4734,079;  233,660;36350,746;12,46063
 642,59; 4677,133;  195,429;36597,698;12,31161
 643,17; 4657,264;  204,967;36478,266;12,27431
 643,74; 4655,857;  201,198;36555,988;12,25329
 644,32; 4641,142;  228,813;36455,172;12,17989
 644,89; 4658,889;  211,505;36439,201;12,27620
 645,47; 4637,405;  220,351;36540,615;12,16140
 646,05; 4604,460;  225,120;36471,876;12,08202
 646,62; 4581,899;  219,735;36389,597;12,06022
 647,20; 4550,492;  221,734;36537,396;11,91981
 647,77; 4500,469;  194,196;36456,810;11,87524
 648,35; 4471,831;  188,041;36334,455;11,85122
 648,92; 4490,501;  226,118;36323,408;11,81358
 649,50; 4445,094;  182,656;36179,668;11,84109
 650,08; 4433,302;  194,348;36169,390;11,78304
 650,65; 4417,510;  196,656;36434,343;11,64769
 651,23; 4466,565;  176,809;37475,142;11,50120
 651,80; 4568,158;  177,963;38145,556;11,56301
 652,38; 4623,289;  195,116;38409,124;11,58783
 652,95; 4623,420;  174,577;38783,076;11,52296
 653,53; 4647,090;  200,346;38932,645;11,48071
 654,10; 4733,452;  225,807;39085,059;11,59993
 654,68; 4641,815;  185,499;38997,857;11,48169
 655,25; 4646,869;  180,653;39155,964;11,45909
 655,83; 4643,923;  191,653;39123,301;11,43612
 656,40; 4610,901;  207,268;39125,792;11,31501
 656,98; 4554,263;  178,344;39041,976;11,25968
 657,55; 4550,856;  200,113;38905,544;11,24065
 658,13; 4468,987;  183,036;38492,266;11,18778
 658,70; 4422,196;  214,036;38173,064;11,08606
 659,28; 4319,173;  195,343;37285,325;11,11845
 659,85; 4209,151;  202,189;36767,200;10,95846
 660,43; 4200,744;  216,496;36795,922;10,89204
 661,00; 4187,952;  192,034;37030,413;10,84716
 661,58; 4196,083;  193,188;37247,674;10,80273
 662,15; 4195,368;  173,264;37525,396;10,76807
 662,73; 4290,884;  228,956;37772,656;10,81920
 663,30; 4259,862;  196,879;37982,147;10,75282
 663,88; 4292,378;  201,725;38034,946;10,81233
 664,45; 4250,740;  177,032;38376,514;10,66430
 665,03; 4255,564;  190,186;38730,467;10,54839
 665,60; 4390,849;  247,032;39080,342;10,67078
 666,17; 4321,749;  190,416;39173,141;10,59786
 666,75; 4346,419;  182,569;39595,478;10,56469
 667,32; 4398,551;  218,954;39835,200;10,55021
 667,90; 4390,759;  190,800;40079,691;10,52915
 668,47; 4418,583;  214,030;40393,490;10,46443
 669,05; 4429,099;  190,568;40677,597;10,46886
 669,62; 4395,153;  165,876;40703,472;10,43298
 670,19; 4387,361;  186,183;40780,271;10,34924
 670,77; 4439,646;  194,413;40914,301;10,42545
 671,34; 4419,239;  189,105;40904,253;10,38958
 671,92; 4432,755;  174,182;41211,052;10,37743
 672,49; 4419,733;  201,797;41289,235;10,26576
 673,06; 4353,556;  155,720;41258,496;10,21302
 673,64; 4409,534;  177,335;41221,448;10,31134
 674,21; 4368,512;  163,334;41252,786;10,23420
 674,79; 4420,104;  197,565;41443,123;10,23756
 675,36; 4411,082;  200,949;41590,152;10,17206
 675,93; 4350,906;  171,257;41475,567;10,11916
 676,51; 4388,960;  180,487;41691,365;10,13824
 677,08; 4389,399;  187,641;41722,087;10,11632
 677,65; 4367,300;  190,256;41813,578;10,03535
 678,23; 4413,046;  190,717;42092,608;10,07670
 678,80; 4403,793;  177,563;42089,638;10,08356
 679,38; 4389,848;  172,716;42195,206;10,03542
 679,95; 4448,902;  186,408;42522,697;10,06818
 680,52; 4427,495;  174,869;42794,188; 9,97816
 681,10; 4465,011;  187,946;43153,602; 9,95461
 681,67; 4498,835;  194,869;43574,862; 9,92155
 682,24; 4462,427;  170,791;43488,969; 9,90724
 682,82; 4493,482;  178,791;44118,998; 9,81946
 683,39; 4624,229;  220,791;44479,951; 9,94921
 683,96; 4583,822;  175,867;44567,673; 9,92966
 684,54; 4617,491;  176,790;44929,625; 9,92273
 685,11; 4675,777;  211,867;45244,655; 9,91258
 685,68; 4667,139;  191,097;45715,146; 9,83226
 686,25; 4672,116;  175,943;45676,637; 9,88155
 686,83; 4698,632;  174,481;45902,974; 9,89351
 687,40; 4743,687;  174,173;46243,850; 9,91870
 687,97; 4781,203;  210,865;46634,187; 9,84492
 688,55; 4729,795;  172,096;46695,909; 9,79649
 689,12; 4739,850;  158,018;46834,247; 9,81620
 689,69; 4747,520;  167,941;46987,738; 9,78129
 690,26; 4821,959;  188,095;47065,767; 9,88501
 690,84; 4790,475;  176,248;47164,335; 9,81999
 691,41; 4810,375;  191,325;47289,980; 9,80718
 691,98; 4845,661;  186,324;47652,471; 9,81612
 692,56; 4853,023;  172,016;47699,501; 9,84905
 693,13; 4906,000;  231,478;47811,146; 9,82462
 693,70; 4851,670;  198,477;47910,483; 9,75267
 694,27; 4857,878;  175,861;48078,666; 9,77399
 694,84; 4852,010;  172,553;48199,850; 9,74333
 695,42; 4899,449;  209,938;48158,418; 9,78031
 695,99; 4902,580;  178,399;48434,217; 9,78987
 696,56; 4866,327;  166,937;48235,939; 9,77634
 697,13; 4939,458;  188,937;48645,660; 9,80364
 697,71; 4907,974;  156,936;48695,382; 9,78819
 698,28; 4970,567;  177,859;49043,181; 9,80799
 698,85; 4919,160;  149,936;49061,749; 9,75066
 699,42; 4982,060;  150,166;49175,317; 9,85595
 699,99; 4983,961;  186,781;49168,424; 9,79383
 700,57; 4945,785;  189,550;49295,376; 9,68568
 701,14; 4976,378;  167,627;49540,867; 9,73959
 701,71; 5007,894;  191,088;49600,743; 9,74871
 702,28; 5039,179;  187,703;49671,388; 9,80419
 702,85; 5017,695;  182,780;49705,341; 9,76306
 703,43; 5065,442;  200,856;50042,139; 9,76015
 704,00; 5114,957;  205,394;50212,708; 9,81769
 704,57; 5083,243;  198,394;50247,276; 9,76016
 705,14; 5138,451;  221,009;50445,074; 9,79101
 705,71; 5118,505;  223,855;50507,027; 9,73417
 706,28; 5085,252;  199,239;50257,057; 9,76074
 706,86; 5147,384;  223,854;50675,701; 9,75887
 707,43; 5204,592;  231,546;50503,193; 9,89235
 708,00; 5173,185;  219,777;50573,299; 9,83726
 708,57; 5140,162;  201,623;50403,175; 9,83742
 709,14; 5155,063;  226,238;50611,974; 9,78218
 709,71; 5189,271;  202,391;50668,619; 9,88162
 710,28; 5211,018;  190,852;50869,263; 9,90593
 710,86; 5223,457;  194,467;50971,908; 9,90398
 711,43; 5284,511;  211,929;50930,246;10,00148
 712,00; 5270,489;  203,390;51004,044; 9,97448
 712,57; 5302,159;  213,082;51145,920; 9,99174
 713,14; 5297,290;  192,389;51241,027;10,00007
 713,71; 5321,037;  199,773;51219,825;10,03775
 714,28; 5332,245;  203,696;51284,240;10,04012
 714,85; 5285,915;  179,234;51042,962;10,03993
 715,42; 5326,046;  197,772;51212,914;10,05245
 716,00; 5402,947;  231,464;51301,790;10,12620
 716,57; 5346,617;  194,156;51492,127;10,04418
 717,14; 5388,440;  174,233;51368,080;10,18522
 717,71; 5372,264;  162,925;51490,879;10,14913
 718,28; 5448,241;  209,540;51434,370;10,22688
 718,85; 5406,142;  178,540;51513,476;10,18332
 719,42; 5482,812;  191,155;51748,583;10,26362
 719,99; 5461,712;  184,154;51432,997;10,29791
 720,56; 5488,690;  194,385;51626,411;10,29379
 721,13; 5434,821;  186,231;51896,825;10,14993
 721,70; 5478,722;  175,154;51737,624;10,28571
 722,27; 5515,776;  211,538;51837,961;10,27427
 722,84; 5606,446;  227,999;51915,914;10,40562
 723,41; 5524,347;  168,691;51779,251;10,37705
 723,98; 5600,017;  189,845;52034,127;10,43543
 724,55; 5610,148;  210,383;52143,541;10,39753
 725,12; 5555,433;  144,921;52052,878;10,42328
 725,69; 5617,103;  175,844;52301,446;10,43875
 726,27; 5647,234;  181,459;52352,553;10,47664
 726,84; 5700,212;  189,227;52631,044;10,50876
 727,41; 5770,959;  195,150;52610,612;10,63772
 727,98; 5807,551;  193,842;52946,641;10,64154
 728,55; 5824,837;  217,919;52853,517;10,65233
 729,12; 5791,199;  168,611;53012,931;10,63991
 729,69; 5875,099;  194,610;53127,346;10,73152
 730,26; 5889,154;  205,764;53271,221;10,71015
 730,82; 5868,131;  186,764;53139,866;10,72906
 731,39; 5913,340;  189,840;53253,742;10,78605
 731,96; 5950,856;  176,071;53726,771;10,78377
 732,53; 6017,987;  199,686;53794,724;10,85604
 733,10; 6085,734;  198,455;53893,754;10,96424
 733,67; 6077,250;  195,993;54022,860;10,92625
 734,24; 6034,458;  187,608;53704,428;10,92526
 734,81; 6096,282;  213,608;53786,227;10,98075
 735,38; 6079,798;  198,069;53504,026;11,03391
 735,95; 6061,852;  192,607;53378,671;11,03531
 736,52; 6089,753;  207,683;53641,931;11,00805
 737,09; 6096,961;  205,760;53200,114;11,11666
 737,66; 6173,477;  236,683;53366,682;11,17409
 738,23; 6155,070;  196,298;53539,558;11,17062
 738,80; 6286,816;  232,298;53792,126;11,30422
 739,37; 6252,102;  221,682;53891,540;11,23614
 739,94; 6258,925;  194,220;53998,185;11,27186
 740,51; 6377,441;  276,527;54075,523;11,34020
 741,07; 6328,111;  188,835;53936,014;11,42251
 741,64; 6375,012;  223,450;54271,043;11,38175
 742,21; 6398,835;  192,296;54194,304;11,49316
 742,78; 6408,121;  169,834;54114,949;11,56414
 743,35; 6474,483;  197,218;54262,440;11,61054
 743,92; 6519,537;  223,218;54418,623;11,61781
 744,49; 6544,899;  196,756;54284,806;11,73668
 745,06; 6527,261;  187,986;54336,836;11,70713
 745,63; 6524,008;  169,524;54346,712;11,72908
 746,19; 6597,601;  183,293;54321,818;11,84795
 746,76; 6621,425;  199,139;54303,079;11,87027
 747,33; 6626,479;  189,754;54318,877;11,89143
 747,90; 6712,841;  213,292;54484,907;11,97596
 748,47; 6716,050;  211,292;54387,013;12,00678
 749,04; 6719,104;  202,369;54411,043;12,02157
 749,61; 6725,005;  225,522;54302,765;12,01889
 750,17; 6806,905;  201,445;54403,717;12,18669
 750,74; 6781,575;  207,214;54210,209;12,17407
 751,31; 6699,552;  183,598;54225,161;12,05730
 751,88; 6773,453;  172,521;54072,422;12,24665
 752,45; 6808,431;  197,597;54272,143;12,22541
 753,02; 6865,408;  203,905;54075,788;12,36545
 753,58; 6830,386;  179,289;54019,895;12,35331
 754,15; 6835,440;  189,212;54153,617;12,31595
 754,72; 6870,033;  184,673;53897,646;12,44645
 755,29; 6861,318;  182,827;53744,214;12,46885
 755,86; 6884,065;  206,980;53887,552;12,43855
 756,42; 6960,581;  211,057;53757,812;12,60492
 756,99; 6921,789;  183,364;53740,995;12,58163
 757,56; 6961,228;  188,594;53599,486;12,68025
 758,13; 6918,975;  154,902;53643,901;12,64573
 758,70; 7053,414;  184,055;53619,546;12,85542
 759,26; 7044,468;  186,055;53680,575;12,82078
 759,83; 7051,754;  192,824;53849,374;12,78302
 760,40; 7102,116;  172,439;53729,019;12,93898
 760,97; 7126,786;  181,054;53652,433;12,98962
 761,53; 7087,609;  153,054;53224,155;13,06654
 762,10; 7118,125;  167,746;53412,261;13,05370
 762,67; 7153,641;  181,515;53308,291;13,12356
 763,24; 7126,849;  142,668;52784,551;13,26735
 763,80; 7205,750;  173,283;52993,273;13,31403
 764,37; 7219,343;  174,898;52890,303;13,36316
 764,94; 7223,859;  170,667;52409,332;13,50186
 765,50; 7212,452;  154,898;52455,669;13,49417
 766,07; 7278,045;  202,897;52535,853;13,51949
 766,64; 7262,945;  164,666;52255,806;13,62665
 767,21; 7276,307;  170,897;52117,681;13,67825
 767,77; 7353,285;  192,127;51984,249;13,82673
 768,34; 7340,262;  185,896;52024,894;13,80113
 768,91; 7380,855;  184,819;51831,385;13,93323
 769,47; 7421,141;  183,588;51739,646;14,03822
 770,04; 7396,041;  198,203;51652,137;13,98890
 770,61; 7372,711;  176,433;51467,012;14,03041
 771,18; 7410,765;  165,740;51421,427;14,13507
 771,74; 7499,204;  179,894;51554,995;14,24681
 772,31; 7488,336;  178,817;51285,486;14,30248
 772,88; 7474,313;  162,201;50999,746;14,38329
 773,44; 7463,675;  174,970;50919,930;14,36341
 774,01; 7529,268;  184,354;50986,190;14,45797
 774,58; 7517,630;  165,431;50584,450;14,58219
 775,14; 7574,223;  165,815;50935,787;14,59211
 775,71; 7556,970;  162,353;50687,048;14,63565
 776,27; 7677,409;  209,199;50623,616;14,81364
 776,84; 7754,464;  235,814;50558,107;14,94099
 777,41; 7680,133;  192,737;50449,598;14,89826
 777,97; 7709,880;  175,737;50148,397;15,07653
 778,54; 7766,858;  194,121;50152,734;15,15802
 779,11; 7770,374;  202,121;50107,456;15,16522
 779,67; 7751,351;  166,582;50077,870;15,19650
 780,24; 7779,559;  187,197;49932,053;15,26261
 780,80; 7783,998;  211,966;49922,545;15,23224
 781,37; 7843,438;  191,735;49936,959;15,38178
 781,94; 7817,261;  193,427;49652,142;15,41454
 782,50; 7882,469;  199,657;49670,710;15,52991
 783,07; 7904,139;  220,657;49662,124;15,54056
 783,63; 7937,194;  178,426;49441,923;15,74953
 784,20; 7935,402;  211,810;49375,876;15,70983
 784,77; 7909,456;  190,810;49139,598;15,76882
 785,33; 7908,819;  168,886;48971,396;15,85970
 785,90; 7952,411;  193,809;48959,657;15,90991
 786,46; 7968,158;  202,424;48732,302;16,00197
 787,03; 7955,366;  179,654;48603,793;16,05751
 787,59; 7949,729;  192,808;48512,438;16,05335
 788,16; 7997,398;  211,961;48495,083;16,12455
 788,73; 8060,761;  204,500;48330,420;16,32439
 789,29; 7982,969;  184,884;47928,450;16,33327
 789,86; 7999,792;  201,268;47917,556;16,34353
 790,42; 8023,155;  204,499;47807,739;16,42463
 790,99; 7978,671;  209,960;47333,538;16,48583
 791,55; 8037,956;  188,113;47363,029;16,63987
 792,12; 8070,164;  203,421;47333,059;16,69171
 792,68; 8013,295;  189,651;47039,165;16,69952
 793,25; 8049,042;  203,497;46936,887;16,78788
 793,81; 8086,789;  236,958;46509,609;16,96430
 794,38; 7964,305;  164,496;46262,254;16,92015
 794,94; 8029,282;  187,958;46176,130;17,05074
 795,51; 8012,491;  212,419;45888,467;17,07694
 796,07; 8000,084;  197,572;45609,343;17,18169
 796,64; 8072,061;  212,110;45813,911;17,23605
 797,20; 8022,654;  201,956;45285,094;17,34728
 797,77; 7988,555;  182,725;45032,124;17,40454
 798,33; 7949,224;  203,648;44824,384;17,35869
 798,90; 7990,971;  229,109;44683,106;17,46044
 799,46; 7972,872;  193,493;44359,520;17,61394
 800,03; 7946,926;  209,262;44232,319;17,57639
 800,59; 7940,134;  215,493;43968,425;17,65514
 801,15; 7957,112;  218,339;43802,378;17,75598
 801,72; 7921,782;  207,569;43444,638;17,84166
 802,28; 7901,452;  236,799;43195,053;17,84209
 802,85; 7912,737;  201,338;43084,313;17,98243
 803,41; 7919,637;  196,568;42831,573;18,11439
 803,98; 7905,846;  203,260;42400,218;18,25389
 804,54; 7859,977;  200,721;42207,402;18,23342
 805,11; 7915,955;  212,413;41947,816;18,45805
 805,67; 7899,394;  224,105;41867,230;18,43111
 806,23; 7889,294;  210,105;41537,106;18,58153
 806,80; 7875,887;  229,412;41438,981;18,55510
 807,36; 7884,865;  235,797;41322,165;18,61705
 807,93; 7891,611;  232,335;41031,425;18,77316
 808,49; 7822,050;  204,257;40732,070;18,79646
 809,05; 7795,413;  195,949;40583,638;18,81629
 809,62; 7886,082;  227,488;40551,206;18,99278
 810,18; 7865,060;  220,949;40393,005;19,02843
 810,74; 7813,807;  188,102;40200,188;19,05850
 811,31; 7774,861;  197,563;39963,372;19,05481
 811,87; 7802,608;  203,794;39769,478;19,20557
 812,44; 7836,816;  244,024;39784,277;19,20269
 813,00; 7776,024;  170,486;39537,922;19,31937
 813,56; 7857,925;  211,716;39511,567;19,45608
 814,13; 7844,749;  210,716;39485,289;19,43760
 814,69; 7842,341;  217,100;39222,164;19,54936
 815,25; 7738,396;  184,792;38821,886;19,55013
 815,82; 7800,373;  223,869;38740,224;19,67088
 816,38; 7877,736;  238,561;38592,253;19,91770
 816,94; 7730,944;  199,329;38345,206;19,74424
 817,51; 7730,229;  195,945;38141,851;19,85533
 818,07; 7777,207;  191,406;37898,880;20,11750
 818,63; 7754,569;  216,098;37713,833;20,10380
 819,20; 7728,623;  210,790;37591,401;20,11159
 819,76; 7643,754;  182,405;37175,738;20,16944
 820,32; 7701,270;  227,404;37176,306;20,22757
 820,89; 7655,786;  218,943;36972,874;20,23415
 821,45; 7656,841;  193,635;36705,673;20,44040
 822,01; 7679,280;  212,173;36457,472;20,60159
 822,57; 7636,488;  216,480;36314,578;20,55512
 823,14; 7587,004;  183,018;36003,069;20,66995
 823,70; 7604,828;  191,556;35843,407;20,79351
 824,26; 7582,728;  194,479;35633,667;20,84768
 824,82; 7637,321;  219,248;35486,158;21,03409
 825,39; 7560,299;  198,248;35265,188;20,99428
 825,95; 7623,276;  221,555;35348,063;21,07161
 826,51; 7551,177;  217,401;34890,631;21,15112
 827,08; 7657,308;  248,400;35052,738;21,28731
 827,64; 7570,747;  227,939;34877,075;21,19190
 828,20; 7575,186;  195,246;34455,797;21,54064
 828,76; 7647,625;  217,553;34479,211;21,68626
 829,32; 7662,372;  228,630;34362,702;21,77807
 829,89; 7615,119;  191,860;34270,040;21,78303
 830,45; 7624,481;  218,168;34148,531;21,82798
 831,01; 7636,843;  188,706;34034,483;22,00610
 831,57; 7707,667;  214,013;33873,051;22,26342
 832,14; 7683,721;  188,474;33829,235;22,28025
 832,70; 7632,083;  184,320;33568,957;22,30895
 833,26; 7624,907;  173,012;33541,294;22,33227
 833,82; 7636,423;  193,166;33430,785;22,39407
 834,38; 7711,554;  191,012;33459,661;22,60549
 834,95; 7728,301;  182,242;33288,767;22,79327
 835,51; 7652,279;  159,934;33178,258;22,69147
 836,07; 7756,795;  208,857;33126,749;22,92959
 836,63; 7807,080;  219,933;33182,471;23,01748
 837,19; 7753,365;  200,472;33054,885;22,98898
 837,75; 7750,573;  175,702;32831,684;23,19597
 838,32; 7823,551;  233,163;32805,021;23,30351
 838,88; 7827,836;  208,086;32879,974;23,32204
 839,44; 7836,121;  204,547;32835,311;23,38767
 840,00; 7828,945;  196,008;32711,649;23,47466
 840,56; 7778,153;  187,008;32406,370;23,56082
 841,12; 7776,054;  192,931;32423,169;23,52798
 841,68; 7728,031;  178,623;32247,353;23,54134
 842,25; 7787,778;  196,392;32285,921;23,65690
 842,81; 7751,525;  175,468;32000,643;23,80523
 843,37; 7757,964;  175,391;32049,980;23,78877
 843,93; 7825,634;  190,237;31899,163;24,07964
 844,49; 7841,765;  199,160;31924,962;24,08956
 845,05; 7778,435;  170,159;31752,222;24,09050
 845,61; 7864,335;  196,928;31819,329;24,24676
 846,17; 7780,159;  182,928;31693,051;24,11045
 846,73; 7844,367;  201,543;31660,157;24,29485
 847,29; 7832,806;  166,389;31376,571;24,56383
 847,86; 7794,092;  189,311;31471,293;24,31042
 848,42; 7765,377;  185,003;31231,323;24,41633
 848,98; 7794,047;  199,003;31167,122;24,52536
 849,54; 7853,178;  189,080;31192,151;24,72045
 850,10; 7838,232;  192,002;31075,950;24,75794
 850,66; 7840,210;  178,541;30952,133;24,89690
 851,22; 7776,726;  174,463;30881,240;24,75761
 851,78; 7867,550;  217,386;30775,423;25,03487
 852,34; 7808,681;  188,463;30672,991;24,99700
 852,90; 7772,889;  195,462;30472,098;25,02731
 853,46; 7705,790;  186,001;30447,820;24,84910
 854,02; 7791,306;  190,539;30376,080;25,18016
 854,58; 7730,052;  195,461;30142,340;25,15985
 855,14; 7764,722;  179,538;30039,293;25,40270
 855,70; 7740,161;  159,307;29848,553;25,53401
 856,26; 7783,831;  214,845;29829,275;25,55844
 856,82; 7734,270;  176,229;29632,305;25,65868
 857,38; 7757,632;  213,460;29555,565;25,71108
 857,94; 7678,379;  193,229;29523,748;25,52001
 858,50; 7740,434;  197,228;29334,701;25,88833
 859,06; 7677,873;  184,843;29214,038;25,81205
 859,62; 7724,158;  202,305;29092,376;26,03612
 860,18; 7744,905;  195,535;29018,405;26,19229
 860,74; 7687,113;  165,535;28836,666;26,23398
 861,30; 7639,090;  170,073;28620,926;26,25235
 861,86; 7731,760;  211,688;28730,417;26,36889
 862,42; 7656,045;  191,380;28475,831;26,39141
 862,98; 7710,484;  217,303;28471,707;26,52040
 863,54; 7632,385;  191,302;28284,813;26,48684
 864,10; 7716,362;  187,456;28354,689;26,72931
 864,66; 7658,340;  177,686;28122,949;26,76895
 865,22; 7663,010;  191,378;28028,287;26,84074
 865,78; 7639,757;  201,609;27833,932;26,91829
 866,34; 7665,273;  185,070;27786,423;27,10086
 866,90; 7628,789;  200,531;27757,683;26,95582
 867,45; 7602,151;  196,069;27478,097;27,14637
 868,01; 7569,359;  197,300;27422,434;27,07814
 868,57; 7572,336;  195,761;27147,156;27,36992
 869,13; 7495,237;  172,914;26985,186;27,30959
 869,69; 7551,061;  190,068;26880,523;27,57912
 870,25; 7491,730;  183,837;26807,937;27,44842
 870,81; 7497,862;  188,606;26822,582;27,44335
 871,37; 7479,532;  207,144;26708,766;27,44129
 871,93; 7481,278;  208,528;26547,949;27,61166
 872,49; 7489,102;  205,143;26366,825;27,84209
 873,04; 7385,310;  190,297;26172,470;27,69212
 873,60; 7416,749;  183,835;26067,115;27,94435
 874,16; 7412,419;  206,681;26004,837;27,93122
 874,72; 7402,188;  174,527;25912,913;28,08125
 875,28; 7444,342;  199,142;25949,298;28,13653
 875,84; 7421,265;  187,681;25809,067;28,23260
 876,40; 7461,419;  189,988;25718,298;28,48379
 876,95; 7466,804;  199,219;25729,913;28,46607
 877,51; 7497,727;  219,065;25743,067;28,51693
 878,07; 7522,342;  229,758;25741,144;28,58561
 878,63; 7498,496;  189,142;25670,144;28,68550
 879,19; 7520,112;  207,527;25682,221;28,70529
 879,75; 7577,496;  196,527;25680,837;28,96280
 880,30; 7591,958;  192,604;25741,298;28,96177
 880,86; 7682,035;  231,604;25824,452;29,11138
 881,42; 7672,804;  175,835;25867,606;29,18043
 881,98; 7714,496;  197,142;25967,683;29,17034
 882,54; 7753,727;  185,527;26060,683;29,24891
 883,09; 7864,188;  200,988;26136,375;29,54728
 883,65; 7859,573;  181,296;26253,067;29,45054
 884,21; 8025,419;  220,604;26443,298;29,76359
 884,77; 8066,958;  187,681;26443,529;30,00961
 885,32; 8180,265;  197,835;26623,144;30,20752
 885,88; 8231,958;  224,142;26729,221;30,21238
 886,44; 8286,265;  200,527;26781,452;30,41933
 887,00; 8302,188;  206,450;26781,683;30,46347
 887,56; 8349,265;  204,758;26950,452;30,45166
 888,11; 8377,958;  198,758;26875,529;30,66038
 888,67; 8478,804;  227,219;27192,837;30,60039
 889,23; 8447,265;  211,988;27134,529;30,58878
 889,79; 8462,650;  177,142;26959,913;30,93596
 890,34; 8485,727;  197,373;26890,144;31,05093
 890,90; 8584,035;  261,835;26991,067;31,13520
 891,46; 8493,650;  189,450;26957,837;31,02242
 892,01; 8586,112;  215,912;26927,452;31,33552
 892,57; 8536,112;  233,065;26787,529;31,26799
 893,13; 8467,035;  204,296;26687,837;31,19952
 893,69; 8457,496;  196,604;26742,837;31,11889
 894,24; 8477,342;  208,142;26558,144;31,38216
 894,80; 8486,958;  207,527;26352,606;31,66726
 895,36; 8452,496;  214,142;26334,375;31,54012
 895,91; 8338,342;  201,296;26085,298;31,43658
 896,47; 8408,188;  214,681;26019,760;31,75153
 897,03; 8324,342;  190,142;25808,144;31,75189
 897,58; 8293,342;  204,604;25710,452;31,71327
 898,14; 8251,650;  209,450;25562,606;31,72071
 898,70; 8206,727;  183,988;25405,683;31,80888
 899,25; 8203,958;  206,988;25479,067;31,64350
 899,81; 8184,112;  226,219;25196,990;31,86883
 900,37; 8096,342;  180,912;24989,837;31,90558
 900,92; 8098,188;  201,296;25014,760;31,82503
 901,48; 8056,496;  195,296;24905,837;31,81314
 902,03; 8062,265;  188,450;24770,452;32,03081
 902,59; 8050,342;  191,758;24677,375;32,09470
 903,15; 8033,881;  209,604;24532,913;32,16781
 903,70; 7897,035;  209,604;24308,452;31,89958
 904,26; 7943,342;  186,604;24260,452;32,22060
 904,82; 7935,804;  206,527;24168,837;32,25598
 905,37; 7941,419;  211,065;23999,913;32,49570
 905,93; 7885,881;  195,219;23948,837;32,37680
 906,48; 7878,188;  214,373;23861,760;32,40872
 907,04; 7871,496;  215,912;23793,913;32,46918
 907,60; 7800,727;  196,065;23571,452;32,53277
 908,15; 7827,496;  191,065;23422,144;32,87161
 908,71; 7759,419;  223,219;23390,298;32,52978
 909,26; 7684,188;  186,988;23283,067;32,46092
 909,82; 7723,804;  218,604;23088,760;32,81657
 910,37; 7685,958;  228,065;22987,837;32,76787
 910,93; 7623,342;  189,758;22826,529;32,83854
 911,48; 7587,419;  182,450;22725,760;32,84775
 912,04; 7638,035;  189,450;22628,913;33,19413
 912,60; 7644,573;  201,758;22711,606;33,06471
 913,15; 7518,265;  206,219;22436,529;32,89224
 913,71; 7504,265;  193,912;22300,760;33,06828
 914,26; 7499,496;  184,527;22214,067;33,20527
 914,82; 7495,573;  205,296;22088,683;33,31421
 915,37; 7430,650;  186,527;22002,221;33,20602
 915,93; 7484,188;  231,681;21942,683;33,40476
 916,48; 7404,573;  200,142;21836,221;33,29823
 917,04; 7413,804;  205,912;21692,298;33,54632
 917,59; 7422,881;  228,142;21680,298;33,53853
 918,15; 7326,727;  167,912;21509,221;33,54441
 918,70; 7326,112;  196,373;21388,067;33,64402
 919,26; 7315,650;  203,527;21271,452;33,75806
 919,81; 7300,573;  181,219;21161,606;33,93338
 920,37; 7313,188;  196,296;21054,760;34,11993
 920,92; 7290,573;  210,450;20993,067;34,06752
 921,48; 7214,573;  187,450;20769,375;34,14221
 922,03; 7219,419;  181,604;20754,837;34,20860
 922,59; 7186,573;  189,373;20638,221;34,21806
 923,14; 7206,265;  188,988;20487,221;34,57088
 923,69; 7163,342;  218,527;20450,298;34,32628
 924,25; 7210,419;  212,681;20397,452;34,66841
 924,80; 7096,342;  203,758;20279,144;34,33351
 925,36; 7077,804;  190,604;20144,837;34,51498
 925,91; 7076,419;  198,373;20036,683;34,67053
 926,47; 7036,650;  182,681;19981,760;34,61762
 927,02; 7099,035;  236,527;19892,990;34,91222
 927,57; 6996,265;  197,450;19766,606;34,74251
 928,13; 6983,342;  187,527;19635,298;34,94393
 928,68; 6974,419;  196,758;19562,683;34,99787
 929,24; 6959,035;  165,604;19332,760;35,44308
 929,79; 6919,958;  189,450;19374,144;35,08269
 930,34; 6903,727;  200,604;19219,067;35,24535
 930,90; 6896,188;  178,065;19171,683;35,37042
 931,45; 6911,881;  212,065;19131,990;35,41143
 932,01; 6888,035;  203,373;18981,375;35,59836
 932,56; 6907,265;  206,604;18829,529;35,98071
 933,11; 6934,342;  219,604;18883,837;35,97650
 933,67; 6824,958;  190,142;18662,760;35,91703
 934,22; 6841,650;  202,142;18576,606;36,13443
 934,77; 6830,188;  219,450;18450,144;36,26158
 935,33; 6770,188;  212,681;18364,990;36,12492
 935,88; 6760,419;  216,219;18292,913;36,20242
 936,43; 6754,804;  183,373;18178,529;36,51778
 936,99; 6710,419;  198,527;18078,760;36,41951
 937,54; 6653,727;  184,604;17930,760;36,45366
 938,09; 6667,727;  204,681;17895,760;36,53280
 938,65; 6612,035;  203,758;17768,683;36,48337
 939,20; 6586,650;  192,912;17668,529;36,58662
 939,75; 6540,188;  183,450;17611,683;36,47380
 940,31; 6509,342;  177,219;17523,298;36,50464
 940,86; 6587,573;  202,450;17448,529;37,02362
 941,41; 6580,804;  259,758;17371,452;36,93992
 941,96; 6486,188;  192,296;17291,067;36,80903
 942,52; 6501,035;  192,681;17197,221;37,09806
 943,07; 6465,804;  173,758;17022,529;37,34424
 943,62; 6424,881;  195,758;16975,452;37,12298
 944,18; 6410,342;  178,373;16942,221;37,17505
 944,73; 6397,881;  195,988;16850,221;37,23914
 945,28; 6335,881;  162,219;16678,837;37,37849
 945,83; 6413,419;  189,912;16652,529;37,80388
 946,39; 6339,035;  188,219;16654,529;37,35394
 946,94; 6350,188;  210,219;16546,990;37,58374
 947,49; 6317,265;  192,912;16355,683;37,89173
 948,04; 6322,035;  213,988;16382,837;37,77663
 948,59; 6316,496;  217,373;16321,990;37,87189
 949,15; 6220,881;  174,373;16220,144;37,68287
 949,70; 6247,188;  196,604;16162,529;37,89686
 950,25; 6238,188;  212,296;16074,683;37,98856
 950,80; 6173,496;  168,065;15965,683;38,01479
 951,36; 6167,265;  163,604;15866,298;38,23332
 951,91; 6200,958;  196,527;15937,990;38,14404
 952,46; 6105,035;  169,681;15675,298;38,27873
 953,01; 6137,727;  204,681;15721,606;38,23597
 953,56; 6086,958;  171,758;15519,529;38,54110
 954,11; 6079,958;  200,065;15497,837;38,43627
 954,67; 6052,881;  194,604;15418,298;38,48131
 955,22; 5999,958;  177,450;15336,837;38,40860
 955,77; 6013,342;  213,988;15372,606;38,25780
 956,32; 6039,035;  237,450;15165,990;38,86237
 956,87; 5906,419;  177,835;15115,606;38,34966
 957,42; 5918,419;  190,373;15019,760;38,62632
 957,98; 5893,881;  185,758;14944,683;38,67574
 958,53; 5897,188;  209,681;14911,452;38,68587
 959,08; 5830,650;  188,681;14761,298;38,71624
 959,63; 5853,727;  183,988;14712,913;39,02380
 960,18; 5810,727;  204,758;14648,529;38,81237
 960,73; 5794,804;  197,219;14620,452;38,80950
 961,28; 5734,727;  162,604;14516,221;38,82034
 961,83; 5733,958;  212,065;14468,529;38,73255
 962,39; 5678,496;  170,527;14320,760;38,92494
 962,94; 5691,573;  208,373;14261,606;39,01736
 963,49; 5681,188;  193,373;14064,606;39,56256
 964,04; 5676,650;  205,219;14101,837;39,37239
 964,59; 5596,035;  167,835;13950,452;39,38439
 965,14; 5602,342;  204,065;13914,298;39,37407
 965,69; 5574,650;  190,681;13818,375;39,50756
 966,24; 5514,804;  185,065;13732,760;39,34056
 966,79; 5539,650;  198,296;13657,221;39,68633
 967,34; 5483,804;  172,681;13516,913;39,80089
 967,89; 5477,573;  181,527;13465,452;39,86808
 968,44; 5475,881;  191,527;13384,221;40,05515
 968,99; 5443,112;  200,450;13406,990;39,69746
 969,55; 5394,496;  198,142;13242,144;39,83711
 970,10; 5366,727;  195,604;13172,606;39,84836
 970,65; 5359,112;  206,988;13092,221;39,98471
 971,20; 5317,035;  183,296;12931,913;40,26898
 971,75; 5294,958;  170,758;12815,683;40,52377
 972,30; 5298,496;  194,065;12817,144;40,43729
 972,85; 5243,881;  186,758;12681,067;40,47541
 973,40; 5191,342;  183,450;12642,760;40,19398
 973,95; 5190,958;  198,142;12550,683;40,41934
 974,50; 5162,650;  215,988;12480,683;40,33253
 975,05; 5120,112;  207,988;12393,606;40,31083
 975,60; 5129,881;  203,527;12316,298;40,67074
 976,15; 5082,496;  188,912;12217,913;40,68155
 976,70; 5073,727;  201,219;12141,375;40,80774
 977,25; 5040,112;  203,835;12047,760;40,83340
 977,80; 4973,881;  193,681;11947,837;40,66817
 978,35; 4959,112;  204,681;11800,837;41,00006
 978,89; 4904,573;  179,065;11732,990;40,89959
 979,44; 4912,573;  194,988;11782,452;40,71283
 979,99; 4850,188;  188,681;11583,683;40,90835
 980,54; 4835,035;  215,758;11494,606;40,95522
 981,09; 4831,650;  207,988;11429,221;41,20458
 981,64; 4779,112;  210,527;11337,837;41,05741
 982,19; 4777,804;  230,450;11234,606;41,32397
 982,74; 4735,419;  215,219;11126,067;41,42849
 983,29; 4660,265;  187,065;10984,606;41,42795
 983,84; 4658,265;  206,296;10970,990;41,35714
 984,39; 4723,419;  240,681;10901,606;42,04831
 984,94; 4572,265;  180,604;10728,298;41,63622
 985,49; 4604,727;  222,758;10684,375;41,88615
 986,03; 4550,188;  223,219;10548,067;41,90831
 986,58; 4530,496;  235,296;10449,837;42,04986
 987,13; 4462,035;  199,527;10346,452;42,00788
 987,68; 4432,804;  203,142;10294,452;41,91390
 988,23; 4428,958;  221,604;10229,760;42,03925
 988,78; 4376,881;  195,450;10102,452;42,20682
 989,33; 4332,419;  214,527;10005,990;42,05594
 989,88; 4307,265;  221,450; 9953,990;41,98098
 990,42; 4242,035;  202,758; 9835,221;41,93400
 990,97; 4155,573;  201,450; 9690,375;41,67093
 991,52; 4211,035;  223,527; 9655,144;42,27809
 992,07; 4178,188;  219,604; 9549,683;42,42820
 992,62; 4108,496;  213,527; 9398,760;42,40469
 993,17; 4100,650;  219,988; 9364,837;42,43549
 993,71; 4073,727;  217,604; 9279,606;42,55266
 994,26; 4014,650;  192,758; 9126,375;42,78102
 994,81; 4023,496;  221,604; 9108,913;42,77889
 995,36; 3978,265;  201,835; 8933,144;43,25160
 995,91; 3942,035;  216,373; 8857,529;43,11532
 996,45; 3908,496;  200,758; 8812,375;43,05508
 997,00; 3852,958;  184,065; 8698,221;43,09167
 997,55; 3852,496;  215,142; 8617,452;43,28993
 998,10; 3803,881;  234,758; 8514,067;43,10895
 998,65; 3759,650;  209,681; 8465,606;42,99905
 999,19; 3747,804;  215,912; 8388,452;43,21658
 999,74; 3694,342;  236,912; 8225,529;43,27946
1000,29; 3641,573;  217,758; 8214,606;42,81456
1000,84; 3585,958;  197,527; 8051,298;43,14400
1001,38; 3578,727;  205,912; 7977,452;43,39957
1001,93; 3560,496;  217,296; 7896,452;43,53604
1002,48; 3474,881;  195,527; 7815,913;43,03396
1003,03; 3500,727;  201,758; 7778,144;43,54278
1003,57; 3445,035;  220,142; 7662,913;43,32919
1004,12; 3446,342;  236,604; 7564,529;43,80146
1004,67; 3387,727;  201,681; 7504,298;43,62883
1005,22; 3321,650;  193,758; 7317,452;43,90829
1005,76; 3276,035;  192,219; 7201,529;43,99599
1006,31; 3287,727;  222,527; 7200,144;43,92904
1006,86; 3251,958;  203,219; 7095,529;44,23392
1007,40; 3171,188;  185,835; 6930,529;44,26226
1007,95; 3167,727;  196,450; 6899,683;44,32603
1008,50; 3107,188;  211,065; 6754,760;44,25823
1009,04; 3052,419;  208,142; 6714,683;43,71412
1009,59; 3017,265;  212,681; 6591,990;43,96376
1010,14; 2979,881;  204,219; 6472,837;44,27869
1010,68; 2923,188;  207,065; 6370,990;44,06483
1011,23; 2866,881;  190,373; 6266,452;44,04992
1011,78; 2862,958;  218,373; 6234,913;43,95524
1012,32; 2856,419;  207,988; 6075,529;45,13698
1012,87; 2829,573;  231,988; 6102,606;44,24721
1013,42; 2757,958;  196,450; 5988,760;44,22256
1013,96; 2801,881;  232,681; 5974,067;44,74877
1014,51; 2724,650;  169,604; 5922,837;44,41062
1015,06; 2735,881;  178,373; 5902,913;44,67621
1015,60; 2822,727;  248,296; 6007,606;44,70034
1016,15; 2735,650;  191,142; 5913,298;44,46764
1016,69; 2768,112;  203,681; 5929,298;44,78872
1017,24; 2762,650;  181,835; 5934,298;44,86452
1017,79; 2831,881;  222,450; 5968,913;45,40933
1018,33; 2792,958;  191,527; 5983,144;44,91717
1018,88; 2844,035;  212,296; 6030,760;45,23082
1019,42; 2821,035;  200,604; 5989,837;45,26387
1019,97; 2806,342;  205,065; 5993,913;44,93600
1020,51; 2856,804;  218,681; 6029,606;45,39937
1021,06; 2816,650;  183,912; 6008,837;45,19781
1021,61; 2822,035;  172,912; 5999,760;45,46408
1022,15; 2805,958;  163,527; 5969,683;45,51085
1022,70; 2833,727;  198,065; 5947,144;45,84494
1023,24; 2785,188;  191,912; 5912,837;45,32968
1023,79; 2797,573;  201,450; 5865,067;45,83860
1024,33; 2786,342;  192,988; 5793,529;46,30542
1024,88; 2729,496;  210,604; 5706,990;45,82815
1025,42; 2733,650;  198,450; 5620,837;46,75432
1025,97; 2648,265;  196,450; 5548,606;45,80987
1026,51; 2615,881;  162,450; 5439,375;46,49357
1027,06; 2592,265;  190,296; 5391,760;46,17872
1027,60; 2571,188;  208,758; 5274,067;46,63941
1028,15; 2566,727;  216,219; 5240,375;46,78413
1028,69; 2505,650;  170,142; 5132,144;47,06785
1029,24; 2465,650;  194,219; 5031,375;46,95798
1029,78; 2388,112;  179,527; 4947,837;46,31798
1030,33; 2364,419;  172,681; 4896,221;46,40033
1030,87; 2363,573;  190,373; 4847,606;46,66290
1031,42; 2312,265;  172,219; 4719,760;47,05942
1031,96; 2320,496;  205,912; 4741,606;46,62097
1032,51; 2241,881;  182,296; 4593,375;46,69118
1033,05; 2257,804;  196,142; 4588,144;46,94127
1033,60; 2171,573;  162,373; 4434,990;47,02504
1034,14; 2186,881;  179,373; 4380,760;47,78203
1034,69; 2180,035;  193,296; 4353,452;47,75635
1035,23; 2163,958;  191,065; 4271,606;48,34880
1035,77; 2117,958;  193,835; 4221,606;47,77141
1036,32; 2074,035;  169,296; 4142,606;47,93833
1036,86; 2046,650;  191,988; 4145,298;46,91415
1037,41; 2033,804;  205,373; 4039,375;47,68988
1037,95; 1977,650;  171,835; 3953,913;47,74664
1038,50; 1967,804;  183,142; 3937,375;47,53732
1039,04; 1987,881;  200,219; 3889,606;48,45417
1039,58; 1918,804;  164,835; 3805,683;48,17474
1040,13; 1906,573;  184,142; 3773,837;47,98266
1040,67; 1924,958;  209,912; 3734,452;48,66014
1041,21; 1881,727;  210,142; 3653,375;48,54695
1041,76; 1813,265;  179,681; 3625,837;47,40310
1042,30; 1806,342;  189,065; 3545,221;48,18837
1042,85; 1787,188;  188,065; 3515,375;48,06054
1043,39; 1748,035;  179,065; 3429,837;48,26452
1043,93; 1759,804;  210,219; 3417,760;48,31068
1044,48; 1704,958;  199,835; 3351,375;47,75833
1045,02; 1686,188;  190,604; 3281,683;48,38390
1045,56; 1710,035;  204,065; 3262,375;49,24188
1046,11; 1652,265;  194,527; 3205,913;48,40755
1046,65; 1624,573;  191,835; 3162,606;48,22783
1047,19; 1607,804;  186,450; 3102,837;48,73681
1047,74; 1544,650;  170,373; 3079,067;47,24721
1048,28; 1568,496;  189,604; 3036,913;48,42790
1048,82; 1595,650;  216,835; 3023,298;49,13000
1049,37; 1540,035;  202,065; 2977,221;48,21240
1049,91; 1502,419;  190,450; 2927,683;47,93050
1050,45; 1514,727;  207,373; 2887,221;48,78463
1050,99; 1480,573;  189,681; 2852,298;48,48208
1051,54; 1445,958;  188,758; 2789,990;48,33093
1052,08; 1456,496;  214,142; 2752,529;48,94266
1052,62; 1434,188;  205,912; 2716,298;48,92780
1053,16; 1377,727;  189,219; 2663,760;48,02943
1053,71; 1399,342;  201,450; 2650,990;48,90274
1054,25; 1363,419;  210,604; 2592,990;48,38910
1054,79; 1336,112;  211,527; 2542,067;48,25424
1055,33; 1304,188;  181,912; 2501,913;48,37397
1055,88; 1320,112;  210,912; 2482,913;48,82038
1056,42; 1307,496;  225,835; 2459,144;48,43312
1056,96; 1303,419;  213,912; 2418,990;49,40901
1057,50; 1260,265;  203,296; 2388,529;48,36873
1058,05; 1253,804;  203,373; 2325,221;49,50547
1058,59; 1249,035;  214,988; 2311,913;49,31250
1059,13; 1182,112;  184,450; 2250,375;48,29128
1059,67; 1215,496;  211,912; 2245,221;49,35720
1060,21; 1178,112;  205,988; 2198,837;48,78059
1060,76; 1178,496;  208,912; 2195,298;48,81148
1061,30; 1182,496;  224,065; 2166,221;49,34881
1061,84; 1147,804;  197,373; 2127,913;49,23133
1062,38; 1121,881;  187,681; 2067,683;49,69144
1062,92; 1158,573;  236,758; 2087,760;49,80089
1063,46; 1115,727;  221,604; 2040,375;49,16083
1064,01; 1107,804;  206,373; 2007,529;50,04735
1064,55; 1100,881;  211,219; 1985,452;50,14345
1065,09; 1047,342;  178,527; 1917,683;49,95616
1065,63; 1098,265;  237,681; 1973,913;49,56620
1066,17; 1086,035;  230,604; 1929,529;50,35130
1066,71; 1045,958;  228,988; 1899,760;48,89773
1067,25; 1028,265;  205,450; 1863,144;49,63614
1067,80; 1037,342;  218,065; 1849,221;50,22677
1068,34; 1039,573;  228,681; 1856,067;49,82789
1068,88;  977,265;  209,912; 1779,298;48,89515
1069,42; 1002,958;  225,527; 1805,221;49,21400
1069,96;  964,650;  208,373; 1755,683;48,87690
1070,50;  997,342;  236,219; 1752,529;50,19576
1071,04;  934,650;  195,988; 1700,221;49,10554
1071,58;  937,573;  202,758; 1694,683;49,25284
1072,12;  935,419;  196,912; 1664,683;50,31491
1072,66;  932,573;  196,681; 1656,837;50,39821
1073,21;  939,804;  219,450; 1653,990;50,21496
1073,75;  907,727;  223,912; 1606,683;49,45253
1074,29;  895,727;  228,065; 1601,683;48,60608
1074,83;  912,419;  229,219; 1583,452;50,44923
1075,37;  903,958;  231,065; 1559,606;50,64899
1075,91;  890,112;  230,142; 1550,067;50,00051
1076,45;  867,573;  217,912; 1519,144;49,92662
1076,99;  867,958;  225,450; 1500,760;50,38053
1077,53;  824,804;  202,912; 1490,913;48,28349
1078,07;  849,958;  214,835; 1481,683;50,13412
1078,61;  824,958;  213,142; 1458,606;49,12351
1079,15;  808,342;  207,681; 1419,144;49,58148
1079,69;  798,112;  208,296; 1424,990;48,47688
1080,23;  814,112;  230,988; 1413,760;49,30143
1080,77;  851,958;  245,604; 1413,760;51,90693
1081,31;  790,727;  204,758; 1351,913;51,08018
1081,85;  793,881;  225,142; 1354,452;50,36161
1082,39;  764,573;  201,758; 1340,375;49,42972
1082,93;  772,958;  214,988; 1322,606;50,37563
1083,47;  745,265;  196,758; 1280,760;50,60025
1084,01;  759,342;  230,296; 1305,606;49,19943
1084,55;  733,188;  205,065; 1266,837;49,73982
1085,09;  747,188;  222,604; 1277,067;49,74896
1085,63;  724,035;  225,527; 1236,990;49,28578
1086,17;  701,650;  208,373; 1242,144;47,71626
1086,71;  705,419;  212,296; 1212,606;49,29704
1087,24;  727,804;  227,527; 1220,221;50,39587
1087,78;  722,419;  225,219; 1196,452;51,19268
1088,32;  686,727;  205,527; 1174,990;49,63570
1088,86;  712,342;  236,450; 1189,375;49,94016
1089,40;  700,419;  215,296; 1155,067;51,62141
1089,94;  656,727;  190,835; 1110,606;50,65307
1090,48;  687,958;  223,912; 1137,606;50,78790
1091,02;  667,881;  229,604; 1114,452;49,53132
1091,56;  668,342;  216,604; 1115,375;50,26179
1092,10;  641,188;  199,604; 1081,375;50,07928
1092,63;  673,035;  237,988; 1115,913;49,55391
1093,17;  662,035;  218,219; 1071,913;51,98763
1093,71;  640,265;  201,912; 1049,375;51,72540
1094,25;  665,727;  229,604; 1056,375;52,75016
1094,79;  627,496;  220,142; 1041,529;49,59344
1095,33;  623,881;  217,373; 1013,298;51,07362
1095,87;  610,650;  212,912; 1008,221;50,01052
1096,40;  589,188;  203,527;  978,606;49,75772
1096,94;  619,035;  224,988;  976,837;52,41034
1097,48;  614,419;  214,065;  965,144;53,30384
1098,02;  577,727;  212,912;  961,067;48,76196
1098,56;  568,881;  190,835;  918,683;51,94026
1099,10;  563,496;  188,527;  904,529;52,36986
1099,63;  555,265;  190,604;  898,837;51,48894
1100,17;  579,035;  209,142;  930,760;51,25879
1100,71;  607,342;  225,142;  925,067;54,60585

